25568
38004
39732
45507
53835
38204
36673
19949
56213
53224
40060
57067
17274
33111
15743
54453
36995
32660
10418
57187
2132
58187
61201
63697
21446
55439
28734
24514
21466
59562
40751
85
2147
38969
29940
54051
57321
31118
6276
44836
2405
47
54101
3684
41093
8037
37743
54174
41859
25163
28395
45482
35636
27116
52511
16337
36549
48605
26188
33908
17175
4352
44840
33365
133
33294
35835
61285
12811
34075
56606
23851
26022
57819
6542
27566
21270
55462
20958
14693
40537
19776
8911
58997
6371
31215
5256
16927
23731
1518
50000
1112
43296
33283
63156
35528
25705
942
3912
35209
23086
1866
45435
16766
53594
15570
3494
57656
41189
49045
15364
55846
40793
39425
41234
53305
1809
42966
32398
3620
4358
37860
3338
7634
2341
29941
37790
55834
25753
26659
5208
34422
33047
5439
60369
1160
15546
15474
4336
15281
1408
57866
26014
35501
43301
4062
3374
46325
57742
806
4820
12930
59638
45595
2006
59422
14812
5132
16926
53606
39401
45519
48465
58037
28504
45889
61051
64306
15002
54334
49391
14541
62796
60310
62068
14259
2293
15125
33214
58149
35606
4158
57677
20808
12373
23067
5621
12731
51
61267
23214
34302
43155
38324
42015
34624
1659
44055
29928
23423
5123
24639
39868
4829
1504
8899
19144
54645
43248
26315
733
34775
15588
1751
47949
42216
57955
18961
25292
60303
42291
45770
24687
34533
229
37137
39041
32661
56785
906
10354
63611
55546
30782
38874
57121
61516
61372
2276
53514
25913
8040
34989
33462
15617
32785
4724
15995
27299
35650
5007
25007
14716
7109
25662
14090
27257
65505
61682
57031
46111
65449
27263
26018
10732
56191
61552
63860
27561
4983
26738
46327
40147
49871
41232
49577
37390
50947
38872
44228
30660
49630
52296
28997
41653
30480
37407
40105
22234
48049
43840
48396
23307
5811
27358
38415
30212
36315
34381
56277
2819
51929
64465
62988
38613
16350
20488
15985
39306
22528
16298
38862
43410
14714
13273
42070
40373
13217
37406
37921
27859
54461
28490
61921
45170
6067
65452
2491
16940
61559
56392
47532
693
63474
25821
45458
64071
47188
43084
48736
64433
51897
42719
37809
30129
48081
47682
31552
40368
50647
63551
62800
23623
27437
13821
19838
39495
16035
18630
2481
39519
41957
13859
38999
688
19099
21567
38991
19527
64399
62735
11174
36238
24067
40148
42696
46041
8914
22147
13278
41648
30229
19325
48489
14108
60331
2837
40591
5432
56489
24074
27310
20039
1411
60434
34234
25001
62721
15643
52831
40051
13453
22875
15842
37095
21685
16044
41165
38900
13180
14803
40956
41411
14066
38013
37359
38768
53186
42012
50343
37583
52393
40052
37026
49345
49695
51060
49520
37289
31100
40817
39367
13850
61080
3706
64847
49972
54979
63671
26029
19772
37680
59005
46012
27555
64081
15912
48564
19062
40241
62289
11923
48015
63664
38520
41931
46471
11133
64048
17887
44485
30074
18670
52071
63004
15662
13230
44776
1754
16297
17591
3076
38241
43312
14121
3690
39849
17869
21202
39889
27763
62495
18884
56233
49118
17589
1918
27311
8208
53790
63955
61656
24995
55929
27519
49065
27353
53774
325
62481
47437
55993
17590
1800
20247
63962
54996
45066
3328
18882
25054
46273
25895
35825
23532
49907
17581
58828
39403
1684
11419
50221
34065
9334
3740
31973
27439
19706
39302
57074
2284
54374
40555
53398
818
37010
28827
56962
55595
30774
40790
53302
37922
39414
1750
31659
40486
56230
39842
31084
2338
38242
55650
53778
31954
32300
3686
54566
39890
3084
38282
9389
17526
9379
39688
46518
17742
43419
52430
11992
9693
52037
44630
47477
37933
40099
24630
49566
41509
36694
20430
51702
14814
27758
47611
36686
49387
46101
25702
35206
24894
16534
38471
32456
39907
57027
689
30106
1517
38495
56415
56189
30333
54327
40535
55011
40527
2480
1863
57791
20791
53591
20913
57527
20559
1887
53425
57663
53311
53568
3927
57399
3919
20560
42972
51454
18454
4364
43252
45068
41762
41979
32770
52498
49284
47132
44908
4236
44315
24681
27767
4785
25655
35731
19359
50583
14719
26013
35263
33519
50801
48752
25751
34163
27517
15440
37098
8605
61734
12186
37320
8358
61470
38910
28843
12152
8317
28949
40950
8230
37352
37066
39399
56223
28128
53843
38045
5015
24637
42911
51096
54333
54753
53226
44951
5939
37615
40083
27254
8116
24889
7574
12628
4188
13182
27294
32850
36334
5954
36681
26774
33766
26750
26460
42522
48040
19242
5120
25711
46506
27009
42744
35937
4817
50472
34007
44794
7296
44568
15360
38423
54383
21719
57952
64417
9639
62751
2401
56335
11055
29999
31504
40695
59856
721
23559
24614
34978
22551
53238
18443
57514
37773
1009
8365
51339
32795
10458
4090
28714
26658
16550
25911
50333
44842
33971
20152
50026
13279
24685
45224
36431
50493
47315
26727
32979
25661
18883
23161
40006
1334
51256
57304
39552
57650
16455
54498
8574
36880
56616
64230
47217
24803
56130
64581
8638
60763
60672
15807
35389
58082
23949
22428
60228
46920
12689
22070
57847
61912
23225
23477
23877
8718
59152
33136
11336
35807
16862
22025
23668
35507
23487
19667
36105
23048
59332
18133
28228
25316
47203
56706
1833
52754
19745
33948
48782
985
61218
17964
51367
19928
7004
15429
5508
35090
60882
16232
35373
7803
20508
25252
33854
34776
26797
14054
53524
905
15106
64768
4947
31032
2532
60789
11284
33246
43395
3679
23064
10937
21006
18201
7823
3669
8160
12544
428
2631
17938
26347
2515
46312
41781
60735
12431
28357
53901
19571
48459
44793
22308
16816
776
45022
10873
2420
43475
11080
21022
6153
19071
3765
7903
23667
11013
63412
53264
20905
12560
35775
35305
33833
35396
59455
23519
13648
20516
36009
14420
23104
61024
15556
33023
18195
2780
44
48091
4667
26341
8145
17692
61204
48936
26949
36587
14215
51988
42373
60804
63248
49208
33613
56884
20926
10802
60717
21830
16321
57816
10100
23963
64135
58482
39221
26719
15301
6649
4916
22290
34851
35912
58504
816
15794
13806
35491
13400
23763
60737
4089
33308
64965
2998
44250
41967
792
40985
8734
2531
7121
22340
38912
8158
22041
32312
44880
3186
19369
27076
3807
45856
1826
832
47166
19272
56167
17700
4009
56625
19013
48723
19119
7404
14195
40920
3464
11701
56900
1589
48609
61746
53744
48456
39237
53988
18231
11676
20862
55296
23257
36111
33265
36441
15972
35874
57106
13026
24743
59524
34516
25762
22316
5324
15172
13152
22060
43402
37974
11853
4494
37360
63467
16330
1330
8747
42793
1928
23964
17229
22906
7809
19594
8811
61750
36204
23377
46938
22066
63341
59986
35713
11325
36151
62038
60039
16779
22124
14035
60174
23430
33193
21199
58970
15393
14955
60658
33311
58952
58087
15210
34604
15838
23721
18998
2959
26196
52922
59441
3433
42459
19053
34108
51275
2608
21378
19302
50138
19261
61031
23690
33602
34060
56655
25789
34666
26955
22540
7129
54493
35901
8154
12886
2772
21319
28084
19161
54584
58810
5167
23470
9836
14891
15882
58487
36126
9940
60198
19820
14609
25987
1183
15424
1911
3991
48498
56109
3059
26945
18636
20607
33855
1299
21805
12887
43636
41961
57839
64576
26846
27246
11177
5151
27491
63201
64610
5929
11135
26067
27695
62039
9772
62164
8105
22384
33487
13031
58608
16276
34716
113
23793
6593
61423
34676
8060
20887
55575
21023
14736
19690
823
2156
52558
58509
25173
40989
19974
21460
50301
3203
14651
16890
42718
17222
59471
18220
10573
45242
36561
21099
10140
22413
62646
34887
33163
11298
57654
61943
21826
18906
24241
22035
4324
32972
57713
16024
34458
1309
24519
4473
60968
34424
7802
23546
1919
224
12738
62997
26330
28266
32495
6174
44393
23682
62647
26913
58068
41945
27182
64502
62833
39216
4625
19065
1055
3327
48784
53729
400
41842
18065
59687
47332
112
20705
19868
50551
19327
54007
23786
41358
38760
11110
7055
37461
19005
22427
55936
11069
44163
1588
12698
10806
21035
7529
23095
35665
15751
56839
26802
34412
978
13906
4865
55361
35378
7900
23916
5452
23425
26039
21799
55160
55205
33816
26786
5580
21281
24485
53877
34850
54545
55319
16028
22910
20595
25256
16438
33949
16170
9318
21661
35318
16445
16493
57499
9277
33003
36842
17510
8246
17469
23030
27190
49745
17463
56166
37457
45148
21821
13661
10594
56125
50994
9271
14422
58758
27453
40044
17802
51211
39130
552
59373
30134
501
62317
13030
2019
50653
59382
65110
27806
18571
58109
22918
9544
46003
41014
5871
8342
41456
14512
6646
44256
10539
6896
24406
42086
21824
4331
42551
46900
45241
60216
39931
46490
62850
14517
9280
31618
50925
11814
20055
21832
14901
62047
26508
46609
50848
38727
9752
4108
39923
20128
8375
38163
32900
9978
16236
40791
17952
28735
38711
9327
38103
49516
17519
28855
18817
63841
49154
49793
8255
50391
65367
45196
37505
16489
3303
31730
65068
28232
49220
9623
27989
23026
41520
25413
30433
51033
21655
26200
546
50367
16422
50904
30389
234
58913
28842
27545
65205
57510
1568
49179
34460
65530
4086
17875
57469
18919
32894
35237
9288
24306
33783
61666
17413
36723
9250
34273
59628
20471
16456
16453
21704
1574
9967
9664
27206
50552
59756
43856
21696
49244
42304
56450
50835
24310
26710
23776
51010
38442
10049
30640
45711
18686
30122
17195
65456
49872
52523
9512
51222
65274
18911
63280
16897
42535
47348
43036
38111
10063
50599
37200
17394
62087
36928
46383
10071
20215
40047
44322
8719
20714
54445
25718
36854
25773
53414
23019
14747
53421
33837
53373
54390
24566
57386
21549
24742
21815
11883
63542
41528
6126
45914
41573
21330
24867
42805
9533
7413
14423
42856
24194
4760
784
55790
10562
31563
61864
10797
53647
39228
65218
32536
59935
20833
39459
32482
3190
40542
41027
57294
29012
55481
43192
51007
4591
3390
39577
6223
4216
44447
27187
53657
40782
37813
26803
40777
54446
53369
51312
55672
56911
38110
38149
24703
49328
40632
39235
56841
958
29636
37845
48062
48018
52054
63598
10786
10274
44004
42444
32139
10974
39074
39465
48796
44622
17749
24787
50907
50466
35716
41469
6031
34861
26924
20132
4493
49176
16225
27171
33812
26332
19310
39097
51127
56445
26481
57161
54548
54494
40010
39869
894
29637
38062
39193
56129
28090
52599
25785
29689
29496
64036
33849
11288
29229
39498
64957
27698
36025
62712
39187
11576
40364
11548
38073
61904
33198
29456
11129
35864
52952
28446
18949
38260
11449
19208
26899
51205
36879
10927
25769
43024
52920
5927
52012
49998
7474
28239
42586
27682
50601
44379
25417
6999
24751
51953
43381
29582
8978
11662
17566
35890
33842
37676
40356
49899
48254
25778
27705
10260
39638
64779
36985
6013
49201
7489
40910
31470
56814
25402
43153
57166
54132
340
39481
8161
42826
44477
26787
50860
51787
15396
4487
51576
4669
27212
19806
27181
4096
41629
26947
36148
25260
47913
39075
31065
6440
38514
57808
35348
53022
27674
44648
223
10915
16814
25369
52189
37564
32489
39081
19321
11016
50924
10281
10824
32061
40664
62819
39458
10921
63576
37699
31594
42436
46484
2421
57768
8545
30723
64446
11314
31716
37263
64247
32334
60542
64402
39993
32240
3864
64003
26073
51208
52735
7527
43883
50724
33826
24879
17399
7042
50654
20210
27689
36855
26847
43626
23081
59636
30891
56220
23490
31262
11902
63531
38342
60388
59922
39886
62229
11926
3362
21913
18307
36351
47272
8601
20894
45279
59470
18655
62405
8510
34600
65460
13267
10425
16687
23193
15715
19747
35743
10809
8505
36072
8846
17135
22265
23102
46944
21246
19507
8953
19055
10910
64131
8621
53519
27506
6638
31263
43324
24543
48843
27766
10973
47426
62224
44779
61736
7828
14131
49565
36689
42004
5650
32847
42380
14573
52222
44060
47080
50475
13171
43908
24893
7844
19305
43814
7570
51767
48611
35556
8943
41442
1687
19007
46837
23455
18409
29335
42594
51869
21081
21561
46328
37806
29685
48157
2679
41517
60879
40358
60604
54255
19491
2175
3154
64789
16985
19318
60321
10787
8663
60445
33070
23343
15020
63375
48316
12715
23587
36345
18078
10925
20889
20793
8958
43521
50951
9870
44106
21134
7105
27914
10905
7293
22153
41585
23198
44314
64741
9374
54450
2068
54052
56388
37670
21554
11771
2588
11387
8987
22857
40238
37611
60836
19497
7154
48891
49559
15775
46366
47183
20098
17306
45551
34340
18632
17881
47191
41506
27287
15763
24887
29341
42244
50854
11496
42876
573
6340
43788
34640
6770
23603
44916
27293
44565
65013
63525
59551
30438
11126
60017
35631
3553
13808
63214
10918
15265
23264
7159
39675
9630
65008
20951
45483
42699
51545
47835
3098
16686
57087
41660
10919
55592
19077
2833
22383
44773
15589
35778
52174
60912
20909
52292
12255
20094
39587
57640
35963
37135
18761
10403
15332
23207
23097
8606
61364
41233
5917
9076
25482
22654
51453
42970
10814
49281
20601
43137
20798
7585
27177
35101
59846
52877
16891
60151
38696
1174
11846
49454
35362
8490
3568
38203
26922
19981
39987
54014
485
56169
39768
6035
27199
38750
31326
56127
56552
52531
41299
55865
37518
38501
1347
29700
37513
54441
40655
31824
3311
1646
30452
54399
31055
31712
2899
56361
3806
38313
39475
11117
19254
11882
39101
10854
62347
42590
50619
10301
10813
30934
40293
46390
39816
38154
27699
49979
50534
34884
17565
51187
12429
28268
48853
33853
52456
48938
24931
13780
25404
18622
38361
31809
31063
53873
1028
30453
1582
3674
32487
56862
29982
53897
39785
2529
1610
39873
2512
29679
9159
11759
21615
60519
22913
39063
32112
53889
60639
54487
608
62335
39543
64961
43472
45316
16780
51369
19375
48231
42543
42852
47858
52767
48351
47911
41568
51753
45012
19113
24697
52943
44000
4759
44434
51865
12514
27807
46481
4578
50036
47340
24985
35303
25727
42647
39971
9037
8966
10312
38061
48278
18923
39014
32213
9261
11309
50294
41621
62430
37690
40376
39977
55789
4250
56881
37630
55961
1854
44890
51258
53902
54820
29157
37273
25393
39226
40541
25971
51826
50076
33252
25169
7248
13805
28572
47225
7149
6479
33847
27539
12404
26492
19860
41749
51599
47367
51985
12548
47862
26500
42087
48663
8148
47646
33164
44533
42273
44247
44799
37744
11183
64295
31735
63647
10903
62433
38655
30113
32225
10879
30839
40336
9511
40479
62960
27683
33275
20778
52581
19309
60566
38462
2040
10861
52104
35885
11062
661
31363
24878
19046
27193
52056
44419
36439
18523
50789
13698
27247
45933
34866
51774
48774
27497
33671
27455
17754
13088
63365
21461
33149
28961
17724
30843
44249
61006
59620
44268
10369
41754
49487
15382
8766
61573
49000
6157
12131
20312
5595
56907
28235
950
9278
47502
26813
982
55306
17470
61525
22629
14467
46168
58243
34867
45118
46216
62600
63845
21822
34149
62552
61491
48997
13662
58206
17203
3457
24353
12568
37077
23020
19596
39026
27454
15381
1596
2693
41847
16769
63550
42062
20611
35393
6015
36997
46879
54139
17980
3193
34267
19577
57406
47745
794
21462
22092
51598
20057
34310
46923
22091
10297
47599
48932
63306
62141
62351
45920
62708
63776
45789
23814
36170
24409
21145
13952
42089
44729
26502
13936
63050
38730
19875
3578
39184
63781
24805
19911
3334
17513
26203
37517
8249
1595
38714
58600
13544
49510
16447
3430
49805
12517
58613
16495
55946
21657
24553
61028
14014
34309
58687
63299
14468
45752
23813
32912
46926
13696
62168
20735
15827
61669
22073
22905
26917
43385
21290
18986
43632
902
14864
1930
42553
76
18908
19018
38870
18921
48347
5854
8779
65428
50129
30929
2773
28088
12079
45103
39090
42316
56142
63446
16829
22771
34759
58945
2149
47616
59790
64528
14039
49214
19385
58261
48255
12421
36915
21196
5477
18675
23909
63283
18241
39553
39975
60964
14198
45704
62446
43868
49442
13792
57981
16908
22078
18576
2033
28034
18191
2053
26247
14197
65166
38104
16905
668
36931
62771
12920
62356
26046
14629
41531
15931
61333
29243
21382
53057
45009
59498
36840
38790
60987
43484
32700
16168
29034
21817
59476
57282
16974
48350
4209
23174
3857
36205
63445
33599
34443
2428
15163
22671
45320
25975
61507
65285
53880
48930
17564
882
25253
63822
56850
63783
61473
26791
26488
26485
46296
36938
50365
45018
52998
38077
51462
39243
43451
28859
50397
49227
53066
40710
28890
38109
39174
21299
36440
28234
34917
24152
5046
26077
1293
54539
36488
33598
56906
2234
5078
24200
21861
38218
14466
21345
13037
38707
24156
13046
37819
44126
14310
13703
37221
43194
14333
40667
37512
24790
54863
6832
61514
48353
53430
17052
3001
47366
64551
55771
47095
3850
65286
26320
45131
62848
35403
6837
35805
65124
50615
41938
3507
56131
47236
46399
32476
40455
26328
23114
23485
22921
15392
13472
41017
38352
14582
19354
39872
2138
18035
27174
39776
1036
20412
63095
2634
16441
2957
21869
9321
7053
22618
39233
43441
33670
9279
2618
13709
44988
31196
17471
7526
14624
58612
1052
23512
35406
55751
23898
24738
15162
23107
59887
35414
25767
22125
16164
35768
39190
13776
24249
12406
39968
24426
15863
44467
40806
14055
12422
41625
40902
13478
38467
36922
39191
51022
52229
49880
38050
49319
36881
37125
49475
53010
51569
32636
42188
40014
38723
37560
13093
60529
56512
819
46671
54694
64359
25248
33718
63184
58670
46679
26790
22714
15383
4926
17891
23091
22707
8769
52610
65127
38171
41401
13784
11822
38535
17282
44746
40015
18252
35720
62944
24866
12530
16975
835
13559
16732
38306
1640
18249
27687
3411
40647
19537
65060
3800
24694
62605
18779
54438
46221
65382
24701
24749
8330
54397
61498
63803
25766
53366
25725
48998
26071
56834
2124
62093
46907
5047
61798
769
16778
63290
54593
48230
3772
19547
26834
45661
21360
55489
2076
36599
27567
55977
21876
21490
54722
36383
55935
56185
22697
58860
22753
26023
18755
36559
14352
9385
21678
32931
61518
16559
58308
9438
35192
61301
20227
8313
17535
21929
13875
48024
20083
11113
62052
47536
21982
17855
9646
60302
48191
9433
16051
9689
19263
63221
17365
49582
37139
3617
59677
31235
25750
61608
15996
2346
51934
35270
63491
26002
20254
61089
22851
9373
20458
41444
5090
45251
42236
12381
27433
41196
10616
5628
16307
44276
21565
7572
19001
52635
18662
31575
64408
46021
62799
17234
9629
11071
47854
11891
18617
9527
44338
38554
15488
33903
25815
39032
29672
7168
39066
14689
65002
39546
36049
9162
13312
39576
25217
11720
64640
11181
39699
48629
16642
31744
16596
62888
51886
45444
11473
49625
62464
45845
64296
19110
23593
57956
21721
43841
52289
9641
28250
21934
44778
26186
9764
51543
21673
42321
23342
52173
18707
50349
38006
3567
58225
31941
2300
63899
23852
999
52248
58284
62661
2804
17453
60817
16505
34962
15916
9367
24271
34217
16511
18930
33681
9343
33652
34928
17577
45287
20450
21911
22243
53841
21559
43076
51835
59824
43100
21917
44517
43596
60479
50070
24259
43604
3053
51406
64227
10392
39034
52218
19373
31427
17688
62365
50605
47912
10877
51987
63683
46378
40429
17907
18985
33026
25049
39709
31119
51881
37991
12292
65050
40151
47634
10503
18601
38397
12676
32504
22803
56239
27513
34985
25006
7365
20504
13764
55983
36638
56344
53523
13509
58128
24095
27305
21977
9390
65397
42209
6637
9141
44906
20670
26663
43322
9694
4346
22713
41201
21726
7825
26348
59163
30676
58094
22783
50555
10285
61657
37556
56609
34276
39085
17894
9284
22309
21195
44166
4605
48993
29014
24989
47490
34877
14477
61532
49469
7211
20305
13702
59478
41357
1942
27494
41351
4765
55862
49463
6123
29245
41533
3318
27197
52332
669
42806
29286
27245
30546
38454
10344
30881
25726
59166
30066
38793
63521
45650
21
9534
10114
62956
41524
40333
33486
1846
47672
45951
44246
4895
57394
43648
12400
51586
40976
30699
51752
21478
25990
14896
7195
44391
48233
34798
14904
32230
5857
29218
18229
21144
39474
51962
3058
44263
8760
15205
45360
359
9932
46813
37132
46789
45102
1296
18051
53480
44741
57440
58911
42790
1914
64409
28777
37228
17465
58616
30599
9273
57576
4653
557
12533
39986
8297
13560
2026
4598
44114
8303
24983
40428
31595
25352
51465
30269
41029
2946
5320
28165
51863
4222
1591
42056
1938
45008
38698
9803
30324
1814
34420
53457
42725
62841
8402
25977
8232
46827
20615
37004
63029
53294
42791
35886
47572
45368
3474
45869
10290
13781
20415
29154
6689
63643
17287
34888
19589
12696
3478
47760
9784
27398
50083
31787
43376
22064
6011
43008
55132
5503
3206
42822
12688
52236
43926
9996
59261
64564
10275
58671
7458
22499
12973
39469
46485
14580
1575
33320
61801
8780
39836
63520
47214
43444
9993
46472
115
44427
58024
40713
9625
59256
42634
1048
39665
16969
1830
33950
50354
53754
21662
28882
9266
17458
36871
53995
57390
38066
61580
12135
25323
20723
27191
32091
10386
45016
6430
46049
26245
24546
49519
43477
51773
52356
12519
28040
3378
8104
1660
60356
11163
29893
38046
9595
54322
39918
23644
29307
54756
21682
38374
53849
3700
64709
38726
56770
30875
53686
40379
28722
57314
38962
92
56642
55163
39058
822
55446
37234
38854
3510
40310
56226
55926
32124
56347
56274
37394
40102
1906
30652
39691
40150
53766
39602
55218
42566
50334
33970
45717
19387
46450
48756
25650
27833
47934
50494
43972
42476
33977
41595
19654
27862
50350
4708
4710
17150
6530
36382
27438
14700
33422
52251
13316
25894
36598
25822
44278
44471
43123
57039
4979
4423
54897
53837
38015
39363
27261
51914
37581
40055
54451
41919
4287
268
20953
8648
55180
57820
28904
8680
40824
61587
22404
53353
61901
38778
29082
4
57444
37127
38947
6388
55255
30752
4142
52699
27922
41205
39441
28768
43118
26390
49574
39597
53359
24999
25047
49869
35363
48416
50765
35647
25165
19603
14127
51879
19288
26183
33363
27309
34671
38678
8622
57698
29174
61867
57554
61396
388
12
8494
28718
260
140
61292
40734
61685
42871
6351
52632
8115
41421
50157
6381
44351
26448
4429
6769
28497
41783
7571
44927
41155
27558
25817
53198
5670
33417
51067
33086
28494
42902
13870
7180
16798
26438
4438
26030
7266
39878
64373
35759
55625
54329
5423
49693
28191
19619
3138
30101
42232
26135
50339
38350
60596
43980
25657
29944
35897
47996
30088
11144
37405
64682
18148
50585
64269
38618
8947
27826
36018
1818
55551
10413
29098
39016
8401
30753
38957
20487
32221
53288
63649
36999
57191
3345
37107
27351
49581
8033
33123
19816
49953
36639
26669
12288
36239
51933
18607
24615
34979
25053
18419
13852
37154
63618
34960
8932
62425
52600
44571
11868
36209
63273
11844
42517
51402
15908
29340
19526
45473
52495
8615
61883
6872
56792
43844
39609
8669
47069
3518
26181
32000
17010
63436
15286
19927
45761
10967
60742
48205
45531
61969
64684
23261
35338
61963
64730
45484
18098
10930
64070
20872
22552
26671
44102
20496
16599
324
44594
24611
23168
25910
39545
18461
61819
41586
23622
36696
6349
61716
51492
6776
62428
3707
47970
36905
34637
46546
1653
64898
21566
45732
64780
20105
49044
9529
48455
46962
45585
65519
63888
63042
46604
62145
63351
46320
62308
45919
12727
1691
25229
18094
40204
15491
25577
62696
40831
44789
23445
38775
64634
15732
12383
37636
16647
18004
61999
10870
23176
64643
57883
15217
45561
63298
15189
45454
15482
60332
19117
10880
20903
23926
57867
42324
4963
59090
39299
12763
50335
28245
59340
51512
15068
37935
23213
43136
18298
571
24299
15124
38684
21877
17686
28481
40324
25897
23605
37772
26432
19243
20456
40724
63260
46324
52738
9369
16833
50900
31556
39122
41911
8818
48146
44479
39641
32444
65316
16528
23494
14563
58456
64004
50537
60493
37088
13448
45508
39017
35530
49380
15578
61823
21918
19417
19366
39522
37345
46051
63028
63456
60273
14564
49911
19069
64873
45615
14972
61072
17918
30268
64972
23288
12686
41976
27574
14985
27107
61979
37393
44896
20976
40154
63190
28399
22450
42674
14106
17124
20036
60876
8584
13637
28996
44312
10240
57723
19509
59608
42960
32197
15633
8688
23255
57787
56782
42212
49288
55156
13638
3352
47105
43317
59970
33757
1808
20034
20957
53247
21879
41519
40084
8858
5261
38044
16509
14993
56373
9341
43303
2363
14535
47082
23521
4707
16598
9378
65404
36614
24066
8374
21457
61601
57531
35026
10715
59468
65290
57562
20242
22790
25477
32356
65244
6389
1268
58630
12306
17154
58795
7972
54670
58396
14342
33558
43140
1525
17738
1165
26971
49859
61151
28252
43736
16557
35141
52040
1415
13636
18442
50963
17533
58371
20554
33115
12934
57274
25022
35078
2014
22379
6411
53576
32843
4821
24326
53462
20797
24758
42368
11199
64311
35747
3736
9655
13597
18017
59037
7720
30015
61050
19975
34346
19423
22211
24633
2168
2712
36697
60904
2202
26436
14162
58346
33090
2682
21368
16316
4172
12612
56730
39305
44498
41826
54377
4370
26726
62738
62891
4902
32292
27350
24610
62476
59868
40494
7590
2336
7832
15994
60330
12993
35271
3103
21933
5832
57873
6639
4720
21671
54803
3624
14026
16502
312
1902
53190
61256
3942
44062
19707
57478
49534
58
20702
17574
51478
16875
61274
18711
8849
16871
33386
21693
45255
22859
64658
34653
34013
10609
36682
62668
60470
16929
23642
995
36302
15846
59539
15819
33734
2680
23197
5067
60797
5102
7541
22730
54138
23928
13205
38371
44767
42607
58032
6941
44647
22849
63133
5667
54335
42711
25901
65226
60471
64376
7843
42464
2845
1533
33463
57903
1271
42623
14769
58643
47985
3095
22815
20167
7232
25663
60403
22806
44834
37105
9382
6274
40810
62283
21442
53386
11995
41094
897
24518
8310
24082
8038
21975
33981
16346
53763
27583
33543
26180
14779
5896
56287
34113
7632
16060
7237
21725
27827
27955
10076
60581
53737
47761
21107
54719
30981
11221
6047
16695
9912
37955
57049
55893
11756
41885
30297
51616
26431
54683
41495
31866
3776
5331
4151
40508
7181
1729
39288
44435
56293
1425
52464
31972
40168
6509
29842
53146
27360
606
31210
42023
2390
26849
49640
2960
4739
28198
35948
47045
36390
7172
45029
34654
4277
49125
34222
13532
47051
24902
4406
5877
5340
42740
7321
54528
17185
57586
2112
51766
44723
56199
46380
297
55889
41918
42557
44528
34028
3224
51045
30600
38542
5743
29278
52563
2021
3439
30259
41603
1625
25064
32062
757
7561
27961
46682
47757
36407
50107
47979
13676
6799
43021
33618
19766
42246
7012
14433
5712
52810
38119
59031
35553
53811
10701
35009
24666
51183
16797
55645
24183
16586
53137
24920
31888
8938
41115
55123
55182
16619
57528
57195
46245
44069
24427
45173
3898
20485
42027
46123
41365
61242
25129
47863
46771
36647
50594
19781
6738
5552
48691
35314
19244
45918
26697
6967
6128
51223
42847
55907
49157
39652
56468
42195
30019
1189
6361
51936
2869
5391
2504
38366
37209
53536
43614
54880
5684
17725
58193
56676
48742
43651
15954
45878
3376
21356
43918
47245
43859
61063
37427
60662
59371
56201
9821
33181
27216
30526
64859
54879
21226
19034
49496
3412
31845
11142
28470
46998
48171
36662
51150
46251
14597
7310
42155
32958
20342
44197
5227
13419
5973
53110
43063
47770
59072
7651
32945
3808
56509
31168
8819
5021
18554
31128
37495
54339
51792
33079
26978
56053
53427
14722
58286
330
47077
44997
53562
35289
2086
59224
42955
42987
25193
59430
27958
47440
51521
56198
10591
53170
21850
34109
37890
54877
20281
39351
34907
24171
5722
9353
19102
31319
9009
38637
46703
10431
11971
17382
20065
9955
64816
17664
18558
12013
44438
52103
14068
30716
31362
27361
11412
11620
48531
42534
39762
35552
61737
63065
19246
52717
27644
29420
23523
59728
55617
50105
43237
53951
51282
58861
47851
44364
21063
47307
61128
51764
54938
47813
38545
6140
32802
42160
2115
34033
41268
62764
54920
41140
25127
56664
65249
44080
39932
54531
27899
52310
5691
2027
31835
56683
49495
42887
3437
6122
37254
1622
41602
28978
25082
29066
27959
9045
9188
49155
12821
47263
7694
55266
47071
42197
18483
45572
4497
5080
55900
34723
16937
34297
46382
49639
35521
48043
19024
50818
18584
47007
15132
19146
47972
44369
52476
35040
18328
56406
55019
28329
37148
60318
43803
26423
29652
26274
21045
32002
12607
42261
41370
28841
743
9721
29970
5555
16713
32449
7518
59682
48177
26693
65248
45394
58513
5688
56572
48304
42834
54890
58765
40066
5741
59485
9303
18743
14443
31799
3386
13674
20274
9346
41559
7558
43613
55911
55073
28579
40917
53906
42196
39660
5454
27054
2876
55310
44513
41168
40278
51637
41606
33011
45199
28982
32920
46180
27226
6797
65364
51037
13349
16464
7019
3419
51050
61413
12595
45203
32831
51625
28201
33201
51970
6893
46622
41500
16762
52990
36248
50644
5978
34473
19769
45973
50043
31543
9933
52686
62896
45874
40653
9823
19830
38595
47284
65105
51804
12003
23647
5882
34093
43205
40263
36520
43243
22839
31295
43723
15139
30801
21583
43749
599
29616
15315
23301
22150
33049
60528
23357
15607
35467
57890
36015
22200
58007
35693
12786
35333
23572
43802
19363
17962
5328
6528
19997
26983
50728
33409
7169
42488
33799
52989
25199
50595
15583
2940
23497
63093
29813
31205
40686
3260
30078
57924
31947
1428
54361
31691
1204
54729
64638
2275
15813
15078
59619
35446
14459
2755
60141
6267
60109
25502
7621
59597
2253
60099
13294
39024
64416
63015
31527
9184
64993
62359
30255
32273
31377
64207
30919
32159
65265
30112
62767
1141
20899
63440
30931
9797
62020
38345
28895
11551
30142
23758
11209
29876
39087
53411
64216
24025
15616
14096
36409
34185
12820
20729
35956
36655
58212
13828
34041
57764
13460
34489
13199
38121
16832
19008
57925
4147
43071
1429
9796
36216
55646
41119
6291
32340
23502
11465
14152
37142
61861
22489
28966
10006
3972
22377
53460
61316
10238
37118
57612
53506
354
28837
61486
20848
12992
15591
58400
33001
12770
199
60449
5233
57503
14276
8140
57745
1185
60576
14831
42192
16649
18316
51225
46608
17025
42736
51076
48418
50607
19471
48119
49775
44532
49161
18964
39125
19381
18041
52022
9093
64788
39676
50548
48868
31339
64014
10489
30884
43922
50613
17726
62021
61877
23109
60880
35392
15688
23753
60120
57716
59060
18360
33216
60350
20911
9987
23108
3973
12805
13845
61317
36054
28206
23206
59934
36398
59147
26990
35750
55550
22782
59141
14734
44672
64432
63031
35603
54755
65089
13738
46721
60397
5624
38239
61130
48641
15357
46592
22136
327
20912
22327
53559
59207
24385
20656
55103
57153
59231
95
53680
57169
24401
53424
20543
2102
64998
23321
55966
9154
1061
54786
37913
11438
53394
65356
30062
37590
55566
40249
59218
39062
3638
41690
50151
55338
51116
39963
3277
5633
50
29543
4566
2988
30282
41041
55698
3836
42122
29787
30010
8070
28705
32747
28653
1372
39211
49404
3949
1004
51290
2461
5473
5114
19996
43061
35236
4560
51603
33331
27980
47803
34835
32775
45690
7354
35412
25644
50852
41969
27621
1235
32903
35268
3031
46643
43464
56429
45840
25836
58991
42685
52458
26479
34203
2555
41257
29183
31781
4962
32621
30806
3556
1891
30086
44934
871
4075
29077
1780
5998
28215
17130
45565
35165
50872
47117
13056
4456
41130
34239
20042
43523
6241
12394
25139
51661
31228
21626
36813
54609
9238
58226
3931
53085
17338
54406
58796
65483
28898
25431
37946
9661
42138
2103
55394
45893
58579
6459
48920
44683
21257
18808
55658
13502
41002
48645
41819
58303
28455
12679
17011
33789
51887
44595
34399
25667
47512
32943
18455
46781
27463
7261
27939
4097
36946
40320
44825
55097
53489
41430
30422
1444
4110
29676
2186
6658
3243
30997
39582
56056
42333
643
4702
47594
58639
7762
47107
41256
14678
46403
3719
13753
43149
49146
44184
59757
38022
23340
60818
56430
9483
61387
860
29076
63382
54626
21526
62390
32603
1877
37417
11515
6490
18502
48651
33716
49779
45085
16136
7778
42501
33859
47562
41384
4237
13577
26684
51902
29532
20295
1251
4241
61260
54777
53974
37450
30040
55526
9158
29733
31916
54961
26682
46017
28519
3884
3399
46361
36469
56330
19688
43707
59999
12511
5526
57987
41674
47669
42482
57508
3030
64277
11259
54702
30196
9218
2556
31588
23660
56482
38025
62892
56939
1781
40665
60420
39846
27610
7789
30327
7446
50050
54402
37937
27127
3282
51724
26875
38182
32407
40113
7329
3532
37446
56251
51786
53722
31441
53570
41281
3276
38779
30631
3501
39542
52679
26573
54962
5834
43241
47298
34708
33351
35137
16072
8082
43721
35811
6480
25279
5613
12489
24956
47810
42689
3603
56312
7223
60671
54513
48832
25151
22010
46816
535
22944
44769
33879
27071
55037
1995
40720
30735
28789
55809
56589
32204
39038
931
31302
37338
1959
37186
57273
964
53256
28119
16659
33039
5997
47629
51455
14320
6312
12384
35439
43139
19111
4513
27386
28627
45304
30668
28643
53087
6833
32741
29678
3531
7613
41872
53574
54169
3924
31298
26567
41290
50008
41386
3548
53666
46725
33333
5755
33167
43794
22521
18216
7350
15262
26583
48121
42507
60004
25207
12864
33361
5789
46785
48833
14784
7064
27063
35999
44768
42688
5265
13722
28275
35167
39938
43225
52580
55769
6050
6251
32508
39726
27381
30236
28118
24828
38018
53865
38318
5038
43533
25669
7886
50986
34388
4802
48624
28639
26262
47747
27468
15513
44305
4455
41128
7259
37190
23929
11726
53438
29534
32596
1996
30900
22457
55986
4069
37785
56763
965
40825
10190
5898
44677
52980
34404
45338
4239
15864
4770
18092
33155
49395
12545
6685
15609
27612
46603
30220
37936
9393
56513
54409
9499
3835
56925
62919
56086
30197
21506
30082
2455
2890
30111
25271
375
57233
47849
60195
54573
33871
43234
20672
15423
54954
24232
26935
47305
43714
59295
23514
17759
44609
45924
59094
27464
27141
32257
32268
35339
14013
56069
56072
41740
65152
9609
9971
63409
37199
48239
18971
38419
18606
12223
49664
48421
64426
52510
9496
18688
61744
48343
34457
22443
61906
60574
23057
18038
65016
8548
8892
60704
15308
11549
46830
64601
20773
60534
35494
23745
639
2099
44624
1557
9681
4783
14411
30048
23462
17735
6686
59581
12823
25438
19753
12388
28626
40467
39279
44308
29793
36706
64301
37591
19106
62673
47268
31736
24972
63144
13029
13716
20206
56049
59162
16962
63328
52123
10483
59384
15563
8455
45652
39674
27628
58144
24023
20574
22766
17017
41064
20850
7774
59640
19935
42037
23218
26760
57761
48052
24451
18351
48332
19467
15323
11451
63346
19159
64769
60683
36282
8471
16807
11586
46658
22198
61910
46922
10227
63163
64370
278
28313
22487
50811
11156
40836
5836
61866
42469
59279
28930
64309
254
12572
22014
3611
64464
25944
532
60941
6315
19249
3715
23714
15949
4516
11105
14373
18111
62080
62968
40477
51963
47068
37599
16393
12029
51366
46948
64513
49417
9231
17398
39722
45861
64899
61688
24463
28281
27038
64785
49842
53601
19326
25206
64013
42036
11775
52942
37162
14020
16966
16639
18575
8447
10054
15837
23050
48724
10329
9997
18189
60854
35771
62304
17641
8425
59146
15025
12657
40837
45040
23158
50484
58050
28302
51609
20918
41856
59933
55406
23372
43374
9735
15035
27982
34317
63186
42560
44292
56760
56243
48604
19383
31700
30431
26115
23882
58954
34665
18081
43807
37191
40691
26585
29997
48815
65345
30378
12556
62746
32980
32593
19232
36959
22746
64082
64676
60157
57468
39278
4964
16665
60629
57505
21435
54665
44933
34574
64903
60134
29690
63922
27128
30098
20689
26873
49430
25114
50563
57223
63658
41006
6828
50701
37948
9596
5116
14765
21627
50541
16411
21271
40957
54427
11958
53030
14508
12061
54049
38230
25642
46554
34246
14754
25428
55204
27160
25683
58074
2096
35404
7029
14506
15437
55651
60081
24348
7193
44780
15442
64680
35154
50809
38248
9832
37907
10531
46532
17858
9946
39898
31997
25145
6476
28454
15090
23841
51198
46038
24349
37738
56831
8698
50027
12459
10250
57341
38899
27945
46886
24279
15453
12685
55565
5696
14545
26297
33371
7946
54799
13745
7424
36530
27062
21130
6474
45228
63933
20301
34049
23003
61564
24333
9403
34999
36822
62636
61259
8209
21948
17626
58695
31226
62397
63707
9144
39960
18806
17614
30827
32005
9235
62634
49790
51691
62213
38970
31299
13436
15101
15544
5579
5904
25951
58881
21203
35123
7364
12449
34375
3712
59752
15334
4890
40839
64253
15012
55151
8983
24830
51723
26649
46869
29681
61441
50053
24854
49326
40227
59271
40586
64765
17131
10749
30419
20043
17845
49822
50374
9480
62733
52149
52827
18838
37411
31002
20438
64754
61922
34667
58844
65355
21255
8689
57686
33538
63755
59580
12045
22378
16684
60550
59658
13234
16082
55999
27720
12506
25278
59394
6921
53971
13498
4568
35147
2569
22599
6729
8967
13245
39256
59842
21371
38137
8069
42115
54576
59418
63676
2446
49401
5487
24134
32887
6492
62370
37720
9124
27716
38131
8739
40266
10826
33865
13500
64541
31914
10840
38956
31257
2262
26634
17491
55514
4938
16478
47464
10595
63886
54715
25867
10547
65331
49029
5558
843
63509
39078
22672
12006
30325
23233
34559
55959
13615
9678
39598
34327
24032
6951
9206
38267
22640
2247
796
36391
5648
3348
21961
58146
56946
34223
2767
56265
59556
24210
58263
25873
2933
26826
21587
10860
17666
23741
40928
35171
16841
63708
27336
41108
13018
10176
54726
19308
65260
39079
18533
52313
63330
17768
3955
51814
21155
37257
38338
22472
43914
55715
9207
16988
24554
1194
26998
36646
6426
3867
22934
35307
57117
35325
205
54470
61435
24573
59898
24603
28375
3596
844
11370
18267
26689
8555
54225
18314
61754
1457
17035
57010
48187
4876
16986
37232
45004
43292
50199
31856
41492
40137
28690
53105
52399
42948
49600
29092
38082
28871
39281
17427
42154
39286
55952
21441
37502
55538
10731
23084
2279
44200
22546
9422
55844
47610
23959
1148
4044
24169
34390
13931
21855
61763
33641
17075
23942
24769
18366
16000
11267
53415
15722
65420
42172
21747
12167
31052
20632
7421
56570
12334
10578
36866
35107
490
4390
47452
37073
20106
43014
37850
56563
22429
40523
53758
9101
15590
483
42253
20779
11867
7406
45926
21242
40778
42170
41178
53206
31050
42203
39350
51531
32587
51469
41147
53178
32523
40717
30986
39387
25299
1210
24650
10135
16578
24904
12194
55627
19500
65399
3256
17426
53950
10018
6410
16796
40409
44556
20377
32332
51776
18370
48289
8336
63983
30388
42500
11383
61815
46112
29452
41793
21577
1212
17651
31477
62379
19629
3447
52474
24000
38950
3252
927
16931
54208
59740
65014
26757
62980
64386
35502
55593
24283
12460
48482
60406
4340
1390
58540
34827
15094
19929
58901
51878
43375
17617
50849
24708
17174
28514
50273
48807
4572
43253
36818
49963
42487
41687
50464
55975
2462
37940
30395
36904
37667
257
29362
32409
28954
2288
57231
31261
38604
630
30005
54771
24724
16242
59329
13949
13690
2984
61377
4553
60186
28307
7032
58653
1984
4064
34684
39703
23567
21121
56417
9751
65041
62880
53871
54279
9983
38399
31648
32497
22887
1232
59776
282
23215
64792
28840
29571
40847
39591
30888
57600
31245
248
30960
28929
0
2064
10003
28217
14088
15640
35166
35543
28463
15564
35790
35059
34482
25455
33191
5268
13717
12869
32899
28912
41048
26680
54612
62
37689
2296
56926
8080
57219
40857
55534
29583
2457
37941
4912
52422
37742
38948
10862
19579
26937
12884
32162
11692
45797
42133
33346
7234
64249
40406
10966
1056
14024
15341
58872
35959
13425
3232
60413
7882
60577
27039
4800
58529
1450
23315
34275
41436
19118
19755
4100
49961
20434
41980
52734
33132
51874
41060
47276
53090
26473
43029
34777
43846
19662
12868
52379
46662
44772
18073
5300
33881
46686
42334
48076
52162
27740
42101
47589
40835
63428
64836
59144
54073
2110
240
11535
60869
54127
36958
57241
55400
23203
61712
59205
6485
25956
25636
59906
14301
25379
15307
57332
33452
33350
28515
36125
5614
22444
2185
34524
50025
1368
24141
6655
1326
62940
14507
36365
58567
6181
40553
60955
46034
14759
28291
55776
56327
37791
63601
10911
23761
22999
21519
30865
32192
57984
1120
53983
55681
62400
40311
10871
14547
43034
16096
9042
30644
12922
11374
41703
58868
58302
41424
60587
16947
31986
18567
29643
18595
22741
61747
45120
10448
11504
22052
14238
48232
62334
46521
45353
15248
60643
18692
58814
16064
65347
12046
59763
48921
47476
59508
13342
63925
21780
10656
65455
13072
36803
12494
47368
58309
44400
64330
28294
45994
11430
52423
23344
28645
50023
55225
5520
60517
41286
16240
17628
62404
22570
24966
43768
28214
15753
27853
40187
37904
41057
24336
37594
63086
26063
20562
43833
14792
62503
46226
58668
45070
46270
61381
14369
61687
59669
62675
61443
16152
59548
13713
45298
24281
37910
32715
41696
13434
32190
53101
61275
36337
42042
39893
36781
59572
49663
21638
15335
47552
24949
4782
10680
56089
6687
65476
46094
26563
9241
5824
3524
45087
16563
20293
56520
62629
16080
61108
24731
31223
57560
25383
18504
32619
28311
32773
51682
61557
25643
62904
40762
24441
3916
62501
44416
20439
64470
41546
646
15216
26762
40313
25827
23433
42096
22758
19754
16399
20028
37415
9190
58120
62083
60453
26257
51186
8265
15941
46958
15512
54828
17405
9057
62734
16262
61293
26271
38026
59407
28461
65515
49812
27037
14553
50267
63566
27951
63995
37408
17475
28279
6305
10738
56494
4520
61621
49137
972
10510
25203
1989
48904
61596
17639
54690
59653
39747
52664
44854
34247
30590
49185
35007
33963
51607
31909
33553
57422
50283
24128
16246
45824
41689
12662
33720
32117
34503
8745
16693
60621
10313
51875
60188
48272
11352
16085
51135
24505
21625
15232
43362
50524
34661
27591
63064
37194
43258
58275
31911
62197
26571
17359
2182
15155
20195
52941
30306
11266
49855
21765
48721
38310
58990
16967
39945
36536
62828
43831
9726
19347
23859
59576
11312
48521
9695
11806
20292
13571
63022
9824
18436
17779
9392
18260
34408
15856
61829
60782
34787
8480
46644
11758
17028
22101
23268
48281
64879
18979
45392
15614
11358
59125
64375
31695
27974
50579
56532
50481
58575
49074
50871
60428
46461
58654
6235
21216
44857
63220
27942
35067
42440
3034
36772
42033
21634
31599
44209
12585
56941
65044
44008
3170
40656
14328
41708
52050
56044
10088
35678
8537
44333
39527
59365
16949
23139
16783
32150
27377
30705
23865
65509
61268
44816
28451
11714
7437
56731
48552
41434
64838
53103
57748
51215
310
15632
47088
12822
45570
46936
60796
47645
64852
35694
18359
8681
35495
64971
47759
14931
17029
34765
61845
23353
58004
27819
52428
59944
43546
19951
56587
28071
59235
50754
22329
41682
19032
37334
21033
21641
54274
44608
42032
31652
7773
61179
48029
27466
64284
46257
58532
52063
2854
19315
19551
39815
11873
30246
35438
60936
9225
20205
17260
11401
23427
13061
17487
12022
42653
51810
64094
394
56829
25519
41542
57855
41425
306
52916
26541
23936
7099
64996
43032
38811
42105
16771
14368
47352
30610
59339
45313
23125
52577
62357
10078
12570
63420
36200
39516
41255
58260
59221
19786
48577
41686
5104
59202
51921
33183
50276
51111
10182
49960
60142
6923
15664
25637
46672
16716
49588
58968
11030
50808
65028
35006
40112
11145
46794
39854
46415
21939
15669
11441
21097
12832
33967
42930
30215
33566
42474
65151
55389
43978
35573
30081
23001
44850
63135
3402
22579
15955
25930
34949
58675
26699
25866
54749
57051
34152
13150
57018
55485
26635
58723
21902
64995
63635
37754
52010
46618
40312
17827
9197
52765
46840
64205
52131
10440
20221
31386
17704
23849
22777
62245
56300
59004
64795
63125
31275
12014
59028
23202
11206
11774
39835
56060
21988
15130
24211
1402
10928
41812
2936
10417
5405
19004
38960
22221
18498
7080
10801
34291
19897
43815
18681
41756
30976
63423
44561
29023
45858
64647
40768
17919
61745
48881
31887
51964
61952
294
13461
18745
53546
59877
65412
40028
52274
12175
56475
20734
9305
29026
37217
7318
20520
24121
22617
20713
48309
19470
16367
60686
57391
15059
61909
13151
15326
58516
34382
58208
16643
61724
17657
17801
9449
46967
19410
63164
9092
47167
11458
19618
48567
11522
65108
8441
16623
62181
62613
22841
54185
1012
21058
32171
56370
64021
3356
64715
38958
57940
29470
31894
23977
13344
21753
2332
58883
15038
1137
60765
4114
13882
23875
22943
15675
5281
59021
33017
15283
37175
62560
39383
49548
47488
40769
18791
10625
53202
52321
61535
50183
12113
20322
31847
16516
39734
63587
62240
6597
22446
65252
32516
31265
19529
3861
62814
61908
31634
51524
31338
12997
65413
20323
13187
12163
45107
16014
21845
34110
59454
10590
18798
34899
59502
22632
47445
61502
21062
16211
13283
10153
43508
15741
30820
58862
18137
40745
14269
44676
60363
10964
59733
17065
64839
18521
41804
48768
9799
44356
42496
29505
32321
46593
19122
31664
32191
44545
9040
62783
12928
13408
27095
29635
37784
25311
30877
35201
64234
40314
15361
63613
33807
31464
7271
64963
27461
41729
18847
29441
55877
19645
46859
62496
10537
55816
27144
11478
62170
45300
44620
29516
46533
38660
22477
10676
39448
23463
36137
20963
35866
10259
43973
14866
59120
36088
65497
31817
58784
1992
286
35240
27156
26233
22703
61358
53957
34841
2976
56607
34164
22981
24435
7187
55971
26575
22193
22742
18439
20998
31216
15319
41054
46524
3525
42128
34566
40755
633
13579
63504
1
16638
44005
18866
18955
538
41254
22191
42044
39599
2552
19845
3600
24455
18075
21523
1441
28274
33778
5909
25214
20643
36498
55463
32942
3240
53667
33998
21495
24103
4892
28121
2315
3915
61991
18877
3396
46267
57101
16673
62682
1540
20445
56591
45714
28630
19601
31904
42942
41694
52232
39956
42768
37295
28942
49587
49433
41664
29044
52340
40117
37187
31811
45221
42504
39758
4074
24231
38675
5602
11966
24347
54775
41381
13692
8216
57339
20179
20685
272
971
22894
19260
13069
22018
38019
16261
19663
15942
1988
43352
15836
61968
2074
19041
17481
42443
22015
9213
30672
23725
34814
2855
33577
8207
44212
34582
21027
6898
20198
29466
18645
41131
40733
2848
22957
40408
5275
12285
15330
1066
43534
13435
10248
7060
20262
22257
37587
43457
44817
49314
31957
41432
38659
50370
32716
50958
44216
29109
49854
37031
37911
31004
5893
1727
27983
65354
17607
1861
47474
56244
17627
10663
517
16407
55256
12043
27600
16571
50873
26126
18363
54974
39492
17095
45340
61770
11338
32208
44288
64530
11431
48141
3541
6723
57344
38596
17933
40844
20166
16806
54951
19331
152
50582
256
3824
47093
378
65145
61442
23350
23894
61957
57639
34791
64696
34319
46853
22228
60562
14941
58944
17107
36313
60010
22498
40678
64406
15264
53817
59724
26111
52397
5536
19480
55634
62923
51491
27415
50195
30357
23602
28199
15351
22252
49699
47386
24178
39318
55012
8939
51709
13729
9414
56978
37534
5872
19501
22550
15350
12725
55318
5653
24670
59325
59315
12350
55982
13739
34630
3891
61235
60150
25883
40233
19356
64259
48876
29468
64184
31325
29955
62856
9202
64242
9011
38979
31626
50841
42354
25123
12790
22314
52613
46730
21227
38485
55080
11661
50792
15613
11094
53918
40296
6133
19083
23863
15191
14983
57047
4940
15234
780
34354
6353
54193
14930
7692
60770
28338
58983
25921
17431
62103
18407
33418
59722
20337
22966
11490
33085
35085
63937
36794
9410
21083
48375
23613
40938
61850
63270
12266
30579
65307
61605
30510
32539
8392
61645
29093
32763
65531
30611
36989
20780
12791
15280
5244
6428
15028
58207
58880
13631
53410
15602
33593
23872
61056
35996
24593
37433
61799
12709
32032
9964
15528
50440
4261
19166
30356
64594
46803
25619
51413
30560
64033
40243
64362
17974
11914
29514
64907
62310
50750
52811
9053
64093
30726
32110
20059
30307
38365
17034
62054
63286
36236
58935
16701
22108
10125
60722
34401
64605
36183
8795
23905
46950
22146
24394
12630
15494
57162
5957
13531
1797
59275
5339
55224
12475
4613
61195
3851
59226
24651
65100
19799
62144
60390
33658
39327
6504
48288
23624
58827
17329
55603
42016
33491
9820
15085
3980
20844
61891
61324
55257
37016
10136
28867
61672
57348
20482
10106
37242
29162
55145
210
16006
49159
35219
59446
49329
16357
31837
52314
58405
33629
42204
59800
41270
29318
33642
32588
17838
9068
30615
17389
9652
61920
59104
28060
49703
45939
63705
48383
14996
1761
20214
11836
13252
8343
8226
21985
47535
12196
35008
13612
62610
58736
65392
63945
15892
35041
14492
46119
14451
4279
10643
50793
19990
62074
41340
56410
35529
44684
24896
26857
21043
49353
33690
46838
17297
57591
6764
41312
3461
27527
24782
39782
30979
44132
21740
40771
38493
25795
63644
5717
12443
10602
47419
22827
47469
12139
36762
12330
65389
59882
65338
63830
13355
61419
13466
49030
24119
29958
29515
52307
12774
51389
49774
58162
34605
41269
40522
33531
34897
51080
58732
35994
20345
5068
5394
9447
54991
7076
16576
47394
26817
10703
28025
27328
46244
20369
45212
56951
63944
35178
59707
28057
40935
58558
28194
16618
30500
25490
13523
32754
20344
26153
62618
30608
16359
29644
9573
6755
17036
65075
44869
54892
36035
27525
43127
12661
2871
51635
57500
46951
18786
34134
31850
61490
58715
37178
56554
25242
49542
45111
22662
52333
26523
3115
20327
59530
62813
33644
58241
25235
37171
61010
25134
62262
52286
26526
16007
29038
18493
26403
65126
31843
20278
6602
4125
9350
55757
5291
16474
45197
4043
10589
28534
24778
46187
65371
47450
54294
21571
31178
49277
51097
14460
49608
50418
32829
34338
45036
37491
36514
36792
52260
59738
35484
20185
50598
33689
47159
51912
15740
11423
51100
61152
46015
43797
59073
16873
29415
46444
51322
12479
58774
7274
44021
39052
12931
27330
37530
28864
42491
24181
37239
64664
26825
16215
31337
3651
11273
11394
54297
9935
8785
3216
54926
64498
55759
62016
63127
56152
756
54533
11033
38605
50432
50831
2383
5805
52833
54359
38627
27640
56391
43991
26106
40685
53823
40643
7699
27329
31177
30020
41080
56507
31666
4535
41843
3790
51066
37500
1734
44413
8015
26816
54341
28022
34745
34610
7654
34738
36786
13253
6894
28594
35486
28473
26553
6299
14491
5061
36665
41924
55712
56367
42721
55185
53663
47260
42720
21745
51948
3952
20631
44516
48865
44736
53799
24776
28675
54232
37710
54708
57022
51392
36937
4015
49987
37957
2505
44879
30836
4037
55504
28377
47619
47647
7559
46446
48036
27900
4127
18687
5730
19413
17913
5284
25073
4864
47235
41335
35520
47736
8003
49304
51352
27338
49999
12735
6077
26848
24656
52657
26824
49344
45427
44203
53253
54046
44075
59246
56747
33385
27097
3579
48165
470
23285
25298
4738
42149
53638
28537
46784
46817
4839
45972
48530
12444
7407
44737
6034
19833
41932
4500
13457
6592
48864
39359
4869
6798
38164
6575
7016
31632
40073
25076
30064
28371
27888
37439
31524
37897
7961
42254
5561
6516
43661
55906
57252
52220
41744
25234
50822
2265
2044
44564
52513
43011
6972
44867
59333
10052
55369
47800
45503
24768
54094
64964
5055
12659
19136
6328
4036
28853
11589
25302
48293
36052
4742
48299
5220
14069
5406
13412
35950
42021
15372
7083
27643
6405
46117
39751
9923
9965
56947
55647
11981
1434
30271
21073
54989
40675
22967
32337
2968
30128
57920
26546
54211
56040
26418
60056
55453
36793
26425
22685
34617
3450
21443
28466
36658
28601
56810
50007
19946
23408
6808
36679
54672
53834
38000
11464
6378
46026
29923
31943
55736
44336
34641
40796
39047
41244
53308
57127
50950
38619
1698
5899
37858
54122
7644
678
31766
37787
54269
1270
44844
32753
31014
6284
28813
30779
2274
106
38283
49254
2145
230
32662
1522
4203
4343
16343
42211
33704
52496
50515
35632
25162
48333
36624
45991
47946
5815
35928
26666
5903
25708
3365
3907
35212
59413
55226
18414
41166
55133
14804
54262
57651
41414
51174
27748
58363
3735
41504
29332
31971
5258
31202
53229
28143
3157
39405
51703
1115
25575
49555
1695
7272
4182
16870
45819
32859
49525
47387
13326
4718
43430
36677
45254
41646
6539
14694
24885
49355
31078
24092
59586
55659
11990
57467
2130
32658
61638
56972
59814
63675
28731
86
37932
10667
44634
1162
5211
47475
61136
5426
47320
44845
14773
17736
54631
16052
41866
49059
43421
59656
5622
12940
16757
34299
4825
49301
33077
28485
45214
36373
35084
45430
6070
5979
27429
6402
43162
39737
42000
5936
57062
52391
40061
1487
6408
24625
30044
4826
3015
31091
43672
54942
44950
307
53614
45286
61251
53387
46110
41518
20582
16510
53338
24334
43302
46326
42910
57437
31127
23527
36241
56408
9338
33649
28509
49567
18330
54330
58823
20429
49377
26451
37600
11421
5463
17530
49069
35256
52035
46045
14351
8045
42915
36416
46522
44296
4993
12291
25658
52424
54102
63606
3625
54171
10364
55797
56284
37404
31230
57324
8380
32389
31750
56331
38972
57522
43255
28390
730
32976
33913
54791
17976
44237
60520
17183
6556
60288
43962
48355
24673
34254
47705
18661
51403
30289
11130
51838
65215
47186
38346
11056
47814
39880
45892
62807
44348
9624
16976
64384
11791
9765
36229
58840
9428
20088
17161
64644
58979
14350
18752
11941
18072
47716
12787
17129
47956
60137
8579
34366
8500
19752
64096
22510
48213
23912
18304
11669
15103
10239
60665
21212
53764
43847
51536
30228
5437
61102
48845
5818
9900
47425
59668
52817
23333
44771
21072
27434
36605
41934
31415
34072
41958
21553
32095
44486
34547
29489
22848
44526
3153
38976
15353
37164
32098
6887
8937
10884
48616
43819
38492
15087
10233
64340
17957
52634
26354
31890
34643
20451
36703
42009
5625
34625
50898
7581
48046
52396
47050
50478
35560
52740
24890
15129
46947
15639
48557
10132
57718
47057
23902
48495
64198
8501
34730
61874
35464
64089
16672
60098
64853
20867
60920
27297
52406
59183
42967
20788
52146
25002
60000
5707
64233
44317
63390
41596
59027
21552
54449
43081
50069
56399
49970
61085
48539
51900
60599
45947
58744
52564
3050
19829
19861
40247
10321
30442
48000
9039
11896
18667
17767
63208
10832
19983
17269
11930
43675
50785
16787
566
56219
26020
30636
59118
42518
24881
30724
27564
60501
31442
14128
44574
42909
40729
48377
15913
48894
51089
36215
46619
19807
52066
17299
45536
34476
19917
46724
43607
41516
33695
59993
61814
57778
41239
4339
10866
6877
60830
51448
50954
10934
49295
59364
52481
20789
26656
34387
19322
52168
9828
8924
52303
24078
48831
38565
60293
48311
37380
34120
62729
19248
9899
64505
15653
34990
42701
54794
32788
43319
21716
32353
41655
34809
54669
62745
44781
23652
39895
50528
63167
64305
34472
1512
62791
16045
47969
60314
7715
40528
61053
46545
14074
19408
58995
50956
41982
18459
5890
41764
16604
43250
51451
36620
52508
44905
47122
49282
24684
44310
4233
55210
1023
38952
30637
37768
36992
40353
32173
57184
32218
4083
30767
30673
1799
3351
28707
55792
26008
15997
59053
15473
14711
687
61101
7107
57879
25744
4735
59665
1699
3619
34426
55223
22463
20785
55121
22337
20551
24511
53599
57271
57648
3920
53583
53297
20567
3904
57392
54988
22212
64382
31182
39406
38373
690
32462
58041
29302
3737
54324
30331
2489
3705
11381
53349
15374
15134
57454
15579
25893
23979
60846
36597
57814
25701
35611
54062
21493
20949
35205
28771
37012
38964
53352
820
821
4095
30831
55445
55424
40789
57316
54152
1011
40736
53301
50870
43422
25652
48286
17995
42473
19348
4786
33468
47925
44629
47986
50802
15449
41590
48246
54163
15054
15851
58264
14971
13174
3528
60829
6342
60794
26773
7550
58237
970
23923
33765
50858
18088
19245
6415
27023
17690
25697
52216
33383
4823
44787
34001
50477
27744
44563
36048
30630
63406
20948
30715
63259
137
20836
57092
61289
8485
40949
57810
55250
1900
40725
8229
31129
18383
19791
60606
24632
41776
3742
11188
36291
54325
44944
6376
30004
22213
62073
34627
5465
24680
26664
36027
15057
24608
12994
7838
36266
35660
26720
33041
6628
14022
25653
34778
4965
38244
65234
5118
2340
21974
16290
47106
61094
7977
3685
58386
33755
13222
43145
54565
30375
2415
21713
60527
62993
62743
65199
54369
53760
11040
40688
31519
29985
22784
727
60631
31321
45239
55699
8167
57660
59049
54485
31930
32307
56805
10902
8725
31145
56135
4954
47223
41296
3459
45013
31465
53993
51459
38216
2478
4868
43759
54869
7888
1219
30165
38740
55295
659
41349
29032
30341
7040
31806
52536
494
2656
38456
52323
2900
26595
32085
3326
6756
7417
19751
19267
33009
52764
47797
7484
28224
46424
33836
46844
47157
5049
5713
24864
50081
24928
53500
55991
17684
36582
55555
44269
44470
60720
12417
5781
53898
42179
19006
44796
61209
3065
51562
31035
38205
4485
30511
29166
24810
3666
39982
51193
360
2793
51261
1178
7815
7251
46006
46555
34889
50298
46893
16237
5506
43790
33850
48282
44973
6024
15876
4956
52549
31827
21030
57755
54884
11066
34797
27999
29022
64086
56112
60570
19805
51000
2649
37509
9835
44373
2944
6996
46394
59447
55940
48779
44424
13660
17211
55888
22626
42629
47210
42584
58721
6899
46508
50005
33817
8151
48323
4666
6844
48454
34858
34663
46307
6579
36153
6652
51993
40341
54614
52234
41953
56611
49321
39198
714
7127
1844
31328
8149
3753
38477
44887
54508
41619
54103
54146
17230
58506
7230
48941
42374
22532
18925
56419
13403
42787
48862
43094
59456
31993
59850
32893
56887
8742
60130
350
49213
18621
53893
59132
61851
30692
26705
31066
11850
6745
19258
48493
34129
51270
46731
15970
7535
41738
34876
47702
44555
5764
13159
27440
50621
6739
61756
21013
55188
48615
60611
56896
38101
9742
4576
46935
11075
31155
54532
3381
10898
44025
25321
3792
45863
61228
54192
43579
42424
54881
17698
55289
56631
43189
50746
43775
35218
29961
31056
10561
53879
58073
9771
3070
54589
65217
56853
9893
21090
30340
1169
54970
32480
38064
26837
7534
29977
5136
5768
31727
37508
26617
38271
5379
25343
39984
31737
39172
4260
28611
40915
55304
29509
56905
54606
51327
40772
160
41800
31157
1220
41024
30921
206
54031
4297
19312
48017
7313
47337
47842
16274
4767
42439
4588
47817
43202
6116
14743
25712
46495
25776
55239
53473
19172
56106
54824
33841
41964
24527
27697
54691
24317
27696
47220
44492
57824
2249
31926
54859
43597
57299
29663
57156
42823
706
36990
28832
2216
37749
52593
25034
56140
4099
50533
50468
35721
48931
34783
28157
7186
19362
4490
47011
16239
4888
13044
5644
48086
49331
20853
8628
54196
48451
46927
28623
55486
64201
6208
34755
19919
4936
201
40773
10942
44549
28233
5316
51850
56716
53268
52002
43039
27804
42635
54025
498
42265
52727
41736
5714
5571
50073
45938
33257
33840
35889
16029
4322
44484
7146
36016
25777
5864
16324
6092
48508
40613
5642
5517
38513
6165
51844
53892
39223
25841
2516
49929
28158
38437
32481
37559
4631
44963
55820
55058
18062
4662
5502
4481
42524
20980
42797
6581
27547
24784
47908
43782
60809
28873
4243
49215
7495
8565
10878
2254
6733
43167
57157
60105
20916
29508
25025
51130
51251
5385
19923
48559
6753
48773
46612
25330
8111
17392
7052
46597
20212
6420
26615
26832
45928
54707
62169
8802
55716
11120
11313
671
56174
63228
54384
11440
64401
54840
3321
3797
9892
43209
1040
54015
50919
53735
55279
47330
44015
23031
43746
53440
24465
43753
48791
42447
56561
9568
15798
27205
35802
62852
42311
43010
55880
56136
47241
20048
32466
30161
27400
60090
22093
30551
63855
38097
51042
18831
36935
17505
9313
53004
49799
65360
50385
8241
16492
37511
45193
55286
14750
17460
55293
23022
61577
37458
49746
12128
53990
24565
9268
30594
38759
25318
57379
35312
23028
1042
23507
15797
2423
59965
8098
15165
60083
21648
14902
6417
60269
16169
14008
5996
19367
42512
30647
64419
24796
30248
46367
61511
30115
16233
63018
32898
28721
46832
40784
5788
20902
63452
58085
21295
17893
40445
10116
8770
56615
16025
10280
50923
62036
59381
23675
57443
15799
14199
28773
16800
21477
46660
60530
25989
48329
24405
19152
58152
54158
59068
42085
8293
16488
14472
8296
16440
13701
24158
36446
59477
9269
17509
34872
58254
21347
17461
8245
30294
62312
63535
25717
20901
62953
28884
32241
16964
53413
65109
63449
30434
50356
40330
15566
33781
21191
3184
54099
19376
1302
9857
7199
13126
9728
24309
17975
4891
58189
36007
26709
30458
61879
38720
45696
17198
38170
18683
8271
49887
52518
65267
51227
9517
17423
10064
19665
30714
64438
63100
55206
15305
20608
50558
9956
37001
5577
65523
18037
55169
30674
9813
4085
47513
16902
14038
8774
61668
17280
63599
60123
36173
12064
20464
10292
46388
23483
9990
18253
58713
21332
24548
16965
16901
12512
60126
61439
15832
9989
14416
14037
59876
35774
22656
18184
58195
13656
28237
33646
21816
25414
28173
56845
56838
36483
14421
56909
54093
25350
24195
58757
50935
17396
43026
38096
61872
42263
30527
47346
62081
28848
20208
63287
46369
29295
44332
64527
10855
14522
37971
58492
23275
62121
33237
51555
1343
60714
64860
23774
47017
7808
58806
12401
31833
63329
14254
31487
63202
12963
52947
28437
47829
31721
62044
18136
6563
49934
37248
10791
7411
14331
20781
51822
18061
23782
39774
53752
11626
52099
13050
11067
56558
39523
24869
47750
59388
14321
14015
6594
26898
15801
59440
23504
34096
57116
13052
13108
60080
58735
13036
4119
7257
63660
38995
10265
26946
62115
29226
31418
64077
33852
12892
63784
31139
11571
29692
39444
6905
13482
22902
52874
18219
23079
37368
55787
11851
49445
15868
8493
55855
40539
6650
17885
60522
14524
13788
56640
26957
14218
25787
58322
7124
54490
12890
8157
35899
3332
58295
27204
48234
64619
61755
35426
22065
18234
23378
8557
60764
35719
62042
36145
11323
23143
16774
59020
31315
63085
19259
9581
37709
64134
63595
52062
52918
10298
64858
30939
31374
17750
39811
30170
34454
13484
26713
53529
25373
12979
58499
54096
14914
7798
15866
14648
60419
60743
57516
27668
31475
62652
25843
32492
22401
15785
53013
7338
42376
53632
65018
18206
5033
52186
31068
62834
31987
63674
62422
10307
39197
19686
17563
29579
32222
9258
62202
50299
52462
63502
29530
39496
47100
62650
16458
36567
23691
63468
20845
10571
34881
33158
62204
57659
10017
24242
47370
21825
59991
13905
15745
54529
25410
13964
2050
35666
6151
55367
15708
7890
60034
26044
23431
5447
58966
23131
64526
59377
14305
62131
35792
16853
59097
58092
15706
22095
48131
35332
23946
59372
31481
18066
62984
46482
37650
64947
32058
40659
9603
10284
65020
62264
29619
30317
44009
50556
31241
42242
16532
30130
43599
16844
45591
65504
10720
31561
43785
64625
10183
47615
39132
49991
