62299
59696
45707
22411
18502
14470
34699
63542
21062
13195
12096
58429
33885
46128
12112
17211
64526
63948
30100
61815
9286
49539
29844
64111
62946
49736
31107
62714
29127
30665
30015
10587
59955
59144
11450
58067
17548
48179
10938
14133
15573
62090
23624
14849
47582
47064
10581
33167
37108
20645
45975
61076
48796
2850
36321
40441
61337
61329
33685
23313
48836
35605
53497
46026
3359
15191
10539
50898
46236
46847
29854
1993
51491
663
36990
62715
9796
7095
47564
35619
13340
13335
33604
41705
36421
5404
28378
60258
36933
37700
42471
60266
4753
19089
24626
19097
15380
15381
17047
41370
17564
41362
5345
14873
42396
41623
6546
14865
18420
5909
5625
18938
2661
24007
25896
1765
34950
54540
46891
2899
3107
21387
21828
58573
54897
48532
26207
47753
40220
24087
47400
40860
46886
53276
33261
37375
59807
59805
59031
20909
54161
35047
56527
48025
59709
58624
48347
57821
34694
22406
45533
58416
58832
22861
45702
57613
45325
47622
47408
33371
62566
64244
53383
62181
11808
30054
56967
64419
20665
49966
50648
24145
30186
31460
28867
10831
44393
65124
19693
13900
9254
17977
29821
43007
43494
49704
49364
64173
20439
11082
18934
11074
41780
62981
18129
44762
11845
15941
32474
43065
45020
49988
32642
64362
19306
30725
20284
12122
3159
61381
54823
2855
46220
39554
47258
2610
1682
21066
47500
22721
28100
48844
54617
33370
64831
59960
17034
21839
20124
9811
9281
65228
63884
65425
12430
14129
46478
33166
20421
19791
974
65340
12106
52871
36384
24096
7815
2303
53058
37678
57235
15953
11857
30777
49142
49147
50705
33278
27867
51921
35897
44012
22169
52576
1488
23097
22078
32919
4449
23198
4192
60227
12256
29099
51729
47212
53408
30235
62396
62171
9441
24224
22945
28849
1644
63355
31440
380
52276
33197
6538
63300
36047
41346
23023
49509
51525
20991
23037
35192
18260
20973
7173
59174
54646
30554
39105
54470
56326
26027
39238
1658
55338
37222
44138
55693
37568
42826
28028
49589
60583
36433
7291
12670
16579
37161
37049
59308
14704
43939
41934
32903
4558
40583
27820
15904
45266
17662
3642
56117
5392
53300
41699
21466
57044
13328
13598
4763
21298
43675
56277
43667
49077
6141
50378
55298
4197
54794
41938
62074
29812
15973
14621
4938
3925
42984
31349
41446
24707
31319
39453
25027
30380
26168
50645
37051
24955
52501
50932
30129
38399
51780
28118
52521
56479
10039
38861
47103
31852
27848
41548
3309
55197
43628
42295
31041
59855
13383
24950
49481
50442
33966
25227
50314
34505
43708
24434
2566
646
24002
21960
36727
5201
21624
25856
59939
16499
31480
39681
35593
54549
4302
62182
13179
36529
21525
21780
30189
36953
64232
7024
2706
64536
47978
31133
49565
45106
49567
20549
63254
51695
2914
820
46036
10232
3802
31766
24133
62125
47108
32650
50296
9666
51830
62757
63493
53170
51874
1540
8820
29901
23946
30213
23938
54992
6666
39697
55824
5638
24683
3248
1489
56801
51968
49313
26045
39952
49585
25052
44405
41159
34045
5594
41351
34367
44434
60451
43948
44220
60243
58203
34200
6708
59179
5653
59462
21009
48439
30417
62699
9523
2796
50665
22544
65500
51811
50718
9623
31259
3543
54800
64915
42660
16883
13954
43700
57502
58820
25054
44303
38335
41182
4329
19271
14888
4457
60879
35993
14454
53667
21372
34826
3255
21259
43684
16902
17018
6847
5800
56183
22395
38402
22284
53427
51511
16806
63971
51153
15400
63995
16778
49513
64588
44212
6530
18296
61931
5893
61939
18726
22957
48642
51493
1912
64548
10
47914
24229
882
116
56447
10100
3722
45510
49573
45186
1065
5977
50642
29902
41079
53236
43544
54697
30078
27362
25332
4535
50244
41727
52498
4905
23513
25616
37603
56113
38382
58654
23345
45932
54231
56281
54071
35483
39579
876
58384
25235
24245
33270
37858
56836
37092
59677
61898
10661
31092
29042
53252
35738
38888
20565
60949
27887
22030
47196
1724
23166
63022
50894
55934
22528
21104
1726
57219
48519
3463
54467
52640
12064
23582
47980
844
411
20551
55
45467
22288
2531
3310
55699
48855
24135
55056
2924
45900
52228
17571
62386
61834
13959
64712
35467
271
23686
38334
5561
18615
63352
19036
64338
17699
64883
54527
21222
48391
1752
22120
3335
12192
49073
32115
32718
56040
23272
3929
22630
57167
51091
30565
13644
30491
52436
41527
12749
31763
11419
4479
6600
8522
42193
43430
43625
31042
49535
10837
60486
8653
1464
44132
15697
28674
8330
7609
5550
47757
12618
13760
37231
30130
61197
36178
42357
58493
13704
42669
28020
58373
61301
38324
26303
18980
40378
27311
43526
17967
53191
17654
62755
50311
58772
21185
6868
52649
50617
42724
8082
19096
62507
5170
23241
33429
39538
31337
3251
6824
50910
49319
43879
26287
5812
27619
27671
56030
49591
44051
51971
30441
44967
16110
37776
44775
13315
37569
60492
43011
41939
59996
58971
14803
38801
60235
39104
16302
8110
52855
54487
41747
44655
57279
28536
5299
42862
54191
1906
50099
55395
25764
692
41748
42298
13261
37285
12452
59490
13048
39695
42082
16037
60150
37405
15311
40132
37720
42230
58986
27107
3242
42427
36784
43093
25420
65030
37863
58033
37903
41476
2982
5744
62378
43409
41677
37157
40635
41849
27386
23350
49402
18077
27042
25316
16582
44662
57472
43809
6173
52754
877
26170
13847
21469
16552
50274
27680
47388
26834
20086
29347
51744
14364
45279
20969
39294
50490
25447
13082
21178
20395
1795
53987
45990
6121
17584
7938
42111
15974
49078
22389
4071
51463
24710
21543
6301
27958
2044
17199
53113
37816
26840
52761
49393
556
18687
52513
41773
23031
26006
3319
41085
32959
50368
36674
65052
37608
58301
50185
50513
284
4143
61463
40778
62158
43367
14030
40352
16289
14105
43515
39433
38755
14336
60412
60667
14931
38305
38414
44604
58215
4301
52634
28350
42742
43033
53318
53879
7807
43032
55577
412
53218
27472
56001
984
42737
43670
824
65045
57714
57792
44113
4271
4639
35237
34357
39125
2927
61460
44591
42761
39339
42979
1544
63494
58492
24060
49767
5379
4969
36768
19708
60236
2562
65450
44403
1123
22011
28595
37930
5963
28259
3782
7968
44991
37559
26583
52751
50084
40742
7920
43124
41611
2506
41162
15853
37525
44442
16047
59844
58950
44706
45026
60246
37645
16367
58516
39133
38853
12461
38009
23883
53203
26391
23125
53156
19531
28579
25582
17744
15648
21836
51431
19451
51215
22109
65368
33121
20296
63566
35845
14467
60604
65087
13187
20837
21770
34266
20030
23249
17247
60092
30086
48846
14174
31280
36851
8792
1686
52301
4491
40432
37117
49048
62003
2859
10063
61087
38736
35922
5833
52070
35856
25142
22614
62521
52674
23056
61097
36688
4102
20786
18745
36626
49049
52111
24962
54658
45651
33783
44339
58151
3140
21567
22878
28723
25943
41016
34962
58511
3615
18878
45719
37747
9894
54262
53216
2757
1436
51366
61750
9963
25387
15488
45762
10607
43383
26128
32047
63965
10691
5932
57618
1601
63096
49600
51298
27890
29142
59408
47177
32565
30108
39839
29007
9663
12082
8951
60691
44065
64728
52533
49233
26355
30040
57368
18217
65161
2378
32651
60990
26497
9154
26501
62249
24456
47182
16114
43056
20260
37946
53062
34947
29488
37665
28768
28035
3290
16978
26773
44018
21150
1672
63321
1078
28866
25013
44384
34707
53840
21054
58508
4191
50776
34325
59203
22325
59219
52031
60332
22033
35157
44419
21082
33343
60396
51672
57245
63742
6078
35314
30534
3116
50733
32155
37365
38931
47399
42843
4079
10287
28656
44553
11327
54722
24086
46700
4956
51407
51952
23202
2156
12748
12230
53270
49519
8947
18857
50737
62598
53503
22184
19628
63561
51007
43868
23327
42924
49681
10550
3375
49752
17241
64236
45698
18520
58420
46137
9011
33367
65359
22852
34695
14387
13112
12174
59705
65166
34690
65167
52790
33492
17303
41856
34304
4950
22224
63682
65433
23814
22370
32987
8013
59833
20425
35074
1741
10859
33582
3483
11366
22575
43440
3062
36896
51046
49677
19643
47358
50395
46079
64182
44888
20028
65420
38024
61341
61389
25672
51283
643
44872
4931
18506
14474
26419
22720
33680
15039
57033
22242
19108
580
23559
50375
9475
9591
29827
4696
55444
23415
41666
23138
55689
355
20148
64630
23616
12843
64313
5297
51026
51637
41607
40120
19067
62425
33165
63430
12420
20644
8613
63897
2858
63889
52420
57057
23321
156
919
54050
8673
63268
56997
49657
10533
54947
25022
51593
30391
53143
52591
43006
25282
4648
26521
28143
29767
1503
44388
52937
41150
10524
36241
40086
31207
39320
59420
3594
45058
53386
56962
29161
26605
40937
61937
57631
38631
61810
28181
38556
29130
40855
57364
50961
11289
31889
30617
31172
26849
39834
51621
60697
25490
21516
10791
38530
24444
16173
51712
25640
60687
58751
40840
1463
34954
50556
56695
44495
62862
24092
10215
21378
1001
21386
49436
55165
20911
3110
2344
231
48058
51612
48017
2898
64663
2392
19724
61660
1981
13194
62298
26557
1843
2512
39304
25219
19386
64442
25600
65084
20364
8704
56804
23667
8817
910
21605
38996
18095
34484
6191
31411
55086
24549
51879
23299
1492
28777
45389
43477
8257
49796
39523
42155
31183
31101
5155
7090
29882
58688
15194
42802
3288
52866
54278
37584
32266
2376
39224
44554
29497
29649
7810
8023
55261
38877
44812
37939
53903
58628
17605
50473
60788
62091
42328
55335
23049
22137
647
25218
9249
43556
26818
51795
17030
52483
19780
12838
1459
59793
24003
5959
43202
41602
41879
42712
18331
63113
27352
58565
59032
38959
54323
591
6228
41870
50014
43060
57283
32647
26783
25598
26510
1934
41785
51263
32579
49933
35600
22128
43197
57469
20653
6365
52832
53168
41917
8112
36333
60797
7776
23312
34416
49542
55052
1349
6749
37585
39994
50187
31792
30091
30672
30989
54490
385
41478
39484
27093
23120
57384
22469
52067
15595
63497
44839
41989
52930
43473
58701
57889
23539
41144
15014
16340
38602
10630
49459
23556
62833
12996
2375
3532
20841
3953
28533
63819
52312
55682
62665
17781
45296
19339
50044
46635
53114
15664
38673
55717
25210
25724
35622
30945
63046
60925
44565
61517
29353
38359
60271
10592
2427
2066
32303
26197
8367
26805
10796
37704
58476
29139
448
22170
43557
26946
60009
61887
4074
193
30531
30156
11363
29820
4778
37447
60516
31064
3573
54140
1897
9406
16175
697
61565
50992
26813
2902
38534
957
23617
19837
49792
47745
65231
63966
2217
64590
52175
22380
59066
50380
904
39622
23311
37501
22049
62253
49504
3287
59474
62071
37389
36640
24304
50008
14042
13834
41864
1024
52787
37597
27088
58157
21453
8067
64780
16604
31075
47690
128
29374
37853
37993
43181
28870
5677
32374
8512
57019
722
64091
39734
58689
9820
49368
44786
53267
49873
23094
25641
4774
55746
6112
19781
53028
44387
27519
50956
60555
43189
32655
43059
3631
39355
2315
28207
32524
54259
6357
4961
49992
41784
28622
1126
53968
3162
18950
62083
39562
64731
63832
54449
316
1420
2513
55733
10939
13448
25605
63283
11446
64304
35048
58741
63104
58737
24083
7905
52901
44917
44913
12429
33249
24435
19789
20901
58232
3702
30816
53206
26797
50141
41837
38941
54032
57211
28278
28587
7867
52923
37648
43104
32694
13076
13081
20408
65143
18611
65138
10462
15983
62387
65464
12146
15982
18596
10265
8975
20391
41752
62371
31115
52862
18399
44694
8587
42863
51635
15437
16534
63246
32459
11200
6454
17176
62826
17354
8441
16369
17618
64188
61588
62562
15865
14775
19644
19234
65180
9109
8713
17770
2507
45144
56325
36973
34930
37926
60484
3788
37221
21367
47475
45442
2998
32847
28613
33448
37393
60588
45796
1258
47074
60140
33057
60156
21909
23706
55781
59303
47642
26540
33305
48154
1594
20475
5648
13854
47314
22594
42734
2146
14352
22090
57301
19859
44435
8083
57141
46698
775
16632
7270
13085
10105
3724
44248
51113
14182
64545
45196
16719
44006
4335
31180
45831
61246
22016
57227
22600
48851
24131
47320
38960
3910
61406
34512
22542
47198
48486
54064
45163
21240
45883
53344
38462
46195
21539
58958
1270
40288
21224
46566
47939
2883
36672
53952
46507
63751
18119
8287
12532
34771
13490
63112
22275
15167
21214
8921
19843
64290
9762
33295
18791
42747
62998
32669
52637
18659
14483
11677
43027
53231
13979
8160
63512
10488
30742
8176
17947
49693
47610
34297
37623
18291
64230
3300
64246
39449
15403
6512
45458
58524
55698
8735
19627
64715
46532
33023
39956
10457
63347
1656
64348
39711
63041
9616
48431
57746
54642
8969
8734
37693
61199
25226
3723
47026
3718
47031
38709
2444
59860
33759
58372
26717
48643
55637
45832
13841
13845
12151
65002
20082
64492
20087
14361
65506
62436
8421
14356
11681
19372
8985
16554
60666
21017
45950
20769
47231
59362
48539
60406
20512
22061
46373
22558
47015
47868
33567
45732
42587
12763
61343
43851
12550
61390
37589
43862
42566
38661
37377
13782
61086
38865
61135
13579
5467
52107
24961
44080
44336
54661
54827
4486
43581
53488
2854
50758
55868
28109
3146
41021
37999
12639
39625
15878
60268
43061
38995
41276
15785
38672
60917
14528
39846
37122
14323
13330
24732
200
44168
34233
63577
18841
64355
38554
60596
2640
38237
3059
5507
61448
12948
16212
25519
60556
50844
28648
2054
52847
5099
26060
27793
8096
19542
4048
41907
17741
52677
20789
5346
14432
22200
18358
49500
37751
48290
27468
19827
5574
32521
15122
23002
45840
1435
1135
7409
12392
23764
17678
2614
54940
45075
6805
16831
30300
44421
15715
46514
23423
36897
3163
39348
3872
20126
25812
22466
43405
42533
38539
27467
52165
52835
57890
5197
53171
16174
3824
40932
2832
42542
59834
13519
41626
64418
40091
59070
43605
1027
450
44221
65120
58183
51292
39995
12891
39887
13838
14869
13111
38738
39478
15119
38933
37649
14166
38606
37463
14386
15377
6079
53215
56651
42088
44021
2516
25898
7456
44027
56517
54035
49196
26551
57214
1677
43107
8034
354
64930
33702
1040
38659
8131
7408
34217
25452
17909
2143
65126
7183
51772
60364
43852
596
64367
60787
40620
1339
6495
5685
32943
4629
42988
1842
62984
42115
37200
3857
25996
59432
17480
24892
24307
17027
50816
40074
27210
52016
49245
24355
18227
44429
14728
21448
44559
13023
59801
45023
15776
40646
37840
44492
41116
38912
57685
12512
40854
58693
58569
14095
40224
1233
41088
27643
1893
50781
4829
24774
26269
6406
42160
39356
52555
5995
52022
522
12397
12384
9915
64443
19382
64438
19387
15712
63190
61661
9910
15725
19725
11616
8288
17931
44093
64512
8776
49547
19152
14159
29917
43568
50502
41691
6614
64109
10078
30464
16947
19565
21615
19343
9157
15667
16860
45571
65322
61708
16117
62929
59838
18476
8243
61512
17669
34015
21447
47450
56377
39988
48508
59426
57921
22770
39481
22250
45180
46924
386
35141
49097
34474
60912
61102
48241
22166
47733
36627
54497
38677
2428
634
20637
23057
49128
35627
35861
48879
50194
19011
4351
13408
48060
29429
41880
2908
15135
945
62874
20118
5472
42462
45913
9442
52417
18749
5427
15464
10981
63273
41550
51957
14947
49898
31100
17472
41295
6479
8946
11425
37948
21511
36744
581
48054
55612
48059
60991
21379
57565
58071
60685
53889
46292
45919
47065
2293
45385
53343
39532
35446
57292
58189
22467
39743
23675
24548
48774
56428
58695
33487
47225
23563
20315
9008
13117
35542
60086
62285
23142
14384
60603
46544
20102
65158
12166
46336
35947
42083
62568
9006
49887
19430
4656
32379
44022
49184
41965
13643
64427
29261
10829
17407
17619
64821
48031
35317
40211
10976
12130
548
51104
38898
49899
12417
46117
34547
232
11424
20153
49921
49101
36848
37880
19388
64444
920
51301
39155
41905
32732
48790
61078
57135
9829
9825
59700
58629
45703
22407
45532
22402
47834
58425
21058
58833
36053
23041
33876
45324
47417
48138
14435
14440
18042
65503
19836
9059
11745
15125
61564
63098
62424
15121
12222
20158
8357
20159
37661
22032
46829
3707
48102
60390
28283
38928
4070
1005
57206
60331
48043
55312
34320
46765
50750
36593
25928
2638
33333
43843
58156
43859
40067
59228
21041
36762
24894
22673
5695
59212
9683
31575
41415
10777
55039
30014
63186
15550
16759
23839
20654
30276
50681
64439
4483
2851
358
33652
17031
2374
33472
27654
21878
51794
62082
21702
23538
34171
27021
21474
5465
32962
54818
46936
61124
47298
56371
26311
57923
148
48788
39475
39992
47438
61385
59208
27426
399
61088
19495
30110
13244
12272
24736
3913
23065
62947
51443
41219
48961
4273
44153
54777
19539
63978
8001
22612
30692
7423
29157
44182
22196
56714
12575
14444
18840
51194
45017
56706
5740
9586
20020
63476
31429
5689
30148
42572
64740
29082
15721
12388
20295
62146
43850
29074
43842
40113
54715
37374
27505
5826
27349
52361
1614
55966
52169
52582
5508
40218
1494
27459
30208
234
55627
58574
56986
31826
27509
14658
1320
46120
41266
39520
10628
40650
37440
27171
56416
1368
36257
35208
21640
33733
39555
20709
319
22863
24309
24522
32890
33886
23930
27743
59436
14779
30426
3383
18289
56521
4528
64627
63214
48599
20905
22550
31790
41377
65493
32147
54806
65125
10724
8744
50130
48981
28773
4021
64175
50470
2130
49426
46778
29514
64661
30159
11506
62980
10922
9028
52618
10741
52610
51685
64354
49221
51186
49860
11498
10324
50298
28722
62501
54601
27224
40436
56825
30291
27703
1359
40071
27431
52543
49246
54670
37113
398
27202
44431
43776
34452
7239
40112
33584
5734
21136
52729
50505
22576
57689
35227
26077
57385
4345
34098
22046
9457
4231
64983
18768
3475
43305
60323
12473
42835
49726
18721
32055
50327
24771
62528
61639
15417
34184
61831
19267
15650
47694
64339
23683
63054
9881
57662
19028
10809
18015
16631
62379
20569
31857
24241
8579
52080
29047
63232
63868
52414
28787
61895
56065
56073
31744
8398
12849
15365
10711
15057
16770
63308
10196
14905
13017
64580
10565
14084
8545
8549
11321
18778
39965
22959
54058
38813
47906
374
36580
39701
37781
57492
35999
24228
55245
34591
53413
48328
756
14784
9624
50328
33065
21653
4478
2578
50671
40055
26921
12750
9469
6083
46578
35265
58983
58988
28481
40257
36169
40265
36161
59500
40921
38615
28489
59495
34871
26732
26220
36657
58218
58210
6554
40660
16786
39893
16794
14101
43490
44260
24786
14100
28218
35637
7189
32820
1592
21184
54651
2712
48515
3459
47768
3430
1510
22088
48966
23246
56014
46326
54784
48987
38398
23568
55707
58526
45459
403
34030
39440
37520
58782
33424
22302
47102
35344
56336
47611
15412
12809
47544
14292
35459
61826
46264
57663
59871
21896
9602
58382
9988
9218
48223
17751
63000
24373
55002
24020
11679
52639
56788
63510
24533
50920
32671
23860
56628
55346
30230
12285
41726
64534
17134
42219
8607
13456
8605
43539
13712
52456
31135
63256
18971
30486
17907
10749
44056
62127
17364
12701
11650
12703
11658
43874
12357
50868
30079
63492
18200
10950
16434
9672
11
58831
26234
379
35458
40374
47911
268
124
23687
45187
60868
27309
45507
25861
34392
65530
12853
9607
62538
19858
63532
16775
65010
62786
12327
17196
14900
9297
18268
9929
20474
3239
62963
8327
49534
48531
20777
32215
2979
49337
1774
54761
64823
8654
31251
45251
46583
13073
60231
41180
14289
12595
39953
37097
15968
59856
37225
36974
15513
41451
37358
39696
12542
17179
63409
47329
58220
65024
49104
20410
18384
14097
36774
58485
22960
46096
17581
21201
62369
15364
60346
43302
41354
60242
44232
60454
14085
43442
37295
39368
58290
14120
38781
41382
58202
33392
50989
5153
25763
51973
26300
2495
61297
26743
22278
63754
50053
26716
51124
42353
52397
60130
38702
14780
18968
39683
12455
26324
33301
17133
5663
43167
40051
12727
26676
16044
37726
32772
43585
55272
36949
13420
48367
31214
36533
40452
10512
61923
41689
53750
29179
23021
13671
36609
42964
55412
40713
59238
45686
29620
17532
42151
8965
63350
39391
54447
30632
24442
14698
34527
51758
28122
35359
2732
5791
62140
61405
34029
63660
63143
50544
27954
64183
42733
1479
35967
63390
28298
25030
49424
24706
51673
59773
26488
63340
64615
51600
36434
49473
37050
52478
12801
59575
44940
42167
15049
42411
58924
58368
37555
40361
38318
12921
42027
59947
44300
58967
17944
64212
34683
58978
63509
32947
8827
18662
59498
45740
23161
62165
33187
10926
58299
62996
12671
2029
51666
4557
287
64612
32906
18854
6520
24578
40578
23702
49482
28170
63333
2552
13424
23085
703
5294
3490
61962
17697
20236
8119
5545
40377
22053
50356
36177
21510
1448
33744
43645
4577
34576
40358
4320
58038
59857
36577
14342
16298
42677
27500
13498
44251
38314
13844
59466
42470
15060
15871
38388
38383
14357
13013
40303
40760
58946
43672
38040
39445
16381
59372
2798
21200
18203
2665
65297
7399
33552
17361
7267
44003
1769
62673
27495
63584
1646
61642
34585
61311
15658
61310
22948
19275
64342
13958
13963
17964
36590
58484
19452
24239
33401
52863
47952
2489
6312
60490
37736
14941
30991
4792
8582
8397
45441
3774
14022
38754
32838
49665
35109
20985
50167
13032
62891
41076
64092
51993
13642
4821
60452
23025
4898
62627
17894
37544
8239
49414
21261
12916
40794
3252
39074
22277
58922
34086
64648
49325
53439
42181
36786
2028
7852
63125
54433
61594
44817
60154
48380
46369
33061
27050
19233
51434
37397
15868
29669
3468
28483
59488
64483
21917
1533
31715
57097
8976
48524
57089
38622
58990
29694
1055
53990
39090
24799
59237
65142
20513
2478
29119
4770
10502
18981
34394
40148
58221
28840
3753
48160
59
11680
53024
3467
62446
62462
48523
3683
4019
20555
54224
10366
63534
55296
52976
8416
1483
9104
51984
20590
24503
24407
222
1187
24160
21803
53872
61598
49406
54083
2140
46780
13658
34089
23503
49316
13271
12968
42686
59990
51983
60491
19532
58926
23748
5753
14338
18915
52112
55398
4063
32203
58955
38459
64971
29459
32638
11152
29467
48461
3405
53152
39011
28624
50288
29586
44313
1945
15489
49770
24946
9664
56345
19094
4637
49380
45047
27076
64053
6588
14886
30322
43887
370
21835
64593
28019
18005
53423
19276
19707
50872
40980
26023
20816
9548
776
18607
41606
39096
63928
50125
35466
1794
37554
23690
45190
17592
43053
36182
51030
9087
49937
35349
21113
51313
59764
23569
19866
64508
63020
12330
4981
34020
23153
6165
22297
35957
20773
11772
61568
35530
63117
12538
60411
45254
34349
36128
34241
11595
64289
60668
15158
9765
53194
36462
4939
51345
33289
43052
21209
51286
53056
21506
24328
35287
7921
22750
8016
59571
32639
55233
50235
30739
25590
32717
883
49848
29918
40479
39188
54059
53232
1911
29830
38805
14679
61062
4261
49396
33311
13378
23359
42844
51989
59299
60587
32863
43810
21309
4661
60134
53904
52085
27324
54966
25174
27131
43878
3985
1466
1872
51537
28678
26123
40986
28316
42117
3322
19371
26913
37153
8991
22418
12320
1810
39289
64502
49949
17278
34759
44667
55797
64486
24716
39577
31718
8431
29430
33623
58396
37815
62445
50207
50685
25884
28920
58647
28300
62623
57305
37349
31414
12150
29532
57137
60950
49895
62141
52745
51630
24598
30381
59674
29852
50976
45903
10439
38973
36435
29692
33624
53141
845
28299
43260
16375
32545
61247
63636
28294
65177
35107
52121
27574
53327
29276
33528
44316
39211
221
50229
62004
28700
24664
42743
25750
62601
49713
60803
5632
50858
33561
42828
23122
1072
52486
22553
21022
34137
44412
22104
26928
59363
28822
46324
44747
7104
25340
9208
738
50152
7806
37913
38385
53914
13251
2714
32406
58521
44235
65174
56341
23572
33545
14115
51999
42915
22293
60252
37633
8447
402
50168
6592
60348
49694
64815
54950
21162
8729
50320
51727
51305
22694
64252
22065
9567
2677
50856
32572
22745
57222
6346
38705
55344
29526
28507
50048
650
54337
44598
41978
8077
37680
52769
25740
52773
62452
36205
8090
15911
33551
15906
58291
52981
41772
24175
20589
36824
18676
60347
5061
60342
676
10270
57243
1255
8719
1061
62784
2223
4067
64086
63181
8926
54513
64923
57286
63615
12398
14225
42562
57822
13366
37118
40850
15727
58847
37938
39223
12949
43847
40599
40447
14651
19566
20926
35703
15385
64879
46553
9911
19167
14868
46755
60799
21983
48409
19716
60599
61454
59142
14706
12835
39359
59484
43781
37488
14857
42380
38083
39842
59068
41861
57381
43715
12738
34425
65156
18212
28108
52025
5417
3136
57460
27434
20835
23560
62281
17609
397
44068
49236
36630
36985
62937
20442
2099
15872
25415
35865
19694
5107
5487
659
59824
5604
64793
37129
18293
37587
55853
42916
12642
21482
31789
36281
40273
11439
9068
44101
57060
29655
21880
58464
17831
37197
56218
42444
60003
46706
28737
16754
41418
8297
64434
38208
56773
31578
20708
60520
58074
50876
27463
35050
39618
42461
13746
57566
33262
15778
63488
42287
6890
21168
41118
3488
58234
49996
34951
28276
49615
44154
52357
58750
27179
61698
22368
63791
5930
2515
38535
52076
58638
14961
13186
39563
14277
42583
37749
57615
40070
40642
40903
15477
14471
39025
43858
12993
17622
21206
47854
13338
64425
59825
17784
19427
60263
34210
49056
64697
36465
12209
22238
63590
17157
20629
50565
5044
1231
22374
28593
17827
5419
28505
7330
630
2527
19498
64002
2834
15801
2170
3142
7505
3826
21768
6522
16386
4234
6594
42025
997
2701
5281
20847
4036
36057
44420
6804
35609
3523
7235
21939
58836
36324
64771
13832
50825
4601
60088
42312
38600
14438
13714
44179
58070
16112
40214
39315
15129
15577
40499
39522
58188
42709
38626
37369
14911
60387
2199
60595
19303
38745
63086
4756
34335
18132
4671
42819
37673
23262
6135
15107
567
27634
23413
48793
33682
45969
194
60700
28055
61335
61340
61082
45084
46020
57370
3063
48842
11522
62498
11842
30341
31892
50770
49653
11220
49226
64738
64116
10738
12116
50634
52020
31428
25665
45577
34959
586
45245
1841
23296
36424
21390
57558
58073
34310
54412
21602
24152
47575
10335
59209
18511
12099
35204
16211
59225
11848
13198
22850
21636
33330
17214
21047
15960
33879
17633
16921
36418
41703
33610
43537
40549
35796
36938
37698
42473
32869
5276
15100
39732
17815
57064
6480
46233
37758
12072
3837
52720
55850
1425
50726
51679
12275
28192
42755
21700
31053
56774
62531
36387
54928
10568
24527
41296
56221
36907
52294
51853
18771
49150
50491
24312
9304
53725
25541
17545
2381
25902
37133
21711
31364
62084
1327
229
33475
26502
3829
43607
24698
32333
25141
20121
41867
36750
44637
22579
10276
65431
24463
2373
33587
6214
38748
14535
27018
34610
60085
46217
47497
48337
22866
23141
33863
21060
58844
57818
46348
33364
23553
22327
45322
11994
31221
9263
50132
54916
52074
3413
10872
50477
22194
63973
48978
32325
50962
51912
31978
5342
8815
11811
49880
16621
42043
52896
7069
49195
41958
13632
8352
29766
64054
16120
17118
4406
61872
9295
31872
17883
14655
50278
6731
50509
41680
42973
9574
10590
51467
13374
16749
55903
59433
34703
45711
24612
38227
24306
53576
22856
146
3364
33730
33374
24516
37208
28103
28129
45849
46895
40849
47405
2833
57622
24984
59800
59798
59033
48294
56988
59417
456
45207
16658
12773
17561
7317
17041
44274
42012
19175
42385
41625
42900
17692
18932
43290
43767
18426
47823
31066
34937
45695
269
58819
39245
48420
24436
25053
4453
55174
33454
6469
60871
52229
4383
62591
20178
19606
9860
15615
64853
7124
12362
50866
51832
12034
18712
62925
15156
10952
47974
12231
35039
32944
52977
57350
53146
48856
58302
6289
18681
30764
34413
12178
60936
62457
19986
16105
18623
9081
20414
62370
63587
20184
62398
65471
63604
17251
20388
65303
65032
18599
56882
17150
48850
54229
43547
21301
41710
56276
20554
17643
18963
5264
45162
5520
23348
42483
25628
57724
46306
53989
47588
58652
57804
35473
21914
23701
2026
35241
46362
39329
58391
45338
33269
21737
48755
48172
49016
59666
24048
35741
20523
22054
23082
48915
47527
22001
60952
46244
17468
12725
10201
17884
19588
63804
63330
19015
13015
64578
63306
18690
11361
64618
61751
18266
19740
15845
10361
9957
17268
61468
16041
18663
65508
62434
64490
20242
9889
12449
65047
19370
47119
8138
34777
49107
52829
61187
50059
46260
21207
7757
7925
6278
33646
29484
58375
50117
5363
61926
17635
4832
11416
13040
61942
6894
13723
52463
51096
10527
17691
51485
15102
10237
32278
45812
20083
4976
38129
61462
740
11165
12331
25831
27388
54421
16555
54677
65048
58105
11718
55745
9427
9872
40701
65455
894
10893
62795
28392
26386
56864
12062
55673
62472
39413
16690
13497
47039
18898
34190
64594
21519
33096
59864
21903
64132
33283
10500
61956
20824
19031
47094
10551
34687
48358
49505
59846
41537
45464
23016
6865
6713
30540
36013
16969
57800
52281
56578
6653
9330
46725
43882
22098
41940
31348
62762
20186
18198
7749
48900
6639
64196
44054
47014
21252
51498
55679
64546
56069
23493
48762
884
114
376
63394
54149
23757
29050
23428
12960
680
696
4782
24437
9221
4777
14337
6329
17009
34817
2210
29362
39097
46269
21629
56112
63147
53035
54912
62435
12019
23888
57054
4030
20544
3803
63651
12067
3851
32411
64491
6313
41979
37787
5097
41600
25804
38761
6334
41950
37561
39102
42800
27036
37742
26667
43051
20585
37403
37614
53297
38371
35347
45116
24161
57049
53463
56887
60144
26000
3804
34027
38046
40133
36955
41847
26106
991
31733
7967
38820
25826
4984
7117
40451
4140
44438
32484
2893
37545
3950
53214
26903
690
30882
6499
39086
28387
4798
6318
1129
32745
44771
30904
2232
16642
58196
43309
7301
37045
4559
38831
18362
43444
59766
57720
40533
18735
40141
4477
39812
7109
16376
37530
5781
41766
34754
39023
7796
45028
37823
39821
43254
33426
38461
26410
15912
56847
16296
41613
28607
63935
32454
59989
55220
37556
23685
23437
13327
7974
58973
30605
65144
15535
3325
51668
7373
23014
8546
25346
14253
6015
33722
35588
1823
31813
39813
10202
20968
49392
3949
4056
30411
58944
27952
9920
52766
30835
8347
32283
23862
54854
51312
26846
39131
50095
20571
2487
8104
60485
28271
17750
50952
5311
11405
11213
20828
54195
15654
26580
60237
17420
40785
44929
4793
42364
6816
39081
33979
37566
61308
58491
42188
4640
37550
7601
40369
45331
20577
833
56464
20553
56121
20976
47083
2542
3299
1950
24169
45897
2331
56273
24129
21253
60669
37860
54020
37090
34582
11461
63402
30578
31860
56068
60405
27119
23429
36586
37352
27875
53669
19086
27907
42682
32841
11965
37095
27319
58045
17077
56189
19907
11941
15511
5494
5544
52596
7128
3234
2659
31929
26238
7602
2984
4201
41443
50879
6930
27303
3262
50535
26687
9411
35028
25622
55921
18678
29879
28120
35485
10353
11689
29739
36197
31324
19864
56009
7586
14318
18612
19029
57491
35522
60480
7608
35469
41171
44007
13273
17583
12609
36136
57751
28468
19737
56280
41935
62170
26915
22289
28114
43944
9328
9646
18657
56895
23577
40062
9682
713
42929
10826
49824
41081
30962
17821
2727
64203
26084
25844
15500
29797
5149
32228
44583
38306
64065
45451
13766
50899
31657
16449
40360
15706
24814
24855
21824
8540
16891
31678
52711
29321
59178
45463
32505
15103
8736
41074
50615
31719
43618
41524
60450
47100
44580
62766
13053
30921
15085
9342
29708
58770
46284
13637
32119
10881
42722
43156
13039
10912
42202
47655
58522
27491
5318
18407
33264
28029
19443
25784
25047
35729
18621
18597
6282
36457
5122
16718
27301
29390
52884
7655
2553
41225
29250
27764
31347
279
5407
42143
49378
6393
26564
50644
43351
45055
31285
33067
40805
10474
28243
50350
44312
60730
21665
21929
29908
26528
50624
27582
11538
40979
30473
48529
57404
11963
56675
43012
41326
12785
59565
58021
55230
47856
41647
56023
11948
5554
59943
47912
31650
15161
17711
42675
38328
31672
37219
44135
58915
45506
44407
13956
15614
25247
53753
19240
28255
50555
36677
12001
38376
27576
62129
9657
53729
20166
11033
58948
29987
24679
19989
55988
42659
22971
54755
24237
4585
43534
18613
17069
20189
56591
22949
1767
10684
49052
49247
59226
46165
55939
33777
7502
58145
46922
1352
56451
52030
57948
6975
34965
25944
29577
47309
59643
28415
17244
9041
927
53060
26782
44633
53047
45981
58358
2088
10309
63564
33159
1115
57627
36471
44484
59956
10119
47179
47851
31527
32221
13396
59412
54349
60987
52491
11856
33131
23051
45312
20301
16214
60592
10317
47837
13184
63563
34269
58630
23259
63579
20027
44151
40219
63693
29144
28963
16681
33252
3911
30760
64638
65498
37364
61752
35051
47180
32213
56808
17335
61867
11594
45713
24056
49888
55079
30587
665
36979
9707
63588
12428
22465
32814
57027
11617
64874
32268
33579
21440
41916
55448
30938
37667
2206
16561
61452
51409
22781
47355
21832
16520
65226
19790
18748
47747
65317
63873
20122
62524
57683
20257
64318
61519
17541
34111
11592
33496
14858
46296
17297
64862
62940
11809
8625
65436
12419
19665
21518
59827
14538
17992
46140
57951
60698
48412
52574
59708
46152
34689
35697
32072
31571
21598
57372
46931
58426
42591
50900
45208
59386
28142
8944
11586
546
51502
26516
50419
43785
45610
60926
239
10016
16473
4542
51258
23905
16673
455
12638
28971
30878
55505
45431
47341
63438
14247
30932
63739
3357
29747
62297
12705
29724
3576
62000
32074
6030
6001
48616
48035
63540
62748
31580
14171
195
47488
18523
65083
20022
33334
33373
62278
21069
18507
59216
21051
17293
62294
63629
46208
59200
57383
52075
59483
45380
6786
36242
7060
21147
47245
52359
1501
52164
57684
7643
34704
55984
29337
37119
63293
29791
32066
8945
36334
43303
30536
63188
8377
40446
62038
35615
18220
28759
48034
64682
63895
53285
63900
29122
3612
48103
145
921
3620
61724
10530
938
29079
63274
13833
1738
3149
5713
20706
47631
7365
15108
7045
19572
19111
3061
54662
43564
45528
23924
55255
62467
16168
695
61558
30539
38918
56205
38541
950
23628
15782
49803
23132
11816
63955
7504
14654
61336
4160
14735
35011
39477
7053
42573
40069
39553
13375
33683
39985
36392
13454
63249
60924
40093
30697
39327
35041
54021
23300
56197
54148
31975
38678
40935
11516
33256
38633
40616
38665
50833
26863
1670
32472
4336
39617
24988
5675
6584
3376
41918
4719
32042
2514
38592
1329
41099
24827
3141
32086
5430
39885
28054
7309
6747
37212
30272
41280
31565
2698
34749
42949
12846
39352
38537
7098
39616
19127
42369
58739
58229
59481
41866
40610
6702
44149
7864
42038
59799
45016
16163
28205
39728
7457
41105
38528
39346
16115
40861
37986
33831
43398
53589
13581
62094
25989
64720
10079
1036
53569
1409
2524
1978
64000
17039
37386
10062
61885
15882
3602
50570
7858
21887
47069
26204
15022
6688
34487
18810
2758
2520
6562
10932
21477
51054
23093
139
29875
37846
25815
8102
52173
7462
29565
11339
3584
724
9552
27469
58700
52310
2305
1354
5469
37596
24885
29184
49467
31360
31195
30477
1125
56460
42166
27201
38874
35331
12999
13188
25984
44066
7513
39877
33208
40077
57458
60791
14274
20361
38593
7044
43559
48865
63257
21380
999
21381
29153
1958
45432
3117
2351
233
23301
51601
23548
56196
64665
64674
37658
38545
31946
40857
35602
31004
61719
29084
31127
30660
38940
24725
51061
36327
40596
34418
63373
29006
45314
62668
5410
2377
22135
45527
2249
40900
63808
29023
1924
50471
13002
16487
23220
11224
59043
60329
46547
19640
19922
60328
17682
12777
23762
11535
18958
60606
22039
46257
62073
34948
55415
16166
31419
37494
36280
27181
40847
1465
59061
29729
22060
7464
62851
19299
14231
18500
24880
42319
27635
38549
19928
27213
58834
57815
12946
20025
39825
28056
41294
9340
38361
35800
63339
1987
24554
29480
36274
64424
28498
30121
37711
34001
31966
23678
3346
59421
37753
31297
43108
22227
20155
24641
57623
41467
16622
17117
1424
26558
4836
11751
59836
57363
3473
24971
41020
60601
11619
5530
60696
44346
17880
16750
36908
55856
4593
19390
23255
58077
44214
27175
20157
39737
42714
59059
15575
19831
57619
59413
42531
27517
59829
44190
43541
18653
41621
18334
25816
41107
28141
40080
19431
4417
57555
58069
58185
6218
40930
24983
42454
35330
14970
9255
28101
62080
6751
3964
47799
56609
649
38020
62844
17602
39034
31374
13453
18645
22997
11636
61101
23059
59835
18046
16867
60071
32873
16917
22207
11997
18877
62935
61100
62475
22165
53547
50343
899
46298
28602
15784
40282
7976
30142
2416
55524
9505
48062
1490
13583
3697
56730
42437
578
45321
29297
64014
51905
29326
5208
4069
56268
5290
47828
1927
36051
43662
27432
19715
43762
4169
60594
58840
19384
60690
57367
44175
28099
60087
42564
44279
24433
64579
31528
47057
59477
50545
911
58744
48056
38095
3497
62246
29147
3289
38532
64201
17828
38724
35543
64527
2290
45177
31054
10873
61806
29385
42018
37449
33122
30552
22244
967
56432
47960
266
27494
34498
26029
60482
113
25050
23497
23758
48260
6
60232
28021
59951
8928
32173
3501
46245
29980
29979
62134
65489
47229
62492
24417
30141
1445
63613
32220
3548
56639
47787
1227
46335
46734
1619
21231
56797
54429
22095
22605
45694
21187
23277
3339
47195
32028
26619
38715
29756
27857
40988
3996
32219
54347
1500
3547
25489
43324
1179
43883
27499
46802
18683
44315
19731
46642
54836
42723
24538
18667
3426
3892
18078
42739
43166
56789
22597
33193
36439
42955
4544
4219
40137
37817
34673
6014
13168
15230
25473
14787
39809
37281
7118
46108
55345
51249
29715
30171
1308
49897
47339
30935
62160
63723
29329
49904
2263
3355
32027
7305
27480
43946
31730
25878
5428
214
44209
31722
37280
40142
24765
41154
2888
6869
39583
7113
34040
42042
18265
26333
42738
39200
7025
6017
37040
39822
25245
12850
59182
44314
27960
56064
33960
39114
55232
34180
38406
21369
53681
56865
23689
23438
36724
37574
22398
39434
36184
19571
31736
282
45330
24588
7374
62438
14715
47082
60940
57351
28909
3314
64488
4464
39817
11551
48490
2106
56629
9880
50943
22085
10477
55508
50927
51352
49108
24370
2266
52509
10493
11936
48647
51137
56841
11406
49312
64556
10171
30583
52403
52094
10615
860
23425
49419
11214
30172
27915
44299
32165
24604
7265
1461
1499
32189
3356
1307
26033
42668
3517
25040
37344
54687
48699
2923
27955
46531
54734
58947
1517
28123
23295
21245
45134
51
59467
55920
21536
46012
19448
41325
19990
11465
53249
44255
63857
18397
49577
7
19528
40982
44008
29052
23433
25497
56271
18317
25689
50823
18844
11230
40852
26500
21950
34239
56222
17488
11023
12954
5762
8020
51336
6222
975
38739
55683
25384
30857
3838
7986
44617
49999
7743
26830
584
574
27348
30849
35793
36250
27172
19016
6794
28238
26603
19828
10427
17448
17636
54462
20123
56699
6239
15313
11697
25606
61334
35014
37590
30862
54459
44879
44622
14037
19717
38875
47147
61083
6882
18651
55432
41224
64695
36983
20900
28233
43214
19071
10428
19428
53716
24091
670
21213
3502
60544
30641
64849
53145
32216
6635
38084
42157
27031
26344
49884
47693
17994
32295
41139
40911
1243
54493
44805
41859
32339
8154
2254
51201
28568
28414
39344
55040
7777
30792
51278
1470
57391
46890
31710
14320
63111
44841
41604
32292
42809
39535
57900
48030
41151
12845
15666
32190
16338
19069
47755
59804
48430
43484
6180
5306
41881
42719
15584
10423
58694
33834
59039
26425
18514
19178
28188
56622
18224
55947
25668
26858
11710
19727
10375
16668
27222
17485
28111
32185
49375
7828
2846
50233
1496
25127
5167
1988
6643
5730
53026
7646
24696
51591
37123
43624
54488
54507
15098
11127
25015
43725
44798
40545
60068
22699
29057
35617
51207
55374
10461
43315
53584
28273
43292
11736
54329
52561
42040
42010
23982
59055
55885
55324
42581
26503
11011
25231
59435
48795
32351
14389
20357
41871
654
32334
37951
39230
58150
48838
43150
65409
13105
38628
56299
18475
25012
42280
13716
11124
39326
26766
13748
21179
53540
16776
11995
58177
50865
6647
19311
55108
41555
21976
57241
23326
5266
42840
11705
17924
19934
54354
20655
37671
48307
53289
46938
311
24882
49100
26308
57932
1684
27207
22773
21441
47425
3154
59210
56617
59429
9945
31320
3064
48559
7369
30263
64735
12471
48104
12713
62743
31816
1743
64184
7049
51865
56026
49015
58568
55450
36749
2561
23664
56206
46894
21376
21826
34173
2241
24546
40280
46471
32051
36599
58424
46131
25924
41011
58153
7054
34702
40073
2631
36756
59699
22679
44344
24887
62186
17742
44024
17627
45916
31461
41887
20663
19432
3673
51730
17309
43627
42451
56201
9714
36475
6433
62718
7863
30366
39851
1612
47847
31387
63203
14768
48967
44625
43385
2807
7355
48403
9463
15959
32060
7310
1779
44076
35710
7041
15539
64222
18727
65337
51857
39886
31294
40123
27834
44487
31709
27891
27350
1679
50503
32036
2803
39852
26254
43789
3285
4425
26133
7099
28570
14135
26507
24654
44397
21139
32151
9287
1603
40124
35230
37949
37676
44023
26074
53593
36266
22727
48841
45697
38226
22245
55876
47252
21061
22401
46705
61378
23409
2647
33882
13233
31965
2756
48877
54841
7100
63103
62958
47732
23913
14252
30248
2845
63958
31379
7340
9437
8932
24151
29924
9003
51821
956
11134
56193
49955
50655
45233
50426
62869
52174
9544
8451
8609
62708
29132
8781
52307
49893
10968
31386
49743
51086
9706
63945
51057
51768
10075
54595
27223
43864
32095
26354
27710
3138
40078
31560
39881
1783
27780
42579
2692
27215
39833
1770
48199
2904
27345
33478
56700
58182
3118
27464
22464
24050
45965
353
58697
27183
46793
11385
18237
43582
16751
8949
31943
41539
62948
19166
50418
51655
16971
44095
42824
31378
63276
47301
47448
35701
46709
318
61388
57934
48794
20714
27214
24895
46915
34465
35151
61130
3167
7730
64949
19932
5077
9034
13109
52837
6215
45009
49986
51332
8293
16490
53002
14385
10330
47060
30848
35792
59831
65220
59140
62247
48573
22235
20116
6219
18466
34002
53069
60683
52795
19302
15312
11696
8368
16573
61446
15104
19931
63197
61654
64957
18022
17933
63083
64363
19723
29156
6220
48565
64666
41464
61940
44189
55428
4026
16872
18641
18335
10210
45015
22618
44385
36251
33699
45436
22173
46458
59422
1052
26602
2417
629
20630
46364
47343
60352
57626
46056
28182
24032
48614
54128
45293
57366
40608
26859
4077
998
2173
32928
45227
3867
60699
48557
35406
35087
8629
58078
17025
20798
64005
18250
15578
62085
23631
17676
47059
22383
63322
35976
18654
20335
19829
65496
18033
65134
64796
19434
61553
63093
62431
16412
10419
15875
64426
17336
47621
20312
35541
46556
65086
58636
65352
45530
60593
18510
20031
10371
35937
9091
57610
62303
7639
9058
16870
13889
8749
15671
50342
6040
43501
49711
49362
9638
18649
64309
14333
8260
8525
55446
11744
15499
59380
63336
3105
30845
53227
24986
26862
46889
18355
4072
64941
39163
29702
46030
16816
29392
59646
62726
1693
30685
43451
28059
27638
47263
9579
53280
61805
58367
34614
60080
45520
36054
35213
22870
20838
33867
58843
22854
21645
35846
48141
21773
22331
33883
48020
55104
35440
21476
49492
60356
14660
46125
21885
4420
27355
10114
36466
37451
58571
363
29890
17204
8677
29301
44343
62149
42561
30612
51690
19927
19298
18505
9642
4165
63482
41010
24854
22399
56869
27030
45092
3238
60946
27626
37786
57490
57752
45986
55757
59672
2986
45512
9382
2181
30853
29311
30074
50598
50338
10426
53172
62069
22714
29381
29389
3844
52490
56586
34867
23984
55424
48975
46046
21299
22639
26699
3917
61395
60891
48899
48990
22125
3643
47979
30917
40512
7744
32668
25217
45004
1084
30861
53067
645
2189
26940
5105
3899
43099
26715
36201
60892
26700
26188
34375
38457
60732
35025
40919
38617
38983
36713
36663
40801
40289
34865
53749
15907
26412
27692
29597
23026
44707
55268
39287
50159
52125
5056
35271
41163
2042
12024
54434
51344
55440
53993
29325
709
50275
55416
4078
49855
51320
29232
54001
53022
2253
30925
28978
59183
6021
10562
27773
44114
2038
29146
51530
3302
408
27078
18772
23032
41226
25032
12018
59471
6293
17193
25485
13250
40528
32410
41761
838
24136
28470
20468
58206
44746
36440
28214
59583
25733
54144
47540
854
22281
26442
2433
59858
61144
33282
28509
21262
1882
48648
8479
24130
30614
31894
53466
52479
3682
10221
51688
21461
23508
54069
10744
58
49437
56116
7664
64998
30870
30358
20462
16371
65014
6382
53224
13968
43243
12063
12280
53021
43259
19739
7711
65139
30592
29555
18904
41974
61776
6104
51646
15430
15261
10499
29643
61643
42813
19992
31237
37920
25728
29317
26225
42252
2245
55997
653
1653
2685
28620
4689
717
39435
27307
27379
20960
55184
33427
48286
3315
58387
27371
37531
58771
58523
47379
47614
58651
283
47099
36453
61138
6037
25554
19604
36965
12789
18410
43492
44258
39892
18706
25402
57402
41242
35636
27299
31014
12919
34080
31674
36185
2488
28023
58913
47037
9989
50058
36793
31154
18983
29094
52399
62810
60493
11469
1471
4450
18012
51972
11141
5815
6830
23126
19525
14880
25048
51892
28166
45609
16360
28630
55185
19366
53111
35725
58957
32487
31740
545
18150
30252
20088
47097
11205
59671
61304
17957
61299
47010
15152
11149
13965
13952
15649
60947
33394
12529
48760
58487
37714
5452
23709
25354
17617
55295
30691
39684
35717
63259
64531
41687
55782
31995
53736
19049
2332
41889
63130
53921
61589
6172
34293
20977
47660
35882
26538
15308
32741
38117
19857
52970
23749
63217
61579
34250
63110
19445
33008
23501
36134
34347
35521
64816
8236
57756
19277
64810
30521
15533
63982
31196
15407
10224
12629
29143
64577
44210
42884
14255
11488
43274
8606
14125
32284
58650
21111
32636
59762
45340
15861
11153
63009
12325
44666
58386
46460
44826
47079
57722
36176
25125
14814
32832
56877
18595
44984
35457
60481
32440
32418
40749
17379
8050
17598
55237
51699
51562
13633
31003
52434
5177
19654
49438
8592
7288
6088
61749
4828
42870
6871
51012
41894
30357
57483
7965
6375
56934
54393
15309
19862
1815
3324
53220
25520
54721
47949
7676
14016
29561
21825
16635
7896
48470
26751
14939
16704
3752
2466
50110
46656
25252
47754
7698
28930
12974
62388
11397
13961
8655
59984
53688
23693
38323
43703
14345
10623
13649
11140
14894
26575
10643
58292
26998
29163
36437
51671
24952
60461
10193
8553
51611
32949
31820
35716
29171
38409
6610
22058
34385
34781
55983
32434
43687
18988
65034
63910
39384
46374
31144
56692
18277
33398
64296
29117
48646
15042
26293
3250
61306
47034
40354
38312
64655
31654
3000
42362
58964
18715
22717
10429
58028
22556
8924
17083
20188
59563
18716
61148
21173
10405
18603
21211
21019
48387
23985
55425
56000
63011
32195
21792
47291
54398
1715
2190
24505
47193
1147
32123
63531
19996
40513
7745
5993
44240
24860
37865
20187
26590
59868
61147
43420
6128
38894
27627
44011
46599
38990
35035
61459
2591
46575
28910
47292
65051
54793
2185
38611
36195
32510
21229
760
58642
37163
6071
42486
58288
19369
28628
58394
42008
20461
19736
39283
4444
27962
20081
60350
59676
1262
54494
43283
21212
10268
6631
60955
44647
18907
19995
4073
29801
28263
10459
22747
17874
43816
24954
19362
40293
5535
58294
13018
20090
58390
58648
41078
25026
60344
42477
38452
19730
59460
5277
6709
42726
27378
37615
18666
5332
61398
60888
40773
17663
39581
27370
44440
34822
59572
5162
25775
13711
7590
58917
33978
26740
38322
40376
12914
26709
59949
6845
15656
17688
23512
12010
60578
59296
19641
17277
17638
59306
36709
60882
21462
11026
19368
14769
60590
63139
1261
54504
1628
1759
48495
46721
63659
2055
30334
30926
21910
56054
55297
47325
2120
16294
20779
56951
40706
3257
48640
17706
13325
42148
5560
7592
20524
55203
36186
47025
3006
18908
44411
28027
18604
41244
7392
58044
59867
18619
60956
59675
42416
27308
59579
41169
36961
46451
65179
31723
47971
23897
54921
211
21115
48859
2723
718
61587
31731
3662
1713
24401
36618
39896
34778
62374
2985
47472
31928
17525
63245
5538
40370
40146
36454
31656
21361
3246
46483
49317
59991
48479
27318
36094
7133
22167
47748
3259
31932
51981
58963
6933
35737
5386
31859
47812
60408
24850
9785
11470
1663
49335
27624
52585
50462
46632
60658
2676
11145
64147
36432
62041
58392
33184
52641
61238
29770
35726
34686
32234
32242
50257
58646
9266
60728
50889
11209
18279
58376
9993
16462
14018
21203
11150
47038
63043
64919
35294
12802
62679
15704
19447
25481
38393
64504
32511
31462
33617
34017
37047
31720
62189
9711
39441
62454
35353
35721
30200
54514
16811
62488
29718
35879
21237
15392
56036
10909
40057
38695
18814
62742
42875
23284
34753
53673
9246
65031
8640
46750
23753
63052
56190
11137
1763
2791
12247
63907
64155
23502
47863
8773
20170
64503
18684
17714
8785
61586
62788
19863
12633
14673
16420
62460
65178
10889
13381
10485
19050
62471
10853
18068
65484
14777
11668
9428
12329
15905
17108
62732
12721
64967
18682
48435
41557
60951
46099
44301
57395
55179
47687
47335
31675
31660
37981
59667
30556
57655
42661
29343
47098
60151
25849
19651
8957
3298
50664
27367
41379
43470
48276
58108
1940
10911
14112
7875
62207
60935
28172
2586
13248
29928
7038
35713
46314
47634
50429
57356
31478
15310
1522
32019
51648
62487
48444
2987
63219
32439
31454
10897
48763
47020
52817
24425
30627
64062
3244
11401
19911
64344
19442
35891
17748
63119
23694
19272
23091
62775
18062
61634
64804
35471
12617
35104
49401
60248
48694
31420
33533
7649
60462
47944
50650
30018
51985
58198
7673
35487
30039
55001
39957
64088
32175
31676
46647
36589
50663
31416
62385
10608
39709
63183
34581
10905
31915
26825
9090
15482
28540
31559
17612
3147
28196
37754
45534
45327
62279
17788
56454
18218
31570
50002
525
37595
29450
2383
26431
4869
52791
32476
4996
6231
1894
27094
43196
25678
1160
33162
3883
12523
58698
46884
18360
42538
26811
37851
31530
32478
57892
13016
53182
19835
56987
32262
57371
22139
8118
57462
48038
43110
32475
53179
41910
43195
60694
34422
41835
48107
60795
41380
37598
637
16677
16852
56292
28966
38999
26812
61864
65121
44106
20634
32473
54312
34011
23547
15184
50033
48416
53109
19787
26908
1962
25717
25201
32813
51228
63053
34550
7914
61510
934
53099
53213
28589
50134
7782
28438
3611
55408
25469
26795
44544
29616
40672
6363
51389
53726
15874
64637
23627
12832
11079
41996
30596
51642
41609
40127
15008
62423
57686
10029
12418
11083
59423
58746
63115
58748
48878
44572
32378
44922
44924
12422
57628
24446
15670
45434
58239
25612
36655
13789
27100
48798
18944
50827
26554
37594
31563
31574
24366
19664
5766
16829
48847
52071
20790
43482
11084
49794
27358
4768
51144
30582
4654
4276
50181
58699
16469
5956
3295
12637
53208
4059
19014
7066
45386
27173
43179
7904
458
3614
49185
60545
55411
55485
6366
41472
28800
39345
6507
7499
54277
56608
42765
5334
3067
198
50765
53980
26317
55258
6966
55135
13825
61649
55734
13189
11861
38662
55118
2523
39311
38030
15109
8373
37387
11841
14465
27508
49985
59057
57386
28968
16676
52362
25646
37499
8628
47067
63784
14708
2526
34945
31697
41673
27718
1002
4769
35550
55490
31564
42948
6005
64359
61442
38219
57205
28762
56980
33135
7732
9909
15724
44757
11850
15946
32469
8007
8044
52788
53074
61658
12394
32522
16204
10325
48036
31093
49660
2853
30615
61812
57068
45287
53500
3831
962
51681
52426
54186
64745
30658
34459
58238
20908
46838
47738
61411
54508
27114
55724
1194
23549
21985
22559
35616
60645
48872
4413
11440
62527
49536
19163
14152
29910
5451
30006
42091
43366
62941
63838
30987
12867
16742
56542
12426
51110
48176
5166
49369
5308
31108
30981
42071
37128
41595
64316
33158
51503
7092
55767
62859
44486
53769
32381
51667
26806
53389
26198
3597
20785
44925
50179
47756
49190
8523
53594
4790
51792
39557
30683
49549
54460
56385
54620
1889
2309
49851
42333
25098
52288
30470
17121
13031
60978
4633
36426
42476
28373
32980
24629
40500
43543
57562
42236
19100
36930
19095
4830
62168
65219
29295
19437
41536
32368
4253
28864
44573
14907
61563
50230
10822
13215
17630
28189
46816
23830
3696
48109
60397
28272
28651
57110
3613
4006
57467
20651
57115
59104
48550
46049
64657
2901
54041
56964
63980
55158
48248
56518
1992
2839
954
50969
48028
20658
29159
8267
59037
38053
9808
25713
20624
7916
29562
8101
43169
15197
39393
24000
19782
2421
35629
32269
25568
2208
43190
28285
3709
6358
29659
32512
44557
44800
40941
40877
4971
992
26784
16660
19685
13561
41365
17553
41364
5356
17895
5628
42231
43506
13793
14836
6426
42393
18421
5847
62420
12566
17980
9261
13897
29814
6552
6422
50376
52068
62845
14441
11077
14742
11076
55128
8124
52844
1974
7812
52868
26550
55630
55648
38744
37459
41914
49930
25099
49993
6233
9389
24324
51285
50303
62754
51837
9669
12218
32514
30068
56580
62626
49869
23941
50869
23940
58016
51624
41591
25262
62389
34828
55567
59553
26745
47549
9994
52738
28601
51122
17521
63357
53754
12459
38860
37164
62447
22420
16576
55780
27049
8349
32285
16035
59847
44656
2453
64493
53167
2497
49739
32542
37782
30918
54179
50184
29907
25576
26388
3776
32656
1913
29837
38810
16644
37642
42927
41349
37042
12664
36038
18874
6402
27768
26568
60245
44237
38774
14710
40580
36950
1473
45032
26173
2537
7110
32681
40456
26847
29671
31729
1193
5782
52524
7800
401
40707
37540
43486
25454
895
6307
7951
37895
26585
29624
32420
39087
5091
43122
5310
1908
20578
13054
842
53306
42464
56114
4627
24170
57042
17131
18974
42224
45890
43664
56282
43678
49398
21236
41771
4299
37532
12031
53778
52760
7795
25319
27377
1269
17187
2709
32413
58519
54436
65310
2288
1257
62143
1066
9520
57208
57107
9613
11725
62563
753
64912
3878
63608
60591
52475
37812
27853
63968
35586
31081
59309
26495
10705
8551
50963
24709
49484
36538
61934
7114
44829
37906
44437
12326
37162
34358
4980
7954
32909
28173
15862
38394
39126
39282
44669
6311
12539
40467
44777
13696
38007
35900
8126
4963
34177
36187
12592
39191
60224
40819
15659
24325
43517
49706
57092
41173
56581
4962
62634
29810
17370
18205
44597
57221
42991
31354
41453
8472
20586
51190
49558
20546
49560
45109
10733
31007
53460
56884
24162
63992
3797
52454
24138
17409
58961
43017
42169
42361
13435
34508
33467
25091
26231
27310
15052
41646
59936
16316
40375
8648
9562
35894
63359
2568
4452
18617
8324
8962
15703
13763
47750
12613
17070
27864
50434
24861
47487
3781
38806
47908
381
36578
24810
25589
60404
60671
21364
2509
35096
117
45519
45329
5025
9973
23164
64506
6161
34018
47591
45737
59300
60581
19244
51429
34074
18065
49941
32461
45147
55561
43046
57658
28264
17599
31117
4694
63240
62383
45452
3763
20392
27092
57398
17457
19637
63337
15068
16772
63297
10194
17735
17001
61748
63797
14772
64609
11370
64585
18261
34878
46768
2128
22607
48862
24142
47327
28491
57142
59502
58976
24510
24414
46701
832
47968
28221
36799
37973
3712
47028
3725
47033
26954
55644
59236
58223
58036
40797
45838
2437
48655
56119
25115
25107
24137
39454
35358
48857
53457
54076
23351
21308
35472
39568
45153
33515
37619
12030
57197
57199
63523
60731
27963
10355
29595
32704
65054
61456
48454
3398
9899
28638
40800
47012
9969
8272
58482
64861
19450
36579
45944
36783
59566
58025
11584
64300
35095
16461
63173
27390
48352
2032
58515
45470
414
34019
26091
25328
60158
58096
23022
23038
34075
3296
47088
19729
18149
63657
64997
20084
64481
20089
20455
12050
65044
61461
16356
63137
16545
62441
19365
19988
17385
14351
65145
18622
65140
10451
17368
8963
63496
65442
13278
16292
12055
62399
18601
56074
36093
25362
3717
39700
34589
10098
31866
31173
61892
20562
35733
38895
45828
33770
39967
10235
31082
17724
61920
49508
5175
18303
11422
10515
12744
14790
8517
42204
19629
5591
51506
16692
17081
22287
14290
35470
61828
46271
35912
35183
23128
62802
58046
63748
8708
23695
19033
41440
56584
12221
27297
54809
62684
17806
4204
26235
19705
60233
54708
10410
19918
45664
2787
54555
52090
27313
1542
39430
27872
4317
56812
2570
56320
49596
49334
27904
6938
37089
42250
27380
26539
6583
17656
24766
19367
36820
26090
4765
18072
18685
35883
4433
36202
17265
28254
40976
30471
2071
37692
9147
24416
8074
41323
42993
26237
27306
55742
531
5325
21601
11937
41353
61069
41077
31732
60159
42292
45128
7180
28906
36035
59168
57487
43812
48701
43621
58109
36947
62599
25757
59843
50812
27967
29258
39691
38859
30442
32244
49804
34047
9268
28125
52519
1632
42122
28305
752
42678
27488
55691
2657
2289
28859
31649
37510
26608
30545
25041
44410
26164
19735
24173
41167
8805
36014
56545
28117
43949
30112
51747
20449
20591
53751
34672
64210
42751
31290
38830
61234
12266
57347
29227
44317
38970
54641
56007
29396
40128
9422
60939
11540
24849
47867
53982
6139
54743
10257
18919
24811
4929
19534
19454
46737
29799
36455
12251
56686
27854
52119
27581
63
51724
26015
5857
24944
2925
30053
51778
49388
27487
7671
38381
50519
7111
60141
41541
18263
58959
44436
35198
4209
6529
32910
36443
58095
13380
33195
42725
59469
32017
59374
39232
29745
60489
44001
49127
30427
53835
46407
48446
58345
42817
46110
41168
60238
24673
19994
21514
42656
47360
45595
53373
4588
43531
5637
43638
17373
24326
53674
47340
63420
43679
56888
9194
25028
27811
12729
16424
5398
27770
34354
59461
53464
11028
20173
18700
38691
51932
60814
42672
32170
60409
44129
46468
54624
30397
46841
23187
58761
44401
48472
37216
60670
64985
62605
159
48552
14284
50743
31048
16393
45288
6601
50329
63814
3368
29784
43865
62193
32791
23416
16824
58633
64777
19689
8414
36322
57604
46339
60095
20707
18947
11016
13796
13828
33659
14713
62099
5047
65424
36976
57297
46567
30107
32670
7358
22236
41868
19489
1433
15491
62819
65159
18215
50684
1695
31283
30282
12558
41409
46824
48046
65346
9465
31569
4494
2862
33382
44223
58745
17341
40505
14437
28558
19561
18039
27123
26130
44835
58230
27828
12563
43538
58474
53177
27457
38932
58738
17629
5514
60270
37371
18036
12219
42278
5348
53950
19438
24432
60521
44426
6810
37116
22131
16739
54667
60004
40442
9918
19720
50828
4604
27229
19160
60792
18300
38624
32040
63341
49603
44145
36068
48601
64936
11427
12133
40082
29149
36843
1607
52581
14091
53061
47175
42919
3113
4539
31787
64798
3377
48247
49133
63779
5921
32724
32158
1766
48414
64225
13193
32049
14720
3486
6513
32894
4225
6542
29758
15484
63559
29713
36899
62539
35045
21472
19838
59146
15023
13034
8308
33251
60686
17666
45568
23666
18365
9179
57559
63500
20445
13717
44176
25304
41875
61414
27115
16615
7233
25422
26068
37852
45010
34458
60649
42463
19310
42977
42565
24891
41551
60398
28650
18136
25933
25156
26423
41701
43841
28177
59119
42830
9495
39832
29000
62735
52530
30105
34542
16761
61800
9826
64441
38547
31327
35608
44071
49239
17164
64591
1314
46061
22588
43788
32552
9491
46452
57145
7337
65318
230
31960
51955
12745
57811
42126
57471
19726
42226
12391
27012
34159
16568
28658
40601
43407
60798
25687
15714
43511
11866
53773
25184
64437
1848
26424
19381
9025
8300
15962
16220
55254
38870
17921
25166
607
27636
45173
24313
61074
48785
2852
36332
26263
36857
59633
58357
20705
21444
32794
153
48837
46062
19328
29612
49059
51370
17995
33260
48250
34213
60065
61096
30956
9782
35055
5098
64317
10072
55553
54581
13455
37985
24890
10928
10574
8787
61803
64518
54485
396
17677
25921
39269
34126
59832
61701
33379
17537
23619
10933
18762
19557
62554
20792
13745
22371
47071
63877
33160
25153
21175
59487
53813
48061
2380
48048
33608
45907
60269
58471
59069
1116
46290
21391
47063
34612
34229
21593
22409
45521
22404
47829
33351
45618
60001
60517
21937
57940
48129
22857
45317
31969
36252
27894
31228
38904
36833
48053
53380
45906
24154
61943
26598
28441
10217
36072
40215
31051
47685
53328
29264
40557
25303
19830
9000
20431
64429
63342
57008
53858
9395
24653
59953
48045
32619
32614
60790
52845
7789
36326
45291
46752
60333
59040
7856
52912
32795
8155
52998
26337
21479
22479
28668
46893
236
33254
27800
35327
59389
60919
23677
3836
35049
3119
48023
20446
16344
15781
12143
19825
62419
11756
16618
8364
64938
65128
12513
63491
20147
61557
20152
19309
16592
64768
64432
19389
64445
19376
18139
9830
64365
62982
14045
13837
9835
61648
19712
29124
25370
26364
63266
39159
35604
8684
31895
10745
63473
63941
26860
39829
11434
34535
37874
8263
45382
6501
9065
50260
26078
19056
10541
11430
13515
15188
29877
34096
20146
6468
360
34621
34224
20832
57814
34701
22413
45526
33355
34144
22333
21078
60605
23565
46349
22848
33872
14469
53087
8014
48845
26499
1923
61133
12124
45979
18501
17201
52792
7736
61376
53823
53822
2857
46933
3145
24884
24353
38596
58417
55026
25927
47253
46017
46913
388
59701
3529
36645
46638
57691
31153
12215
51447
30424
12571
33322
17789
59377
60920
50273
46413
14436
29479
43790
6744
940
54938
17604
1076
45319
64161
30094
8743
62555
12886
2074
56257
13733
46548
2393
46399
19336
62245
17998
14657
23123
63690
10588
17306
9292
33155
18465
61507
64312
13397
58696
54746
47223
57903
57242
34957
1468
20907
53390
47406
24155
23092
35453
3884
22548
38543
47751
53591
36261
24361
48839
46209
39556
23834
54596
49044
21562
22876
48497
59428
20652
1417
33877
30124
39527
32984
31963
55075
48917
65229
26194
28712
34949
10793
40504
33489
61758
48291
56802
30139
24058
56363
29217
3678
45786
60682
5672
36740
14541
64094
1963
57316
62631
45246
2660
35021
608
53981
19722
44638
32350
15722
48939
9905
59645
58352
38667
55051
12396
32584
53043
54805
45383
143
26065
57901
3500
60989
56515
24648
46880
48530
48781
3292
59959
39631
22055
9800
34008
13749
45784
20113
63107
64097
8993
11441
63729
15198
16849
21171
59150
16165
19784
11867
33120
21936
45323
18509
14477
57611
12109
46557
15963
65328
35549
60093
21856
65408
20016
43554
39218
34263
29016
55442
23417
63291
30153
31822
9260
17098
37943
33124
63830
46610
54215
9817
52072
5012
45214
29769
54639
58561
17094
47402
18320
19778
51396
5854
60360
31065
25011
22400
18512
62272
20029
57933
57949
65085
45622
20299
34688
45627
20109
65165
65366
21584
35136
49523
47810
57503
24852
63047
64718
3496
28681
24808
32217
29982
48424
57748
1442
64345
9619
