20282
38080
39382
31085
31024
38925
63910
14435
59575
40908
37851
58486
59452
59824
18875
33591
59475
14254
24552
37304
49406
59447
57656
12195
40903
14567
13228
8008
10397
8553
48985
37723
15639
42800
39379
31084
368
65009
35924
19437
18551
40653
43789
8836
11080
18251
34576
48551
54521
34546
42469
35020
54118
29221
32066
28797
35270
44846
30709
57014
57147
32419
54152
43435
18518
24744
42024
33480
41133
31553
1080
30890
36551
65261
35569
54333
56216
29093
57333
43608
38024
37781
65212
59298
60407
12387
39588
59293
58283
35774
38726
20027
16898
58257
37399
58616
25304
31735
20500
40636
7605
12243
11835
38886
13264
24110
57638
6164
46226
61975
23231
53928
44013
1101
28545
61905
17464
19960
57185
35623
63613
63511
2871
3943
56817
33832
41672
19213
24039
61256
22558
15838
4408
10411
8546
37159
39132
16156
60743
48978
10492
40936
20920
7581
36638
42390
40571
19105
3500
34655
41903
19533
28775
37586
44086
11262
5218
17816
36124
4091
46233
13628
21487
62583
4953
61382
32423
8411
37046
25736
57504
6373
54520
9267
45954
51534
16905
40409
38007
59905
34108
36918
39429
57552
57357
37592
40816
61095
58024
60116
17459
35902
41422
3388
41759
65147
20149
16783
19454
35878
61658
25730
710
55418
1132
36140
42677
20286
60986
61977
32880
16443
60665
64408
63305
63590
20157
14455
64136
28953
60913
18800
59771
13889
58025
43221
34940
17928
14066
64581
42245
16502
18749
33150
61717
32242
4014
19157
61091
22958
37164
64758
34224
58683
57878
39084
14595
60903
61308
63671
40349
17587
18493
31837
40070
60748
58821
27197
61138
21181
35266
2995
269
48252
22227
59656
3123
36354
32773
47926
13476
35013
31446
34315
16545
37595
39124
17458
16907
11876
38002
18285
62722
37028
38752
60256
17375
15824
45235
59558
11889
20924
28660
34579
15645
9745
50810
57346
28796
370
47784
57748
52906
45845
9673
6927
61310
35009
28005
52441
49857
18866
35273
58674
46814
53720
56482
18485
40804
54996
10195
47952
58274
33483
56031
49778
49803
20025
36546
59307
7012
55201
55133
16899
9081
2694
1812
22945
29614
28444
24182
48045
46327
32249
28027
30636
14072
13733
15530
4004
880
21023
54195
49932
32440
39121
21437
61141
10242
987
33753
17154
46438
14344
62831
6250
28166
44762
6127
30800
9016
37591
54767
44498
28043
7846
40568
9991
55380
54785
1693
4703
5062
30182
1765
22104
17665
36315
51386
11873
60269
55395
63698
30221
50535
37647
14854
3417
54714
24037
5663
29092
59745
52759
793
36123
36626
57951
21207
9895
30880
2734
2044
7855
47578
28691
17876
62209
20440
38081
13278
17593
20273
58846
39385
18850
29961
40814
39220
11791
34917
40628
60531
26956
59758
24204
36553
523
3740
48032
21211
58988
26171
35081
34307
46323
58745
33475
54646
6239
12209
39118
28309
27353
52689
6615
39391
17832
910
3000
55810
6192
53002
54244
28863
60230
20158
41421
21156
13955
13037
54988
42672
16440
60444
48082
48136
266
65076
46789
18115
58612
18750
44779
46713
12939
16002
515
41675
17931
60400
48238
46684
56899
31156
48147
45942
14926
32626
23933
22903
45690
48443
30482
26483
58280
60671
13473
13113
60917
28579
22720
47542
34712
2268
12680
26044
60303
57758
59010
35460
45165
30356
24167
20480
58005
24163
28598
55173
44190
55607
41358
53107
5287
4696
5283
44924
56472
43324
49210
51093
4697
53370
49545
8254
12685
57036
33249
3538
14707
16077
50902
63012
7
35459
46098
46408
49611
11992
46952
46531
5199
49101
22732
44885
41097
53009
2507
22902
1447
6542
54504
53314
2106
24480
55572
46873
9296
45879
21016
53279
44818
65419
3635
24183
46920
5364
55617
18845
585
45939
16518
31340
48727
46507
21618
14693
31566
1074
25051
15134
48370
45677
25904
27716
26764
28782
13930
16434
12082
2269
52919
40712
3760
55303
61657
21968
54636
9429
22635
50435
40817
17592
63919
59197
41355
5035
41698
56369
52866
16011
15985
44747
5970
41330
54097
29533
12925
58161
56477
19469
8813
54119
23438
36927
56844
2974
65394
52956
2648
9377
50019
23129
61915
18737
38662
9837
34946
2316
44738
1902
15995
12914
49789
33506
54850
33163
46590
59900
52877
10664
2652
55667
41015
54461
53111
49371
5334
7996
6619
41168
53308
55552
53005
43434
5178
44902
50371
46724
25858
107
26834
25776
57944
48737
57945
33166
2642
35998
22886
22111
48740
47568
27620
30113
49521
8156
43213
53944
21897
52961
14709
43443
5435
42969
2184
54610
14530
61384
55090
53446
58374
7901
37166
24148
33747
16349
18158
38533
4155
58844
2178
45144
16709
44544
47589
55017
60260
6573
52952
47497
36827
36306
16969
37400
5720
58464
94
29532
56841
55744
58755
57448
45323
46204
15144
15969
29220
32072
27347
15380
46397
48090
25660
25398
20957
30930
12297
34970
18949
45970
15028
43237
10251
11705
30730
14524
59628
62221
50073
39067
31409
1007
62445
40947
30019
18935
39194
15907
59468
60954
20298
40748
12071
33607
34298
14407
18732
10531
13084
7565
6278
5441
38607
37733
11073
7887
40333
40647
11815
7533
50490
52033
37765
6760
40301
34032
48197
78
12310
25712
49069
45333
46149
24344
32555
22845
24624
24910
59693
2329
27678
35066
46836
29516
33555
27412
48625
3348
61002
14359
32295
22081
27204
27457
58652
29971
27153
45709
9237
29517
34505
51008
28929
29364
16366
36296
32299
12110
32922
33948
14725
47003
49917
53901
45344
46494
33766
27813
57233
20458
49598
26856
61163
45374
51604
38044
51168
56424
25341
2855
32115
17915
38160
35379
6984
6937
23831
40493
18461
60839
42745
44536
27155
2636
35639
4391
47898
9628
62947
26362
18509
20000
49452
63719
10380
48460
38208
39163
52250
56567
23879
53531
57104
59799
15572
38822
46081
46292
40728
12977
58508
8189
23711
21074
61465
6141
61867
38032
28742
55640
37088
21545
48974
61216
57237
53230
17549
24648
27125
34045
16621
6633
14635
33936
19513
57499
15573
65318
8510
8821
28933
12734
58509
63288
36928
38141
31934
28902
63787
299
57718
55634
39402
32825
5127
4847
20856
50401
17548
61352
43363
41554
22294
1854
33083
40598
5381
4952
39637
52918
11608
6357
11782
39133
10381
38552
50022
52568
9912
5605
50920
38128
6569
8445
63353
49701
8104
57209
8757
37240
20251
51512
51189
41470
11390
10534
52254
48620
10473
65
34767
51721
18487
19919
15852
36807
32551
11675
41807
63559
13284
47618
52635
2757
34711
2994
33261
42690
19424
16717
31788
34531
1800
17987
43790
42805
32070
25140
25023
47744
44188
6050
41707
52601
2866
587
56068
41666
5979
42558
23204
22512
2960
6868
49539
45199
14161
56690
12679
41852
56691
45415
17276
64019
46945
19188
63650
12399
61290
43252
24538
54905
38200
376
23489
61649
58489
60977
7378
23673
1698
10596
36776
34212
6965
41327
65145
55178
40044
2721
21019
63605
61090
58027
7081
23410
2045
38318
33711
34726
4691
55925
61914
59674
38561
46760
13329
21647
57943
12017
61094
15133
48375
14695
23663
50938
58031
46357
40474
54671
49998
48568
52658
49377
4831
7486
46472
22229
54881
6495
49409
42661
6292
22677
44565
18922
42834
54840
41356
44742
18606
16748
55545
44414
56471
41899
62773
64522
20307
54565
41711
58342
39255
6657
23437
51237
7080
4695
7775
52177
47773
50680
51765
51098
61014
5103
40938
17171
41890
1890
63506
28627
364
55548
32611
33164
56060
34642
32868
64163
19876
132
44308
5812
43576
4574
41409
51154
713
3377
1726
44217
7218
56324
20910
22068
56591
23913
52169
3107
62786
3086
36578
25268
16971
20126
31552
33515
1692
35996
44089
42640
29764
1737
43811
54057
50093
53937
52600
43447
20436
10408
53378
42964
55870
53347
62465
62265
6389
42143
43200
48319
23559
7134
37421
38258
7120
4669
9756
38528
7224
5795
40558
39221
58010
52132
13503
5651
50684
7342
40590
13524
4779
7771
57939
37403
5723
23660
39337
38496
12020
48340
39795
45865
12300
45681
15659
50449
11034
57756
59767
15386
47678
9642
52129
22276
59440
21759
24548
29672
38178
61933
61154
63383
38544
40606
60451
59036
61669
39715
29005
32549
13380
32150
16543
47643
9209
21227
36884
23708
60994
59412
11924
37922
22400
38222
4683
4368
9090
47936
46931
10193
41922
37255
18466
38737
43571
43084
17347
19020
37007
64804
4455
8074
64820
12138
4207
54812
55635
43998
35097
62882
683
1040
16979
33307
42624
44140
20078
19408
18818
56228
18083
1927
54262
41499
33567
35948
3836
2074
20217
36370
42774
42491
17067
16758
17176
595
30570
9937
14257
39138
59432
39486
35167
16273
30325
30200
38287
33503
10318
11797
15669
11524
9893
30999
19567
25201
34181
42481
16983
17551
32358
35725
27674
63847
56225
56090
30424
1279
17914
31207
54581
25068
62757
26514
55371
56870
19769
63534
27882
41790
28940
29370
18120
32659
3231
58157
10805
27421
37871
35159
20216
10277
19311
65153
23078
63144
599
45546
10929
32502
57498
19070
27057
38936
29921
50088
24723
25751
30644
28818
62233
28596
6397
55312
33295
11685
54185
48172
10644
23474
39401
50738
57931
58409
60304
37611
22243
40092
6926
7136
58862
45620
5699
17890
12418
65313
61326
62280
39241
40958
58665
59806
63780
13540
30785
32292
14585
18591
17737
17196
53252
44482
61668
41788
53516
57315
20227
61932
43555
63378
18482
19907
18354
55364
55876
10721
42268
12845
20110
52231
42592
44635
17939
18011
14629
43891
45629
46118
65268
8858
6554
9502
24711
15905
20248
50509
43504
45053
31108
18942
13588
25731
48711
48659
36703
11845
5616
60094
63089
15851
29713
36876
63226
65265
31098
31991
13289
65146
8604
12260
33455
59392
9988
12858
74
58625
21994
36815
3335
2282
45626
23479
60343
26423
33551
36103
47399
59855
34759
64874
17923
19628
40051
39859
16695
17091
11018
37575
16759
64007
39987
37292
9948
18131
39644
52548
59249
9010
49955
45087
12567
12319
11588
52684
11724
61354
47009
45335
5058
5059
16378
37379
46829
59710
34758
1753
49848
52454
20239
36808
58059
47877
56430
53899
18359
10676
27472
40352
5772
58940
34499
54915
49703
52243
19766
36295
60796
7066
56572
53527
18123
9920
44378
28153
46501
60077
25360
23849
47179
48662
47269
22557
32123
21310
14896
15277
894
47637
22040
28057
47769
29454
15062
28374
59406
60848
47206
14552
32187
21259
34149
35693
47752
944
26248
52549
17292
18093
38518
17379
52615
43651
7497
40395
11725
10330
55964
56295
5656
54805
65178
43935
5727
18956
64211
43919
11532
11226
7519
40407
19383
51858
63082
40199
55938
56036
51937
21087
31358
59148
22922
58134
14360
33561
48900
24556
58071
60837
47869
3355
47569
47076
35056
35680
31238
18798
40118
16057
20232
16822
60933
38072
17115
33544
39177
37387
59069
30169
14011
15264
1344
60429
22912
36294
3997
1248
48710
21741
58075
25421
34566
33291
46363
59078
34507
41567
58253
18785
38835
1001
24024
23174
7939
40882
17111
47189
2574
3563
6114
55770
34960
64826
59681
17160
41958
48335
15335
13807
56634
44477
19901
57930
46593
48103
54055
17359
21066
33283
58654
18237
43296
46630
13544
14729
3994
44845
17099
60997
48285
45707
2540
30650
23536
20991
45108
57505
20506
24515
45372
48931
57855
20855
57719
14146
12340
12604
45169
45178
22306
6584
21938
37256
2226
63384
34399
28257
30340
31378
49365
15332
8606
8121
28260
8853
53253
1928
4260
25070
43471
23710
54433
8143
54436
44994
27877
51506
600
45541
53361
601
46937
20512
30946
61921
7874
37261
31148
29298
54893
9794
41151
31388
16061
14005
56973
20939
36997
5870
19678
44765
26997
3668
65467
63417
57929
33304
42629
17504
26850
33763
47566
7680
30092
5918
18289
41496
21455
29776
61890
64719
48692
28273
50981
17060
36843
35302
45938
4681
28813
40979
24477
52913
2168
8012
21817
22702
155
1454
50644
26966
55297
57012
1261
53015
5146
35507
54406
25724
26073
32353
60318
48825
41403
35726
27668
53869
46140
45604
41184
34994
31706
38854
63791
21218
50041
25067
64466
64223
28183
52942
22404
65314
36379
33558
21290
62077
27878
36022
7978
27422
41951
29293
7682
6356
44844
44754
27157
54519
47950
48409
43306
33211
57782
21786
29928
43208
49106
40721
30382
32120
55805
47362
42441
28830
39857
38612
7981
22572
61460
1666
6409
26812
41145
21772
16984
54485
16985
61934
27364
40094
3687
2959
55774
3683
46740
6514
20702
53105
1208
41009
26981
24328
2521
14
41076
21689
7986
5247
28517
5183
55604
63190
61673
52940
51636
28082
36571
34521
25213
37602
50724
61931
25618
35091
26902
65240
27363
200
35684
12590
57048
9222
29452
32178
9961
18008
20681
30163
40925
38869
52745
28997
11448
1474
33125
22722
8136
8767
30478
29368
6601
55720
21887
31961
37233
63348
53161
2111
11378
49286
28247
15336
1138
4363
15428
21554
2572
31986
21941
26218
32152
2229
2284
49629
8160
46573
22828
49853
3724
27149
22019
24220
3187
1644
51686
21187
53517
57318
25843
47878
918
31357
4947
33499
40986
13883
5196
7955
56915
42012
34774
50588
57867
57808
54151
31648
60064
4274
33076
49596
56855
59494
30540
32546
17951
54951
49379
28867
15757
13189
44719
8596
60120
9932
30094
40638
22816
676
62091
63881
4611
21195
38576
31568
27602
26243
6636
11828
3100
59356
17281
37579
21267
3056
62482
61471
7744
24108
38768
20052
25227
26502
4891
57859
2589
54226
21448
51335
3629
49922
26102
22605
969
843
41859
28277
6300
7818
28213
6255
5487
1826
1381
36802
25568
27047
2925
3718
32153
28091
34755
34392
29857
29306
958
3891
3327
47073
18097
33495
49958
30784
63714
62959
56997
44573
14266
19716
27947
26150
5064
607
29997
1576
4879
36299
42474
26360
56919
6378
55300
43244
34502
42337
31661
60870
54705
3401
47685
5496
35637
51243
49127
11631
29518
32296
2527
2391
50454
31433
39041
62340
24335
6201
19154
31868
46480
36562
43392
14642
4619
5344
2912
41691
34515
22027
60930
60339
1419
29860
60467
5516
21275
50215
3981
41879
22928
24411
1296
2395
51475
24096
57159
54307
26870
7834
54675
54801
31422
65137
43402
3908
36331
33769
16991
41687
63098
30720
25026
26403
55761
57002
28716
53479
34036
25037
7915
60310
30300
32386
5827
5643
24614
31763
37613
39397
52803
53514
58856
54571
35061
26663
7963
11935
31070
32648
47587
6475
25891
29977
37921
39188
24403
55366
9602
46040
26993
24029
3884
15006
27818
25847
30500
1852
21382
33311
48395
47328
28468
60757
45833
23455
783
45927
21471
26810
60818
47284
60319
15745
48513
35473
21251
23954
46513
46522
27361
41471
56388
55106
42772
49700
4418
4639
4687
49425
53793
42817
44287
49473
7186
56340
50962
11707
13199
54071
41935
47713
13511
15567
52667
64801
56609
15751
47425
58407
50144
8974
48519
21065
10733
2477
22313
55689
53128
36998
3894
24523
536
5269
53406
20459
1832
47552
62544
24052
10524
1777
22047
18707
40727
61459
3407
23842
48417
9290
16460
17447
1570
46628
65530
29147
46214
46664
21881
14080
2104
3785
24461
24264
47902
49051
27205
27470
24704
59245
12909
16827
8624
1387
22245
63845
2061
3557
40920
24253
2958
12046
21760
23454
38870
16398
62061
60871
42771
5710
42537
55116
40679
38275
15820
44328
7454
49431
17756
18567
13946
30375
53799
17095
8826
54866
50820
64682
56721
56292
37239
52193
56705
8508
50836
52562
63347
18236
37175
8829
32905
1937
27060
46941
15304
13945
53035
28593
738
16264
58701
60955
51478
10043
395
41561
55189
53259
51077
50352
7947
4585
5126
53213
53742
40973
43366
41560
7400
55760
52462
21081
2313
46936
24793
25061
48910
46293
46085
24536
398
24584
22425
21080
47582
48357
27886
29309
51078
6412
42991
55054
24296
13798
16334
44983
4834
49624
1374
32395
14272
31144
53739
44437
59057
4875
50105
46575
14551
15071
19861
40430
7662
60938
45905
59527
54200
54198
16026
41545
60638
5966
51573
59878
12760
34777
57141
53198
4632
57861
57437
32651
55758
55077
13392
60887
47331
47415
22991
13060
28993
4047
24023
12833
45601
48396
24634
24897
21386
58209
15628
18360
38590
40891
31697
32829
62822
64360
58803
30055
38841
40624
61243
57801
15108
20230
30517
57483
60068
33933
38863
39243
31649
60879
8756
62065
12518
13874
17661
12070
10098
58512
8432
12309
43163
38071
19314
45485
63220
44706
19099
17836
40127
43520
8849
5311
18670
12573
48918
17803
2473
43246
34761
42347
29006
4041
29856
36811
62432
36094
55307
56809
31870
56921
54873
16413
943
65323
34511
44286
2098
3791
31652
36290
63782
26018
53582
53797
31345
17648
55285
39199
40776
64945
60798
59458
15364
12642
31064
58942
63156
63989
19768
19401
61416
40738
60959
26250
29717
21538
14009
56168
9228
8884
62093
16059
14627
29437
7746
11811
63877
27601
56198
44070
3626
33932
64117
16699
57006
55413
34850
64382
32906
2124
594
399
34095
41259
17094
22502
59439
15915
39636
54013
11070
11641
62481
39858
13072
32497
58524
61315
36911
25229
4390
33556
42061
39880
29137
47351
26980
28513
16462
31842
38521
41024
7736
7801
17448
14353
2067
58860
60473
28289
64725
50590
29869
29301
9216
62685
34186
14651
56920
20102
11454
48788
9616
19650
38782
37314
57784
35377
64677
37176
60601
31848
40063
37577
60722
60287
12649
16703
30260
43744
3872
44562
64724
18446
16978
54484
33067
62684
62739
315
57004
56084
32809
44478
19888
60616
42462
16253
19902
15432
64153
43022
17872
17163
14197
64393
57848
49013
64361
58422
47413
58994
41080
15729
17096
21809
41017
42040
19577
18238
35444
42105
47265
2164
61861
60223
46500
37097
65112
35005
58050
57675
38195
39730
30295
59708
35509
63062
20231
16831
32385
37355
61225
6922
23488
52432
3179
1536
23916
23552
25002
3543
49863
22396
53936
53559
1648
46811
43527
29098
21339
36824
44941
13230
4524
8027
56682
41335
36311
51820
61294
60780
2134
30885
14252
11593
29632
52442
3175
29659
29223
31307
40271
7623
52683
33850
35456
40327
31887
11393
10346
58372
19283
37849
23500
1905
63366
61980
6108
22384
38094
31373
27359
25310
6960
9074
2985
11683
30805
40830
24347
3493
61719
65416
7584
23932
40411
19802
25048
28039
8019
61284
506
2153
24527
44508
2375
38481
23094
20554
30245
1597
26763
15653
7015
48733
2511
19796
21864
2096
63057
35279
44476
45114
48566
56167
30440
26294
35022
60053
61391
32424
19860
2503
26029
7503
31493
16305
53223
3653
64487
36584
11589
52685
40391
19978
27592
25127
7951
48906
29770
591
21256
36552
28397
21309
7431
47261
19359
43959
33479
39569
59448
57655
3589
3638
22337
5231
31951
52093
4935
18531
30285
31041
59375
46855
50311
30150
64908
34958
5071
11253
32105
32425
50700
33759
41596
57508
4560
4668
2781
42966
34014
47712
59604
58382
56163
28785
13630
48720
24339
49788
855
42508
22368
21331
2678
1901
50315
23920
53820
54427
26
7011
26011
1130
18435
37839
43901
2337
34534
65004
10209
51130
34001
30141
27855
28110
19445
5063
2121
56630
30224
27840
7227
59019
32135
31835
52643
7643
28103
33274
40064
37415
48307
56508
11162
54419
28703
27596
4955
11091
30557
29521
47059
6059
25643
31254
37404
38030
4883
56112
61017
11615
35605
27344
2619
58965
20791
26278
33359
711
52695
14113
48086
7436
31273
31374
39570
8783
13033
63369
30622
19609
15761
35925
36191
31713
37137
14978
8837
8514
31881
11406
63297
3423
49262
25789
42168
20587
8513
7944
16895
61985
27617
38898
48909
48529
57189
3942
23122
24012
30619
64740
60562
63360
32631
30123
7613
11538
64808
31719
13776
40631
56493
23670
37143
5168
17571
50102
35601
897
63926
65484
59166
14117
42109
16605
26095
28654
60228
5083
1113
7513
16741
53197
24520
3925
62663
62136
60916
15649
52712
20394
25832
36583
49065
8096
30810
44939
21402
39810
161
4775
15097
20644
3085
31480
24286
22278
19346
3598
1431
41340
5213
36798
53927
24698
64386
59583
60809
11154
44214
35461
28283
4534
49011
48699
41420
34239
29800
40381
62696
24540
53202
25272
63703
36312
24007
40222
52498
61991
26648
36631
24365
40904
27623
35767
8093
26749
26840
61192
11602
47214
41671
64897
24849
4407
47275
45554
42221
33976
60679
21533
30097
64302
5026
61724
29613
30625
5949
59218
42162
31901
40668
15326
5021
23415
65422
1120
40002
26042
61730
45923
8677
17137
18312
64741
28603
10073
47290
1133
17140
983
22795
5225
22740
61714
1281
64578
14229
21263
30597
31896
45022
12681
8945
5224
991
8948
43278
62584
61740
50035
39726
26303
33750
65244
22470
38788
21692
64742
24607
28190
27511
37813
25022
32079
31184
15381
19704
10715
32439
28683
40281
11752
15650
34922
61648
40823
11305
31790
9274
1081
31455
15121
4872
9379
30989
30209
10009
10056
21624
28886
65404
61918
5081
31556
8809
49527
27750
13961
30462
4822
12786
13897
2999
28945
39905
23815
31721
19857
1803
42960
4412
229
61501
48769
16315
42478
11990
12091
30140
13786
45214
17664
52824
49225
32518
28308
44837
8320
35147
4161
38029
22548
48881
58621
54340
50193
8349
25922
21327
12358
17552
4116
16144
6056
4525
7698
13495
63598
11028
58001
64128
38259
47505
56784
52908
22794
37149
56798
37029
1300
21815
1064
22545
24701
3952
47271
47390
24601
834
47520
25661
25395
48719
28661
28275
28694
23806
1345
36635
26746
2220
510
48884
26642
31053
21932
25914
27717
58608
799
24853
46679
11864
1358
33474
52389
29708
19250
12941
36555
31052
8957
27028
62787
16001
48232
50774
56481
48434
47246
43233
20792
54500
55368
52437
26089
5522
45685
53074
50505
49602
4536
26287
3149
29099
54264
38028
34111
7851
4690
28018
52766
16471
30882
41894
42847
24859
1585
35894
6045
45821
4946
36587
23103
56910
17564
49777
44770
58203
48033
50169
36947
49805
5937
22342
55899
55387
47442
39794
61609
57938
7842
61723
13532
9724
53675
22883
50932
63630
55214
64096
6436
25409
8168
53026
20510
46101
47170
55790
51589
55793
2377
24392
26111
57167
53081
24100
30179
62990
47448
15313
42025
9389
11112
29696
13533
58711
63803
51701
38230
31492
2537
65248
2610
59553
57217
52776
33848
5331
7741
26489
51588
54782
32633
44903
42400
23921
712
33588
6437
40008
55438
40829
50651
19849
8696
9691
62416
4344
9817
43115
49318
9270
52825
50374
9600
50542
53502
64990
50288
16894
55406
9376
65403
17243
40190
41120
43609
11113
6425
52105
46862
8523
1058
35021
52072
20163
32519
13962
35267
840
11142
44610
24735
12779
48081
51001
19866
13027
64736
60571
19603
40283
40000
12787
60812
61735
39452
29216
32071
58912
30443
64077
45555
36946
20958
40846
22370
60924
61438
11603
37148
23948
39675
4526
7515
59481
48553
51964
10406
33252
63363
30620
18260
43831
26371
65082
19239
40221
63009
53715
7597
28851
16604
39672
612
42667
43733
35612
17327
374
2988
18311
34582
41598
55146
18645
17582
19440
55921
35170
56826
41047
41336
36632
32865
3495
4093
19958
36119
44429
43693
20392
19821
20319
367
64167
60261
40399
39815
57409
38317
14234
37711
58310
59981
16008
16314
11261
9297
59343
11882
40033
3829
62893
22479
64391
4943
8682
19453
58301
15078
27512
8202
7631
609
20074
45089
26961
20042
43265
25265
62689
26887
56125
54423
20022
64301
43815
63048
29697
19255
16911
1183
42561
61258
38657
24008
14568
20625
11597
12177
10250
40423
20775
37693
45313
7495
60677
47173
37703
16740
44751
64795
17729
64254
27658
42314
31162
31895
65410
33519
56747
57180
18127
18592
41058
47929
38475
23252
37420
6820
57616
60236
60043
38784
21182
10067
7641
4670
11155
46962
23554
32409
38932
61996
58194
63051
38896
37721
59920
59227
62702
12675
31564
29774
57364
19347
63890
3988
64078
42703
64811
54586
53946
56635
18871
64746
25010
19615
20175
32514
18480
54561
24588
11078
25299
15376
19707
7267
44397
44192
65018
19853
15143
43639
45680
47927
31875
11404
50749
9300
43034
15132
17240
50859
42918
41814
30602
18429
13342
25050
48044
46331
17183
11248
51548
10243
34010
13958
30461
10602
40263
35930
16186
57639
40428
37831
8842
11595
30070
58845
37691
24906
17231
2561
33775
44495
19869
18661
29002
36327
3559
64071
43525
44445
28705
1999
43559
52563
54848
7244
44067
52000
3399
2851
56730
41255
4380
43597
22083
24060
55020
5859
51739
39162
5039
6817
37663
51322
7591
6170
10410
40215
7447
39665
37807
40359
10865
4895
51729
41555
11274
3246
23590
62676
58424
58054
4623
21192
539
39169
35241
33451
7399
56532
64732
44534
9888
1788
22035
64368
60215
60275
6982
23335
3351
38461
34467
36263
5659
54800
64125
16118
60527
47691
13589
16355
61330
58511
60729
14382
47901
14082
22419
21079
59000
58144
14727
36438
8339
1640
23264
42127
4354
4579
47257
23998
2957
49298
44143
41559
58347
1413
63879
65094
56057
55883
43536
44329
11693
19824
10486
52509
56109
51960
64048
64317
17179
17184
42536
39066
9718
54871
50826
65046
7499
6934
10387
52716
7655
37707
42742
52557
9607
17802
37677
36691
100
46935
32900
20879
48983
3971
57711
16257
396
20577
14186
33132
30674
57482
26498
23440
55194
7182
42982
49844
312
294
3333
41400
4843
42753
23609
21067
2797
46777
52460
27456
31124
1949
35305
25066
20296
17449
30789
36840
747
32913
42822
41547
29998
2598
27884
65427
5983
55042
51082
44979
12129
8666
8031
49617
53740
49255
61444
61708
8327
53476
42978
52042
5450
5640
38373
40655
6925
7910
11082
39917
7149
50743
38149
39693
9505
5839
38599
21075
47443
7245
39193
12986
5197
5136
58527
37928
4635
22935
39990
37547
59778
48362
15580
16195
10804
46898
12324
51236
11596
10276
61235
12588
45356
37692
51764
52556
59330
45092
37676
33778
55590
11813
32863
45847
1164
87
61486
33874
12030
44864
50470
52763
62501
58367
2291
55097
2764
56602
19216
18109
41098
42608
31045
20367
724
2349
64122
35284
31299
54934
16590
50530
45945
6474
28550
54193
21648
45184
25982
27019
51708
24121
53287
54339
26741
5391
56836
35853
8010
31600
55383
31965
50659
51340
53315
56963
32173
55575
14016
15739
43335
30464
57606
28681
56439
29050
56275
60087
21376
50867
55702
2182
32377
4333
14195
13769
55091
30218
31192
9526
33364
59897
64539
6610
43094
41632
64113
62344
58954
43183
47387
46791
35292
11364
9768
32855
55461
56560
33777
3202
1308
2298
18089
30196
43005
54654
19579
16806
64168
31059
351
1440
9954
31338
56483
46866
4235
7372
869
53334
31081
46046
60124
59838
18004
2047
46539
2388
17950
55894
30451
55825
29
1660
18287
28917
56489
53457
19165
18814
17824
17402
2524
9887
15177
6480
27867
1470
22611
20992
24689
25479
7226
24484
55787
55239
34334
46441
19169
44109
3658
643
18680
18379
42256
43037
29508
19993
343
812
36051
33239
34113
55104
16950
60154
41264
9348
33372
27
55319
732
62952
63729
11046
44694
51587
50886
63275
28921
47735
27384
6244
31840
41207
46638
6444
8179
54628
55795
34669
5554
60603
57696
41825
1785
48633
41212
45286
7914
25590
4140
48683
46075
24811
28411
7772
25686
41962
44780
25830
4346
5370
6058
25190
48768
27563
6541
48924
48075
26087
28663
7098
22682
26080
43706
26555
53328
6092
38574
223
58703
65301
5576
42224
53270
36050
63774
13810
25700
46375
48883
33247
9781
7849
59735
32174
20883
58463
14589
58357
33790
14260
57570
48266
60789
23069
27920
13009
61420
33776
56856
6287
49562
6862
36509
2640
6767
39306
7303
43941
30848
26349
43698
49961
12263
43154
35216
54334
12523
15464
41288
4153
51624
29109
59145
13446
57285
50990
49685
29198
36765
44105
37786
7160
42631
50775
44024
10800
38573
10467
6803
52714
7465
63101
40390
11863
65111
51781
44625
6336
23277
6660
49553
11370
9017
61062
46678
42705
4751
38839
62840
6372
14493
44717
57128
58550
40534
8395
15964
31332
57446
63161
9944
53065
60372
33676
20616
61638
20203
21656
58364
9468
36602
61178
62716
8442
61692
33578
58156
58154
9258
61484
62506
36396
60972
61690
50242
2250
37101
4164
20990
48373
45875
17632
10582
43281
553
22312
25975
57135
40795
24124
48674
5167
16198
45858
65373
16464
4351
35104
59677
28415
9344
63981
40994
25391
61211
42226
28568
16677
13703
57344
43934
5477
10057
31668
58991
20718
57017
50824
49355
32694
36508
44861
9037
18524
44022
7158
63644
6746
43612
37664
6699
6694
10378
43756
44010
40477
19997
62874
49122
59510
52218
59372
36860
28916
60150
38527
9489
20740
29044
26396
23160
12467
11799
22776
37107
2882
63767
39415
23362
47684
22257
20266
8259
40746
3375
26129
23855
17484
37964
23284
13814
46177
23083
13816
20882
45203
22871
60873
58185
23318
49076
14268
13018
60328
14411
23647
22606
57828
23575
59968
52209
5626
46851
57983
59903
23246
7807
38519
12466
59584
13559
24332
18763
57966
40768
8869
13469
59237
34670
63429
10190
10518
58037
12429
36736
62158
20269
14672
7190
32862
487
34018
22413
60965
61182
8238
33007
3228
57429
23373
22256
9461
49472
24960
27567
6063
4492
43717
44269
48000
7103
48157
44259
7118
55120
27997
43874
47810
20806
42946
36384
26882
26605
35230
26593
53318
43339
31285
28821
25312
15
63437
62144
34366
33581
25316
49450
13991
52124
56220
34423
19910
19259
5955
56810
51795
59955
39739
39584
52471
44055
15818
44145
58164
23899
56767
14285
17075
18629
7254
3040
51970
60582
37228
40510
5940
51181
34161
28575
58678
43920
18221
14620
58708
60566
18114
17902
41269
60580
22156
23736
28855
65091
21800
8976
38236
23363
2883
62860
7242
52476
17197
2599
47635
9626
44060
41242
20032
40512
63626
50658
54070
51083
55103
51074
31792
29503
30096
56464
52418
56468
14203
13762
54175
13195
50635
52809
5535
20976
2753
33677
7248
7231
18924
3115
23348
58704
42893
44146
54056
40787
42370
25384
30623
26348
30614
42530
54672
55094
31796
30100
26552
54580
63163
61640
29494
35116
24759
47658
43004
6955
43819
42796
7146
7004
47660
43558
6907
6138
43868
43610
48122
27642
41514
49465
59222
56108
34794
27276
58388
60198
9608
62756
433
29524
21244
23352
10027
52054
22488
39043
42574
52268
44108
50734
31290
34364
17306
55114
49427
55877
14028
15731
62876
38380
52505
21126
51709
27981
32334
38859
4074
1180
57497
30757
26176
4160
33031
35843
14680
22507
37494
22462
5936
25164
32038
38621
56867
442
58719
29732
27960
5462
64316
36609
59280
22151
37070
31203
13998
41286
17481
13613
59797
14686
30641
16424
56352
58933
23789
21120
29188
36762
15888
44505
56672
21090
11260
65449
23763
52092
18416
57987
50852
55163
58578
9634
64091
42878
17369
24864
57766
41570
4759
36665
39359
37559
47013
4799
44115
57464
17618
19564
22525
26574
30656
21619
29252
14814
22124
28208
3259
2819
59129
48224
16084
30254
33801
30132
15602
21883
2499
62645
9317
63585
61038
40767
62900
36542
16548
11988
33637
10609
10450
58222
61550
63937
8373
61872
8448
36462
60173
62565
33717
36285
8293
61109
34400
8382
61118
58891
38765
61630
19670
40490
7743
50872
38296
52794
5821
7830
9530
9878
52198
9761
40453
9910
38449
50465
5679
44943
5219
27249
23726
43174
58738
58537
5625
46756
24949
5499
34991
28789
51538
41752
53466
27529
3477
63966
39949
24064
16568
16646
46342
10501
62160
957
37897
11440
22168
26075
46825
62595
4767
27774
23629
42083
59848
57910
6559
48181
25104
6583
33961
31856
39319
43394
56452
21039
3903
13745
21911
28474
2743
2202
60495
46602
15290
30497
34831
31418
22833
22983
1839
25285
32681
44456
4706
36415
38265
38098
2724
7033
42863
29554
18552
16481
26542
26305
31173
52614
6230
52017
11841
39013
50890
52775
10838
11050
50762
6877
11969
9783
37720
51928
10966
26838
3584
61553
39278
51299
18882
17417
5475
10660
65493
54716
40868
8409
21867
41943
46032
35028
47978
16046
45740
13413
26304
25292
1888
47984
14756
48349
32462
31026
27244
32990
58847
15834
47251
13361
46151
14340
26570
28455
47722
45770
15418
47804
32705
30519
21335
13265
60083
52756
11252
52350
38491
21603
7291
7008
59747
11504
52185
60546
38057
9689
38316
22914
5491
32851
28626
22407
32850
45441
45191
3923
57823
57439
24963
20703
12650
30675
29026
16215
1874
43086
50038
44263
6821
53985
18396
9080
20355
55123
43726
42884
61962
63545
6165
62615
55499
23641
25790
22408
24686
488
45246
46181
46261
45157
24969
24757
20889
48261
46190
21144
3230
42655
52097
64188
64108
56193
10940
11114
7567
10858
64442
51940
64362
10938
56658
44434
6801
43020
50099
34493
9071
48616
59101
9138
3465
31328
62386
22149
15622
65135
6362
27544
57047
50248
39973
62347
8358
7054
54238
10008
11225
19049
49176
50649
44377
53158
9414
40539
5325
33786
23314
33580
33788
2834
47633
3572
60970
58362
36394
22063
27972
1583
61180
36604
2801
42156
41162
44264
4266
4494
7304
4300
4745
55129
41164
44265
49557
42154
5322
41304
5324
28402
21962
35117
46079
280
1822
45943
58384
28912
25378
23577
25157
26675
48687
36861
3708
21517
34789
27266
59221
3042
46545
59374
48852
868
20701
26036
23391
24320
58085
23378
4029
62790
44318
43563
43771
56622
10877
19872
10262
6902
43814
51733
64816
18118
18683
63563
54856
24401
14223
43548
59226
56594
54044
47063
19828
17396
22481
41844
64931
16239
61402
63740
49111
43007
41506
42786
42994
4642
5922
4863
4655
6143
41519
42799
41727
5935
4850
41714
6130
27385
24184
14973
25595
48430
45867
48886
47221
46070
36208
21449
15664
58998
2222
24056
46840
22701
14889
34684
47782
45585
47383
47819
3956
243
13176
22911
12970
14393
60693
25074
47307
39408
50302
36893
63406
4648
4216
57257
8901
10149
65296
51653
49653
55065
8878
37965
7422
20332
17985
19184
64298
64025
25098
54986
33799
36071
63324
29409
55931
53603
62778
18544
61826
18508
44978
55860
61586
41923
55228
57235
20403
18323
43596
63460
17346
19763
16642
55332
44322
8798
59986
18420
35823
64548
12693
60143
33112
36072
63326
57742
11281
8789
35423
8724
62190
1079
15848
30005
26125
21446
6839
48390
19439
54794
35121
39663
58312
61247
31640
3782
24519
322
28376
28724
25499
27002
1757
3670
32233
2560
34620
34437
31089
29354
2062
4035
25105
57912
54638
57510
64953
15397
64921
54201
65131
62395
14248
19342
59160
49061
63081
58566
21704
55384
33048
55621
35133
41078
30241
29253
30842
30010
42392
35359
55757
56838
32685
57109
43229
2898
50366
771
40974
21939
19592
54373
17033
18329
27282
40169
1495
2911
54382
3795
23522
20059
25726
54169
34622
42448
30510
3897
29808
28720
62363
35865
54203
56729
29358
56969
43918
5128
46338
10069
26804
63461
35679
1503
35666
35554
49256
60386
10222
7945
25956
8933
44984
56897
62177
3087
64663
27066
54989
53770
20166
17990
42545
63013
31153
20031
17415
1263
44743
8545
54066
10074
63524
38799
44339
54051
63548
64044
36945
19746
6103
8026
64052
12250
53201
2151
37262
2310
64664
20688
10017
8597
16671
19535
25863
38676
45245
47114
16728
4054
22748
32094
59201
55907
25290
38543
23862
47050
35656
26317
27243
60712
5847
47974
35919
19844
15240
47208
2465
47718
28451
15081
25258
2330
33090
26572
21341
29201
47803
47248
24628
60805
22718
58539
19032
29603
65206
13844
62021
18149
65453
63949
32939
16664
31250
29177
62310
61043
12830
5617
32684
21103
11258
26878
31472
34812
14810
60551
5759
30832
27262
24948
40567
46209
24820
18775
59485
41583
4499
26782
47717
23133
49380
6066
56458
47237
27326
28128
40940
54401
33680
26004
19358
22920
13671
42043
11509
38488
29872
59750
24207
16937
51581
52950
32268
25758
42240
21397
5223
51889
22120
51261
9637
39265
7823
5743
23989
7798
37832
40895
48728
51345
49162
34134
4498
26328
23195
42087
8196
38668
47337
47625
27526
8115
63953
62170
59547
28248
44127
17309
60161
51353
11529
24209
58218
14945
62390
9147
9184
61114
21377
14474
64952
55528
13722
45310
5214
22607
46325
45041
53492
41054
25892
46353
45093
5140
43297
42213
25646
47122
41045
39312
328
43400
37019
21563
45104
22350
57317
4249
62598
4038
27005
25109
20381
50334
23625
59723
9373
25845
61248
42078
4181
36957
24613
45102
30998
5349
41198
65504
36653
46126
63824
33690
55304
21474
14850
43021
10905
49934
30906
58115
14563
19941
50107
52713
32001
26769
43669
4241
2142
52533
4719
44689
55908
27246
50453
5752
6079
55428
42673
27573
50305
6184
26005
9036
57761
52532
10308
24561
59386
12529
37827
10796
6691
61306
22385
20762
40386
6178
12538
49241
1083
49185
51544
22700
46506
22957
54308
6655
53221
3779
21447
24518
54430
53234
20640
23039
11249
22136
15607
21607
48234
50855
61046
59126
21119
57999
14801
40575
58535
24312
50602
12355
6194
22466
12354
51260
6707
49996
61379
59203
20771
11556
37826
40387
57650
24386
51780
54686
61036
50421
11878
21598
28768
33644
63936
10621
5509
58576
24718
26756
65211
54318
21844
58102
35818
63008
11004
18419
36349
34810
37190
57740
62188
36077
11139
60251
10982
58903
63323
56150
61598
50884
38114
2564
31616
32350
31773
40163
52012
18320
628
764
29941
55000
27292
34059
40212
19523
15747
17993
51067
52688
13179
14219
64667
14210
1587
27707
16243
17667
64658
23041
22333
48505
60763
8245
7536
4460
10058
11651
45474
47674
61396
10402
38813
46853
37640
26199
27133
45764
61086
17765
4787
5276
19542
60384
45644
3238
11972
11068
63832
1647
63085
16655
33396
30509
9705
58630
34444
36484
40499
39824
32581
35196
11414
39320
9924
16567
13832
6388
33645
6014
57840
1013
18426
63325
9083
59932
7529
17258
1893
27233
12131
45186
24817
14668
51458
46596
39326
5427
48176
22859
58624
11408
22172
11412
9481
38411
13838
47428
50754
11843
34414
5822
58441
2548
19536
63838
10684
60459
7056
30048
1636
26204
8708
5410
35324
35336
52932
18326
16100
18335
50875
52960
14796
14060
61592
38434
1846
24653
12996
29446
40961
7429
64669
22484
37260
3077
19850
32093
59943
39440
52594
19530
3445
417
57670
6088
26113
61257
35044
63466
9538
10070
33532
35316
64342
11052
65505
35564
60390
61080
17797
59179
36952
20722
38738
46953
38747
45155
47779
22443
9059
10227
23138
11001
8361
37742
13163
46073
50092
40029
52662
19427
14323
46762
20844
51875
14317
15867
31643
51149
56256
53772
15850
11514
23725
37022
44678
32230
14660
46896
52028
50499
34439
12876
30872
42717
53690
57239
36495
10128
20555
17411
36730
30252
10880
9571
34701
36234
16227
37360
29248
33661
11507
40027
9075
17867
13675
38103
35130
9757
10794
18643
34349
33322
61367
12698
8794
36413
19027
35419
9015
38262
30827
65047
32014
54897
17503
3876
31376
33694
63962
19591
56314
30896
1844
26444
62161
42271
32588
17419
39513
10666
14522
31524
38696
40421
16235
12477
39277
37374
59135
15608
13155
17603
29262
48961
8593
47669
15005
49082
6710
50951
10426
10906
22321
11557
57359
37681
59405
47141
6199
29943
54369
3247
34136
56954
56426
43351
32470
30294
27895
17039
17839
63143
31592
1055
56305
33224
34404
57547
18133
9398
33724
36276
11963
65126
57657
36460
8294
38760
9742
32966
8712
51342
20333
4136
61238
3973
18746
63757
13171
58311
6293
20346
2453
26001
16251
49177
2129
61084
46142
1375
64616
7856
31989
27048
9392
18790
34135
57897
54630
42584
8718
48868
7070
40683
17006
54664
29349
3716
16384
63246
14784
31101
20054
17616
916
33692
13006
50665
32348
16648
50441
8192
35807
28965
63112
44757
15884
34263
38670
39838
59209
20542
13828
20406
3896
51233
32269
47025
8602
3621
18074
34461
37830
10797
7487
20154
1589
27697
40887
20719
1089
37298
34612
10220
17695
59606
34604
36644
20087
64506
12180
36668
59990
13144
18081
37043
60776
47186
57854
45205
36877
8048
59983
14152
12147
8250
21393
60692
4150
49933
12139
49033
6251
61037
39503
9818
12586
11029
22455
52682
14397
14893
13917
12689
5798
52327
12346
11994
8785
60686
42415
60048
33823
8676
42615
44570
33959
35863
13214
64497
5891
49308
36015
59568
7938
33995
33642
58743
9142
9331
35261
36538
12155
40758
58534
36717
16547
61547
9067
34243
9323
5845
35420
690
64300
26590
60176
58108
11293
36067
54834
30544
23470
23716
11094
49829
28116
3094
51037
4786
41447
42942
48053
48029
47054
42943
7324
5989
27502
26192
45376
25253
41440
25636
63042
27838
34460
27068
56368
42507
30000
31888
27572
31892
63950
65209
35132
25902
44739
49589
14760
52578
2830
13249
20169
17410
7343
56244
23145
58799
39086
36964
52328
51137
16325
41606
14139
23310
3485
35192
20415
16647
5897
3509
22160
57401
37890
39939
51099
44248
33398
17194
15409
44293
18581
22817
59034
13713
17351
19181
56038
59706
22193
23530
19775
43087
13354
4228
21854
23972
569
41857
7332
52334
54574
1730
46969
5460
42865
41429
54420
51449
26757
16096
42897
52414
42909
51644
28725
34621
917
55045
49888
53258
14798
12992
33693
21998
49892
10723
13725
21049
326
25998
7173
52381
53473
1992
48160
46485
44254
41600
20378
50324
36480
36650
41777
27313
33681
41927
55814
41885
28730
31386
28138
19023
62392
64950
34609
24609
44335
47045
42862
7550
41650
44225
7124
47982
46705
42697
5986
55204
44385
27237
45733
23871
41653
6880
13137
56769
63521
23249
57898
58433
10987
64042
55879
59994
21041
23626
10393
52489
23946
22665
43276
51058
44046
50043
30004
35134
54676
56372
49625
54576
13170
16249
26014
50050
53203
23519
50797
27454
29260
39288
691
56124
60502
31520
27700
7334
33794
62772
13911
23768
40661
24035
50075
24881
32577
37822
56778
55367
60051
28970
26442
6656
63537
64058
13202
23218
40368
54564
14764
41529
19344
21790
60496
13916
31164
19499
54969
58784
23774
23508
20019
25748
21524
34811
54966
11024
64250
2684
471
55975
64557
33111
8796
41526
50800
49884
64486
31475
416
43675
3904
56180
17490
17342
44243
42124
30528
17027
56316
1995
62836
64380
32846
55817
19712
13918
59156
7331
28122
18146
20832
47827
35352
26589
52331
15865
56524
53760
33055
9812
31641
34049
4358
30837
3437
57528
51923
24027
56378
56794
32673
6087
13177
16242
44045
30981
59407
35340
54358
29812
3675
30161
22192
24299
55040
3024
29356
56541
14788
13004
41115
29444
31594
39937
54644
60486
65161
11489
43872
54656
62844
63115
14664
64500
48333
46150
64372
10506
5135
41969
16735
55205
34813
215
2679
422
17318
31482
43624
18968
16504
18533
61543
95
55466
27890
48649
30052
43355
47564
7355
5264
30297
56416
34412
59118
58802
60163
25966
2467
45636
62972
54372
54889
35326
54652
3195
1264
18787
31984
42587
19586
17886
19296
64610
54772
56308
21768
47556
7174
28291
31464
23299
46563
35858
26332
51613
12868
55229
57238
25716
59029
2053
42504
566
479
16727
18888
43638
41431
30282
19734
56737
1735
32991
63601
35917
56373
19973
12536
54240
8938
62964
46973
56188
54780
64235
64508
9361
44288
52410
50407
63721
59382
49142
24743
60761
28773
42861
45947
6012
4448
19039
55210
33633
10882
57566
59492
35416
934
49059
42859
47802
7123
26538
7287
48507
47020
27837
28077
47979
20742
42675
27579
27578
55203
4710
49245
1418
48054
27123
6075
45772
47436
27324
25260
48797
27498
27318
26861
26851
5990
8080
39276
18975
59123
64902
9758
41382
56022
32983
63261
15611
33119
46716
45728
63610
9632
8788
39800
34357
9006
57583
11743
33582
36389
29393
33887
12021
36158
9055
62290
59137
39625
19810
27023
18611
6695
17949
29738
30101
19091
38847
8417
3281
31669
3146
2617
62838
37674
2089
16946
49321
10036
12725
2255
43384
53189
12814
36056
40097
50238
45876
21921
14185
16847
3634
59469
6200
1782
37777
655
54774
49997
19423
17759
23117
56949
31850
14087
11521
32278
45457
3605
19221
46922
18010
7471
4250
54950
60853
58261
1701
8127
10810
31087
20186
61226
1242
33738
33899
60536
62630
8921
34481
32955
11742
40197
58316
36193
18281
8362
9419
36041
9418
40731
16801
18717
60735
29824
18228
64561
14020
30321
12102
17012
28816
35229
15730
39200
32605
46313
60196
58266
18858
7561
45109
30463
8665
9989
2389
49017
6805
55718
9411
59523
5312
51497
17523
9197
30071
30858
19461
16435
14201
59336
55576
16853
30106
153
13763
37760
1161
20426
37454
11365
35293
1225
50104
64536
15714
15025
8243
51310
47525
59972
13323
17081
32047
16359
19201
3207
10309
30752
17300
62865
63093
17688
45466
19892
2624
26189
40392
35210
32333
37824
34875
10625
33370
32217
35105
35371
11713
38991
10795
33329
29529
10842
29911
40159
10458
61275
47266
31062
38705
4649
1455
21297
8900
19631
12445
48836
56565
51016
8610
58592
4606
11105
20495
9108
14373
6345
27015
24554
35752
34072
38225
25697
4928
50685
14901
11700
7848
10419
33361
58709
34333
5343
49959
27863
12593
12321
10899
51249
6490
6704
36525
60373
11561
35778
34661
60098
10181
8911
34750
33461
8910
62117
60335
33390
10159
63394
10158
35535
8866
61183
34021
62245
57426
8447
36606
33781
62709
58594
65070
33006
12015
11858
8229
58146
61682
56440
18243
51731
38432
1690
30853
19331
57384
36996
23732
18837
282
2937
30231
6893
1801
62978
24532
16463
16265
54069
51499
53008
14030
14830
63810
22962
842
25932
15737
18959
42302
22429
21319
47904
10322
19622
7712
6395
18943
12004
48635
1530
58035
57708
36929
3158
38717
3173
1706
45331
11235
10758
8067
7104
8341
59529
48073
45126
11635
58548
19706
47770
18853
17357
34171
31022
37440
58985
33665
35979
40356
39001
31271
34673
10585
11338
13315
19634
9482
61267
64097
7211
59636
30192
18932
61681
9934
58658
4592
18020
3152
26461
11689
59884
33789
46409
9801
47699
11331
6900
45296
46643
60009
8281
48137
4196
10848
10553
9475
57587
47363
47586
17763
6795
58924
28922
16469
19699
10194
57374
7374
31333
2650
3177
9675
8988
1529
17162
15586
18841
15595
55556
50059
52427
14194
13186
18250
50034
2368
2618
13771
30217
19013
4422
63809
23779
38942
1936
20100
18513
29969
38185
20876
16452
2832
3581
59471
56349
27805
59948
34795
63972
58092
16473
36849
35835
39061
10258
64038
34273
61065
11242
62198
59672
10234
13307
50094
48272
37106
48276
46403
21500
9732
10564
22363
5433
11312
38827
39522
58688
22354
39409
53030
18671
13305
45891
21660
20563
35208
15950
20114
43293
55334
56907
16357
8260
22007
10051
44157
32489
15179
47606
51452
21004
13281
16370
19946
50157
54499
56774
35981
10581
47667
19257
36213
29473
8217
9743
35214
36741
12804
37961
32324
34430
10575
39410
59348
19144
38498
41232
57328
21143
58450
37286
23018
21644
8437
58607
23635
4125
58039
60524
61694
50973
18288
27330
58225
41303
7109
33334
40147
38341
2032
4739
43950
30587
16855
20094
47791
27693
34868
23321
3641
15549
22875
27973
237
1168
46389
47510
13008
968
33030
31920
21934
22056
1577
62154
8874
64364
11116
62122
64186
64444
10154
11194
64106
10188
11196
10860
63404
63436
10186
61634
8386
36205
11967
37126
34480
62399
18272
60368
65122
11485
60891
11954
8367
64701
62639
23009
60641
50827
11334
52212
5515
7373
9892
9561
52424
5490
39776
37941
59658
38172
21514
63510
7161
26140
22268
44025
59079
60323
9542
46666
27930
5672
35747
31354
38395
62747
55829
42460
54199
63453
10559
23897
19643
16577
46681
11360
63858
1774
37216
37940
5386
27272
52739
42270
5581
26397
46655
41311
60539
58817
10579
48368
26226
7298
33190
36516
5445
61575
44704
21965
31272
14044
48134
25156
1516
1981
47524
46419
14776
2498
35587
36613
58949
23570
26678
27434
32163
44027
7163
36147
38598
39803
47866
6950
43766
60023
19323
19117
27388
27180
30410
51064
6013
52220
58090
64864
50451
23738
17241
11796
20993
54155
11132
58545
10230
43659
40869
44431
56212
64636
40108
52116
18375
16947
5791
11322
61818
56033
37427
10099
50770
42626
6788
33232
46166
15165
48891
12544
25382
28203
45142
48678
13984
45291
32205
30267
24667
14301
60630
12504
47035
12972
48070
15210
26915
27334
851
46099
15928
46471
29388
30920
46950
35548
16137
13443
46180
52269
39422
21151
6445
5360
60431
10565
49680
47537
37430
11376
15458
14823
48260
19886
2305
9205
34031
50037
28563
2538
33026
32994
62462
4018
4893
55536
35855
11637
43134
4068
64041
54858
19008
42543
55783
56011
17087
18847
1796
43455
18119
28850
18624
20010
24755
5282
45166
4271
25781
41167
25701
45237
25710
24766
41122
46270
4290
5295
24677
5327
42178
2888
51377
31280
42391
26133
54663
6298
55476
54163
34365
42463
30333
60726
56833
3369
23848
2240
63119
31802
55811
22319
46061
54999
3765
1430
29497
21429
59335
30072
19940
559
25974
61130
16926
30633
61643
22905
44549
61769
64872
63160
58282
55512
126
59921
62635
57977
13871
20477
26737
16448
34353
44057
962
3647
31604
31284
63821
25972
55086
53829
32161
17424
41240
1232
39972
1695
18244
23172
4280
19473
57301
55557
0
49369
47841
2525
16916
3471
22960
54297
34324
17814
29491
43653
2504
31266
29045
31797
53321
24693
55016
53451
32371
18566
43376
8751
58094
53353
34798
43449
22543
33365
26721
26033
10239
47314
6616
10018
33374
5337
63279
29847
44744
1939
62792
26596
54059
56902
19913
17225
27799
41929
30652
29194
19256
32739
25313
10358
29154
16468
34796
41172
44618
24835
64305
62753
10998
57025
53388
6781
36620
16852
39445
344
53106
1945
43313
23785
55665
7999
54388
53300
27800
51652
3208
45461
57249
649
20878
55394
45880
4954
28198
50100
28406
45862
26686
25387
41820
3704
5100
7770
25909
6367
52945
11663
31512
848
27339
21973
24394
27558
25649
26919
6762
49089
46477
6844
36174
2265
39652
60322
53416
60079
62149
21967
44857
55749
62126
63438
35490
54398
45937
2212
63397
60367
24178
41972
64786
26578
64252
4060
2012
56739
32723
30547
44404
34692
36708
17268
18604
28498
54188
61587
49537
42930
51031
57276
8401
8554
8079
5999
41443
49370
65284
18355
12119
44946
55186
21859
35810
24795
35410
1211
60552
60255
57993
30553
26835
36073
21606
46554
60242
21611
1292
25862
24285
62897
33646
6327
9681
61029
55507
17252
36533
50650
38927
58293
2155
44551
45837
27289
24046
33726
14957
3805
58302
60672
47318
58213
36272
21424
36453
30422
48472
26635
1624
38294
52920
50056
39528
7869
10888
6245
11958
9062
39046
38629
51302
6789
11016
52888
5784
24821
21627
25889
24830
2167
892
4000
48660
1012
25637
21875
28218
2502
46334
26865
173
44121
41448
41147
51032
5307
4283
4505
5302
4198
41449
41142
42086
56453
4760
42091
7326
35312
21032
24622
12541
1147
45181
45557
46117
45301
36640
22982
28464
1833
58445
25854
3326
22175
26801
21463
21345
2231
60130
47108
60399
59999
23951
35567
22531
47844
48641
24071
2705
43423
45020
42696
42850
57037
17278
20324
55321
55977
41663
41840
65077
18879
57170
44616
55559
37882
51313
51825
37873
6263
6775
6394
10362
11002
52506
39455
39087
10874
11681
51441
6897
41062
42171
43463
41067
8060
6519
5222
5235
53411
42166
43459
53050
4278
5227
44967
4203
24739
12817
33662
26540
48765
46717
45738
32025
2720
36724
13845
16037
59775
29170
26795
47527
22527
24514
12401
20727
49100
47052
48963
57631
47018
12666
14116
16180
59331
49057
24487
46914
50521
39822
40990
62315
5243
18206
19801
9328
16544
43145
39961
44960
54224
11883
50430
5483
4426
23322
50915
54940
1786
44365
42560
49475
56807
52620
23084
6944
7675
7194
56343
23111
37187
44152
32494
48078
14616
52732
20994
23962
45340
19943
51949
62610
64845
25189
37973
14892
18678
51993
1564
46611
55033
14023
15219
40518
23370
3578
50728
30371
35495
9488
17691
43768
29460
62150
11816
1879
21271
33388
34666
41280
652
9726
63435
52813
50672
56358
14591
26643
15866
61646
9346
722
24603
64935
33890
43926
56599
11053
63165
50268
52029
41273
36857
23159
5602
41768
6027
41279
8275
27691
27329
36496
41616
7362
63980
47088
46644
43167
58251
5449
18100
16259
65359
46976
64200
52267
49424
15936
21136
18724
14828
33569
36388
58128
64783
64457
40502
27100
13561
41641
51666
64221
63870
63738
44374
15178
43537
22811
22215
25684
37476
38440
63498
23010
62617
21001
64690
51851
52430
16371
23891
61770
37660
35118
35367
24137
35593
62413
54558
50637
1821
23359
55135
15483
13761
37971
21232
1650
52354
30630
30116
52805
16519
54688
10527
49446
18657
47867
13090
21148
22355
25174
47915
17810
44061
63560
62793
47078
40772
15903
56433
23234
23168
56753
46918
41628
44344
49750
3051
50868
23581
4483
7113
49460
6125
1711
9849
24975
15951
55062
50632
64635
61814
33875
41712
58644
27778
21799
24083
28810
39733
52857
2890
36211
42512
5883
31283
39741
38560
24058
6957
44317
14967
19312
19885
2579
2604
34359
2754
13169
42890
7112
31798
37484
40504
25072
4748
42617
34683
16858
20089
23983
3117
29492
10323
65056
7212
56355
9536
27175
27427
63642
41290
4595
62253
46659
23292
17891
9708
37883
28360
49935
811
54762
3701
42375
51434
55474
43155
3654
44641
1526
21325
54529
25545
47160
21366
15694
30588
23974
45599
22807
23243
3954
28659
58232
21665
60586
58169
60696
26388
47296
53118
18337
55672
46031
36057
61748
19663
48834
28335
7989
17010
30654
29189
45986
51657
33240
21121
31406
59324
47498
13078
14581
29465
49074
24467
57962
60792
47645
3568
47457
22500
34843
20659
59517
9847
20739
32787
36852
15862
7793
52986
57522
29042
1820
47736
57826
50719
21269
35977
37442
1457
61764
47316
49336
64529
57304
41989
30702
53102
45839
31829
16914
25567
58089
21134
26889
46984
217
485
20670
21717
46264
24421
345
28424
47001
23640
47470
23781
670
41158
58557
5768
37193
13699
36196
16230
57022
52837
4299
60370
29580
45192
16680
42729
23013
22966
33176
2690
12629
3044
21969
14318
48850
26724
45277
28162
46687
45056
58088
22148
4022
39977
17532
5048
35839
35551
61957
65331
49022
24373
19480
16856
30385
28859
60194
50137
35280
27934
21925
60029
784
48425
21291
24086
47224
22774
32160
22590
59952
13997
942
23061
48120
35369
64337
2343
44291
49103
21485
42711
3768
28310
2763
22536
45130
1702
19938
27087
31509
41518
60526
5934
6517
14822
12645
30681
57288
53049
4853
58040
57485
32592
55614
42789
13451
24497
17921
2439
4902
35529
63636
17903
56952
44790
49050
19890
29486
32325
4920
27103
35784
35983
18620
4903
43942
36047
36501
64915
8113
53146
3287
31672
31009
31275
19224
50127
33728
28632
49316
190
55759
46265
43377
53199
54386
44852
1029
50226
2405
20488
53409
27097
49006
1174
53034
25872
54103
2390
52892
50003
44867
56972
26653
43287
48672
47355
55594
235
20637
57560
22459
15475
48077
58986
25676
27965
26707
46108
13765
21895
29379
30917
20838
31452
57353
48996
19167
6443
45843
30334
62708
16415
52793
24131
8176
64356
31118
32597
4985
47538
32165
8870
28809
34746
2460
46989
60968
58878
53056
4071
33468
16213
22054
23323
6422
10187
336
8398
12630
63171
439
2700
58386
60205
52822
56876
32959
34900
23571
22213
49456
9949
47064
30238
38626
903
41635
45220
49291
52428
26725
44886
3291
21470
45907
48128
64340
113
58953
48121
28361
60605
47488
2629
24813
25824
24117
21654
57952
25544
30470
35851
46457
46632
26190
183
15926
18107
41270
59676
15956
12950
44596
44688
16584
12964
46732
48312
33183
54818
46376
46541
35368
59100
20998
3140
26092
26557
21668
24147
59832
27074
30211
28677
15173
48146
822
60642
65123
5003
23347
30577
65365
62195
53092
24560
7371
36197
29569
31883
39753
4978
30075
29024
21638
14022
46587
59136
26701
25920
24406
48685
15227
20715
32198
31547
128
59357
15469
1979
44151
24602
56284
45978
22619
51980
42134
2189
26224
49389
48915
48064
41267
1511
3174
660
59001
18381
55584
58669
13461
59785
28431
44870
16944
15157
48365
45648
2484
2017
61168
8006
18735
23011
5115
28910
20098
17233
28410
7723
24460
65348
34073
34840
45866
55581
29845
56445
61763
49939
7115
30177
30856
19340
24390
8076
23731
62613
32799
34320
27562
5101
30699
2213
51412
2443
53274
46393
51500
53011
44644
42227
3926
50610
47504
20571
54239
1406
21422
60826
12582
14864
59995
10054
40443
38739
37194
11660
12572
14887
57731
11772
10214
59373
39581
48531
39145
26575
28737
6665
64839
62287
15763
28967
24871
39659
56783
56647
58340
47794
51867
18602
61839
18205
30486
30559
27255
24950
63654
36346
19798
64024
55206
43629
16602
28887
64241
56681
44496
23764
9980
16553
21100
50851
61936
57996
52082
42875
58580
11938
19072
55166
62318
7510
51334
50895
9537
9061
52023
50506
40278
11047
52007
51933
11983
11063
9093
6872
39533
57908
37556
59116
10729
9523
15403
13353
15872
37520
61076
39356
9872
38302
59065
59852
38450
1092
65219
3262
30435
2452
64555
64480
36400
33424
2820
35260
56377
42510
31171
1326
42306
11850
52943
5816
9701
5434
50877
52966
40506
39830
7062
38433
9477
38413
9935
5409
50753
32586
64975
2737
29679
54095
64237
63717
36666
36250
3482
62407
55813
43677
30671
33
62279
19364
42196
18059
31001
18164
27771
25616
62563
33520
20057
64642
54880
42331
19668
17788
42402
47983
39814
26313
31820
7333
33436
63043
12886
31531
25282
39965
692
56114
59018
48344
50792
32351
33813
15395
58782
18006
37532
39316
62038
60395
13346
35869
11043
11842
18821
30343
62808
7924
39700
7294
9856
47459
52347
52176
13411
37616
7017
15490
10665
38254
9587
47490
50604
19350
25286
34698
18263
56374
44461
42858
35658
19741
64791
26311
474
56743
31782
19501
42509
18585
28448
62995
18770
55808
41580
43347
33088
17036
65042
26571
56179
57084
28713
19179
41883
61347
40915
59275
10112
57443
14876
12560
39011
37363
60755
37755
10224
39515
58320
58235
37804
15816
39477
29976
9199
29407
62744
38949
19409
65119
59461
64424
31071
12433
10753
34421
57601
21289
16140
48151
15680
11802
38161
14316
57969
13567
47822
39841
5882
46852
59595
14618
49124
61816
25519
18382
30415
54393
25538
28367
31602
36148
16949
28322
53305
43320
31393
64633
57256
36748
24676
46983
28804
45455
20615
28547
57809
16223
339
24417
59242
34668
30562
12426
338
20623
12625
55836
12634
56596
41756
22487
19826
63732
47057
43170
19107
57455
61399
62227
49114
14768
15932
60081
62634
11737
14280
34167
8670
37125
31197
12718
10757
18854
9420
15060
9408
34027
64569
57579
60629
20262
38862
37493
29112
12553
58454
61752
8256
39421
31758
32998
17483
51493
37448
17291
40870
7049
41950
38680
11230
64873
4120
52846
55897
4262
9421
38272
5318
24805
65341
58759
16128
20192
38616
37067
31666
15215
45294
64270
9558
4169
32701
34275
57125
63856
35826
18104
34867
55509
27080
35362
29048
33333
16587
28584
54533
18249
32380
64213
16921
15901
15471
47659
58645
61411
12514
13455
60878
14409
48118
12546
46995
23639
59048
13088
58455
34166
65197
57377
64346
11727
37089
63005
60856
14485
30237
37121
9039
31834
20183
14287
29914
37915
51625
8221
18297
4645
49272
44921
8904
37285
20464
50232
6133
43006
11438
39206
4862
33457
42293
28898
17701
4020
41771
44582
19918
63561
29855
43070
147
27031
17976
34740
1025
32947
64846
17697
64832
57039
43495
43723
17073
62623
30700
41985
54602
1795
18635
63183
29156
12766
15012
31960
10191
8905
34417
15823
8898
62127
57605
15154
19621
38712
10146
15545
8622
22760
51551
6833
46805
6181
50808
49887
7809
52079
48389
52984
6709
50945
46424
50159
8081
59918
62970
15760
3098
40716
42609
43802
1041
25263
58345
44785
38892
40932
31223
59579
38660
28440
22944
1313
25
2170
25468
28528
48658
26868
1093
24236
1338
26941
47614
25375
4013
16492
42298
65008
54991
65022
35249
65231
1249
25103
18307
25607
43643
41427
54593
18555
63316
10081
43588
37210
55843
37201
62402
64963
55330
44340
8335
43068
51159
53130
17228
12247
49263
38123
32838
55688
8416
46121
20526
16160
57320
53145
17494
28488
2549
35325
16541
51689
58443
18699
50009
38058
46063
36412
49192
51429
49038
24469
10710
53246
13687
13430
45906
17612
35120
60472
42585
16294
17376
12872
41915
44521
56974
43161
59253
44651
14104
24437
17755
58573
22837
18184
38288
40704
30090
36669
42376
65158
48866
28255
10169
52894
12491
12745
58780
20413
34613
33819
23621
46
57366
1136
20605
20757
46120
24565
32576
21565
48
26446
59725
26905
766
58733
49999
39770
47055
40621
22449
52687
47144
23861
59014
24465
38429
37514
45121
11991
39274
36493
37011
1752
47840
54415
51122
49635
47342
23817
2902
53138
56431
44119
58267
25989
17495
59819
41830
34979
54757
15346
43469
44726
57112
42053
28784
44973
35346
33049
54104
61052
15609
42209
41059
54984
55252
57030
62334
65492
55326
44457
53775
43179
17717
63745
53330
42277
54279
65516
51039
55218
6026
57267
37073
37338
8065
49519
53651
53095
16388
63244
8279
41188
53650
53134
26953
4129
6533
47124
21777
21525
54306
50431
8085
28226
45903
20552
55710
49172
49150
33313
14997
1741
1718
60709
51895
23990
19425
43786
570
40337
47670
22327
30360
34341
57665
20753
20532
57457
45082
49091
22476
24355
57617
20906
57770
12610
57396
14140
45217
20602
45378
40334
16493
10024
59173
32982
62522
18870
60690
15695
11669
20343
31165
32266
59390
38681
35031
52855
28844
59857
5754
25369
36336
30483
57985
21098
11951
30843
2686
420
9969
23002
28434
52514
59297
9154
4899
20511
12794
57375
11554
52531
11571
61303
46961
45562
4914
50115
16151
28370
51465
31458
53433
60388
64648
42197
17038
61849
2052
37534
30303
25953
55662
34436
48642
24284
34452
219
31364
1200
15496
15247
57998
33113
2147
33438
47462
21863
58962
22992
3596
44520
58881
5051
5049
21999
14442
60127
19944
40345
7577
61111
45953
59482
54024
41910
16103
23521
25359
46039
46047
2234
15074
22708
60385
15711
48479
36241
45827
23186
46337
21946
3473
52926
19566
18056
2421
34259
65280
18361
57902
33525
56933
17627
29628
32004
47422
38633
35794
28540
15615
29566
1907
48758
22141
21114
32030
28064
32676
15352
58789
14753
30706
25456
46247
28610
25957
1996
992
29215
26333
28294
32238
27904
3907
35672
3242
27127
782
34596
1185
44731
58732
6525
9861
22921
36704
29651
16942
37621
7782
58587
142
2132
18078
43456
24194
40225
29965
47031
6074
34246
64410
30438
11560
52534
7482
20151
30253
29258
10129
14319
33991
44657
31246
54903
55690
32963
36240
29673
17025
41578
57082
30907
30508
32580
55649
63007
33218
36225
38745
31976
19685
57737
38689
37349
16657
62031
31647
37362
59285
14993
18264
34693
60754
17413
38101
62431
58734
8255
65026
34057
65444
11986
35032
39281
10452
59502
16601
18881
36872
