18631
661
33555
5285
27049
54042
40875
3074
36732
31639
50922
31926
21393
37791
32233
13066
57692
60673
59785
59296
1440
14284
255
3345
57463
32948
48836
24032
26404
2386
60433
22844
35820
62037
58727
34723
26019
41095
12494
53054
46517
43020
50924
43397
50481
20705
6709
13068
56300
20017
54743
38738
38354
9575
11148
38674
55506
19228
17164
40460
53473
8273
16513
8972
19722
55469
54710
6192
63904
62633
49935
37997
43440
42452
44452
39114
63700
8715
55773
38346
59591
18491
54035
24258
9579
37651
24105
14404
56862
34999
17162
38997
33695
21407
33650
8970
59383
36546
58688
23538
21362
21792
2124
28194
59460
59175
58823
16025
30097
1521
32802
21927
61094
63984
35286
22701
23005
44324
14522
50159
33901
65263
61999
43296
52761
13227
6224
21046
19030
17419
55766
56073
49929
65033
8255
10781
42448
16607
7743
11530
38756
12123
20251
37430
34810
50153
34230
15259
13243
43140
22314
49215
61117
63284
62852
42368
52185
12443
43785
13738
18487
56738
55735
40449
37553
39351
11884
39122
56754
55511
55719
38060
17153
8961
54738
39335
17574
50147
35145
38093
14769
42859
37923
1729
33839
3732
50462
42602
1980
39422
30864
14764
19094
1520
16933
10909
8893
31602
52522
20735
56616
2980
836
28791
23369
62107
30624
37574
59447
62867
18791
32421
565
44839
25518
49902
47573
6999
65527
42277
50913
13057
7651
10551
60684
33997
57893
30912
49923
39734
22209
13343
54890
45940
6206
13459
15218
21220
35169
21190
55191
2393
54560
19141
62149
58695
64670
24404
19638
32423
247
32732
21935
50577
28985
9671
30469
60251
59013
29895
679
2800
22991
3611
57968
61375
60079
2134
303
20718
57371
1589
659
7119
36624
61670
25516
38053
17686
1802
33657
47762
5291
39824
15772
31930
32488
28416
62041
34785
28777
4070
25514
23491
31882
9276
29626
29710
35752
22508
3379
43401
19762
24576
62192
30638
5849
63780
50911
26291
44335
28133
7023
47589
30371
27557
531
4649
48472
49209
43939
4356
41139
44460
62119
27910
63906
61807
4796
29403
48445
51712
25819
63176
45023
63173
6965
47812
16405
64264
49256
23584
39699
12612
55064
45488
31936
15001
36767
38494
49012
61445
62949
4526
34377
50456
26303
40739
42861
27340
35631
29328
8131
37365
3255
4198
48532
26281
45363
57835
31955
27144
27870
24454
2661
20765
29150
35354
35926
23130
60651
3848
36749
3845
62357
31551
8035
64759
50492
26790
7212
52704
5084
47709
32427
27392
27366
42275
5348
53043
2533
35837
30387
25230
24760
20518
29838
23866
30654
33334
32922
23450
22998
29315
58379
26275
43689
47672
7353
49583
65460
3171
61872
25054
43711
29139
48901
27141
48904
65444
31966
64672
29120
60145
60480
2756
3956
2380
23081
1057
57668
59948
61436
3575
29330
24479
61217
3232
752
53661
57123
2372
52414
49702
29042
24048
55854
59820
56470
50330
22857
31863
60833
53187
6656
19026
45017
46138
2310
23091
2317
10770
29402
36824
57614
8540
20840
52228
19473
64569
45507
30472
60451
6198
62726
15817
37694
15128
17765
47474
48578
22499
13428
16280
46696
3267
853
55186
53289
3319
51658
49555
57927
22613
55731
32175
53704
52892
23207
30422
59451
49353
13874
54058
20534
14473
17540
28541
12020
33879
21902
49514
43965
14842
24881
55212
10733
20444
52312
39430
24332
52618
56712
33360
1250
48271
22804
4843
37397
35377
48519
29161
64030
56538
37039
32540
32983
38727
20081
41323
28295
10510
36495
361
29716
55574
8469
24671
2306
5488
12452
26825
16604
15065
48596
40806
64133
64276
19163
36612
26985
39692
8174
61524
15284
46457
26943
3493
18042
13527
33917
9541
38019
10971
18504
57906
21110
10150
53854
40765
3540
47475
8194
37319
36874
10854
55227
61354
14849
58993
15549
20237
38586
56125
57815
34759
39777
56508
50772
9991
12460
49541
53723
36620
27220
46628
15570
44264
11370
35778
45337
47097
50975
55004
51624
4122
61402
51312
30936
20013
23511
38369
53713
27159
47661
16935
40218
22189
24721
31088
24324
27952
57190
20764
58466
37507
50198
64136
54302
35921
13015
39482
4701
53230
15071
31081
40910
45132
34486
39865
6324
19851
27417
38196
35682
28124
47746
17804
40405
26270
26018
6581
26063
51251
19639
28000
48568
9850
39530
11217
18365
31039
2419
8615
57149
36865
2175
5475
14029
53804
24487
15207
16737
12845
11169
36503
22237
11542
56875
38378
15841
53674
9698
36714
152
54156
40902
1808
59233
12930
64404
36521
38578
9429
54411
13820
15668
4501
9012
57530
50596
48970
56540
11900
61147
7037
24201
39261
56708
25728
46152
17226
61914
20530
28497
30165
12045
39846
16298
9235
55336
58101
13407
60626
14664
18782
37701
60075
60809
33079
37339
54970
24804
53898
37031
28188
36372
3938
65265
58377
38223
10883
43741
23020
20964
6128
8760
32876
2
11753
24586
21405
59674
33185
17658
17711
14839
23485
20746
36584
20349
6087
24084
44140
11496
1799
28428
38148
17692
19965
36512
17956
13815
16062
16022
7106
17016
33257
22303
44138
61604
40620
45276
51659
44838
23494
21454
28290
58150
8638
50373
15961
2862
12372
38722
5449
24751
65011
4311
27577
47140
26294
39705
14152
7010
8142
63781
26538
34462
36959
64120
46400
2399
2131
42618
242
41094
23894
9554
3025
53836
51787
2812
49463
24139
53053
51279
31043
63026
24886
49206
64359
4529
32679
2977
44155
50909
46797
28522
31394
41338
30636
27515
8060
37092
26566
24743
10000
42849
8134
15252
19528
26290
57496
186
6829
16677
34800
14126
4204
63992
13479
49114
64803
48431
12819
26554
14408
47725
17101
12983
13395
34200
26285
38013
47424
28420
63641
8038
26017
45127
16122
38207
15124
17799
64893
64250
27404
15992
40942
64436
47385
53198
9414
30390
64117
7502
13637
14149
2091
46971
19707
37494
22677
46587
22174
8491
43301
1524
3577
44156
2112
43144
4058
52183
1915
41329
43512
2368
2614
30381
49202
52558
42373
1741
21731
28583
1974
31339
33424
64205
18760
27825
58782
21013
34047
19747
4522
22568
32618
20728
24307
53190
23365
31611
17141
39678
43307
64635
29691
21317
54430
7494
53653
3661
28794
62879
15882
7271
65533
48967
12602
13309
15903
35210
62584
25760
40416
15229
24577
40625
46355
65293
61703
4010
37714
18764
60914
61180
42609
9558
14411
13398
31549
53835
28983
27489
5818
22100
22617
61612
21928
58698
53707
54469
5442
10646
1864
22442
20212
44846
18425
2178
30428
35637
682
45077
15195
12315
59976
26758
22984
48667
456
3192
57971
20771
26206
29898
12293
675
33076
32528
21117
24337
27020
60744
15046
29713
33478
36700
24921
12837
60538
48590
24320
62000
63802
34521
37585
20610
41320
19810
41034
35714
49966
65496
43370
44616
4713
50838
20537
62121
56127
53353
62846
40040
40803
43134
52672
55918
5061
57139
39680
50611
43385
5316
36864
19363
18344
53363
39933
9771
36902
11050
39806
55117
55110
16634
38853
18171
9928
53374
9925
55045
55048
42629
23246
24446
3107
2597
64280
29006
33203
60611
51171
49048
49390
18024
9781
49973
35791
28713
2430
23652
28432
57723
9994
31252
29379
36608
27536
23738
54998
44552
20681
57651
62124
60515
8511
40804
43131
37216
49858
55919
65229
62843
43388
52918
16136
7623
16133
50117
55870
57187
9147
40845
40838
56957
65221
53533
17834
56406
37173
38326
42355
7848
40755
26885
62727
34483
63844
22239
44395
44399
44876
35695
61515
62061
42348
43851
29283
64764
22179
19136
16836
57209
38856
36990
8371
10165
37311
56190
56179
18117
10944
18120
11460
57215
40105
33216
49974
31776
15112
20584
58494
27411
9486
30488
3531
2427
54229
23989
28575
44550
23744
704
1484
7971
1384
38591
60772
59245
54150
6959
3915
610
58809
58443
60599
50774
40899
55865
50118
19561
10834
40065
42872
37260
50125
18962
64424
50878
42362
52147
40756
6314
39984
57795
35534
31811
20893
23629
25126
1066
24910
32077
33094
35990
27285
47611
3992
36734
23715
25861
2311
5705
13675
38466
57631
36382
57930
6210
584
3951
59744
31357
32870
3322
38569
63969
54853
25574
28510
48149
8965
31481
35475
27888
10703
53872
15605
18483
30810
8350
41495
54085
62698
25319
56439
42512
30708
9734
33950
26352
39628
64345
29777
18237
13045
11923
41494
33638
48224
29575
45680
56437
17360
36058
4214
28741
42518
45943
19475
55596
18713
45637
54855
54118
22524
4999
20187
34593
50055
19780
40432
7697
37734
22087
52828
39209
55593
40506
34375
15517
12694
5446
38456
54885
64240
65535
51277
44841
10206
38707
63638
51780
62877
20813
35910
51601
64924
50150
52524
42050
5094
65261
42379
62859
6545
49703
7773
43146
6234
62530
41543
53824
63580
25591
54340
44562
29687
38286
20056
25889
8736
62231
32498
17381
9189
40345
41751
23794
42597
45706
20807
33058
19012
1162
40959
46107
63331
6110
57129
39456
603
63032
35911
33398
20823
4634
41829
34416
51033
57276
39061
5760
65075
22441
50266
39591
17733
13510
35863
33399
46704
30022
33970
53581
18207
33822
44988
30797
7822
47039
18048
6770
33411
41749
56390
38493
38746
43308
38682
18315
63788
64807
52546
7490
54877
38422
65015
43505
63985
10123
54806
26971
56384
25335
25626
32029
37006
1265
19283
26914
10793
53572
9957
38888
32252
12191
45590
33301
54800
49910
60696
47149
12335
14628
50694
51533
41330
55060
14064
61659
13040
44151
45894
22109
48245
6428
23716
35952
55737
3166
37016
48259
62269
41830
16453
39343
51537
27848
34326
50587
52890
25334
53151
44096
5976
6995
31053
50917
61764
64153
46235
41102
48538
63533
41798
53776
56341
50167
35942
46661
13216
15527
27814
52469
53831
54112
15584
9190
13285
42614
45847
10511
51792
21253
8464
55951
29670
15192
46728
22046
43489
49799
31726
47242
34867
49439
53968
17702
14393
21049
6075
16782
53497
27773
36445
23684
64620
13961
56996
45114
13050
40428
18901
30230
39840
33744
30750
7039
25479
41314
8460
35727
21350
38471
27472
10521
55580
2053
4983
5654
50346
54224
45355
29905
21456
18475
13542
54488
26134
50039
22691
39196
18732
24988
29559
683
28218
17779
2677
47736
40064
10053
11732
18248
28734
24787
40240
56404
9646
3803
45690
39375
23811
37637
39091
57016
33541
21672
59775
14782
18703
8800
33988
59603
55347
13416
53936
53799
14531
21408
56877
17512
54176
14635
33938
23007
8727
13152
54440
33766
37862
24042
17248
25281
15017
33493
28266
48859
64649
40288
27160
19924
32776
12501
27221
7407
12808
15039
45692
48202
52908
53973
48456
31444
20617
6013
40279
55950
25987
49273
24121
64727
17738
26458
29404
48204
39619
34227
46987
7857
24592
19842
14902
36463
26069
37040
26515
40156
33414
28073
4794
49981
25804
18873
1146
46267
39273
10355
21720
18622
29501
25446
13317
55615
10671
1137
4966
21006
341
12969
11625
54484
45141
15880
48175
13790
44260
53129
47860
46867
36288
2590
59861
59782
1941
37571
54402
61028
4240
13707
35490
38335
12252
25
6808
32822
13052
20790
58805
25405
23301
55657
27603
31598
51484
37248
61839
53524
34397
22038
49641
6481
39231
15320
29542
37806
40201
12963
39749
18222
32851
23294
58846
15432
20308
39961
36408
59269
60837
38100
17845
53895
3040
37792
43729
60191
5111
1643
60171
38479
8832
791
7167
58341
21478
10807
58208
6313
3994
34518
39074
13275
29117
38985
23009
34958
1263
2344
59690
359
38562
29159
25397
59952
48388
60631
23121
21201
12825
3463
27156
60815
35356
33292
14860
45794
3167
35940
560
34608
53222
46441
14161
13777
44424
14108
49725
36450
49422
51486
44170
51923
12292
41990
25904
18233
6148
41945
39486
62174
49763
8661
10095
42206
16741
6405
52736
56328
9780
18020
62777
5171
44718
41907
37949
37757
37750
9322
62686
55485
56790
54694
63653
18747
51464
41694
62371
32457
6152
53350
3332
702
16314
23148
15281
60091
46176
47555
39690
36609
20674
46015
50437
60329
32463
59004
20788
2516
23655
393
1839
57810
60000
29184
22471
31983
1780
57535
937
30883
64663
47459
2111
51679
42795
26720
49378
5231
64237
61485
44076
51734
25544
6119
2355
53509
7480
41683
8683
10603
37478
10890
39534
56797
19082
16954
64773
19691
11320
19672
51461
35781
61532
30131
15108
25444
41355
22368
49970
32367
64827
64651
42636
50390
20680
7740
25541
7680
42159
41657
64776
62904
62387
52581
63599
44734
42195
41891
62656
6408
50436
41951
62144
5315
49382
36791
63695
25448
60715
39863
21906
35693
2786
3115
54550
23836
40909
30620
27072
56003
1788
56506
10191
50623
58498
50976
21412
55217
1074
3970
58188
21721
52376
30892
49859
32313
63226
6617
24114
8914
43048
14556
53229
17618
62552
62280
42538
50195
25396
4442
49721
29696
46254
61370
21505
22973
14661
21520
12754
58408
34012
35238
12710
35156
24321
47572
2499
18377
3159
16572
38802
38322
31441
65068
21055
20004
2623
655
57991
23168
61588
32055
62921
21473
8455
13146
2919
41313
33619
64417
18033
26333
58351
10512
35645
18496
18679
23393
55575
37390
16108
12887
39445
6763
4263
14943
17791
27857
32996
24684
20209
18240
36144
15972
16918
50114
51401
58140
52153
43044
21273
23321
2836
31586
54930
9148
23308
29666
21252
11188
42540
25538
61846
17180
25708
45330
13084
37989
14526
17435
5058
63020
14486
33540
37636
62651
46636
3154
1878
54598
3465
32078
52444
51926
24194
42875
42484
1413
11612
28722
8795
51010
31814
37857
13546
9050
37914
18477
58202
21585
55629
22861
33761
39191
58609
55367
59639
14381
18727
9487
24218
13212
11619
56605
17308
13316
18878
14610
58639
21783
17563
18617
35017
24248
54551
64669
28096
33306
63271
46877
40039
15895
14269
19729
5583
25955
14858
32769
13725
64952
48167
25137
63479
17034
27344
48527
24791
39555
16095
6877
4271
62784
15959
32863
37432
65137
48263
62123
64933
34118
65148
5954
12508
16089
26446
36482
16548
62841
14246
45140
13742
39550
7238
1777
503
55623
391
29005
10631
9354
22605
55373
42737
1674
21594
58193
9041
49485
42634
21915
23046
12951
24092
56594
32778
40593
19645
13597
57346
11372
35521
18359
19866
22459
57878
21422
23462
37622
22745
59522
16556
40612
7246
38210
30292
22236
19115
5961
19877
2894
58182
63217
26675
18823
63552
47240
39296
27607
15313
4561
17313
13274
37175
33631
13137
63615
46730
39259
37980
21238
61910
7035
28726
2610
54594
3195
46642
65500
61019
42876
60764
14466
17222
21823
22327
9116
22400
30673
54169
11156
42532
50866
30033
21888
56258
43052
55497
1935
58759
13295
41142
21331
13995
36822
37722
55974
47623
23724
9185
55591
27850
35063
55536
52235
18704
51547
11747
12889
49247
53463
34721
31641
47378
22220
63252
38668
34020
45135
48476
52509
55685
38546
45705
33561
40104
4723
54044
24824
40030
32890
962
30252
7382
8964
25570
27700
17340
22162
16039
54041
14156
36466
37657
65164
65153
20100
34450
13244
40528
5090
50146
14145
58300
12801
21674
17699
25519
5075
10924
38449
9352
20343
3700
52789
10483
10194
37608
21713
33466
9199
38137
37715
11801
56612
54099
16031
58692
38168
17391
39200
56926
59456
35056
39044
55584
50513
40681
21401
51340
55428
33689
28402
46401
13636
42465
9488
36607
47148
30876
65042
54656
8875
4995
57989
9338
58481
6833
22595
63025
58504
28192
7704
8055
63335
22014
25599
57980
15442
13324
17029
22212
29625
38711
50916
62491
54892
14207
28320
38117
63375
62043
12562
33500
40189
29481
34115
37158
17595
6098
26662
9956
34862
26489
48708
42604
38793
26109
1732
17018
13217
11830
18752
16055
20077
10560
40464
11908
19759
58273
9178
11769
54111
37727
24178
17370
13310
44983
21241
14371
33816
61549
9464
48039
22863
51052
43698
63034
26561
56821
50689
35205
26011
41175
37619
3626
60968
24690
62619
60313
39214
11145
43986
1740
14324
7674
8287
34085
9121
45603
55680
49838
29305
18759
20651
64525
60630
26353
5770
4282
37713
21343
25327
58330
8942
39059
12947
9729
57271
55099
35751
59791
38458
39890
37292
58616
57458
36320
37912
54565
1505
45014
37785
24734
32950
21404
6899
35417
40106
9535
54663
27708
59593
6300
12126
58640
30730
59192
58835
2824
216
1418
23315
2840
59272
60186
57434
1875
29677
21256
58984
1338
27798
6306
35289
25134
28628
38473
47803
16102
33156
46565
5801
39081
24678
33318
47083
26940
53228
35647
29543
51476
26335
22039
44431
52528
31599
55564
34391
23296
8919
44167
41988
25399
65436
30893
4967
63019
51677
25447
42797
2794
5229
8172
29495
26826
52247
44071
45547
49975
44710
7473
5558
51118
61560
64617
64373
62674
6078
43737
7216
64780
7988
62379
41682
62890
6154
32193
54627
25805
701
21859
13491
13503
60856
47210
29962
24000
33544
37640
47537
50442
49386
5325
33712
3117
26977
37808
60717
23959
33903
28906
5063
38083
21786
54554
31377
25543
48394
35390
31190
64769
62162
12249
52588
23150
42194
19040
19513
20789
56324
523
35944
25142
61690
32306
6614
62792
52446
26329
7726
64236
4574
4688
28729
26684
61977
4134
6737
49718
27734
34760
30134
64642
25953
20585
41346
1077
32354
4665
32768
22469
51673
32646
48446
26058
42151
46091
41655
51373
62395
49767
63674
25709
44733
42199
6412
3338
6401
63937
31197
63948
32204
57764
59769
3595
987
1669
24165
2596
59614
59237
58933
505
28910
21188
60596
2476
4092
56014
53941
1675
50610
49193
59531
20908
57012
29493
53449
51861
22230
59724
29860
49862
5175
53508
41687
61759
53092
11399
49504
8559
43743
16775
57324
10800
57313
51457
20447
51468
46246
48651
33461
25006
27838
12309
12613
14558
35374
48085
45061
15877
34398
14766
46043
25286
90
56271
54192
1416
50879
49959
30685
22330
56111
58682
54935
52112
21891
58762
32312
50119
65364
54643
24659
62604
7442
24366
3675
33955
25997
11043
55112
22981
12792
30549
9160
7193
53370
61781
28496
56904
42013
29276
22830
35501
27009
38181
63878
31316
33523
24518
38854
44819
46547
47575
28809
36573
55106
16776
19855
54054
32386
29742
45535
18899
43963
19671
32550
53369
5589
23456
4112
48510
35439
53123
18299
37324
6680
27061
24528
52048
38582
19580
63493
32944
16296
15011
42533
12618
57643
62794
63562
51022
43051
60667
15434
63475
42491
63224
23166
61365
52372
51856
61525
50981
43854
49045
27288
42632
27726
5784
49187
7150
28995
6115
61743
44873
57212
64480
24720
56187
43550
32592
15483
19211
27679
8378
65299
31743
36806
36918
10951
40985
24495
5590
48917
23507
35694
20094
49536
37583
4372
28090
48507
17017
40627
3928
62733
36793
31157
23097
8067
58555
33153
49798
55342
38826
5261
12922
23692
51797
38211
54966
28067
36816
47545
46519
30275
47214
56191
19816
16738
16972
31631
47691
48481
17760
20043
36710
4230
57203
36872
39685
7241
15027
35454
63013
63267
49487
5966
61352
16309
61849
42744
64671
11224
16597
28648
55673
28569
61712
43551
12926
2904
19971
26142
11957
55422
38197
15816
29168
8900
31763
60522
54633
53235
55905
47903
12911
13931
38230
50767
55371
56686
13760
12875
16332
55628
46627
20542
31158
7296
22406
34701
56110
52620
37800
7553
24947
29118
54197
39747
52308
27053
32979
50840
63381
3989
51242
44621
45818
25853
31822
2347
5115
62758
47864
32070
45555
64334
41027
19564
55651
49401
19732
47234
16271
13704
22934
50498
42877
53528
14640
4027
12346
54602
46729
11492
50268
12373
22792
58067
29076
33952
46365
22985
280
2643
48731
48975
34787
52498
57225
41146
15328
24400
16940
17369
56750
38234
47883
21929
15846
14501
56319
36337
28614
51719
20243
46469
38807
32784
32556
6522
27635
59670
40281
33651
1225
37283
28391
20742
7388
15926
4272
5507
51877
53385
6174
31615
22083
4530
27194
56207
26921
53107
22517
28518
7287
28144
28793
4008
27397
17957
50491
5594
15667
8868
8591
17008
3442
28071
37353
24030
9976
3032
49077
40948
15077
36947
37152
55855
36761
11096
60484
38430
36840
23571
35583
57664
55125
12686
19497
7356
15349
20729
43697
19231
57331
63083
47777
22095
3178
13859
56062
49100
61498
27142
18057
28591
20892
61205
27312
47732
25222
14867
25741
35470
35985
15436
1254
45805
16216
12609
32697
47397
52128
57219
4234
30076
24229
16967
61708
54745
27383
52646
23376
15706
5814
26853
32720
31017
37370
34371
48452
6840
25898
47835
21733
34600
12924
39978
26874
12933
32614
21708
8051
49214
27296
19520
52179
7022
16149
8512
23182
16676
32687
28601
14931
61272
11508
2676
4307
24552
3418
24473
23061
57742
45820
15007
47425
15428
29419
2438
29842
48423
33264
1053
60547
31962
2202
40947
29147
59182
4762
27762
58516
39976
22917
1318
5373
33529
4044
23891
58915
24584
14166
19593
27041
31164
485
14648
64785
59749
12671
20937
64860
24968
40175
14109
45269
38552
10976
16277
39332
17081
36271
56885
59016
38195
13534
15621
35822
57972
57843
37151
53283
45020
3820
37008
57994
58291
4600
22940
36446
39331
23098
2963
7825
57794
24630
9305
57369
43927
30728
58138
51359
792
21267
52151
11185
31597
55479
58122
23306
54175
9105
41919
1770
48396
6034
33308
27140
25108
61628
14873
40628
47714
6073
5529
40604
16532
12804
5554
27884
30732
30724
28807
2820
788
21975
2000
22495
32399
60188
58124
3632
57425
1329
58980
1772
6156
48027
40983
62475
65307
23
52586
3773
43549
47212
46828
1946
29953
50433
46011
63212
43606
43602
5702
52574
50510
63881
62597
27522
6222
32393
41561
61788
45908
65371
28802
49398
48023
45457
17178
25057
28461
13082
13335
37933
33837
6951
46826
13463
17297
13201
7981
63210
32455
43677
58663
3329
3089
9511
23904
11704
60689
44727
41111
11674
54735
21967
41661
151
47002
48392
31766
26593
64529
49769
1820
3774
43538
48736
4608
3333
29956
155
46520
27882
7482
46929
7190
64056
62088
25881
64101
28258
7454
47056
46416
26604
45060
61963
46545
64602
48806
48814
30278
28210
24706
985
2268
23422
31618
34777
46393
2213
58932
939
32894
24822
43863
29021
7975
49501
50765
65303
61722
27437
6957
31623
44887
25066
46817
63201
30285
53239
43670
32196
57900
51090
27
20582
11820
10939
60955
44729
29957
23244
53442
8859
41662
3228
42150
42158
55622
51362
50754
9852
10361
49486
55362
56185
41897
8614
42740
10670
57214
53238
47959
5183
44823
26719
63887
10599
2064
2159
42015
35031
18743
50176
58113
1761
46047
65367
45404
47963
35142
25684
26958
26326
25052
38978
45435
6217
45909
14422
5794
14674
5698
28662
44711
44719
54599
51119
50511
9536
10048
51023
42865
55111
54695
10151
42481
9647
53375
49399
44697
60939
28774
41370
3991
20935
10653
11812
59687
43448
29903
24293
8637
49346
54706
1509
31232
44703
31847
48844
24732
40342
13764
10031
34092
4795
6811
51143
40382
23791
41151
736
46905
36402
29577
30918
1686
3747
1453
23426
28746
59070
30926
22588
22392
1588
32898
25945
5936
48888
5401
64260
62228
1315
51040
26558
44575
48053
45973
28309
28872
61444
45176
62800
42067
42079
4899
42844
52476
24918
63058
26655
8012
28747
31323
62688
27467
63976
29583
50163
47353
46324
5846
26783
62232
28599
27575
61819
7021
5155
47504
25004
8141
26274
6478
62293
47049
7582
45244
1999
1327
52410
22304
39470
30641
43699
41619
64198
56472
12436
7358
26009
47347
33853
30995
28312
25112
21094
3621
22717
32030
36538
33290
21514
58827
920
33661
26963
4357
47332
41491
7735
61527
26518
62722
1903
4124
46461
47101
3808
28347
52232
46692
63973
31685
59595
30019
26542
25934
21366
2933
22349
30798
34630
34214
24234
59131
168
58923
917
44633
32094
6473
51295
51535
26899
63504
26702
5167
30787
31059
25685
45976
62292
30030
49913
42131
58561
32695
52638
548
21033
51894
9256
31410
56758
58060
21648
53918
53197
55741
2448
43683
56749
44154
49582
51534
10565
8517
52557
41339
53574
55718
11763
43515
11512
56397
49907
48864
19713
41497
48122
28506
1027
1693
24162
32538
45944
46136
11532
2232
1508
34145
62176
46304
47336
49082
48124
63062
13564
13298
64433
17286
8011
45554
27402
37963
28417
4911
27027
43945
55458
42620
44458
52474
10922
8872
51266
53834
56440
44456
10489
51784
9972
54850
50169
35818
4005
29978
33193
15561
54739
28660
23710
48169
43018
50490
61253
8968
25581
31429
20714
22950
33249
29212
50483
22208
27641
53466
23955
30240
7694
35748
25831
38662
59717
60877
23788
39180
64515
34327
25139
20645
41831
45669
41797
34421
53148
62263
44133
44103
53863
62965
22103
10700
55122
54807
37490
36881
38423
54386
40396
55058
18892
54871
39772
8887
53879
19873
38487
18330
19355
54854
16800
12233
39625
12239
39725
56432
56436
19119
10138
37236
8347
54861
37110
56298
18411
42378
10219
9867
50458
52758
63627
43147
19226
53482
65254
5101
50157
18059
8282
9530
35826
29479
9179
20514
25383
55438
40677
32290
54538
34455
26876
9491
54659
19979
22167
59990
53193
35862
20829
16155
41332
12570
53199
59933
64207
64628
44144
51897
16219
4512
15450
38310
53597
56342
51657
38448
39737
41584
11978
54880
7599
55092
37354
64969
54134
18635
40170
12858
63024
34374
14699
22093
42852
60781
41536
35629
62020
61551
42592
42052
33382
51609
20726
16887
19185
56391
39569
40002
11303
10796
37186
53570
53575
20380
39580
20369
12177
56386
12188
33276
49203
45612
12689
23585
56206
25639
9960
32033
50958
50910
53379
10005
27122
43779
15516
13004
1728
6470
21169
40749
59172
60719
41178
5165
50062
180
58912
43995
33321
50515
40950
53591
61605
56343
59957
15411
41591
16190
49358
35941
5287
51660
42613
51649
40929
6083
40940
60054
60061
31046
56067
8243
63461
50920
25645
41091
18142
18190
3482
64398
667
36653
24566
21770
3081
4903
25289
40869
58288
36028
32630
8005
49242
967
60441
54666
58643
2549
38551
47911
47552
37658
46096
47507
13075
48897
20429
28602
18615
33546
16311
17311
33681
5299
5866
52685
30460
56621
51151
50479
4060
10016
58276
42929
29145
31065
21324
61268
11699
30844
52269
6252
46021
49175
4453
6629
21863
44040
57544
49683
35612
33548
1459
57569
42241
35765
5868
47116
6747
28695
28333
24653
49287
28342
50395
46891
43116
42732
49494
42289
1281
4827
26348
3069
7319
45341
2143
51599
50469
26640
41186
5151
7443
5523
52268
41710
27434
5911
3981
7063
31387
33562
61947
28482
8986
37958
23826
33858
31527
42730
23958
58257
37777
31762
26346
44743
29010
54567
64971
64555
21831
40373
21716
19755
32375
28919
21596
58799
9679
31186
49303
44941
42047
64410
42892
44284
27093
5714
26735
65356
32373
29237
62464
45998
61725
29663
44029
26827
4188
30509
27396
25364
51589
1888
41778
32287
6869
4693
50828
44862
3770
7900
26155
6507
47108
51946
7895
4183
26037
5378
22383
61468
34675
46499
3584
32974
52589
34404
4587
31575
6045
7959
2043
3211
53031
27462
51739
45451
7047
8183
51094
42721
26337
7197
53079
48913
47112
13466
47948
5718
16252
33778
39857
37766
5237
47529
15114
20395
13329
5055
45469
29281
44751
24039
48828
45212
40118
34244
50991
13612
19125
4805
10183
7326
23919
53439
31457
43911
31027
65319
42115
41971
39271
6632
46024
62243
59607
55607
26979
33537
5857
30835
45047
61853
41190
33825
63647
25368
3254
64439
58770
47981
32025
29333
9494
31746
37930
30508
28449
32439
41667
21799
31328
29408
9504
60655
44184
3175
55079
54727
11450
42385
58831
55987
28823
55141
8296
50821
59942
61430
32045
29339
64275
2374
12701
23597
42776
25642
41198
39688
54837
32764
11454
8885
29525
41161
44578
1750
57714
8233
21467
8226
43566
59534
22860
2420
41670
4777
9951
8297
17830
19690
16669
9078
44479
11286
37819
12173
19311
57021
51577
63924
16384
6738
12288
3596
32742
45994
60344
3210
43481
954
2414
13944
57449
32216
49500
62009
48641
48490
15582
2518
6752
7225
53634
44036
23141
53209
39649
40066
57822
10780
29195
14856
45622
30059
22069
22581
29879
29351
31311
59855
238
21104
20943
23679
30341
288
24174
59141
30779
31579
8393
11977
31991
43466
41256
21063
59094
10675
639
12216
41001
60017
22614
821
44738
16568
38597
11173
16752
57289
19124
57295
38600
11376
10916
40063
53427
37241
10174
56227
18350
48214
12472
1462
4697
45056
59154
51593
29918
105
37586
12305
59326
54482
3974
25310
46538
7854
12083
10757
43465
17968
19412
49776
42419
9824
62079
8404
20323
7604
51365
62405
18952
4705
39993
50236
46298
30982
60120
30989
11268
730
12600
24430
57305
20835
52578
18944
7474
60606
23747
501
56163
53299
5918
42728
28568
49283
39742
36974
31779
64389
2606
33219
57774
29870
16128
2793
42291
59072
47940
8410
60602
1568
62830
13940
48912
18283
20902
707
59908
19120
40884
12153
18218
16630
55085
53403
37296
9798
11261
38443
55999
39722
56516
8623
19625
32188
24436
22905
30565
30261
30859
57582
2601
22149
22507
22155
28996
3606
58052
23236
31148
41781
14015
41
59814
60652
46097
22853
55149
540
21181
16145
47919
60712
9942
50536
57545
5682
14725
41014
64353
61895
58623
30321
56645
43837
14376
13539
58105
55624
30588
33790
65404
14117
49367
64637
20632
28858
47010
16789
60201
65478
11140
52028
30412
32836
39672
53343
47035
45231
37498
61655
27572
26777
14485
39700
46589
64268
37163
38086
13635
26667
16479
19709
25920
65143
3868
36481
61615
5440
49414
12383
55566
45271
356
1257
10518
8478
16080
30978
5953
52549
62339
31451
51704
31040
64199
1709
5681
32730
28207
65251
65399
63329
1910
46079
32068
14476
9002
21899
26162
8156
45485
42924
33927
54
49517
52170
35322
49105
12018
55789
17538
15977
8842
38209
12516
45164
28930
18416
58473
61607
10888
51770
59884
61204
40623
53816
36370
31826
1493
9542
3460
3573
11609
51931
57394
51110
11890
24118
11484
24196
53851
42404
3142
64115
809
46973
65486
6437
63292
13982
55012
46774
26484
28409
50796
38788
14147
30404
7496
45617
62832
37514
27359
27984
15952
39560
45151
64058
38721
40615
12503
28289
16952
16559
27783
51020
28490
56706
50676
30085
64426
50
18781
44252
25743
25843
37706
61917
24204
48977
30603
18779
40924
58102
61915
64422
61022
31954
55164
31403
14468
37977
57398
54596
60812
34354
37702
16910
12396
33367
39454
64006
20223
35983
5952
47665
28178
16105
16551
5441
36304
45284
37398
30196
21116
52348
2127
51283
21587
52177
58878
49575
9341
21671
21125
22600
41010
53931
50565
27510
53175
3186
26317
49002
5901
41386
47991
4007
51042
51916
5690
45233
51883
42497
45531
16612
13605
45223
10015
50951
17566
34340
7498
48066
3629
24211
17139
6443
34624
46491
61548
53250
16817
16394
53998
9509
22856
36112
23457
33427
37907
18472
9949
21599
34743
39783
11452
58286
60283
17142
58964
1756
38212
18249
64254
4268
2188
59524
40059
65266
19829
2885
21318
32932
47284
37084
35922
13020
17438
4699
64281
37509
12572
33890
19298
62486
4180
15289
25977
65138
5497
15964
43467
53030
60347
58318
24660
21286
8629
42174
32988
2853
16084
37028
63484
7325
48575
12826
5535
25875
19743
45057
14266
64615
40631
36461
35437
15888
34205
64947
27687
24082
56428
36589
58269
22810
16241
17482
18375
35319
23482
57709
12298
37293
17697
20482
11756
22740
59100
20210
58792
21834
12219
54453
6137
55702
1859
59261
37036
49566
17780
1620
22620
28015
31091
38858
45999
62419
55922
17969
12093
40823
3705
44766
54906
10204
39533
2367
28099
4779
7550
13638
4260
62793
36484
32852
26437
24796
38732
20082
34683
28300
34222
39541
64582
15060
47465
39478
59076
953
18385
42724
65518
9836
14192
48767
20326
63360
64142
16132
27961
63265
46435
40423
8189
28487
33245
33789
12289
14730
62579
46207
19559
15226
15889
62927
26602
10859
18106
35533
54785
12215
8411
35703
57655
17978
39900
16754
24490
22434
35937
40717
10182
49550
56426
35378
41055
8407
12401
31529
45545
59084
63257
18274
16140
26623
48260
52456
8502
46543
43224
40119
33281
12986
55368
17128
11223
38179
21719
58493
53617
9347
16385
2160
62819
58779
60011
33431
28674
52332
13592
6071
39629
45066
24089
56596
15537
40607
19754
22454
21014
42580
55137
32940
43355
10629
14612
48524
27540
33369
52506
56600
14002
25826
46921
50960
9948
7125
35996
36885
5736
42760
3479
39704
47602
10211
36641
60049
25132
25633
18014
33100
4101
25124
30400
16718
656
65475
22425
31927
49370
20259
43102
30660
22048
52022
47794
42323
65406
4848
57590
63193
5268
43839
15258
52624
12902
64256
33803
60413
13894
23818
61993
33338
41017
64641
6458
47314
62032
57
49411
4633
49226
46809
43166
4408
51562
52979
6674
42646
1490
2622
45001
47726
28979
28421
49577
28424
45007
31843
7359
6820
52336
51892
25045
4464
27864
26683
29354
36462
47925
24581
23283
13918
59848
32789
32696
31400
21107
20776
14549
29882
25963
24603
30983
18548
26085
63145
20960
45158
21066
17993
32248
28943
22880
2730
36379
31994
62322
44662
19504
62902
41086
6056
39660
64382
20276
63429
56450
19025
40041
37250
5035
56025
5546
25224
5680
47998
27109
1699
50953
29203
49728
46771
7668
5903
50784
50425
48414
43417
126
4346
57401
63958
7928
43582
15196
65173
62057
61749
19761
59218
14041
40204
61478
4656
41526
52530
41926
7522
43577
64560
51107
65332
41933
7273
5752
43982
50554
52152
62684
6266
62161
46198
32773
12981
49022
47822
28390
12622
46686
14997
34443
34795
24597
26763
35246
35797
45766
48278
18089
14809
48542
45364
63740
27334
12390
12633
36363
19442
63049
16101
12838
46341
47420
43641
35930
64697
44927
4548
23274
61887
36699
51904
61325
33259
15382
12573
8100
60038
7328
24996
41011
35364
45504
3264
11093
16287
55016
60448
41070
43838
8323
10014
12617
43875
27828
5605
20470
13897
44776
48079
62618
50954
12841
15248
60865
16797
63814
23952
61542
33484
46761
18895
3091
17157
18072
8227
46054
57667
28992
36757
6625
49687
49049
30858
55507
49128
8880
60701
9577
10616
43617
35615
36064
26219
17750
9807
50806
11285
34240
48294
14626
10572
35000
62998
12147
9168
26917
4048
903
63158
16230
12163
13158
9799
1603
39193
39212
27065
887
46614
27911
58320
47681
44411
37840
36237
40694
61054
50710
25463
40195
10540
18716
27382
41847
1143
62934
33902
3027
47982
36933
8576
17103
16660
48328
27765
37497
16536
21715
5389
46258
39183
10405
13061
13525
36206
54021
23972
33464
12927
55759
8816
36270
18643
59443
11966
53856
53783
11525
9120
36123
34942
33696
12865
36347
8830
8775
9056
36111
54246
13286
10486
33632
1149
15109
39109
42299
62938
27779
53924
49551
37488
60580
15472
61929
31838
10360
23512
25798
45346
26039
59512
47134
43903
39955
4450
37452
60303
25157
27744
38240
61558
33819
61574
42109
24982
11168
9267
61578
1404
69
37447
37132
9689
25200
11381
2896
15578
39062
26629
1079
829
28070
18793
3452
48497
10681
24021
40632
36312
4925
50022
40613
18863
10559
28093
45926
39096
51936
33998
18852
37561
48368
57045
30344
17715
48990
27669
48110
31305
59768
61727
11971
11930
27616
58431
37420
37849
44277
17754
35595
58793
15462
26181
44031
36007
33947
10759
37891
41789
16313
39353
32680
28597
63772
55032
32600
38437
58973
13846
28437
43345
55727
61359
62310
13411
10617
14772
37136
55839
36085
23384
20067
13854
53406
9797
17717
35363
21679
53956
60776
8743
26147
58272
49338
40723
41975
49094
36812
61264
8720
25367
45043
33765
17382
23658
37728
43409
7458
41958
52514
50428
62438
5405
52827
7771
63889
41511
62861
43098
6282
62540
49735
3290
30765
20467
310
22421
62106
47778
22820
19096
59781
29990
63821
13049
32716
60808
22051
9062
59202
62343
40502
14231
41863
40441
19791
65255
17254
58951
44674
18729
10537
20189
13895
1558
19327
13264
2277
64416
45959
49420
53602
15184
58214
17991
48015
55577
10524
30830
62327
49071
57634
24341
27327
27305
45702
14872
25738
14933
15505
35916
29723
25325
36696
12615
4025
55567
43663
58117
8479
10832
998
34440
27480
60398
51681
41607
1566
47194
35027
49424
8912
8839
31519
17312
51767
23520
62455
31499
22123
19455
53888
29463
63055
21477
58342
56017
21344
36776
35448
50725
12621
20886
5450
63565
51013
51350
23803
35914
5960
50683
5880
23157
24501
2345
16717
13891
28153
64195
46378
27190
58398
14227
33404
19498
47181
33413
3942
58546
65395
2485
60116
65411
21702
12631
41606
10389
18301
62554
33402
60556
43662
17731
9910
48504
16336
45885
60270
10601
27608
2821
43292
37263
61824
8681
13917
58902
41236
63825
18751
15315
870
42648
5934
32661
51245
52986
25338
47437
2814
29851
62459
5414
27720
32246
45379
64325
49219
8314
4494
48976
12019
50410
604
58526
15485
46161
17701
6534
3204
13043
61382
18363
53011
18013
18317
51500
38685
38742
6444
64801
52556
65020
9821
17942
7489
51697
6641
10118
9750
61416
32141
61337
23070
20821
25340
35887
25841
35572
747
31110
2338
48535
33088
1050
23683
8768
6274
46071
9465
52972
1015
20062
38280
48785
53792
4887
1346
37861
54245
19748
49943
47177
35244
63190
45871
6376
13456
27569
18942
64266
18877
33985
14665
37928
46754
17526
4949
64206
30192
6843
43715
49811
2988
11416
57599
44218
30324
30964
119
23364
39461
30576
61998
6096
34218
62745
5732
6372
24266
51055
32923
52960
34347
35019
13750
22317
4100
34634
5456
28209
45030
46866
46896
25936
52563
24580
41533
46361
44910
42222
52362
51928
28268
42086
24705
3838
6640
46222
30963
2387
52633
25496
41967
47379
5407
7583
51488
52756
26693
6272
654
64498
32666
34955
6393
25429
458
63138
59873
46806
31007
29848
22826
353
38988
28951
26251
65218
31831
20002
6089
62873
2615
37012
57919
4284
31967
32095
21127
23183
40633
32215
61474
43654
41529
63046
41614
44798
37948
62606
45876
63733
58834
56626
63961
14546
8027
32473
41206
26536
41961
48686
48069
25493
51289
200
41023
29987
4308
7764
50560
52180
26549
43881
25928
7642
46384
64534
7384
7512
15884
64110
32772
64997
32897
36401
25961
14098
4619
34768
7258
1874
5882
4482
32345
49753
51347
25428
45037
6537
6536
6392
50730
50200
27532
4490
52354
45452
45877
14662
47492
46334
14421
25042
18082
24998
17266
34875
14038
38980
35154
6265
49142
48492
5577
12828
48228
48612
40601
14868
4244
27148
16418
20162
37052
65058
33284
18361
48364
44681
57910
63817
41871
42239
13322
63519
33707
62608
58237
58429
14806
14525
4948
61046
41721
62718
41955
45426
5267
27024
50950
65485
30401
49079
29988
44782
50794
1970
61814
30752
26948
47033
17094
24764
28863
32415
11667
22319
4763
1991
56365
56781
37413
52525
32916
18982
46489
54255
17476
17235
11796
11673
9043
34095
24308
20200
37871
18720
9614
59632
34880
39049
10528
57592
61000
44998
23374
2982
37621
19534
50331
6827
1019
58181
10542
7670
53541
3658
122
59026
36465
8985
14146
16044
17177
65154
65159
40537
13970
33724
20111
62434
41954
14151
21436
41922
43188
21276
52148
51353
58137
23316
2841
2828
9874
54204
60258
994
58116
11193
50732
6648
33905
28634
64808
28048
33299
26557
14403
27146
37581
33463
33928
13720
46765
38010
26944
58337
53601
33626
2913
49415
13139
5745
39841
47933
21487
55568
14045
18672
18503
23399
10519
58687
59345
54172
22415
1847
9113
54820
52116
43970
1361
58752
9906
43164
55481
1920
21895
47423
32126
38522
13521
13482
54597
38024
10966
39155
21042
57974
55163
8798
20285
3545
26995
45006
54459
1718
64126
65013
34117
14158
2086
26534
40187
17014
59438
26107
59038
8486
51493
61188
48607
12134
20754
21516
17027
50203
64131
9445
15441
33495
19165
62045
45038
15056
2409
5873
47320
39303
63567
26707
18816
27601
15319
61751
37793
33754
16849
13151
33617
63600
26250
57101
19323
36778
9240
10387
21237
35215
23090
34040
39262
17221
23675
60761
33239
37334
9914
44120
19051
61196
52621
11603
12880
30994
27231
58596
62187
16917
15569
48471
28953
64021
11482
33697
57051
39232
16049
40458
55616
40479
11913
40336
21409
54234
56644
9055
17247
24188
37850
30413
58392
49063
1979
2566
12944
7357
38136
47809
21918
57877
14671
19859
4474
22563
3946
42321
19988
58265
51330
10329
13209
46402
28401
36596
50657
54544
13647
47260
30764
65052
9600
17377
16234
54106
7949
63162
58195
29143
53626
32682
33775
39184
61351
55360
59463
34509
39207
24243
9100
39211
22288
30561
48188
39828
36473
63154
57182
53206
34300
35465
38094
54068
60973
46018
63925
37660
48900
26905
13081
20462
46750
65382
18066
37820
14006
46050
17156
20430
26156
62402
27228
33564
64890
6733
8988
15987
40414
36429
29634
1580
40278
54020
13060
28114
5676
49482
61466
58509
51264
30856
61626
3031
17889
41425
45807
25123
37415
7181
22602
45201
28993
13281
11926
21338
14406
33931
17242
11771
33297
21058
54241
10535
36253
34887
55543
11547
18711
21775
9302
37788
16053
36395
58268
40360
33492
37453
54591
9607
36178
59577
18633
9438
58647
385
2099
10490
28914
49286
23766
54610
23505
8780
41646
633
8503
57515
9357
51327
506
62646
24652
34859
64441
6180
64726
15129
17716
47970
48180
25225
38284
19550
14517
46498
4395
25698
63689
38118
46497
24647
12410
17727
27412
38279
19624
62067
15116
45304
37998
39860
25068
50929
27290
55687
51782
31298
39239
24134
40221
60811
46833
63114
40602
17233
21329
27153
30346
37917
37127
58621
17234
39244
60588
61004
54897
54614
34475
16342
60221
55926
59777
15201
39066
11624
22279
34018
17668
38172
19626
36464
5668
34295
45214
12470
19394
6723
35172
1823
11754
30449
2416
10567
31071
2371
10624
44861
59053
50810
54177
21466
24538
58207
54097
43432
50826
14378
8748
22849
27495
4449
48330
52129
36391
1757
44043
49334
17898
47719
9469
54754
33821
54543
20666
33692
56552
52330
17305
33049
4389
48908
30177
21776
20422
6188
35001
28824
9495
56090
36891
50570
53275
56155
42266
52763
63622
51286
19434
8426
7707
62445
41965
39771
53338
29424
12077
12067
29940
43726
41510
428
60751
10901
22956
11414
42029
59721
3191
21105
44995
55756
8322
9751
19874
18401
17943
9388
19890
10220
39372
9815
19330
53943
8823
37489
18007
45036
14047
871
42212
47935
58903
52560
44511
2816
10508
13911
60271
53975
52359
51556
45879
45523
24347
3283
48232
47678
61318
2670
20762
309
35562
15446
60045
23787
32520
12637
32517
30826
20696
21971
30312
30520
30090
23320
2835
22355
60394
20570
30600
1005
58120
23304
30010
28762
9919
9136
32344
43983
41767
1850
59357
11152
21818
9879
43823
58755
21898
1496
41927
19315
36984
8307
17997
56219
16422
11053
39797
10234
55286
37114
18366
38651
54984
10158
54981
31205
13901
1715
48478
47048
57382
1109
60893
1989
12854
12442
60205
59862
643
22891
46755
41925
11486
12131
55499
16733
20358
11946
7870
8682
38314
11350
16862
17846
50547
62840
20275
5335
12132
49879
8159
41220
56455
49519
8544
51760
16727
12268
56031
12257
43265
37183
43276
57779
15550
3139
61229
60157
45606
1069
24901
3578
33270
15510
47662
27131
32664
12718
60579
29347
16340
3856
60845
57825
47500
24051
35515
1255
12998
16220
45444
33317
23674
25278
61184
16711
40001
11335
19489
19186
56359
10786
37196
8700
53751
40860
18978
40849
57233
10994
57244
29104
23617
23616
31924
29092
31052
23076
1063
20985
60060
24572
32065
658
61343
20881
31904
54586
13890
807
55355
59282
45863
10325
19998
3740
9482
13975
47170
54547
9603
38251
59031
20468
25110
16467
37167
10896
46226
54920
32076
19438
25629
3562
45815
31041
55173
47451
39977
47723
9744
11342
31850
34339
34719
28620
42502
12275
49580
10217
34544
5947
27761
52343
35662
62851
11334
8329
63717
2976
2298
61900
12931
11088
13516
8698
1350
13541
64631
12919
121
46989
27095
61140
46467
41081
37203
7383
8998
57481
1173
24880
39379
52166
19841
3878
44658
2681
50789
35464
4015
49081
39673
24408
20479
36629
63336
63285
12073
39471
23173
5688
47743
38105
9587
13784
40788
19481
57758
59221
33907
12371
11048
10227
59845
36680
24126
54216
19812
19730
10595
9588
7276
34441
33119
24634
59798
8441
51114
8675
35120
29131
13709
9546
35028
29355
12499
38259
2686
27299
64855
10062
44116
38899
22411
14170
64640
52610
54702
57406
25210
48463
26224
59214
47401
44915
38880
48998
53180
58947
65109
26560
38528
64172
47837
49941
43646
27722
8313
8917
28147
2617
3676
63402
40151
10837
15930
10236
137
40272
38218
26067
732
3798
2486
19935
62
45267
11157
11348
17320
19584
24952
453
9141
39752
11737
47533
48861
17326
64537
33443
39758
38805
48733
60494
30597
35576
62594
65004
45139
30091
60789
8020
38325
38182
26249
57913
63430
37205
44786
47789
32826
59988
40425
26716
41209
36440
33530
40044
39381
41022
15431
40000
52184
64261
25830
8527
29275
37273
20801
12700
25226
1165
56564
60658
61651
12677
11328
15439
16360
60435
18270
57840
19331
16281
10788
8697
55013
16408
23284
57247
35358
64700
25414
57593
51911
39904
42237
6923
33520
60415
24035
26778
41718
33940
4154
12821
38537
44180
43567
4181
42395
49990
26923
48426
52056
45814
63530
44589
63006
1277
5907
61728
53065
22918
30510
17091
53212
20505
62753
45110
15474
16528
54404
32274
64552
13710
33532
57819
21941
62933
60287
61456
12918
15383
42125
38213
16818
61978
33979
57729
43919
18478
40060
6254
12464
26454
16560
15872
3884
63866
47944
22806
19676
13171
29876
16760
45072
57707
40284
46549
65223
45761
35444
13013
45064
24789
7554
19695
27155
40073
14106
34699
47758
64791
33288
15024
25212
11620
44937
36414
59656
21203
3876
33904
47075
59849
275
31368
24661
25087
34152
52452
9273
9308
28697
20175
21130
21427
65352
59804
12342
18851
60125
31528
61584
24498
36443
57308
24073
15032
36789
63477
17976
9829
6735
8191
50936
53033
10197
18392
5669
51785
63272
24488
15013
27724
19128
13747
25989
61616
48657
64732
35547
12304
36571
18209
46888
19844
12934
48500
62138
28069
61392
64227
50021
13936
42884
12220
18102
63104
7896
59252
44931
19057
38822
47541
14848
28269
32981
40249
47521
2492
28958
35128
64751
22885
12656
57780
7305
24963
40303
12296
28214
50990
40995
47870
44959
52288
61576
7043
29171
42725
61769
6692
28565
51038
48168
63128
52213
11174
7955
47855
11383
50704
68
54790
16326
46832
19122
7044
3920
37085
35499
53434
51941
16392
19310
64585
35997
15430
6187
5533
49472
62790
20810
33067
4388
51274
7327
11219
37077
57870
29070
33449
56548
12169
25995
34579
27295
32853
52508
42114
27716
28397
36272
2581
22997
12156
6943
45200
9029
49686
2433
33525
38507
45799
56872
5149
1615
14638
16438
55985
49177
59575
37851
8979
58802
56843
17171
24100
14409
12005
35015
37642
18574
13215
58271
14498
54026
43635
8829
52346
44926
42238
55621
8526
52554
49574
53750
10662
56648
51707
56568
11005
41715
56092
38353
9687
16514
20018
54631
11138
38684
10300
19436
37644
20066
8417
53329
38737
54028
30828
868
135
30308
30948
58839
2015
22480
3664
60396
21260
32479
20561
30001
23300
30444
47171
14813
2323
46376
48616
57958
3630
22714
3557
36554
12810
58477
21963
29592
14509
47443
43815
872
21274
41775
30952
58131
52145
11191
2826
55495
21258
60269
9119
54161
51407
30442
44663
50559
9543
41087
44799
54592
10063
51008
51111
55287
9639
55153
50673
54703
10159
41207
5331
50558
50099
18909
18605
17270
9325
62677
10442
56630
9638
6270
39227
43272
52542
5027
31669
21435
1347
45182
48894
58230
2942
22346
2293
34806
13734
61053
22267
28840
23451
29589
53605
62168
49875
57115
54283
16998
10893
39525
11578
19034
37434
7534
40171
56376
39480
43269
48007
63967
53015
45967
5215
55655
2079
2144
50400
34871
39223
42095
21249
30433
26687
8023
29792
27006
24506
59745
58573
35141
21535
12764
21651
33852
14758
33147
14676
61185
25652
31171
60112
25188
23767
60545
60721
33305
3457
27161
23888
35564
12812
35426
25314
31839
14852
29232
18647
8818
10679
17761
19905
18871
11874
39132
11724
55351
10663
17522
37633
54017
11826
18855
42019
22961
4023
41518
32148
57897
51899
9251
2764
56774
21196
58415
8862
45005
9421
31120
59207
13746
21824
58946
59554
58656
2114
28204
22777
59287
21959
36388
1425
30193
14226
58791
32441
62312
8294
60780
58054
33832
58084
15287
21029
13313
14781
19309
13328
57538
26831
42245
42102
51582
10566
43897
41977
55364
55028
49477
50812
11250
9074
53627
51276
55726
8622
45046
18393
62308
50137
19078
16950
56685
57179
10080
10710
37355
39275
44655
10778
54836
39684
5433
46546
25913
2908
30902
30358
32376
30125
22068
74
23502
958
29657
22387
2258
34617
46930
46890
25192
3094
48656
4832
56674
30180
3765
49689
15873
37473
32110
24172
28827
28360
48362
40994
1285
24294
41258
32663
57777
55709
8386
22823
50376
2495
57446
8634
11810
44745
30699
41842
50089
10492
44410
44282
55933
53928
50932
8778
10920
49784
54908
51779
10356
56233
44018
4712
50083
52933
6352
6560
5236
41743
63752
51632
52788
49780
5043
63705
52590
42035
7880
48758
25982
1606
47065
46425
59602
30260
23413
905
14162
13778
30846
23436
29611
14254
45302
19678
63749
50229
56169
41737
7780
53311
11272
50640
38719
62943
41571
38761
8670
16645
7486
45073
61952
51948
47946
48986
29800
30365
1284
3866
26792
27096
41577
2227
1810
48640
6881
29284
27075
23238
30896
41731
19419
59073
16129
9834
26788
62430
36794
15228
23138
46080
32206
61396
512
20796
59248
30112
34738
28927
3311
20599
14276
26036
60519
26409
388
59904
29748
7776
51583
49849
19818
17866
18621
53771
63584
9654
9277
9085
5311
37994
42244
51263
4800
43558
692
21036
44585
30181
60958
41154
10934
102
11970
21867
60082
11817
53915
52686
31900
60281
1471
22140
57740
59708
60703
31058
1824
22921
23265
21089
59313
3351
30452
22479
29609
6250
60608
9571
45491
31939
1306
36760
49055
23587
35610
57578
3104
46061
17160
33200
42250
3105
30156
17592
1304
63167
23577
30573
9094
19247
31221
31753
21945
3958
60705
42582
63933
8092
59043
62311
5013
44851
13847
50467
611
65379
18700
58967
14003
8807
52263
47365
41783
65516
7437
45927
27789
1403
50023
47643
52214
47227
44956
4919
52486
52295
44055
6139
823
1085
4780
32109
49471
65380
50805
61792
41666
43631
6067
4261
51580
41166
25706
7607
26987
47114
29867
58723
25762
25266
9683
13433
23998
36276
43114
42298
21669
54024
13064
29371
1290
234
32002
17328
27682
63867
21424
36130
21750
17534
41050
29639
23817
9610
58650
29179
62407
41853
16644
52938
44412
4775
15461
6562
37231
62140
60117
35891
10752
36670
63677
57311
6347
28443
5383
47293
63764
1759
52325
44319
53068
47983
5621
7171
50540
49989
31261
7420
893
7067
60223
62474
7415
42300
13941
64556
52480
62428
45619
57509
15104
25189
51098
5124
42045
42039
7851
41575
3387
25309
49783
25814
52923
48491
5239
43468
51366
43457
63745
5565
63756
47549
59144
24003
6358
5382
27689
17214
27416
38245
33145
36041
2019
49140
13496
34408
32205
31389
19407
13312
4326
45996
65349
38166
22282
13177
45769
20389
64400
15548
23962
32264
46081
42103
36613
49847
43891
5829
11287
5832
36616
49331
53639
20460
23651
20449
6593
57811
6604
25793
41782
60863
27400
104
24389
15123
54542
59160
31413
32677
9173
60574
13488
44646
689
41194
20419
13232
29331
48896
62247
3258
23735
16144
58634
18071
65315
21779
9498
29376
46023
8570
19997
24541
10304
59528
61629
22623
40673
10639
27239
47805
37409
64013
23469
15911
57713
26441
14012
37074
28044
36228
18917
64859
6937
37518
47586
14617
17932
5142
63316
46740
34674
10931
31554
11453
10023
57009
4050
52881
22692
9519
473
29828
21314
20820
51864
2172
44472
24372
3328
24380
22384
32383
32972
2047
31775
20593
32964
26041
59905
46889
29017
23151
31193
3769
62307
8299
23916
60859
35219
24036
35767
21038
35073
14778
17930
33808
22466
46031
44654
15361
20906
37066
15223
19421
56492
39729
57309
40817
57506
8406
56237
55260
18954
20945
36026
27732
12556
39990
2857
60338
16439
52196
7966
9826
45311
12407
16651
6016
6741
24852
36060
62415
31782
13834
62581
46196
8989
37291
60908
16242
2855
43805
21142
22673
19399
3298
45923
23417
1456
22130
20876
58578
58080
1106
30496
22916
60641
21095
57543
32023
3060
57551
30836
8399
32652
8391
39605
7614
21825
64158
58425
40123
3703
30529
22876
24239
42896
2354
42416
516
25795
23750
2224
43112
17974
23489
36705
9837
45988
62421
33229
35708
59916
25711
29365
9889
33322
12087
10870
60018
39233
22443
19946
23771
14407
18573
38298
38993
60215
13025
59098
63124
33420
13836
64067
19069
8978
26616
19765
12413
22713
59426
37462
10244
48105
12852
18108
62643
42779
16305
39095
34925
3259
39071
24210
13080
3353
32046
9499
2562
37325
1836
46271
14263
9946
40113
15632
36136
54259
40424
56279
38184
59743
22851
57255
54403
38657
59041
18285
61733
36418
14011
63532
18468
64731
26850
40500
13076
14985
47826
38274
39518
27550
15993
16827
15792
27721
13022
14099
34702
4700
39663
47635
40068
46573
25990
48213
7447
15624
48287
36212
18459
10611
9183
45499
57743
58960
63163
35302
12168
26214
9792
58275
7948
39202
14636
59519
28994
11445
8894
30862
42932
42396
1755
61356
8228
21462
8236
44181
58197
22850
2425
44475
31786
63687
14592
5915
47218
18853
38171
61165
13172
27692
63862
18639
33436
21146
2026
47463
63594
695
9576
25011
31416
57571
12696
33968
23592
46600
99
58048
35603
38920
47553
44653
22952
14341
37829
11989
20184
33331
11684
55775
37503
58020
12912
17412
60885
55459
22744
35253
35110
10400
10547
20109
61044
58789
37441
17634
9684
12871
8821
59455
33370
37782
14566
59856
1291
23349
21301
1207
32113
31984
21711
28702
21119
61391
23664
31582
28960
60933
22382
29654
42781
63930
13247
32040
45423
18064
3261
58007
16159
1299
63152
18883
28682
9501
3111
47281
30342
10185
9673
31297
42173
44947
21057
60219
10680
624
12211
42900
60583
21334
2101
42428
27085
3594
21187
63702
7787
33481
38974
33640
38254
47522
25276
60936
33913
33987
26733
29370
13576
26453
37433
13424
58548
32741
13368
7199
22894
49151
3881
6740
45443
19712
26392
34261
34182
63376
13568
58402
17528
46835
22811
18994
13176
24508
65347
47087
61190
37468
14134
17840
3516
24441
22900
1893
31710
29526
22510
31273
22158
57579
22150
32761
32278
24004
60612
29810
10451
14777
39348
20803
33070
20457
11256
58579
38446
58968
13845
35077
53632
9391
59823
18542
36162
64547
13752
47067
18223
46567
64722
35894
12319
13701
62759
45203
16985
12939
15484
19896
24182
5199
14811
21421
59866
49817
35018
51439
14602
62959
4640
51503
44777
14507
63616
60891
11036
38359
9681
36946
17884
56833
56156
18204
9020
39698
38924
17676
53265
10065
16465
55394
28315
49361
37501
32410
21907
26105
16790
3012
39366
56153
50748
804
47017
39677
10079
13614
51800
19462
2404
44378
8787
36145
57836
35536
22796
4635
19950
45616
35969
20740
6677
11485
10479
18937
37853
57065
8857
55357
36551
61052
38154
17183
17567
54582
58225
14497
18569
10543
62675
50549
50104
39229
17274
18603
54282
5333
9162
11739
11942
5029
18907
50184
41534
6264
8549
62163
49880
12267
55654
19723
55898
19045
8762
39565
40250
4613
19483
10808
19512
42094
15154
9005
1502
34905
39257
27123
57004
24913
21814
41226
50890
28493
46160
52900
9453
40914
52817
17897
21426
43100
9049
35010
34812
34631
13740
42257
57071
34215
34338
23442
7708
9615
26596
8845
62847
48876
13801
2537
18423
1026
38311
55891
52282
3858
28937
38831
11576
12386
8461
18086
27000
54499
9107
60843
33847
32217
14762
18830
18686
29349
58066
25663
16854
9917
3801
6989
63956
21810
53980
50067
34876
49645
39228
63832
4931
50733
42211
26676
61834
44500
14288
41243
25956
12369
34263
49747
34796
52541
13580
53006
43285
52365
43571
14084
50278
48863
14590
53169
21106
34963
14819
62947
54442
26879
22951
42764
52428
62344
48784
11691
51969
14734
39127
8828
10673
38145
17079
17601
56844
18652
8908
10449
9383
18860
17249
10241
54578
17521
14154
43028
13755
13979
33718
50009
59290
51007
21962
61492
5513
50575
43833
14235
52073
36477
26410
25187
3099
28176
7455
53772
3812
32437
49684
34049
37479
29189
61036
1947
46536
47645
63596
26150
49169
61797
5150
30176
51720
32442
49688
46596
25369
28826
30560
52737
46027
6930
22702
59046
64587
23380
1746
17836
63396
19061
62788
30860
58201
4773
18252
64939
31557
21323
56579
61153
28652
40452
38162
7418
28321
5042
24641
36533
34198
7058
7546
46092
58735
8938
39137
35306
50829
61709
63165
29523
1119
41290
2376
47975
7943
32759
43072
3057
34858
39201
53085
49495
63130
51084
43586
48982
64338
46609
65346
28923
3206
4577
47942
4586
2945
42570
63755
27628
52458
65239
6017
45206
65026
30049
61458
46509
24650
30689
48822
44298
26722
7958
61164
55810
24810
22685
22813
47520
61949
5567
28481
60346
61194
48648
5235
6039
57442
8940
11791
58778
26146
10984
52333
5017
24836
5302
26900
59152
28679
8086
7097
26818
61107
9489
59449
60210
61692
24232
21837
43461
50379
16500
53035
30531
57514
7844
53685
7852
30340
21340
17642
17633
4090
38994
39234
31996
2034
42561
49291
34886
35158
31581
43590
29015
33553
37786
24801
64768
52460
27466
45453
30979
2973
30052
3869
45992
27091
44292
30899
30700
28271
7191
25906
28217
1628
2230
31531
30115
3757
59092
77
59086
949
30772
59251
30780
14292
45196
24219
60422
27681
1794
52322
34058
65183
7603
25880
60953
53993
45760
20151
64157
59318
21019
52103
3978
65313
50307
43080
6624
62696
47914
62248
29535
51584
49130
47120
64481
30461
41281
28278
25973
1611
26585
48772
58172
2868
60277
900
32850
13788
29605
60300
2219
32942
46923
3404
56094
25229
2545
47404
40185
29786
37375
27110
37096
16517
12068
19088
3419
39811
48449
55326
1356
62337
17797
46375
43089
37625
17136
62951
39141
2295
42332
17556
10532
38275
47169
36274
31679
63819
58039
20266
20633
21136
49373
63898
41861
28857
22063
50742
12836
44680
16715
32120
16345
3871
57978
61207
46162
21235
36038
2535
15814
12636
48985
36254
23677
25269
57711
11034
36886
50573
8427
54918
44781
44774
6278
50006
39709
10218
5606
4893
51437
18011
55181
24899
27715
50734
27133
31014
7933
6394
42821
50070
3403
28154
4339
42315
64504
31998
28974
57787
3209
65416
59685
47495
44379
9109
16554
63834
15859
3420
44117
20216
9915
15482
45455
15317
32125
24606
13915
32790
23795
47190
21704
26086
4040
31859
21112
57747
27486
1210
34670
57053
13900
801
54230
57388
47249
9045
17893
1436
11786
15255
46076
57064
9608
38246
60193
48750
29793
63044
34150
17996
24544
13797
21069
62460
29251
32608
22895
3242
12395
31309
19316
20915
15541
3144
24477
60490
48539
29850
45381
762
12619
14998
48277
47435
408
36782
60024
1925
58558
64655
1371
46474
9877
44380
39080
62039
16376
61221
9150
19443
51796
13427
46984
34781
34015
132
34179
42316
40787
37456
9003
1372
32694
36736
39384
50886
40145
58411
42820
12620
42968
25122
16273
60455
9813
46231
11240
663
49166
42709
8328
55269
25842
52067
35362
63626
62858
51490
62957
5510
5266
7575
44364
62204
51341
63718
4855
43329
62705
42331
43035
36175
35663
1355
35113
43338
37088
14821
53170
1018
4310
32800
38543
64684
12936
43883
44363
20947
7538
23656
8583
16658
50814
37345
52674
11281
63411
6014
51570
51150
12552
64951
33134
7540
9936
8292
20091
18973
20458
9083
41664
11291
37814
12170
17920
54730
51572
63929
18287
23661
9572
12152
8735
25361
27759
13163
61579
9793
50811
11294
26033
25166
27060
10562
26152
9894
4584
15360
11377
50719
57513
50030
46286
13951
19660
5721
57663
5427
25253
55245
52453
51860
44176
37086
52891
49995
36758
15005
56275
15435
6186
42394
17925
57674
38664
4384
53060
37064
39877
9893
37232
53684
19657
8655
18104
11391
56484
40048
55240
16761
55237
11128
16501
5493
8499
11269
42164
19423
17977
49791
44744
9839
62064
8409
16648
4809
50085
63685
19555
4576
9125
13829
24926
27678
50027
23204
48586
15487
9423
8831
25254
63549
60211
57029
52448
12146
5856
12479
9038
49691
61271
12923
4869
15377
54675
6634
59040
35270
62942
56519
49172
11271
8709
9888
15467
26190
25457
25215
27894
11390
8769
9071
25095
50715
25349
9206
26336
42901
42904
15525
49567
52303
16435
39736
61304
9838
4425
7321
33230
55253
35523
5672
50933
12095
5494
11264
23253
35544
49777
12606
44742
15470
62583
42162
50086
50369
16640
62925
20329
6505
4714
13824
48600
59262
50017
25198
50934
13950
41250
6353
49670
52289
49664
4166
59088
25064
10612
16308
62689
49681
27774
23389
65037
13851
10142
9806
62939
27336
20911
11716
3096
39600
40889
12148
38698
18251
53402
10139
16816
9803
55037
38438
56512
19242
10948
57263
19060
46190
7777
14008
17506
60289
52334
8801
53058
13841
7758
6760
50530
49998
616
6722
60280
25043
24342
3288
27656
48341
57691
31237
57626
3893
14877
14934
60506
60443
264
36701
29038
7503
117
63188
6441
42704
48072
49808
45797
62976
25829
2979
46757
32232
61988
25219
42964
3293
29594
65400
3894
20629
19101
25337
59852
64707
58462
32411
20474
36258
2340
57939
22056
38187
33593
722
61638
40789
42916
25331
45146
3129
6658
35668
42412
48728
27725
17132
39390
37364
36069
61656
16784
11408
45508
43827
31353
62981
36632
60136
48288
32639
51006
33157
39972
52854
62167
62907
49326
4211
6660
7077
5340
61637
51924
64048
4620
8148
63659
41522
7805
5965
1500
63963
5443
44245
47924
62869
7404
65333
64848
1849
45884
7652
61483
64647
44507
9231
44112
875
53728
11344
60395
47923
35795
1541
43281
44369
58885
34445
26685
41232
8927
64690
34549
116
52423
38624
41384
62437
45808
1696
31245
35736
44197
46228
62856
48134
38532
8833
30432
62321
52279
22240
19441
997
29445
63136
56671
30945
18080
59403
1563
56375
21359
39086
16905
25213
19445
37013
46904
31397
32470
27811
20356
19172
46394
28894
3499
17625
38334
62679
12137
49873
65343
44905
55889
41216
53600
52272
37249
8684
56368
57105
50177
20287
42082
41234
14032
865
43289
46800
60385
49744
41520
1536
9228
15191
58880
56625
52353
51561
47313
20968
29274
4020
60133
24405
35570
47808
33095
27817
29211
29787
61340
35873
25007
29722
23688
51833
27859
64692
53167
8121
31240
4544
45525
52416
472
24837
48133
49000
61860
31806
6783
29726
13898
1720
45701
45235
59291
2389
57914
197
15670
14234
59034
58427
648
22886
47992
11589
7133
21134
10744
59712
64711
59635
64305
22867
24769
4202
65393
5895
24318
27511
60740
