7004
1066
3787
2061
54964
31548
332
55760
55194
1675
32161
53543
54541
688
56955
7329
5215
43407
6167
31790
18638
49882
51903
31614
5999
49358
50994
20402
29964
62841
4345
5729
35814
50265
6516
31272
7070
32352
30346
30833
4828
50439
52643
33250
32512
32815
4501
5076
55737
42939
16025
27550
58804
14297
41397
57051
6059
13653
14295
5811
54535
27477
61052
53671
53936
26502
45585
1655
54478
2512
438
26398
46181
2754
26989
55992
26316
45433
57292
48996
63823
32272
10563
26228
61102
37529
37669
3719
34827
21822
31169
62792
1739
54716
59029
36615
19740
40492
49772
30638
20366
52732
49993
34777
36505
51849
39687
17223
34519
39353
5353
35991
60809
26857
39158
51396
4932
23919
20714
36294
47167
29504
27959
57575
33741
52501
18501
45105
4741
41707
14389
27955
57571
42085
43755
56677
4661
25579
42084
6788
54116
14469
59531
6708
59253
27484
39417
51463
17699
22469
23689
36555
47932
38213
26516
60606
34503
52859
18729
45556
54348
2345
608
2516
55939
1274
3919
55141
55801
2694
1943
57166
54884
1973
53899
53751
59568
14518
17123
51939
17459
14502
25424
50307
56790
53044
28072
57432
53099
20357
20331
54237
11802
3046
59742
24926
18900
24319
21990
51636
48736
42659
3058
9613
26332
4437
59100
46529
18299
40314
52955
32168
4446
51099
52268
33498
36250
50876
37901
19575
33757
29791
6997
35485
18470
52598
10466
25479
55351
40598
29984
3458
35590
817
51213
4909
874
53385
58169
34061
48656
25275
36487
29617
55559
2059
4027
26993
53856
1735
26628
46733
50650
49018
5596
54221
8198
36253
15814
5164
60083
60280
12760
49216
52381
14982
35482
9432
50426
4132
60789
5921
5583
18749
44799
6118
19522
19218
44273
49542
50744
50506
16736
7105
51552
18056
19994
6125
7941
17620
41621
54361
17271
17523
40974
53179
51876
41769
60124
6158
25308
6739
17019
54359
882
6622
57358
36486
26805
20495
23992
37263
41438
60885
5589
46006
39782
34434
26638
19379
57807
56882
21241
56970
54849
9246
23287
137
830
3916
56378
59377
2156
56450
59727
48615
14963
10178
61432
65263
14425
15046
15746
24361
23054
59455
64623
57529
39081
9794
12947
64958
34521
11940
42863
60288
4481
63422
37287
26086
1443
41450
11483
34775
27440
58861
6543
47956
40051
58420
61635
58550
43840
44229
43844
20816
23101
65019
60005
64555
22486
59997
43976
9352
1459
5223
60520
4799
27520
23765
23380
43610
43575
60208
8041
48315
42207
6833
28264
17550
39538
59347
19138
11030
44405
41231
43896
23221
20835
19910
60421
61558
23813
8584
41998
11027
8661
36499
21605
6976
57837
59267
12596
29509
50675
23275
35995
10148
32251
5448
59270
6980
50824
7425
17976
18554
42982
41318
42989
49962
41105
6448
4879
4480
43167
16418
43373
19826
28606
36546
61358
63760
41659
15065
42163
38223
40130
17061
34502
8117
39414
62737
13015
63256
33750
11741
44501
60796
8126
64952
39634
24667
173
43705
8202
33490
28060
57524
6325
48417
15490
58513
9022
57903
28394
20585
24039
1578
20881
47164
59919
60650
22943
57121
15922
10098
16601
56743
43071
53883
61230
19842
15042
25482
24625
16207
55963
58382
25280
54199
18521
54349
11419
33426
24059
6479
57380
60228
15517
53071
50834
12352
34457
11677
29433
7982
60224
6478
4108
57706
51356
17077
18704
19751
18200
26986
55265
43510
20395
5830
50389
55279
19753
4691
4544
58023
51696
59791
18979
18253
43668
27321
28590
53035
58938
5124
26479
61374
18246
55778
3191
7124
60657
7600
28028
23708
23841
40160
44196
60828
4203
45178
44448
35981
27585
19940
60060
53744
25338
56761
20207
58433
64910
715
46148
38969
54185
19567
28015
55568
53804
55522
12621
64305
49140
6234
25131
23291
13389
29532
37031
54000
16554
59947
32426
34273
27133
64337
35546
11276
42156
59483
7814
62545
64435
27642
47911
43878
9120
34261
26789
60186
5308
47192
36909
57541
16637
10208
42946
44176
41417
23302
11544
64206
57771
37246
21675
60790
44436
10212
189
4965
57508
34698
28354
20640
23561
44502
19843
60610
4572
1406
38714
6326
28116
18263
37159
60308
64247
60704
42028
41468
42785
20523
23796
17658
57595
64042
23440
11341
42993
11597
10912
33180
13360
6181
60182
59229
60179
29948
5959
24005
33686
11269
51446
5962
58459
7720
51892
7942
8100
64335
14689
43691
12655
41622
17528
58930
36042
26242
32506
17008
42147
64321
24961
34765
54833
17446
13401
12602
13399
30272
37373
53932
6656
55996
49808
61768
14130
17453
36059
10385
43824
61002
4276
64340
37037
25385
914
41051
9628
36317
28415
58151
7040
48686
12375
16607
54065
47434
14840
12346
23237
40623
64434
12275
8698
12568
668
18527
26791
9255
19514
53907
30780
55062
4951
64999
41009
27158
28664
50154
55030
19879
1221
55923
7914
45635
7871
60593
20054
5935
59069
18294
19570
54717
4445
18002
59248
54898
56954
7208
61040
55130
37484
21381
9740
6115
44286
59776
57832
11998
17688
10142
3381
39657
48297
42595
19991
6982
43104
24806
62426
55122
42241
59515
61364
48546
4131
8705
28159
44938
47766
49576
18813
5161
54994
29977
37377
40555
61136
520
2239
59060
54910
39024
31173
6614
61051
38540
58625
7865
8843
62227
17913
56377
59390
62185
36839
5987
45187
7927
36165
10979
5739
61038
59084
47243
41665
12212
13906
62828
58810
14578
14566
65278
65374
18006
10363
43024
63221
10695
13949
63573
52937
42731
10683
27445
41449
47481
45431
62835
9559
8531
42859
52252
35621
13701
43372
11196
28270
47633
15923
8832
43845
42851
42987
36833
61505
28395
45599
27532
62191
10984
44740
64799
5731
28698
40452
37482
60213
3806
3004
60131
55831
39717
30927
5995
57995
39663
58724
53785
26888
46622
16018
11803
44656
14290
42934
63214
64542
15958
36489
28351
65253
9860
43265
63253
55577
58855
18921
6981
57827
19225
19527
56451
5859
5863
60300
53527
56971
17683
59787
6123
9060
37215
21943
63505
42979
44749
43846
58622
59992
11353
39386
11573
61388
37106
42603
58032
58305
40892
24445
63764
43453
41479
43131
59655
9869
9146
39131
59488
17884
38343
14042
11792
51462
41392
10352
27551
42682
35007
49010
32808
8369
12221
14298
50559
33839
27734
44752
9328
39108
8536
42723
12234
60649
22579
2283
35057
34385
5867
10672
40261
62463
9458
13703
63839
59408
4168
18070
53654
59649
18662
20450
6621
54157
20114
5199
61325
55002
56226
17882
55322
63722
44634
36230
16067
9491
33350
34371
52150
51494
35971
44599
62951
52067
15990
10262
51699
37593
32819
58889
42255
33864
10630
56614
31838
27640
4153
20322
31654
24434
49653
65054
13011
40662
18534
17257
42693
38595
59510
9496
62399
14453
20190
62307
37813
38334
43384
61976
16072
1130
10556
17481
9154
23625
54299
53620
43385
14635
16686
12081
396
41678
11977
24063
13044
8885
3571
36041
13938
32831
33977
36528
50708
30820
36800
12904
47910
52338
52462
9929
50274
63279
37497
48954
24344
10227
48682
45863
45449
3449
47415
39170
64046
2690
9749
10998
2818
40700
16836
59829
18130
32054
59692
19852
2963
39895
56645
17809
38080
21208
7219
39273
21137
48012
21709
48875
40643
61978
63467
9359
2241
1073
10319
24119
45590
2915
29938
64325
31027
30571
10849
19237
9571
22730
56252
53781
50430
13508
16924
63028
623
44547
45298
23349
16039
46096
22859
47178
37570
61774
9450
8679
2841
2537
46407
21245
45332
3522
39193
62543
562
10572
43879
34697
14808
48454
36425
33856
52836
51188
34944
14737
64906
51154
27635
10629
52882
23973
48274
60585
38501
8833
64326
17018
27203
50322
61387
9171
24074
13758
2623
63459
40648
23455
10249
60149
24431
20798
17455
61762
58997
39199
59283
9474
20521
16147
22926
9442
41474
37616
18832
59413
17763
38277
18668
17751
22646
39002
58739
18164
38475
24067
20182
39014
40615
64805
30610
34363
21902
12224
47195
11823
3969
3585
12095
38915
63866
29059
2632
11321
3539
11894
14358
35526
42382
65134
35766
32947
4470
52614
34755
22723
9075
49427
17855
62319
32099
64348
48936
28411
34681
45869
43836
44122
49535
26150
25888
47397
61521
51145
35442
48683
27125
17497
56143
34849
65494
62987
49836
44598
47543
28362
63779
59573
20096
33976
45481
61599
28117
19430
58238
35108
9945
62616
52784
50011
2770
24697
32669
60959
16467
47038
8914
61845
27599
2007
4468
46487
19941
23855
8615
9386
50523
41259
47258
5147
1210
51259
19539
23454
42235
53851
6426
55585
45279
62889
25136
22773
55572
29388
20206
7541
60998
56242
46603
49050
52678
51697
46413
26363
4924
48928
36855
4858
30007
811
26925
55328
49708
35041
7847
1572
3728
36218
10172
29354
10422
65211
40346
38661
3596
1964
40613
62032
35189
3542
47913
62559
29350
23969
19849
5533
55643
39326
60577
57795
22774
40303
18174
59180
22275
2363
59461
30877
22524
29917
4629
45997
18265
24071
64173
8670
43061
42181
9630
7036
2526
51628
18571
23976
43932
22420
19543
5879
55371
29226
57844
59280
1355
40172
6554
19948
21536
2288
54564
31127
40250
9258
46891
27040
36214
11813
14234
43881
51660
26619
16117
47199
64441
51974
35196
45648
28335
15779
18608
32672
19609
22199
54180
58866
16963
43174
22185
63471
16065
7719
20427
39512
31034
15346
64744
1708
19189
10847
54769
55452
50836
30176
593
19798
15657
4676
18323
20830
51360
34683
12113
32427
11897
61528
38811
39456
127
3935
29520
10588
35453
2825
9074
64341
2473
51348
59430
26026
54940
22051
5117
65534
63714
24214
14069
47584
43506
47431
17209
849
683
56896
6782
7911
45317
34977
2299
25408
24840
51743
50593
5919
54052
55059
46088
34220
29897
11467
57776
36187
15821
10932
35899
34615
50410
4442
35415
15485
10084
52541
13440
11643
52317
64369
38983
54319
33022
38271
59914
58001
14623
58954
61298
37068
38289
26610
63689
31647
12561
62580
44305
35823
6904
28713
64618
10177
25641
60028
45378
43712
36871
52654
7679
29845
41143
48670
23428
35103
8199
949
5641
7683
39696
19579
34072
23756
1379
38849
11739
2057
41335
8458
12108
36474
1278
9842
35994
36498
32025
33609
35954
23063
10641
30919
21017
46895
28743
48901
8380
8793
1171
9143
10969
62675
29371
35419
65363
23156
47326
727
3417
8827
2647
62593
43495
58544
64103
38490
60011
57908
14816
9819
61277
41324
40753
14189
62012
38874
20916
33734
62272
11190
39693
35965
8294
11581
3670
46054
11357
36893
36301
2989
40480
36470
237
47240
22765
6262
11485
3248
5061
7620
43040
17227
4221
20576
109
44301
11936
3798
40980
34505
64539
11641
37895
33651
11465
11107
3419
48363
8371
37143
36547
3479
40315
33401
3143
10848
59115
34650
21604
9821
35386
33330
29417
5865
34386
12676
8765
29751
21227
10160
49639
35256
39261
59578
33192
37206
54239
56785
14527
58202
57426
37328
29149
28066
63958
39376
12465
45758
38068
10512
47790
40891
46790
48738
3055
11402
9601
23260
32723
2040
33957
21212
20765
64388
42929
11024
16493
39612
60427
59348
13499
10928
8589
44240
37223
15620
17514
40411
20605
46559
9562
63830
2978
11346
61910
63405
30646
34390
34397
23729
48081
31197
24255
11962
29021
61660
59930
33403
52530
47662
35483
36247
51226
4170
33655
41089
9223
49869
25679
36185
51789
56523
18833
65003
62028
53277
19515
19373
54082
56978
16621
18172
56077
47177
20289
48411
54777
7441
9351
58409
41574
37579
55820
5487
55110
57792
20106
17133
33299
59577
1081
44543
58284
33812
16177
19439
21097
43590
7274
7639
61299
58004
16478
8935
51917
59670
16271
38133
59120
27852
31844
51137
31696
56778
29047
35450
48157
56068
50300
36237
27505
56688
28859
45255
53451
56010
10955
6218
59535
63628
16634
64197
45708
47676
62021
58170
33641
5254
46149
58447
7990
2580
36311
567
64351
13382
23271
60138
36644
62612
25322
36058
55824
35104
61534
21747
61840
6065
60183
54459
14384
30821
47824
46341
18202
61708
56854
61021
7811
18475
24012
50282
62352
52349
46022
15677
46267
29390
15453
15390
64438
61542
24014
45419
50718
62556
48758
52685
61756
27856
34952
52484
29916
46030
28797
30334
55414
54213
51650
34695
26057
46976
32470
53357
53723
49431
48068
24055
47984
50202
15431
60458
61524
64308
15690
45248
4474
64336
45172
29895
61488
53712
16844
17642
18496
47125
16810
19557
48460
56572
64901
17808
54725
55526
62492
54400
54694
51808
35192
15790
40345
12135
24759
26136
18618
5087
14797
36215
3945
10063
39168
19000
45514
2668
31236
14328
38806
58431
24861
55931
64738
35681
13349
34685
25729
19807
39461
10814
4314
7044
13713
56080
22780
49280
48139
48397
20263
62097
53364
60999
52445
18762
13130
32107
63132
24705
34271
49725
9257
21188
43757
23182
63782
61702
21054
47628
3859
34860
65210
15666
61596
32876
58109
33355
8725
16610
64251
17661
55938
53810
8013
12283
7521
46217
61208
65001
48953
54261
45862
3734
28408
46408
47176
1523
55542
28200
805
1315
56979
46067
26661
55334
26101
62970
41245
31695
43022
5158
36418
5165
5837
49648
49664
41767
18944
4110
51192
65055
50073
20368
20267
50182
43464
63000
4648
30456
5125
49699
28950
42573
63997
4552
41589
17014
50934
53452
58668
15770
14481
48145
60743
15511
48895
28206
23626
13127
56071
54162
24138
56698
25593
46847
52449
1033
25614
6330
45614
35665
33639
28732
32474
28462
4266
56002
52833
46879
28671
60048
46662
2448
25608
46669
10029
23188
46085
547
3883
28456
10237
45320
1814
53792
1686
18092
40116
31039
41639
19888
6494
7652
7229
31915
52640
40785
16491
8110
43885
63978
32687
19611
51783
40347
32504
17535
64324
62482
33169
31482
38671
50467
19145
33683
50321
64320
30197
56539
12311
23344
24125
55423
60244
60702
53393
24828
15631
13652
54217
46392
15617
48000
26021
19196
5673
38810
49810
61761
62529
37367
33433
31054
39468
53070
18327
34450
31055
17450
32767
54949
3108
677
25251
56608
47587
48461
45300
27899
2960
3928
53499
57144
27645
47590
26278
33120
15025
31024
39272
58042
63469
58546
57297
27306
12975
38637
57311
33128
25762
63462
30262
56026
9962
25258
13010
8674
58449
20785
46959
2530
1770
16209
46945
56018
22927
58463
28591
17211
62288
51366
44605
62957
6371
50595
6309
30808
30182
38228
20132
5432
43099
18512
30117
11322
27181
2220
2914
57894
11607
10104
46605
400
22934
1506
59910
45278
25101
48874
937
5039
4953
31711
52066
35970
36434
29614
7535
51426
28857
50658
36402
32878
52665
7615
29497
7052
58925
7915
18713
60456
18251
16685
56434
54866
5469
59723
7345
56089
18034
60229
55785
42047
3577
10911
18872
18708
58453
60944
45461
5967
62940
14438
39019
9183
55278
19234
18549
40245
13087
64681
59790
41368
60230
57379
8712
20350
64930
22729
41190
9733
14034
18243
18719
53607
28955
38814
40246
60319
1796
1136
60451
7351
37935
29888
55258
60741
40165
60670
7564
58598
33865
5530
58847
17772
4842
63717
54892
47132
18165
18454
10267
4566
53749
57759
56710
38142
8227
26343
61503
57638
2295
26698
35316
33620
54874
11046
42063
36848
64318
12611
36432
51978
14188
9302
16086
44651
46202
36537
34601
10107
11899
43424
51653
63606
27641
42927
10330
27601
34959
28333
10213
43463
42925
14190
63718
62486
16126
46876
27075
35308
10256
43928
64332
4573
29382
40344
38713
58823
3537
2307
59419
6281
39175
31692
54894
59221
39008
60584
55164
26564
35975
28407
11590
42799
14135
14170
34276
61764
28202
36234
26480
35040
11331
43006
62528
55162
59163
6490
20086
60955
19242
18197
56860
55276
20197
61018
7817
56246
5961
59222
6486
57400
40656
20562
64334
13932
44435
43457
17260
59504
22132
38057
9159
57753
61981
41382
10214
8446
36949
20771
62536
14162
42994
42025
19374
11336
10790
39846
60927
16441
37363
12601
60710
51147
13914
11045
16073
44118
35772
32945
65394
12077
8232
14652
49520
63865
13695
43829
10539
44536
11888
50781
8697
13844
26685
22782
65526
65110
14062
9301
37575
34300
62314
15442
33372
11589
20242
5883
59077
19362
35051
5101
55250
53266
6557
61977
57416
53609
59656
19513
48409
64396
14202
36491
27544
45539
34635
35911
51642
52010
34439
43985
8471
52957
26454
47941
51101
30639
62057
56057
52473
37826
54358
61368
9849
14726
58062
35390
38591
302
44574
36162
26424
32165
5183
7337
49558
31998
47942
45544
47663
25685
55198
4152
31321
28754
52002
34627
28051
2409
63339
18812
48382
21899
55669
54718
52005
15292
17780
8551
30341
51102
47925
24268
14084
46934
21125
33738
24910
8898
35258
33202
7193
29833
36290
1075
9912
50455
58905
47871
29287
62076
32037
9785
323
11879
10281
9043
34443
2235
63795
29854
62324
1671
48361
9931
2055
40394
20220
54501
4414
40847
58396
61255
22965
22828
61315
19655
37706
1955
18793
29759
22279
47247
22762
10470
32248
61512
62598
64237
3462
29414
46061
23905
45185
2157
38934
63504
29757
29286
62000
18459
45112
20710
55433
53383
43029
14572
16451
64109
31360
52723
10342
22624
15719
47381
23436
11849
30718
62740
10121
61827
3723
30699
9699
22468
46478
3783
31557
63772
1847
9242
14668
33418
26419
12168
36170
33602
51081
52809
35458
14279
12097
51559
14725
46310
52215
24272
11990
58220
31286
39480
18544
16424
58249
43126
60734
48296
23638
24814
37512
62093
52632
22540
48549
58891
313
38500
63770
62749
56409
31558
61143
45214
21435
24867
30691
10631
30706
38859
19210
56101
7336
29161
19388
57719
1110
21626
53587
16653
39964
3480
6063
31541
40401
65136
40566
65334
226
11570
11862
46429
35462
2998
33341
31640
64552
32653
9103
9066
3805
48421
25830
34507
52306
47102
35003
36791
5498
49802
36551
28152
47699
50813
53551
35897
51309
6377
30815
3526
2819
56435
30783
30185
56070
7855
3093
32430
5470
56515
3446
56597
5438
63887
52024
7038
37746
6901
30575
51408
30219
5485
4628
41694
7510
28687
28963
17673
6878
18614
43189
5139
38515
18691
52694
31878
29816
7637
49411
44648
62856
28933
65398
20421
7272
54412
14684
26876
14542
60462
13372
12636
56073
55721
25900
12855
53687
53454
15993
60745
57150
46982
28365
46878
2674
4972
1237
3584
50540
46020
34945
25811
55408
24847
30135
53513
55912
4650
30495
45645
27155
55700
31130
32556
1811
33801
1780
50178
34369
2758
53621
57339
33026
20012
38660
51161
37586
7653
52889
50427
34260
33172
51307
39057
17435
35538
31651
18873
33682
60252
25844
32507
51971
16969
23356
21702
36801
47869
37631
28334
58389
36035
49863
7723
46398
6075
13415
28331
16083
59420
42923
13417
54215
55863
14585
43428
53897
56531
28158
60245
5795
58443
26917
29434
50382
5671
21744
20811
34761
47605
30284
25331
57636
35522
51065
4684
49144
55593
31655
1893
1240
55323
2553
32058
54724
7223
2240
658
7660
53720
3588
55221
54930
11238
28050
6484
42675
61292
3632
14495
28524
54017
58094
24168
59514
49621
27374
16805
48232
60719
24095
53991
16270
59310
26778
1354
26558
48079
26279
14338
11330
27241
59065
59961
53250
16971
37408
52581
40659
17843
49909
50725
36310
33430
52405
39316
17956
36051
39094
18565
34451
36416
49665
48871
27838
61429
30875
39327
4032
34305
8776
31688
16943
3177
28436
54700
32771
56694
28021
36226
31934
7134
2822
117
52146
56774
31854
27592
48152
52329
32959
4201
45251
54534
19213
19846
17434
57224
19670
18386
53485
56237
19074
16650
55768
56650
16413
55318
56474
34846
40756
59674
29749
36937
54991
55233
58754
60977
57666
62596
28871
56303
40837
39116
60522
4632
43629
18620
25663
41754
5081
53774
53342
60887
61303
58497
50114
54309
51942
41664
59915
25871
30318
49678
30933
55398
32626
33654
46728
55763
51317
36483
28344
48662
32697
54210
54533
49097
10295
63561
48617
10830
61641
65015
35459
33331
33607
8300
46279
33419
9102
8732
35387
28440
45582
12850
63676
14474
14978
19078
62254
64782
41702
33753
54159
61989
12151
13005
64005
6542
13620
55686
23915
31372
46805
47060
17741
65172
53645
60292
49511
19216
21483
29289
64523
50451
46189
23907
47542
32027
15491
60651
61777
62513
24043
48998
7195
63423
45501
30915
64111
25957
31329
52936
31199
48491
30067
35963
55997
54372
51984
33410
27524
53942
29114
45923
57189
50802
47459
15810
47221
51222
15474
60598
64190
63342
15750
46533
5494
64949
49075
49858
64613
54885
20212
62601
64795
47748
16745
18231
46051
56883
64231
19659
55140
48619
62276
45701
56379
32613
31745
15969
40458
62517
25986
56458
59938
54273
15343
36466
29828
57978
39983
65380
57103
28527
29454
12804
37387
16992
28531
54201
9745
47554
14524
33395
49800
65162
37756
61281
34159
7864
15581
55413
15818
53135
45830
45784
16500
64781
57267
60273
50898
17532
12416
51302
64010
910
46849
37427
10618
24041
39555
64235
34081
64401
29419
46607
45196
65071
8482
22631
64527
4975
60769
16966
54342
61201
19142
19906
8077
5181
17218
60096
53954
53898
53474
18570
55866
9200
58656
36438
22772
8996
33590
36403
51430
5462
33619
13636
12020
30771
14400
11808
50659
63527
39627
10527
17346
30614
9978
16602
52018
44161
7519
41978
63357
12814
35571
38921
16167
63789
41549
18623
65475
40821
17322
65073
43193
17244
62850
40955
40852
44642
17094
39174
42465
48401
24135
5242
9617
124
6860
5895
39242
17964
33041
21498
3271
41617
10396
2826
44871
12188
36999
36217
12994
35679
33689
33168
29380
31300
35184
16193
64730
52674
32062
8825
49986
45312
12075
47450
22792
10787
8618
9383
1209
48985
48983
22061
46084
2002
21109
10022
1618
63975
44139
10720
20273
39888
59051
57547
15309
23668
60784
42666
64909
12964
61540
37548
24413
36043
39441
11611
39060
35199
11323
8399
2961
65
11135
38212
36815
2211
38657
36219
1507
48004
20682
35600
9124
3599
7179
8137
41985
43543
4735
21819
47122
40701
11265
3547
42276
35530
63052
11050
39313
35447
8442
11255
2089
46409
8231
40769
34759
3730
37420
34682
834
9787
15380
33369
12861
11120
34361
32816
32052
52452
35664
13917
8384
49714
24004
8795
50770
33972
20954
11247
65491
23002
48234
57094
25752
14973
57968
40875
47538
24162
45474
38053
21985
47025
21079
58406
9938
23129
55808
47053
22806
9792
8520
22186
2775
12808
8921
22447
16173
63725
44637
59424
62260
37723
58363
61076
14379
8992
9549
42299
38196
16125
18480
40608
21796
45276
20861
33371
22750
10608
64171
8671
2513
337
10591
21335
46598
29907
1944
11609
32595
62890
17386
34678
39022
62398
34454
33427
50198
8006
35443
37863
63655
29891
43151
65215
32579
64959
45137
16022
33402
12120
43999
12671
50544
27738
13910
46112
10866
51466
33661
10278
26512
18826
58760
65070
33189
64414
43327
50922
29139
27782
30103
56294
16866
35252
63955
62732
28256
18619
53331
61992
47791
63489
43173
44889
32733
25531
37778
56617
20407
45745
33960
65280
26636
722
5502
9106
20155
22704
10962
62678
42585
44153
10406
6517
29366
44709
18103
22529
42757
59878
7192
59726
46556
47511
21045
4075
27758
28693
26359
7696
55021
56967
48094
9881
30923
41630
9960
13974
17833
9055
20466
18678
22270
24405
15954
11846
43045
65262
59806
24360
22677
36473
63060
39337
47957
61790
39689
39980
3253
30293
30300
63419
35959
3803
9651
63932
30635
23518
59975
17907
58085
32299
60526
60220
4064
23114
7931
58393
23388
21046
57316
40595
21711
31187
4119
9635
17036
23381
61907
63403
53228
41036
48811
6169
30651
41529
19182
24276
44489
21512
57726
18066
60965
38950
57608
60383
22245
20761
20118
19385
23999
24309
58963
37522
39785
10105
46430
14645
36475
46676
14281
12620
52245
26089
26347
47964
8487
52939
35955
10581
27452
15981
19026
38565
17356
61781
58680
56880
50167
53082
31060
17082
15334
18510
19966
38580
41647
14343
63105
24495
17931
65456
58270
59557
42398
38639
37464
65152
14523
18723
19975
24497
40502
33398
64189
39078
48431
65457
37894
36991
944
31312
40799
9402
33650
2058
45144
63664
1194
44792
57181
13625
61433
46428
62451
35067
4081
1616
28391
57942
52800
8770
54007
21854
22950
59429
4980
20050
48896
8850
14582
16358
26065
49936
13970
4732
61267
55677
47313
62383
49866
56475
47696
3483
28052
45549
47940
308
54320
26461
2651
45
55204
53501
25691
47936
27792
16394
17738
51210
52210
17266
7457
50066
7119
52802
49279
44049
18577
5569
44575
7471
52474
61888
16508
31168
50323
35906
34637
31985
6156
52519
29978
43636
64449
7940
52521
34630
51867
54537
60603
23503
23489
46472
60286
15571
47920
27476
23686
15479
57043
48369
23424
48671
27804
55962
54863
2314
27073
55922
46881
1682
46281
590
383
24897
53906
49095
26399
53882
2812
8646
48362
21141
2509
9698
9331
20702
47324
3415
21337
333
11106
48900
3722
10566
2715
19052
63068
50346
42849
20305
5351
53054
6463
31070
53087
37303
16951
4401
43498
17594
29100
16581
4933
39686
52637
16429
64792
37117
36502
30792
39968
49220
19956
35997
51238
19830
28912
54117
58347
15830
15837
53437
60803
12340
55462
26851
12368
12420
56676
53421
14416
55478
24635
16649
7211
37897
30705
64536
63262
40131
36251
31556
36981
49447
19203
35479
31552
63263
29180
55867
46677
1952
26429
57176
46317
3896
45621
27107
1622
340
53811
47668
27110
54352
24891
8150
20304
41638
50344
19032
17592
43693
5334
49752
53072
43709
5341
8157
41654
17072
51872
46703
61824
22847
1842
63117
10114
37224
35168
30701
38630
20865
35176
46689
30694
10634
314
19675
64186
31536
44500
61825
6996
49575
5292
29777
29162
37053
18391
4260
42172
64384
28832
57567
54111
24239
26833
54097
11186
23713
48095
3666
1370
24657
60833
46545
28095
59487
3242
35898
55852
30940
51415
46609
36183
2711
53962
25665
3964
49239
47089
4961
25212
36490
49210
38466
36557
20933
53659
60601
40857
38947
3127
29444
23438
34506
62790
46916
56231
12659
33399
26723
58340
12502
57552
53424
57443
60731
25512
25573
15709
60811
28043
56669
59565
25528
27963
28174
60596
23759
11466
46470
60430
60373
3133
27739
23432
60284
28341
47937
11117
1298
27548
41908
59604
39430
49119
33663
41893
41566
39640
13219
40306
58124
20412
9394
33496
32632
59438
44483
4931
39942
4240
16416
61640
65008
30104
29510
39725
7499
44363
35629
6296
41080
32240
23816
61560
12486
18953
60085
60424
59350
41160
44150
13448
62591
21686
17426
19715
12403
42767
13245
59608
43621
19051
6795
13222
26717
53043
24792
42212
53414
57430
5348
16948
53123
55485
14056
7933
12745
11481
8492
24373
740
15415
29684
14151
17910
55008
60302
11175
20862
63555
42625
60216
39945
34517
35964
42559
51681
37284
25917
39719
58720
16879
63411
34772
30078
61160
13091
18579
44255
10758
10879
13302
13032
15570
41976
14194
20377
61269
59256
11730
37042
16962
41768
7432
20591
53308
57580
38294
32301
818
31752
24033
4864
4896
48609
55358
12430
36477
31198
48308
41327
54630
4490
61918
63404
15421
23643
42977
48821
30652
60296
56173
50818
23509
30936
46008
41173
54025
8121
61656
62687
12499
20662
42174
47231
29375
60798
55507
50099
23823
21777
47928
12761
57820
5813
22015
24296
49572
1389
42931
48383
9600
55127
18388
26302
48657
22483
64548
23141
19654
57824
57699
59195
37108
44107
21732
64373
22363
64787
19453
12680
43973
42766
7204
39433
33274
64534
61902
64453
28820
31819
40307
5932
43893
33831
35837
37138
30716
25748
22303
28608
38370
54204
56061
56634
21038
9225
26753
39778
27996
37801
9807
28532
61662
30627
44361
1499
44935
9653
34516
34773
49895
6396
2995
43207
39349
44857
19177
3155
17406
1186
44668
778
42420
45142
49105
33488
43358
20121
2237
43268
29782
42405
18108
34
18067
38861
16503
30400
6805
35919
33277
35834
49927
49196
32273
17531
39706
4724
7582
29000
50331
3799
25164
50635
16355
35957
54631
56169
749
45818
51987
13054
3001
24374
57323
30068
12274
52951
49009
1483
45824
54971
34151
47564
26333
26234
2436
35002
27004
56957
45789
25972
52954
42861
52602
50784
41841
18054
4413
6454
51233
19866
51080
51202
43488
41887
16431
49640
16386
25745
54850
1546
54986
55935
45457
47519
2766
3913
1906
55114
25135
45591
55234
28529
1276
44289
17729
49930
7423
17279
4241
6303
52418
50511
52594
19226
43050
7697
20162
49186
52218
31537
55847
29660
5084
46618
32935
46236
28609
27210
631
7516
1866
6273
53767
30081
52538
27441
13354
876
16162
56463
45111
47161
2337
10138
3470
13314
28399
22175
57130
25985
8450
52734
62846
53100
33193
20361
5063
7625
29150
31865
50318
35625
43033
35255
63966
51950
32268
51091
32802
50651
32934
4441
5636
7692
32721
29562
51639
33830
52009
35005
33954
52307
29184
13527
32287
28636
38429
6741
55975
5291
40514
64463
49844
31176
42171
38646
62746
27230
61896
25287
45438
3936
46811
55941
49089
46287
24931
24857
1160
47484
25625
55684
47059
28548
27084
525
14633
50698
13603
33648
54797
57050
23011
10745
52861
44718
2234
22005
58965
32625
62782
27128
39914
2757
50001
55925
49139
54006
30807
64940
25624
44449
25125
30122
34282
24856
64673
37592
41668
214
41310
3118
35544
46807
41781
20467
1292
43934
1966
50860
41860
21432
5527
23006
42789
3081
41187
9087
45534
46303
52820
6555
3442
42227
21183
49979
19541
21886
8180
41629
20260
51718
18118
62998
8088
35318
51715
53029
30488
18752
39232
5912
16899
44920
51702
3538
43070
52230
26196
30327
56530
54980
21494
62258
50892
27031
2308
1595
13123
28792
46839
52590
32946
198
48133
56437
32866
35689
27656
52415
2835
35769
52153
56083
48392
24595
52073
41636
49672
51925
40002
25058
8099
53553
44950
18952
26218
31681
14177
30202
44925
44979
64753
2546
7146
2569
55817
50097
49054
36001
34951
32060
30170
53801
52641
54290
5482
274
25343
40689
18192
31951
17161
51752
34290
6813
6429
51184
52992
18476
41997
7550
4598
38162
51353
51362
4958
31967
7279
35983
34210
34985
49250
50159
32190
7919
32495
36238
7646
49330
30777
26798
44498
24687
1601
26141
54066
47860
38319
64722
4043
22513
26621
3996
41810
24766
10903
44558
34597
49625
65503
49379
7182
8132
36532
30987
50027
63615
50419
33970
36005
42686
32015
41667
65400
49253
62933
17845
6851
5893
28888
31350
52147
63861
43381
35763
63704
41859
30469
14641
30480
24943
43560
61369
54834
53929
31053
63472
25790
50189
12892
53136
61766
13954
19101
26382
36540
357
47830
25364
45518
33633
56852
52844
960
46207
51303
55224
46347
25011
26383
1795
52828
49609
25412
35455
53699
55046
3652
36412
51058
51255
1142
1008
54571
29054
33585
51778
12219
24913
30094
60602
25361
54144
64537
65369
4432
21364
4166
37139
46617
12669
37715
60516
33898
44061
30431
22756
39684
40491
55984
25739
17728
36706
60987
28600
30641
20587
25187
60417
35177
43639
29653
15757
37889
40304
46726
27061
16507
34147
60368
1304
29374
12490
28163
28837
51762
44215
18301
39703
3144
45542
9217
54435
57724
7656
29790
61658
44033
37323
53397
43972
1152
228
1720
62283
27444
28389
61786
38122
46053
616
44619
37298
45488
36884
37986
23492
57789
28756
57536
10939
31540
30700
5169
4433
35420
60272
22411
4144
58477
20596
6992
53
38738
23735
29647
43492
52296
17686
55836
59990
9564
38618
22659
28446
32017
41323
16317
344
8803
28737
57804
12106
30385
33215
7934
33902
33615
47669
9910
7420
59895
23057
36716
29103
40814
14871
19223
38977
27224
61366
10647
59752
61260
34030
39346
8460
42487
37066
53558
35
54328
28996
19674
8476
29620
36796
7057
4705
35916
53494
47701
4496
59137
40071
4960
28739
8534
49636
3858
58860
900
45189
61514
34394
5861
22205
62229
36882
47642
15495
38482
64097
42732
15037
62599
39249
13412
13035
59709
9812
61264
42860
62010
57696
40759
37338
10171
64612
41402
23581
19853
38071
15108
14267
58580
10941
8576
43984
63340
57355
43617
37083
11632
24831
37559
23165
30405
42941
51758
4133
54905
9856
8378
37851
28136
50622
32286
12762
21789
21613
59108
29009
10859
9808
29745
29423
33342
5870
34399
59275
21216
35388
8756
20925
6124
42753
2437
24641
883
16400
27537
27472
64185
38793
53472
3779
43888
37043
49077
43537
39779
37154
61966
23265
12272
45339
1313
45868
47422
48398
8684
62991
64041
48959
10740
2589
48143
48228
24010
31773
10324
1295
51972
49870
18954
17436
53106
24123
46018
62960
11121
219
20011
45249
21836
51825
11809
3447
50375
51068
63985
17959
33050
22778
48076
20378
21399
3082
16972
36917
12530
31927
55175
51069
15432
57381
46093
17566
32954
11598
44520
45323
25041
49611
16895
31684
62490
20564
62363
30322
23348
24002
48282
48458
23666
65099
29378
45989
61706
28788
48869
27588
4465
37092
35532
53264
43828
43856
60913
60449
16608
5916
27504
8444
5313
20
60236
20645
47906
27831
63972
3951
40008
44913
60107
6815
28435
10419
21770
58796
9345
29035
62918
15080
65484
44065
56538
50574
53217
37859
57705
9209
41235
16630
21268
16800
54981
24945
54064
43583
10263
2673
6077
50885
14931
13597
46597
18122
30142
60904
37739
45274
55694
52234
16533
20547
17650
41284
53707
7354
29668
5088
59297
55537
16672
64249
57414
57660
55053
52359
46076
36899
33183
37348
9532
3864
852
21794
47674
46346
23170
62213
38513
34357
10944
3207
45269
4561
28361
27316
56717
29541
1245
3587
5839
35193
25880
27600
5475
4107
47134
51818
36208
7268
27770
27677
48407
52621
2820
3440
5127
35441
53371
27596
7120
4554
24769
28779
34684
23711
21262
27156
8929
1927
43554
61775
59796
63938
53627
11890
23854
61435
22071
2666
20239
26589
6425
43745
4288
787
42913
43875
8393
60185
36995
7024
28355
57392
36809
27277
60240
29889
63047
23585
63130
35452
24049
23372
47262
46414
8236
62026
30492
46495
62103
29041
47183
49426
46400
26357
41191
48934
31433
50194
39911
2084
26920
25389
6777
36922
19548
1571
1424
22701
51299
25509
29057
15377
45992
48279
41174
16483
27898
51159
23303
37178
50104
13140
16807
24215
52155
26111
49341
58156
46494
47263
39917
19371
26670
52580
22570
41120
35968
13633
16436
41912
18643
53237
63131
17963
49366
31624
32664
49363
51491
17766
62854
35107
62109
44868
7048
30872
15811
50166
20973
49473
5528
4599
23558
8392
31484
14244
30615
23211
12408
49955
8500
26867
45864
1430
54774
46406
46072
48885
25592
25894
2083
48677
28197
47171
55443
25384
28405
13235
41917
32678
52343
20919
24789
26058
43717
41894
428
37346
27714
44188
53011
40797
30266
392
54720
1785
49055
49383
2773
1280
7143
47124
28730
56021
25469
55586
36012
26158
54408
38530
7222
50585
62362
43540
29039
50128
34596
7821
51963
20441
49240
34850
61707
42279
5310
24696
56579
29503
34217
5465
3078
3443
50594
24776
32494
56518
48150
7918
34978
50158
48403
49267
13096
26031
12583
292
49350
32716
36975
21910
25083
1773
50705
20988
41102
850
4011
43431
64443
30271
20396
41149
5806
4148
7149
31659
49312
62042
44388
4702
19552
38625
29359
43060
62301
50086
17712
62944
4915
7845
50083
29526
32488
65115
44635
7912
18596
41821
32421
13586
64742
1705
51732
12122
27855
28030
42788
32493
594
41048
58233
43771
4475
22103
50080
27043
47915
4005
57253
24621
46643
45309
48452
27643
3216
45654
28148
53992
56560
1768
27046
31134
15147
32761
12333
7977
5886
6559
23844
11259
49730
15860
29231
23696
11328
50754
8445
515
8375
24414
47765
9148
21726
38069
33492
35412
65365
9339
2233
49116
48558
24436
46172
65389
40838
41748
48616
24040
14439
15849
18627
58254
16453
29750
62518
4341
21352
21344
56809
9831
29157
42615
47950
24196
14596
16060
7059
56414
17787
1849
63851
4505
3123
21964
55077
8136
53126
41911
57985
43025
51422
25209
59607
54206
61308
25199
6351
61195
44909
44992
53877
22625
9090
21480
33014
61510
37432
29408
48488
35464
46048
48623
24047
45920
63688
37661
33408
44753
58801
42328
17930
59056
43416
44591
61096
18008
18015
59760
14714
58783
19981
13693
59743
34520
38480
13233
34648
38744
26834
28090
59602
58193
57439
38864
34768
53423
38616
38608
60858
718
45191
37710
9068
10825
40398
40268
33332
64228
33612
47241
1052
65333
11582
24343
62597
33742
31371
13841
62084
40270
27074
26394
60210
56449
57679
29285
36300
58730
39475
37836
56975
51298
54146
44872
61376
61210
42184
44319
16952
19080
17231
53782
25119
61247
59489
41857
58511
3794
9553
38488
48303
11359
38872
38736
34776
34392
34384
11194
3002
34512
11986
21937
34640
17863
41445
22196
61060
42990
22791
22313
64403
11358
8533
43371
19449
62731
15411
42604
11964
17933
42672
21373
61041
43441
39121
21114
63501
9137
12208
14810
19978
65290
13789
42448
8816
49118
39611
22045
46174
37556
2504
3727
47922
11393
9610
21724
33493
45558
31395
24540
10000
14791
60654
42734
17867
57829
44798
52812
56884
5860
5868
61068
14153
58677
19443
13956
18917
22980
48366
21838
33273
62747
22846
39397
48740
34436
9701
46917
24204
46540
35827
38423
47500
21236
32188
2702
40018
61206
574
25327
36651
37931
55951
31697
12864
30253
61529
24339
38813
18136
65485
37752
37177
27897
22738
1939
13076
43111
28974
64766
53566
12627
37728
13782
14238
58990
63477
38526
36918
15986
22787
21110
60453
43865
65407
64248
59871
12355
39907
13769
44350
63133
44864
41906
61971
37491
43169
40682
18654
17239
62863
37627
62107
17775
45000
38406
20202
16082
39009
27832
20963
49486
51160
26983
37864
37624
25879
22526
26611
30439
21277
42360
32503
39010
17842
28808
58821
9493
29896
30485
7128
4472
35973
20105
40585
7269
60936
21272
5909
20285
34312
13246
37017
2617
14503
14285
41905
51410
24904
32775
10855
20802
38400
44902
1985
21143
64908
28798
61391
31826
30878
30621
36811
33867
30333
57930
39889
4303
32825
24446
6223
62359
38091
22034
18450
29078
23025
44497
7231
19338
49234
43258
61709
61193
33859
37641
57900
40609
17377
29048
62313
62393
31128
29221
5320
8008
35445
63724
39004
35525
18530
38322
33349
14385
32466
51848
23086
2627
49720
1079
38440
38664
3975
1031
21700
29479
38321
13186
40343
62926
51189
14003
18866
28726
14606
52542
48277
35673
24643
44559
35576
12246
7139
38505
8831
65480
42614
13075
20099
40579
43118
44729
10248
62386
58741
43461
63941
9477
42456
37734
65209
12087
33803
13848
37270
12930
14845
12843
64751
31626
61301
33037
57914
41042
37923
24425
52689
22990
7145
29070
59094
72
31694
29389
5483
6427
29581
59775
32050
4575
56565
22147
7039
14787
39913
27678
20552
18047
26478
26559
34283
31051
56447
40242
14710
29677
11333
42526
29437
13469
46664
1680
55814
46656
8605
9371
2563
3877
548
53798
22336
46968
47048
28461
2454
42915
54505
26027
58837
13079
5796
61246
55319
25196
13305
18869
12903
56243
53497
15443
51157
13374
59070
25596
58313
60457
57143
55724
27662
25017
28199
57993
14169
56606
60942
12366
25705
51149
55991
50928
57663
18981
16893
17563
28583
14940
49700
55178
50299
55777
58542
41288
14138
28327
53787
30203
7173
44878
46391
12280
33297
704
40959
56249
13043
35603
8140
50468
2921
32423
48941
26107
34460
45856
5431
7850
50833
26144
28205
47403
30810
6471
33425
1316
27131
30573
58554
30256
63078
16305
61757
60114
53937
25770
16303
63968
25298
34696
55983
37352
31030
13463
59158
28666
54188
42466
60145
61550
8771
21701
37689
60764
43874
55521
59126
28455
15674
52487
55695
50076
19109
42525
16535
16840
59874
14191
42742
5307
51656
4692
58986
41006
42155
43825
59940
29500
55024
4956
61495
19770
28669
14912
51425
59200
44380
45636
53908
50657
21755
23345
54304
940
48239
16168
8359
8456
47485
1936
22166
48879
13320
48574
57088
1505
2217
40338
10684
32682
8358
38324
33681
63123
11822
22953
38309
62550
39172
47197
9484
39506
29344
38803
10834
30123
11417
61526
34452
33424
913
3930
30813
10073
37926
48679
11666
40019
2476
25809
9953
28586
61407
8687
60065
10042
354
1775
2529
57946
1930
54450
10594
14930
25263
657
10533
26272
33680
21795
54929
17726
18766
14837
13813
47194
40622
7725
63129
3933
28330
25332
53619
32762
6857
5676
49149
47611
29134
277
31047
54293
26923
33810
5902
53063
1222
40734
8229
26350
28801
58912
30
53279
61771
33627
54879
23592
20255
39501
35980
13892
30045
58797
33640
41764
31452
20684
39069
38663
25464
26819
41233
33127
60615
397
30166
13104
26580
58871
35691
42561
31952
14401
39319
37418
48144
27515
20268
32877
61082
24701
32180
21500
28100
38358
41832
41959
18756
39236
13176
9494
63649
59395
17756
63619
39091
62892
42653
40944
58822
44701
2248
25576
2740
39447
28328
27639
40120
40296
71
1892
42951
39511
1400
41805
38711
22781
58669
30040
9211
9003
30776
32485
6200
5464
33621
61003
24139
33589
59645
21805
7909
13158
38352
21329
31948
12652
41843
49474
50062
13181
20852
39593
249
24951
32710
42656
20968
24499
45301
30030
59034
36993
31422
30141
4603
33643
31309
61286
3112
5535
19564
22087
6767
40921
36323
13863
20001
39616
22152
24616
64732
56566
41095
17026
31910
12186
18196
38396
61397
21880
59592
32584
17724
62956
31928
32949
6552
7528
34373
9157
9077
5877
20129
37857
32869
41752
21885
50776
279
12564
24712
791
39448
38232
25063
23123
31310
40007
29570
13649
32599
63031
43883
22253
17121
40144
14756
15812
60608
11131
12413
43434
61549
61355
64900
40876
8784
62269
42320
13101
63716
38996
14580
15915
59540
9005
9536
44603
65083
58864
41789
38304
11819
21449
40275
22052
31424
14673
42514
20345
7356
11334
12064
40102
14354
49287
30484
13884
12328
22836
60187
32606
61232
23677
31038
32061
32827
7147
31837
59728
24013
7999
8395
24404
6495
43511
2843
846
3197
20298
28414
28207
61531
39915
54095
3533
43306
40029
45179
40775
40253
40823
36243
20878
8651
46473
21294
9045
34612
47316
61829
35481
62331
45372
11111
1555
45836
45928
21472
50040
11197
3005
51395
52507
18589
17220
4208
23904
48480
16384
21933
1494
19739
46542
23691
30226
11639
2227
51470
52853
64461
19572
34070
23500
48741
61898
20692
777
18300
41824
13165
29618
55730
52850
13172
61371
47314
18436
49023
59409
41601
48902
50904
50694
20236
30920
62285
23736
64512
35952
23912
24032
48808
46056
11344
64784
32016
48288
65181
30072
48608
28168
5496
41096
8143
57222
43992
42943
60776
60600
19087
6527
27062
57551
6344
25368
60287
21968
21976
25486
62605
29837
41853
16422
59447
18440
53388
47960
23384
57452
40765
32614
4246
24452
65011
44062
54633
53532
40942
36844
18228
47156
19532
62411
10981
16741
56167
26142
9013
40812
20531
1662
6531
51991
13965
57830
48087
19448
45436
10372
38126
46553
49508
50633
17856
13085
18637
41336
54790
54911
41960
20463
18392
59448
19583
20426
61312
57823
57042
50610
58367
38269
65032
39560
8298
45194
21848
46416
33336
48088
64224
35990
64550
35376
10289
898
46544
5742
27787
26248
47235
29831
2515
1979
7117
35956
53632
28261
5996
5574
100
32617
36469
5592
26038
25459
55314
49794
2056
694
6147
33656
57269
28175
6623
7945
25448
50022
33407
21260
163
26227
10119
31107
38417
62736
60375
35832
54713
48430
22708
57611
37220
1641
33279
26979
7188
39566
33733
47755
42862
42988
11572
60644
64236
7701
26507
8293
36292
3971
60293
31182
64532
20606
64012
33653
23502
23429
48548
48356
8373
63260
32277
45212
64772
32638
47948
53025
34754
23280
57333
57643
30362
29223
1779
31246
22340
6671
34378
45640
55699
14916
34674
27604
60700
23600
9520
25458
60580
57550
56609
28156
12303
61019
26830
48872
57354
3213
28325
28103
58663
12442
58266
48154
57591
60316
1522
25897
23361
59468
27516
55330
12017
24689
26873
44264
60830
37275
45532
35440
50480
51284
23201
25495
37933
60671
16469
10071
46289
29044
56897
43924
5196
37019
34294
43634
64756
64194
34593
29946
37135
7717
42190
34851
6810
40013
32501
23444
64033
20731
16890
57387
60660
60304
43761
41258
15693
63276
23840
62535
17559
15437
43004
23784
53407
41387
18091
28558
1328
13215
54503
55409
14953
9574
13169
6483
60012
49588
48008
28500
18175
12698
8362
40126
28464
21493
59155
62030
44137
5019
13640
60241
8453
23073
6221
43614
58826
37018
35536
30323
53164
42294
10174
60994
37125
57509
42381
62557
46809
28785
55380
25933
4759
44092
8603
61530
1019
26701
12701
53233
43857
5882
54059
59204
9373
40023
33351
30029
7946
23612
54697
14867
29595
38559
46157
35185
23238
36038
44834
48878
56059
15447
36211
29905
48761
43692
53467
50568
64161
64723
60178
23305
44134
48560
32467
60756
54735
51895
23968
31700
45169
44080
56522
4283
64676
64928
12439
20522
44372
47996
32176
60225
56583
52365
23452
12322
11970
14908
61244
53692
25498
3649
26286
3266
14167
58127
11343
53998
59815
27271
56690
21677
63353
14896
16539
15384
57773
60611
62494
42953
20677
64800
23299
19789
16847
14932
43920
42231
5678
37274
8095
61770
64241
63484
32670
30281
37927
4681
42796
35106
35314
43553
29439
13517
633
28545
37815
53487
25649
50400
62249
40313
8064
30942
15754
40739
12156
27208
37891
4403
65023
31779
40810
16003
2990
24249
60133
13385
62837
62401
18789
16260
38114
27701
12999
53666
65228
31266
38251
27480
1176
3423
59067
14716
32806
63172
6054
13684
39303
27807
44759
64004
40986
31970
5192
32046
39777
22298
54430
60023
45391
42176
64780
4265
49394
31381
19900
27454
21583
25988
24461
17685
51556
51077
36842
30794
56453
21185
16009
40930
10982
52291
39154
31550
53538
30084
56470
45541
31172
32284
6609
5489
34444
7007
1865
5584
55208
3139
6512
64100
35594
27874
38154
37507
15201
16106
59951
25722
58767
34050
62011
16241
39714
31285
25090
22273
12103
30065
47865
9855
31633
32303
36302
33614
35967
9244
22826
33740
8910
290
36172
64513
37708
27170
36174
40562
13313
12842
59842
58945
61311
40396
65178
53759
37838
31903
59162
40407
59921
32628
4159
47657
29844
32044
6337
4161
33660
19850
21628
8128
54514
28766
5184
23911
1914
32644
22129
9097
29748
29413
34090
39722
35461
2306
22764
38178
8495
238
39682
33010
42265
27363
6126
37506
25854
12825
10707
9854
61317
52217
63695
45477
42606
31295
46889
33267
52271
27683
7000
30702
52142
26409
46248
47650
53589
51094
35833
45206
49570
31797
36191
60001
34825
27171
40715
50408
13316
15804
9754
2335
53337
36611
17504
38273
39031
27199
32354
1266
58910
32641
53557
12166
30913
32031
5998
7198
35471
55113
21023
5740
59747
2792
7708
26520
22812
25969
21780
7206
27089
51632
63209
40521
54704
40551
27487
38371
9867
49442
39411
1805
12068
1617
9734
10789
22433
21596
46302
48990
48988
10528
1147
45535
8707
20776
47455
61747
1087
44067
11907
21450
15278
12996
6905
54341
44823
39269
12129
17669
48450
23605
61113
10802
22153
43598
10258
23374
13555
14117
18702
58995
16681
21103
10041
20425
21966
20735
57877
35524
27274
44258
9454
42056
52065
52668
58515
55924
16473
1132
5312
57846
14898
39669
55056
23358
46150
1508
62917
40721
31028
21042
46026
45706
21314
11913
21197
48229
35583
40003
34693
43838
57640
50660
16889
60454
51700
51488
56977
54865
5456
59205
43871
54780
18322
15427
55788
35540
22490
23778
62131
22234
2913
25096
55958
58480
16253
37547
46802
9583
46930
39589
12010
25793
45589
49985
57407
37767
44529
38083
12089
9353
40771
56714
30830
7984
12235
14914
17632
4289
617
14894
17640
40907
25607
52834
59072
55574
42369
50272
36803
57513
8839
41215
56764
32103
55837
32580
10997
16623
38132
42048
53809
60129
8000
46107
52618
48956
58616
37102
9452
3543
10096
32596
9177
22141
38052
22482
46810
46938
22098
10332
2312
35541
45462
20574
33365
19602
14700
23128
60248
42347
21650
40663
62988
10619
21876
42918
18116
61590
60951
41391
11615
16883
12639
23587
60238
43864
39854
40287
62610
10792
8230
14137
18326
61849
15506
44085
10021
45521
24412
14888
10674
21598
25613
1808
10696
9805
8518
22954
46300
61190
24542
20911
57888
14226
59675
50769
19606
13588
52881
43507
58873
59881
42467
60255
44647
54688
18124
12632
6480
21752
9747
833
65487
61769
561
2540
48078
45454
46412
8726
22341
45263
63950
39490
46223
53111
9958
24976
44222
45146
53194
51229
22302
21075
27473
21832
4987
40041
57721
2605
21397
23508
50316
27696
53170
58848
48292
48805
42065
17468
28392
49774
24155
43743
6842
15501
19054
23809
51641
24732
30088
57531
45201
48544
38786
18393
27988
52947
23984
40038
34447
12407
19667
31976
5294
49563
64000
19580
30048
31105
28817
53207
52007
4261
33263
33837
64769
41332
6324
31636
13547
28923
15032
5446
7412
7925
22365
9264
30787
13411
32293
20950
59984
52301
10856
27540
47709
155
53403
45536
48372
46907
27197
24912
1108
48416
26459
56653
54436
3149
27536
27880
19039
29099
49950
63067
25952
27528
44359
49745
31059
44977
58758
41161
4124
37300
44975
28605
55144
2810
45468
57161
1744
1976
26366
2659
578
54880
55990
55111
47518
27207
45700
51794
18786
49404
64524
17228
53210
50354
30110
49506
51278
4415
20415
35623
65175
40983
6529
1309
53972
31804
32938
53548
779
692
24977
28525
1863
54027
46720
6993
46225
52311
55325
50461
57168
27708
14878
46425
29643
32019
21569
2397
28398
16216
7190
23247
59980
3159
22182
42087
63063
51882
16746
20314
6711
4665
50738
30297
49746
63420
41708
6113
18737
43697
30636
43988
64177
31792
16603
61834
7332
6060
51879
31322
30689
64944
42940
7508
17623
40077
32160
24622
63114
2730
50803
64176
25356
26804
43902
39394
29789
38285
53333
41221
5497
23217
38198
25652
46675
416
53552
57174
47677
45622
3891
26341
2392
46939
25317
46308
55608
27229
26427
29841
14261
51962
23576
4139
4497
7056
21683
10085
52557
15107
32032
20485
8582
51751
11459
22472
48353
24469
46784
9711
10755
11737
983
92
22622
46912
23439
45684
48737
22088
1179
41572
20355
13109
53301
57573
20275
4667
24675
51845
26852
5349
42213
55428
59491
13188
49771
14807
4435
13721
56473
58811
59054
18853
26068
50875
15955
55129
43451
56951
56227
13687
27100
49667
8115
44949
61404
17276
18947
19721
44963
43701
43054
53945
51321
57950
17108
44916
13529
14398
53390
37878
5067
4939
9010
47162
28872
143
30797
55436
26860
34845
7619
41795
2154
39074
9042
13718
65439
12118
17826
59807
42392
13663
14680
8742
21039
18722
63640
21288
14742
49880
20317
44966
6822
19030
19160
17568
51928
53078
49757
17584
50352
4797
17112
44989
50336
14274
60641
24569
58687
54858
10958
9468
823
20716
583
60303
14154
10478
56881
13890
23913
52930
4493
42495
18016
19535
19650
19450
50749
41440
52801
6534
51994
18920
18232
42257
42854
44510
57534
41791
61333
61225
16482
58575
13106
12431
12866
58485
13433
57928
59566
41822
13510
15826
54098
21935
54234
54106
11474
11178
3282
1375
3665
56666
15706
48817
56786
13138
2986
40455
61779
38569
9691
61785
62878
36508
1444
30299
31063
63931
39721
11859
11171
38583
39333
37389
65469
37798
8970
65466
65432
63647
21416
40790
37458
8890
39034
10274
10461
37821
21167
2402
61837
22079
45375
63104
8546
63334
30317
29152
39400
10122
31110
47489
34616
22145
1850
22942
46423
13877
62869
46683
59134
55804
50676
26092
27108
11865
2348
20035
36500
22099
15929
14739
54711
38649
5644
17701
9971
11833
30148
1420
40515
55675
15961
35095
7684
42542
2507
40988
62871
8071
34729
41577
4167
6217
30686
32414
5257
64268
43260
31164
63198
51945
31532
21878
58312
62152
44686
65166
62904
63669
42616
43112
63173
10437
22533
17941
42463
37730
39045
342
12131
36338
26446
8722
33106
63935
42270
37486
62415
46133
22998
7241
14025
2802
29929
911
9009
9101
36342
40438
36744
33920
22632
37437
11750
11626
3434
3558
62408
37648
38016
41910
17363
5315
39283
18803
4280
35718
31352
52691
4357
20070
40550
33141
40710
44995
52102
13232
58328
16947
50403
17635
58200
55376
51843
28120
7995
56742
15782
8075
44901
44900
26800
37866
17825
62344
61125
24261
65357
63819
44760
43421
65157
20028
40508
44677
58632
21270
43339
27276
59047
54087
59593
15257
60135
59228
27406
27054
56876
57916
26588
27929
58638
12361
25321
2576
9972
8258
62159
38905
47745
46988
24270
22839
11081
8944
1995
22559
63182
39503
21226
53125
20276
58339
56629
15669
19075
17643
28003
49715
55531
17515
50283
26763
58211
13195
50411
44875
65437
4227
65237
44757
8003
6437
32216
29336
7093
63899
43419
31669
62424
41861
31013
37167
65294
9266
21016
10051
11298
11561
22158
22542
8505
63759
38041
12175
22213
23288
24191
38256
62728
62061
3554
11746
9661
11094
40840
24280
64054
35734
39830
35558
21359
21345
2902
23066
59127
35554
55093
21094
61457
63562
43374
44791
62095
59340
21242
51177
58979
2790
43804
12335
9666
53815
12942
59230
54049
48714
25022
3010
54956
59407
23551
55945
14041
14910
28031
51807
18018
6343
31534
18462
8113
5311
31870
51042
4297
5951
41695
34172
38153
49406
51594
30430
11860
16770
15488
51050
63454
61868
57062
46501
18410
23764
34743
56557
15920
50831
48036
28775
57933
64067
24341
44351
33988
6848
57999
61242
17478
24564
7553
12174
12998
37097
8759
4046
10471
62231
233
21753
35022
32972
62085
65339
64841
20583
46103
35555
22633
24348
62564
52755
46221
2181
1718
32964
54661
27780
34746
35434
3428
3944
52427
34482
2000
35013
33378
49613
57943
5709
13967
42133
18429
19099
54457
57257
4651
13873
5236
53634
13017
41286
55602
51592
7537
43494
41850
16696
16774
41453
6186
16538
51517
49922
49504
17186
44447
18784
19714
27844
18721
32900
40780
28096
7012
7376
59466
58778
7552
42743
56189
9031
41722
27
61175
2935
7092
15178
49328
53255
11308
20513
64480
19627
15767
49252
10
16477
31584
56266
19764
50967
47892
3356
3184
6849
56348
27761
36283
35947
28097
205
49418
36029
3339
33996
36205
3763
5255
15238
53183
56429
11445
23636
17498
19004
15165
53102
3291
19122
50394
56934
17518
31956
10273
19693
13642
52699
64420
61600
55337
45983
19803
21911
36285
54594
14492
52352
48798
1044
36279
21737
40031
60152
47756
27265
62501
35339
13362
31953
27328
61736
40361
9461
34573
2190
46961
37515
22138
8254
36741
31364
64303
35850
37939
1538
108
62833
22431
10348
36354
26211
20036
36750
36891
1131
6510
4460
10475
58683
33932
44228
55172
8324
39163
3973
60260
26497
34589
27114
43558
60078
57834
14935
35136
61936
25255
51725
27356
7981
38902
59199
17565
50626
18925
17730
49638
44031
19394
19706
6022
5686
7754
41325
6929
5773
43366
42266
5949
33458
23559
17593
15835
50566
64223
64467
56385
48023
19592
11709
30163
56667
15386
49881
45216
50018
13105
20253
27206
14927
4808
7617
20360
16957
16450
15053
27329
56034
13199
41866
58465
53778
23236
18458
27967
37772
5071
33475
47854
9319
65300
60801
29550
5350
2629
13002
19040
50438
968
26728
725
33481
26040
54553
34232
34920
2073
47491
51486
33465
1398
5064
34409
52995
44964
20259
27225
41001
17411
19863
6835
4771
4903
15063
49159
57271
44981
44923
54439
53205
53000
41635
40650
59754
43699
57743
20264
17416
14831
36370
27010
65103
44912
20436
64719
25864
42397
5000
43546
27264
7896
6097
58349
61101
6785
41217
25053
57361
41792
25366
60161
2162
49623
15737
30086
56795
8319
8272
61921
18343
15707
50643
3517
64648
29066
55305
19411
51570
356
26655
885
7616
54655
56496
35511
34663
28032
1475
52093
33715
2747
4815
36451
982
50019
15827
31087
57039
20664
11385
16568
19811
15135
6590
3710
63375
50102
54227
16857
29656
21421
16563
12412
51900
64984
62625
54099
47272
19031
20481
31441
53287
13147
50101
48529
25112
2567
12938
37820
60735
57231
6784
61486
36103
42214
29662
28033
65396
23081
58048
33283
25455
30162
41581
21004
8907
53128
49033
63101
35080
21132
45694
531
63612
38330
58209
33545
55736
41415
4751
44480
789
5855
7779
8215
60359
33667
19325
26051
60800
39452
25190
60624
25278
31937
12889
38416
17573
60089
19035
34113
64497
49755
30408
50356
63048
40015
58076
63432
6270
12641
18473
50341
42512
16393
18376
54913
55089
17992
17588
50888
4795
25071
43020
6827
44057
51509
22203
25995
51516
1657
1804
40453
24236
22437
49643
44028
31781
27493
42729
23740
25920
50185
7735
259
34897
45892
55360
53510
5151
5546
49439
26779
55235
46200
30119
35358
14054
52166
59902
1495
47399
12259
45803
56425
36117
55036
50448
26928
56935
48062
22174
33556
11225
13564
44613
16357
34196
15241
15159
45792
9290
52980
14873
11431
12264
25147
65173
10770
29675
28111
40110
24942
6445
15430
15765
8824
41481
64850
25
51248
22019
55218
50932
42527
10293
31146
24247
37874
50747
20160
19704
58446
13478
23721
38495
45876
16327
34881
43491
16304
40028
662
54596
29049
2192
19687
19290
6015
55590
56864
1573
40362
4382
29711
1323
54851
59196
38907
63385
29664
54673
46859
47629
15253
52188
64146
39488
57761
12357
32315
57084
49292
10139
43948
51532
25419
36753
14155
14237
48715
64492
51601
41196
10909
45901
28315
35228
61665
18277
40442
65035
40943
54580
48857
48343
13365
25804
64659
36895
16692
16267
29242
60981
28441
41291
27055
23589
27673
52896
31932
32218
37391
21136
23958
26345
42896
38521
27407
50667
22059
6650
3824
54859
49975
3984
29260
49905
34108
47147
26157
25376
8087
34865
7767
2340
46381
20214
25248
58857
16382
1452
38981
30964
49146
47440
26087
16214
5629
8946
53831
24158
9816
20857
3753
59107
30075
2475
57630
59212
6933
57065
55787
3164
22428
5396
31493
22101
56551
47356
30891
22307
32765
26282
18431
19102
19294
23542
23190
30032
54257
41022
35140
27111
12326
40937
3429
22023
50788
7751
13952
14134
11966
44742
10030
907
29244
3246
6019
42494
52294
31740
6139
26533
5841
29568
14092
41100
48021
64476
24645
7313
31296
47784
7787
31084
10753
1296
54485
36455
30897
24846
45940
47795
53631
25734
47054
55307
390
5562
1138
50647
26640
2400
57024
46796
3850
50023
45755
46461
5516
2075
34913
57300
25456
26225
32439
55671
25197
15321
54523
65093
5380
44873
11145
10776
29210
1088
65346
56487
14869
32452
4812
44693
2871
29627
5231
52398
51581
31950
3142
22150
21106
58069
13838
6240
31417
32082
52082
30404
56725
22693
48650
61111
30315
24370
40640
44922
25667
5279
16324
46036
21807
27817
641
63971
36088
52316
45727
46356
47104
25013
36071
46670
26550
26927
45443
36266
26153
28272
46294
25979
52058
20873
35125
42620
48844
1515
26229
27836
19973
61100
44069
46908
37355
6041
47973
21833
59147
12661
57001
63054
6412
50475
8467
11495
31509
3817
34116
55195
15452
31004
6917
42537
1867
38757
46138
44555
46436
21327
28377
28437
5369
58571
44828
33076
23183
7315
47306
24117
60631
29003
7839
27685
7888
29065
44220
13868
8918
8858
14005
6032
30025
48534
6111
30091
64986
38479
35782
10739
26996
26023
65326
33572
48265
32117
48695
35274
30016
46619
27582
13971
29308
40694
4618
9529
26076
16371
63525
63010
48912
31098
8952
34253
44847
1415
25108
61022
30724
26524
35756
47499
49117
25371
46924
32993
28187
52204
45853
47761
49388
27101
48651
27099
26513
21289
48597
13828
2439
30260
38426
40006
16062
65222
15534
47116
859
26403
30595
22078
34815
29404
34923
55086
50442
32717
1846
24614
31582
56310
49214
8033
30128
2719
51476
36375
55971
30735
20924
62047
3494
38331
64895
61811
46455
45399
62803
38096
30325
47280
3113
37594
33872
13072
41750
18701
24984
12690
17293
19170
18904
58248
19346
51791
15078
55202
13778
42449
53314
12896
31305
17674
56146
42343
17034
62340
55102
45134
18884
52726
21275
4518
25075
59761
56806
54738
29583
16093
22891
18892
51672
27017
62349
36632
15900
2505
55749
63884
21264
17677
36377
41915
13237
62104
2722
37010
17235
8023
34008
53427
34961
24617
43609
45777
40920
40717
54135
58324
41904
40792
20087
22967
14499
15951
17139
17240
9817
39274
61130
17817
44996
40912
63983
50623
13658
17853
49455
12630
5752
7281
58808
18013
16722
12656
24954
56354
42358
13680
57777
45791
52348
22575
42427
11686
21695
37968
5719
19495
2128
50805
34000
17747
41305
10250
16755
55558
284
15994
21787
19350
27071
51120
61934
35863
15190
30089
56282
62852
20965
18698
34323
36824
53013
22696
43484
11788
38104
22457
17379
18963
24105
52745
47577
18777
41867
9181
19321
32630
40784
62296
47
39519
64120
61473
45240
36696
36689
23226
28794
45937
21430
37808
47697
17098
23125
59066
38247
15186
14362
15846
64510
64094
16726
21371
19958
63940
20990
14717
62388
17357
21872
42685
10519
14612
14445
22556
62157
62909
59020
21211
62156
62924
37729
13786
62140
26895
12571
18874
52118
13595
7807
5651
56398
57735
17796
15322
50569
56150
49481
14800
18352
59404
37359
12127
42500
37976
14377
26715
7831
34529
36688
38272
60837
18835
44190
21169
62952
41692
27727
62367
33880
38404
16985
17896
47575
54545
63891
28069
42368
36816
430
63601
55483
31281
50745
15024
33852
31151
14948
58084
58941
22187
12960
51175
33506
59232
36670
29018
22452
50082
50089
36018
7023
31599
36514
33705
52578
50146
36281
52962
36578
32137
4318
49343
33769
27281
26367
46705
55754
25615
46993
46751
1230
3918
46975
26433
53794
540
53698
28538
47692
41155
50165
64632
7568
44432
64968
61680
32408
29512
64288
52548
19780
31520
5016
41078
32832
30360
53238
41919
33989
29701
41889
65249
17374
41900
40559
29251
33315
20079
6856
29046
44769
37336
30374
13242
35280
31136
25554
56753
58322
13226
15791
30557
63325
56751
33240
38486
15793
25587
918
46376
57078
3830
47352
46581
26872
25896
47141
3619
56867
2117
54163
25382
54597
20721
1529
51834
48799
23964
51911
6007
63217
42652
30666
2114
11079
17050
45982
23594
41543
43767
50841
61729
4767
38906
62705
61948
29342
30286
62508
49742
18215
31023
34546
43562
36687
20584
822
50038
48032
23456
50115
7444
17309
41979
52480
3565
11757
19712
46504
23734
44308
29496
50598
13088
34869
30885
13300
60964
58260
21392
24304
52963
36579
61168
4920
30038
24100
15005
1782
46637
54278
2544
10141
10907
1027
3875
45611
25128
10061
1910
45512
28448
46630
12498
25519
9554
55514
26794
11218
11434
3026
1362
48730
27985
60753
3770
53458
13151
48218
27188
1701
45405
55088
25254
46141
48950
563
26339
47446
1876
53987
1259
54840
27216
53739
20897
4009
14886
47071
684
27149
46877
9928
22256
22518
2386
9303
57862
47838
1626
12845
31889
29689
27183
35020
31503
14849
57889
59074
14074
12815
32071
36386
55295
32974
30074
14097
18354
27895
25301
27952
36997
45752
1283
41242
37127
25878
56157
44131
44299
76
42095
64893
