54522
11597
44698
40728
30428
62212
42912
61228
38426
41334
11778
6154
42493
33185
52397
10567
27551
51802
1925
41129
38355
47562
26095
38876
44533
2883
23209
25206
49818
23813
24664
47464
39841
60801
47002
45080
62072
35282
43778
64378
48474
27583
51663
37550
2033
61638
8411
57422
11977
16308
62024
62686
12916
23257
64114
9183
51471
17321
50639
35234
62487
33959
24350
17075
53407
27699
63420
51737
35395
53776
25669
32981
52677
62899
8866
6842
26665
11179
56148
48908
11759
28437
43957
37588
53712
1196
9839
56645
39619
28682
50184
33058
61843
13742
30157
44669
42054
4088
2163
43854
10505
25264
55663
40627
44057
57347
21982
6682
44687
21273
3850
46564
26539
7634
39914
322
30380
20047
52269
42870
44495
36092
40514
26189
64305
39192
18766
53583
38808
43615
52005
45527
7178
44609
36780
27605
48547
15414
62676
9977
38330
64003
43286
1058
37918
60542
43231
48052
18975
8915
66
37960
3240
53279
62135
39490
43202
24335
36786
60377
6924
10622
24949
40564
57665
53071
44365
32186
65299
30234
21673
56493
42779
9668
64002
9551
44617
24572
50312
46760
26838
44965
40668
25738
48182
51238
62216
37155
20809
64522
42745
41785
28413
56365
21545
42505
41285
20295
63549
44588
3324
39052
40867
24992
50420
38572
17997
5844
34732
16571
63564
53001
19135
22958
61982
12410
64517
62531
12823
9481
64273
15309
23809
14770
61257
42607
41610
39432
54854
32257
37272
57222
36874
43990
16039
9865
44671
12544
57842
44822
29658
47370
65208
50622
33502
46538
5036
33651
49951
18889
38307
53885
25158
9234
58528
25819
52294
4757
20925
27126
34576
41809
32945
20901
25643
52428
32317
49323
34778
25946
43660
8080
55759
20814
10745
63993
3740
2511
20808
60156
62500
38041
47868
1247
12312
48685
1234
20504
2433
13352
14696
22888
1162
55681
21614
55642
21550
21544
2394
1105
22830
1153
54410
14638
58193
29413
6454
27845
59098
48385
25024
61069
25835
26582
60365
59596
28640
1370
47756
28859
53879
1204
55916
2668
32668
57879
45791
29217
1325
48794
4849
61256
57097
25850
1187
49097
2911
25924
23483
27850
17838
33268
28613
64421
25837
23235
57803
58829
25070
1109
1199
65023
32520
23476
9059
65013
2229
36952
24282
58197
62766
39061
48389
37256
34319
46475
41655
23242
18389
33945
3053
23802
39368
30321
56786
38832
21540
3535
42666
18910
56204
44589
32412
35985
42983
20804
27435
23637
51715
38655
2655
52187
21742
28067
44236
43462
21997
42209
44612
24490
45035
13705
33599
23898
41430
4315
22609
32566
21988
22666
41158
41419
21474
41696
4741
15745
52700
7834
61883
28074
34244
3089
10686
23498
25901
65475
57773
51714
10165
1274
3996
5757
386
64436
24877
21347
52652
44968
22886
51277
21806
24828
41813
95
21547
42379
25207
38415
12762
9609
299
37695
20682
32667
53291
20945
62948
102
45046
12497
53542
25232
29221
9186
59899
57994
57148
48988
61222
47611
46173
53904
1261
45706
57952
58469
47585
1269
48934
59873
499
25678
23373
25430
18337
32260
48217
61866
26091
23836
61035
59239
484
1525
26063
27048
61140
25790
54102
3525
30325
35668
63368
32411
1515
47286
7083
34447
6408
26101
1487
64595
519
22832
32847
30004
39823
59968
34214
591
33533
10970
43530
23543
34568
255
57479
2807
24881
48464
18922
54628
28291
54850
7112
62604
13648
6888
46073
26638
5978
49973
54923
48404
62033
23099
10796
57906
25235
55954
30003
62876
8763
31011
47449
25950
8764
63829
15083
2802
48656
28516
5103
46425
55580
5493
55646
28346
54375
53906
46513
47547
56936
48918
8061
27283
49419
26363
16261
5362
48709
20290
55459
45443
20219
54051
28588
52910
53557
26355
17995
27810
47131
46622
13173
1112
35928
33976
35920
51347
56942
33968
1200
3248
14437
45845
13182
3256
27399
1700
29576
46424
7993
55507
4292
25992
61172
4836
48782
27858
30728
47871
56644
48568
38347
27198
18757
28415
10922
29327
20237
37493
4862
20045
42276
39389
17669
43363
31470
28559
63579
44487
10934
42041
12234
29119
11313
65205
30039
9425
42212
40173
11094
25427
5822
44249
28247
866
32659
41523
6761
54755
31026
25752
58450
29986
25326
27106
32339
48991
54164
2691
23406
2670
10940
767
33023
58070
35072
39913
30034
33357
589
20615
34069
43724
60027
2440
37972
44081
11481
32318
40630
30391
10293
37311
9265
9173
41816
38992
9273
40794
31981
42510
38660
65341
17999
5367
37446
31367
19974
39759
20221
20294
43512
38144
16655
39674
10637
25399
46942
64107
14748
53870
26044
6513
54627
47001
13649
6889
47381
46363
12885
48473
7582
26978
1104
3152
36024
61031
22680
33655
34918
1208
33872
33654
790
2064
33880
3160
36016
1559
50599
24740
55848
28403
57093
20035
56334
46406
4852
54414
28235
53214
56232
27050
18756
26179
36317
51554
59485
18481
24344
7601
167
22218
13554
57623
26124
35143
3389
49148
55697
64849
61907
8462
35459
14589
52124
24522
14778
50659
15927
36140
24058
50396
16568
23096
40136
33793
62046
65335
18920
33073
49548
32909
34620
62595
9278
12522
23642
51025
8755
40792
10631
52285
45328
20587
12326
22618
54796
60378
15697
46918
12651
14465
2237
48561
12646
48149
57467
23946
48857
35012
19091
10237
26492
23656
16197
26005
9719
16540
41130
49443
14041
43766
975
33808
48917
17677
30482
51029
38215
49442
3679
39193
14432
43944
47035
3773
54382
46614
64831
50348
49882
33485
34460
51254
15701
38064
17072
51354
15345
35723
23424
20229
36826
23916
53196
37893
57522
40043
59332
64362
41399
19356
27864
48329
8688
41219
63521
30680
45058
61686
19600
40236
48985
9376
56226
38716
3031
65089
42035
3353
10331
47112
63457
42215
57940
63062
63910
62746
49501
49201
35978
37173
19509
10118
8251
51082
34653
18400
37344
61675
33116
52316
32993
64646
35198
63069
53534
49660
24244
55164
3551
53011
19261
2255
45377
34271
30
27914
5821
49308
40790
19220
55344
11067
3503
65445
58418
3382
8754
55460
64853
3935
9275
63833
63145
16912
28800
39666
28987
18272
3279
16539
48132
44118
17764
57602
64757
57556
27696
62457
19090
37115
46417
23092
13193
33120
45381
57408
14181
48780
36436
15397
3094
46875
13657
858
60045
20720
1631
12706
31728
15211
39343
63033
58471
40358
12894
30628
48405
3862
36445
47445
49065
19969
50984
13339
19610
39926
7445
22756
16081
24954
10081
19355
43840
13881
14662
40988
52323
24266
34630
64233
358
17716
52245
5101
107
20848
65081
53611
27194
32891
38
28289
5612
62292
15369
20745
34082
13810
52895
52425
36063
14953
52991
33689
23145
51167
14260
21796
20916
34756
51682
53135
13028
33364
49807
35298
33881
16185
21561
36751
53081
50260
35122
21732
33423
51506
46061
23273
13700
14417
48090
60849
14426
55866
52825
15754
46796
47309
13140
48865
58860
23889
57251
20760
17042
8802
25754
48915
12360
6508
37631
20383
43372
45640
12622
41517
1143
12574
47330
51119
43877
12624
39443
49407
56914
39803
50264
31518
48326
46028
52828
46304
45636
12973
16392
38856
36590
15163
51430
65477
12246
13144
50483
34533
23893
62166
8663
21998
61886
8896
30693
37785
42838
10493
27843
18077
24590
25067
40703
30663
65018
28862
24709
62756
20127
38497
62699
39087
47925
8529
3523
64170
29271
3051
37977
56078
64602
28499
37462
62692
64324
11949
65511
63875
9351
10064
63366
8427
8533
18744
37464
11398
64597
61776
12126
62702
8931
61499
35772
53151
47196
14333
50121
56445
3522
51377
49919
55490
45226
35506
3564
45613
54426
52333
21741
63256
47354
11870
3436
61608
33373
2861
38195
56305
62296
53084
21564
62958
61774
8615
59274
39203
316
9463
48220
20375
45105
493
62056
59229
63992
57569
48266
62510
17043
40814
47515
22824
13358
13422
45606
59803
13416
57333
21608
14632
48997
46176
14702
1168
57894
22894
407
63497
43002
15975
36892
27151
13419
38733
50531
30561
45926
48227
21606
46491
28370
19204
55823
51401
20119
11115
26742
50777
15066
4966
38243
18070
44309
52111
15316
42395
48818
16065
54183
31624
31144
41059
6873
48638
42446
7892
42791
41587
6962
54691
43735
26687
46632
32238
64944
6042
14950
40954
43144
34381
2288
7512
62109
24102
1791
38912
48528
48020
15226
31789
44430
8748
10812
24421
41363
59026
24171
28915
21035
40684
3161
43102
23083
1922
60201
12177
60510
55528
5743
28614
61308
41755
25805
57746
25063
28282
61121
58565
27876
2137
42643
54192
15632
14412
5683
48639
58920
40109
64256
56215
47138
27528
29172
34982
63195
26479
61562
15693
59728
16828
8137
28620
33000
22983
25025
58039
25058
61929
58048
59334
28641
1880
20662
20402
40157
30758
36662
41976
42202
33751
263
31807
40480
1160
774
37892
3200
2183
35030
30279
27090
12933
12457
47609
64297
6609
49675
6825
49697
49740
27308
63282
49374
27426
6025
55694
43501
59366
32968
2392
38895
10676
22352
31183
21216
21174
43466
42957
23015
42980
10170
57527
44258
11925
36716
857
44668
58299
1118
30313
24289
1177
44997
42177
24555
41454
59619
29598
55566
30697
31257
43548
12329
47371
38738
53826
43922
39833
53921
14131
43442
47097
45187
31153
41867
59429
34467
23142
42424
11696
21863
29443
24107
23416
44376
42320
21294
43150
10453
60816
25559
15910
17935
64060
25155
7566
52142
8104
65165
64473
24819
25870
50759
24871
6280
14891
60926
56217
4195
48223
30441
44130
26711
31618
47074
24984
57710
59491
28142
2035
41001
54932
58363
10422
29640
26195
60024
23824
28251
61006
43239
28339
60263
58726
41952
2291
22085
18107
35840
15318
4159
47622
61398
37799
61956
57735
48007
25306
32416
33800
61661
43256
38470
15063
26359
6578
41016
61539
54432
24062
59981
55348
27161
2314
11058
28589
60807
58018
2318
19950
46416
9006
64376
40876
52127
58945
63341
46520
38563
62074
22265
47901
62823
771
58251
11297
1294
17991
23513
53158
22409
13860
37537
41683
50703
21061
52287
23538
39854
28424
54231
20301
8553
36242
49647
38791
35714
63016
52718
35987
20569
16467
51263
11774
51300
14334
61682
35720
5478
58336
48851
22127
16543
44193
47265
6776
968
51241
8690
5914
48699
32430
41979
59005
39188
7632
45852
61826
44709
45238
36536
29213
64824
3760
51032
37699
13170
35063
1696
4572
2221
8349
37962
40523
15704
59605
64912
22575
39194
18966
22670
48560
37373
23919
60797
10277
55873
33659
47603
21057
25808
10121
7720
47372
37836
48772
39714
57046
6434
40035
9966
33493
35444
34336
43375
49840
3803
6074
30787
2586
21414
44590
63460
36563
28788
38456
30416
14310
22626
18753
21621
52957
8243
14472
39499
20969
51621
35340
61831
23950
37905
49209
15650
20038
27041
18151
2508
64402
48650
20611
58838
53931
64616
41680
22521
25414
60017
10322
22126
18409
34523
14823
37877
51734
940
7600
31810
1587
49352
45049
64856
33602
30251
27087
6637
15760
54919
32990
49978
39436
48906
11662
7972
27704
20649
49144
37107
54093
17184
43689
31186
35403
30115
60119
25267
20543
32803
64756
52066
60121
43272
51177
12791
10233
46542
56836
25511
36132
38571
8065
1624
63027
29857
48400
33652
30974
28425
794
15207
40866
34480
53959
47440
5851
29098
54897
52015
22759
19351
42565
46811
11311
50793
13875
39155
7440
48045
10084
40989
59574
30511
52595
21238
18628
99
54135
39265
1831
64457
33387
25551
28818
39210
26034
54643
50711
49954
21289
15220
35604
52047
13202
36607
13993
22697
34383
50713
50676
14948
22644
36511
23140
52594
50767
34770
14082
49599
36210
34841
12489
49423
36025
20681
51220
36258
22484
35663
52642
25463
40307
14516
34241
51439
11678
19990
54223
23497
13242
23897
63591
17943
1458
30067
39451
28449
40863
16706
16658
25167
8081
17151
8105
37151
16463
28441
25341
20466
42100
29850
65378
18549
51592
65125
12800
25365
53456
26142
26782
50952
7790
49208
17278
26261
45783
53894
49200
51847
23272
35031
34240
50646
14059
34870
15624
23496
33750
50117
52016
33591
51390
16099
23888
34277
40121
62005
11793
43347
20413
47678
37611
38937
4670
62234
60142
51845
63604
16831
40897
55525
40847
21846
9229
45907
16525
3527
52971
37135
58711
63754
54974
3558
63444
17039
39997
50871
52691
8638
16907
62646
35515
36549
19656
63235
12213
39365
52928
34510
38846
35763
51723
31635
52408
21852
13341
2764
15591
43630
3042
49439
58706
52335
31355
39573
46196
54456
53184
59546
64232
24316
10247
50028
19079
3437
24221
64456
34157
64776
54929
1580
63710
20099
37687
34090
40403
50234
8478
22876
18103
51953
21133
38819
12849
64536
35473
49962
63358
19379
38606
26994
36943
14206
34590
46200
31090
16671
55571
22440
15480
2323
25620
16402
583
29263
36882
8570
49955
37994
15271
27753
55840
27745
41364
51363
17505
47784
19569
44186
48718
56869
51959
27168
62355
19271
19995
64296
5755
19446
6824
63507
19014
63075
27552
19191
28286
7829
63083
27695
5555
1924
28440
55294
798
60818
45560
25214
89
32450
24818
60207
42249
2627
5047
47773
9257
16415
36895
3663
60061
38132
55839
37186
37199
2591
3837
63892
3650
60972
10644
2626
16719
32931
49315
1209
55874
37138
59657
49479
20851
47369
3602
36930
46292
56911
16450
29470
58803
8136
36947
34537
65022
51287
61106
41662
61928
15154
10339
46007
46345
27203
36334
6509
61082
54185
45849
32591
43373
46589
4724
3700
46415
29204
29946
45857
42153
44844
54161
40310
4746
47342
61503
29968
3072
13246
43880
25300
46021
33079
39447
14517
1032
3974
4317
896
9624
9896
39446
22664
60848
39152
58120
39799
40518
23896
2048
37671
1463
58854
11664
56195
33203
50561
24348
26885
11490
6702
26510
20850
47673
38505
56027
17701
44658
29881
36795
35766
33928
38288
24326
2758
31965
32119
3047
20951
43624
39999
35511
31638
42196
29834
35968
958
19267
34505
51724
37347
15758
40475
32707
52178
24252
61491
22622
38526
25310
54739
19019
27939
5311
42990
63087
54529
23646
60091
47929
28276
43461
33122
27307
60387
1049
4019
19684
34892
13720
37921
22184
3439
29568
28829
2082
52087
39274
41736
36221
28972
26039
5606
33575
55343
35651
50208
38601
45113
29630
18721
45444
39890
51701
44819
56610
17450
41550
30163
34430
31138
58703
55753
2505
61299
27042
48660
57934
724
46271
53934
29721
47730
46248
28495
60018
40012
7813
2196
27144
30564
1008
13937
41465
28382
46697
61095
36893
34938
46360
47766
6784
29680
57061
55816
50771
9768
44304
47872
32327
48830
52104
11111
30886
47744
42264
43670
54971
2631
23078
11220
9553
42425
60830
35603
31247
38202
11705
44377
1310
36263
43908
60200
23147
26251
48538
17888
36605
62854
56621
30774
17205
50538
9094
51962
27440
7504
52769
55340
1789
64235
23084
8747
33873
62614
13213
11861
18789
21052
12181
53082
65104
10811
49889
13724
21345
48359
62358
13469
56916
46202
4976
54360
56431
52826
57247
46026
46272
16208
47332
6296
25447
50763
27692
15915
17149
47912
16461
56310
55027
62716
14886
24831
52128
55035
24866
16716
24829
49131
48357
12734
54366
49635
16318
12629
57283
50261
16309
49093
45515
16222
45550
12725
48334
24717
1670
9357
60983
25231
56791
28943
18746
24118
32655
47672
26372
31805
50560
56198
1543
37042
63884
19266
5618
38268
31202
16908
11545
62972
19020
43625
37569
16386
38289
8940
26930
65506
41194
10164
29268
62652
7346
10074
19657
37466
10682
28505
61777
10580
62689
4588
41156
65517
21477
11921
29790
28319
54247
29785
17258
37973
29593
28504
25684
12113
62688
16102
862
2494
23013
34674
57954
22425
59835
33477
59673
21100
35196
2332
22366
32974
1938
59363
2398
37863
42629
10462
9552
63667
5867
9560
9928
40501
11704
62293
65118
9022
40672
30950
44368
40407
62342
16711
17147
38771
10987
19203
8360
62710
16451
39269
39886
17927
37408
9606
64059
48542
63900
17889
13408
26863
7316
15974
7513
49765
17386
48232
47207
14955
47006
6041
65389
912
1686
34935
15979
48755
13947
15971
58136
24166
13939
46691
48747
33639
2199
34934
46699
49360
27942
12928
5623
45782
19015
55048
53304
62966
55688
27302
49671
53296
27431
19270
28071
50701
6801
40134
27813
33966
44289
35284
34817
25596
24527
7117
53159
8400
53869
2545
4219
25272
22025
38179
64762
2892
23609
49782
1413
62456
38700
46762
51183
52159
45878
44803
24485
41531
13188
50671
23797
47034
56541
22523
25318
21305
51094
3084
1793
21810
44853
8064
15392
57621
57521
47066
41392
56253
46810
24763
60486
48332
7173
2060
60673
45517
59152
45227
30678
55999
45000
46565
3498
28748
33278
49545
31269
2614
47996
4525
12440
25811
7920
60930
23647
57872
61688
23065
26545
65192
51055
42160
17058
26310
21975
1797
3596
49100
59419
10292
63522
20879
22806
37276
63520
60677
37262
15050
2172
61692
11765
47312
16472
21574
48556
20575
24273
14802
9953
24
51101
38110
31564
55519
22991
38458
2258
27517
17624
53326
44198
31867
34604
2506
37642
24745
22411
52951
64404
3714
51881
22117
26695
42961
42203
2408
42693
40184
49789
449
12331
20774
22657
4294
4566
23937
474
20582
15706
41435
41179
20843
202
53457
14474
51630
7280
53193
26689
24073
76
8920
33303
24742
38071
46874
50143
35250
30733
42689
7036
44083
49183
26358
24053
50095
61544
4083
50694
22835
27823
44293
3852
21308
43324
27167
64202
19664
35106
1596
64858
24329
28747
56391
39941
51567
3235
24598
16340
54925
27242
31265
11649
58684
31104
25733
3274
53366
48288
47041
56042
44886
45532
57771
59301
25179
60977
45885
57565
59442
25513
23814
28101
17572
19284
4042
18592
26972
23215
60331
58539
44120
57915
53780
64755
35880
52313
47226
3024
31563
22585
19507
31868
3356
56773
26790
15332
51087
6049
34663
37351
4925
10054
32614
64533
31466
64769
41579
32385
37232
25749
11213
5436
43296
38924
63194
8315
4200
49808
60917
44140
39093
3135
40586
11525
42785
2197
22044
41256
19034
23361
47076
24566
36939
59173
7514
3318
37190
36017
43089
16406
46992
43146
23562
37147
44417
51133
34780
60571
35857
16822
19882
63752
36687
21442
65044
33101
63440
62799
36356
33817
63101
22538
22204
20407
7140
45442
19909
50714
34421
57847
26408
35659
52081
63670
8465
30351
7411
38828
46952
45119
57972
26770
31068
39369
53461
57885
63641
53899
38833
42940
12814
32927
4889
50949
1903
25372
30463
24205
60501
42515
38073
44806
1071
11468
43163
435
21443
44618
36858
22715
41351
831
27169
55084
35183
31
43898
19010
51185
31338
1949
22426
39455
27553
51490
39805
19276
53314
31263
21149
14643
45059
26588
43546
21114
6460
46987
51077
63753
39839
32799
63441
43924
2415
38513
59628
60666
1551
40527
12222
274
9898
2189
335
40712
40466
3217
37328
8629
59058
55793
11132
4972
62233
57466
51618
43793
58013
63601
26748
33300
55212
43665
22298
49228
10866
32675
40577
13304
48629
25989
41064
39871
4918
47136
50467
64773
41592
9737
63696
41262
39514
28448
6282
9017
44378
41622
16459
62770
32757
43137
38383
36886
25339
62340
37195
16710
7553
11521
14268
19621
49162
9946
23579
61712
19389
49617
63302
33184
10444
61563
50966
20549
15549
32466
41367
31286
40389
55845
31572
25715
56864
39888
42469
15275
31423
32536
51366
43065
27747
57636
26503
19658
50120
36787
60941
25930
33211
51376
62655
11806
61258
7679
38933
2111
26886
32039
49358
34109
17857
2470
15774
43508
3391
14098
58103
64857
31053
39664
47385
55742
51739
52798
21310
15800
36513
52812
34461
15210
51411
34830
14970
21274
51441
13656
22216
33767
22257
52174
50695
8403
13325
49852
35405
34220
63411
16647
35292
22794
50449
35587
36872
36311
50093
61796
39185
16246
21770
15705
11048
18971
49560
33307
13745
23428
64926
17434
20579
8338
39494
28411
37735
17987
9245
61737
31869
16892
28227
10263
20300
40047
24993
20211
41752
29584
40045
20338
52720
5218
50181
44656
53717
42616
28444
13728
44648
49550
11896
27666
52728
56640
52357
52221
23917
33610
24069
13061
35046
15696
50506
34077
13744
24240
50827
35066
49948
13969
22149
60050
37835
53810
38316
41607
17084
45960
2393
9243
25656
62833
58760
47858
65302
17328
39388
54898
38448
58724
62154
3815
16780
1747
45929
11776
3635
62673
59576
3348
64006
19840
61674
52765
51873
36796
62470
18885
34262
35339
50362
12801
8923
37584
51899
36380
22988
35441
50134
31089
49936
57966
49692
1501
14307
43560
2325
20173
1343
51090
30022
43362
63071
13975
51637
59104
63828
36411
17856
879
18059
1698
21334
18372
61170
62213
58996
1595
64521
20354
64848
35456
36866
17456
8875
2367
19131
46068
39222
11170
54324
63765
59940
49968
64793
16562
39435
25886
40359
15801
33440
51091
8228
16924
46521
35588
14709
20728
63330
19219
2575
31303
39341
9840
53054
11872
16043
44826
54859
44052
42600
12558
29796
50931
12148
42592
48899
57227
50939
26541
64609
18762
40470
18163
30838
18171
63279
17425
20043
39063
26187
18426
64617
7281
38550
765
253
36767
30916
43194
10964
11066
1178
57709
9962
37839
43789
33535
23578
32845
44292
65068
16976
28812
60322
27571
48953
6552
26604
60219
32211
48409
25635
19098
48469
65333
53844
27489
41019
7578
55236
24899
53426
30627
26668
5968
4216
48137
26398
31740
27701
4331
2
65220
48151
7647
47113
16297
13753
53266
62943
55207
53570
52946
51570
6351
51624
16247
48569
45353
15921
53477
5906
50547
49061
5001
51125
7019
56691
63769
28380
16172
64789
46649
54526
63721
7762
36245
1800
57350
1149
33917
2933
60190
34688
21207
35951
17340
23059
25548
1135
25128
58420
30387
2819
4297
25742
5524
26808
59410
30674
48062
5113
32552
46623
47423
25176
38763
24750
8342
43177
9834
31567
18173
61845
30487
10273
43124
40237
18421
27667
28798
26191
62581
29287
19845
24847
8250
44692
11841
39909
6926
16781
42964
8986
10614
44483
28515
44793
24855
3266
31816
26568
5801
6067
32162
26440
57604
7028
25054
28018
28947
45071
56500
41171
43969
44482
18156
287
60442
33359
33021
26812
6338
33181
21620
77
11100
62409
10930
79
39039
12017
20367
6151
39814
44904
12101
37519
4413
18054
44296
38006
9801
41018
37738
29950
38388
26365
9001
29102
37270
28743
16886
40607
30961
11301
44056
38896
20223
42602
32045
27815
50961
48465
56364
53678
65241
14718
7113
49484
55345
5849
53155
62914
55148
50700
15793
45086
1151
33901
35208
60327
2886
41930
9146
646
59184
36134
23208
39151
35967
20486
3183
32340
26074
54007
54904
27411
14787
48849
54306
52856
4372
55230
62846
57260
6799
65311
47526
48697
43661
44426
12004
6225
28396
11697
9561
29530
43098
17385
63180
42321
10804
39101
11226
44369
20469
49754
31627
59489
26854
51514
12070
7509
3068
30437
46698
61990
17040
48017
50305
33853
24731
140
6032
57661
26406
56557
29029
7413
46938
31782
45114
24928
28923
45441
55276
3153
52349
46826
55085
56068
49743
13236
53535
12458
47930
53327
51727
50196
56429
52189
14522
46788
5689
50421
56219
4461
51318
45304
19082
15637
26476
54934
64538
27535
20097
63345
45358
13040
57113
50284
33518
59342
1973
48924
16252
59733
1877
32997
22979
49561
12658
22459
45458
54370
19194
37942
29153
59598
25023
26936
29487
7258
2133
31929
46792
25903
11821
47328
62080
29751
39570
27948
9620
31508
63644
32114
19452
17257
43882
11674
26137
39777
19186
26769
31644
28066
17945
38250
17026
5890
38892
25449
10874
10585
26428
16524
41161
65148
11124
42977
65169
30052
26269
44261
30765
28935
27471
7351
30745
7674
41270
30287
24584
26644
30305
26496
4582
44238
2449
156
13458
53522
45436
35186
34668
57196
45420
15516
53017
1809
35170
49521
34684
18
11288
38133
20103
6971
38371
65381
8312
10808
26678
19075
44373
61811
8526
43904
38032
8800
39207
27686
9262
30560
62611
28827
17139
12136
41461
10648
27749
37486
20471
41360
30502
24827
64945
45205
6273
55280
64474
15472
6234
17932
45557
7562
49318
63693
7505
49483
14197
48224
29647
40538
34087
60267
1429
26201
18105
60150
3062
35475
23829
28345
10420
23360
43236
20049
53503
50490
53728
6167
50360
47626
55599
15558
26726
56504
62232
45642
12845
63600
48004
54580
54280
28804
42319
43430
18063
45984
39735
57167
44543
38696
7693
14584
41476
53748
48183
31440
63437
7568
49894
26991
26038
14964
47895
26607
64102
46488
47642
62919
46928
48472
15792
4212
42802
10795
21036
2547
41541
59969
1534
43817
23100
42377
2316
42251
21051
41011
60814
31010
60949
54141
25718
25275
57921
43589
27057
29628
49098
6684
1292
59659
28352
58395
44817
54709
14278
14043
24969
45996
55926
63764
65038
53480
46643
28373
4637
13592
61697
7015
64784
13122
60182
17342
63715
42173
33166
24531
44221
36248
25541
11359
1029
60427
26827
58640
23063
9407
40455
31812
3624
26007
6602
13752
45239
44758
45055
55640
46512
63924
2215
938
33604
7032
64318
55854
62940
46116
18175
5338
53200
63267
27193
16298
28237
64644
50603
27045
6875
54408
43968
60791
21878
1166
11321
9433
23691
39912
2664
36613
42193
44241
23392
43718
10935
57811
44747
32658
44777
1410
31404
58837
2446
42101
3939
59897
41691
43473
3694
4044
58225
29987
15347
31419
38803
42317
12580
49110
36996
19849
43285
11775
46250
15415
39774
5377
47787
29402
42033
60555
20947
1011
39043
9182
22779
42201
24373
24133
41733
43019
21566
44089
11473
58958
25604
16256
49487
25407
61736
5072
52896
28239
53242
65242
28582
63543
49415
26367
7300
54055
59187
56814
27545
47564
31452
43425
26059
57385
24659
25205
58027
58789
26450
60210
44542
55921
58421
11453
42175
41926
34339
21422
43200
61395
44127
39144
61099
59557
42077
57662
23563
9143
36520
14916
26070
48859
53936
64120
65490
58182
47786
7948
25878
14791
62727
29869
40868
16083
3189
177
47069
32598
46426
54077
4837
422
56524
25739
61057
2700
53690
59248
53419
43392
38807
31327
52011
56374
25741
30457
20802
27611
56739
50311
19466
44610
38333
18947
30998
36860
5957
28114
39917
60668
44577
63053
13359
42864
32207
21538
9900
7722
19340
10520
63822
48173
25405
38816
44902
19477
42330
19713
29333
32305
37238
25755
11197
27276
31008
9948
18442
36987
39775
7957
43963
8202
46134
57634
44660
48037
10947
41613
12752
1193
61854
13646
30141
30319
53783
1215
47724
60012
42092
57975
45780
29425
1322
48797
4641
1192
48905
7978
61251
57289
44963
40588
50168
56821
25995
28776
39860
25398
47142
50478
19717
41591
38409
63702
41251
10842
59777
50423
51560
35176
1165
47489
33939
47450
21539
21543
59738
58604
35118
1164
46141
51502
47567
20803
39417
18937
3729
59855
20807
2812
62511
38034
56060
1236
49176
48682
1241
32792
7968
26685
37689
32090
41616
61515
17801
45045
43148
38372
8214
4645
17284
37189
61856
28033
2555
573
48956
57180
1270
55803
54506
53856
1258
45709
58000
3989
55777
61221
54518
2529
20868
35094
37265
17400
1419
32515
52148
2161
16636
38190
54070
25271
21568
56748
32863
34313
57788
49195
20768
33593
25312
28544
34185
477
32870
50660
32565
29317
33173
57546
45265
50052
28124
39294
24955
9754
1276
15533
29994
43978
20243
44701
33089
48938
30581
9652
18946
40269
20984
15449
47229
59958
42485
61138
25822
41244
60700
46571
7712
46543
51076
5953
34711
32712
32258
41368
43574
11717
46581
31716
25726
57072
39894
42475
15179
42447
44824
13894
30345
7267
58476
61888
25898
18696
57677
33730
26237
61226
63446
7594
36564
60433
28269
34522
35020
65463
42984
24570
27429
446
14851
44621
59999
52181
3157
7587
38066
31174
21994
40140
42751
1060
63243
60561
3050
324
10696
11897
48594
38838
3322
60879
40516
63966
47921
38570
9841
57721
15887
19058
38072
62542
33870
39641
22996
33753
62377
36815
62927
16295
37383
12820
22946
17011
60911
28159
23477
62644
17742
1194
8133
19781
64714
35523
21699
58813
25059
33227
57844
25933
12447
25813
26556
14873
60235
53872
19699
57557
50611
7621
8770
19428
63529
10819
55994
57100
42197
47471
26696
2894
13231
25200
61427
52952
3
7343
38366
61196
3721
39177
27162
26084
43937
2818
51098
53272
4118
22994
40321
27514
48063
19802
14799
41035
22513
62136
37390
78
64415
46575
22405
28841
32005
55754
19146
42972
43843
36341
35497
16488
49786
21971
25270
55656
62471
57410
2265
27572
36617
8771
48199
38099
45087
60579
62071
53204
47108
64031
10818
31705
59308
62158
26700
16137
7101
35246
24699
53370
62675
7333
12919
32001
27409
15039
34057
51634
44623
24202
21731
30227
31948
32518
36778
42220
43157
35925
33731
9983
20815
22709
41352
58175
44641
2129
21551
58895
30378
40894
23697
44586
2186
36090
12040
42609
21602
37334
37323
1714
15116
18045
61877
62788
34228
24441
39358
36282
64938
20419
21679
14850
38859
33197
23569
20095
61263
26504
25834
13256
57787
61149
19967
61413
51382
7370
11902
33060
25935
9845
59023
6406
58332
25516
21976
62910
17476
26058
61386
17224
63945
35503
21923
58443
42166
33294
53789
25675
16799
10513
50198
35796
46514
43591
64883
49559
33403
52169
59919
5491
65402
32867
37010
11687
18661
32199
38342
9345
37300
44269
40841
65211
30183
37129
12122
9455
40422
4947
26302
31793
9653
6718
62117
20013
39748
39309
64735
37499
4654
63663
11002
10207
64213
31075
43758
20285
59975
34294
11012
9697
42418
3486
23923
43535
10890
39881
32089
58739
23975
43919
3063
35435
55413
54814
52757
34016
1207
23728
24552
51358
56990
20936
60504
58598
50837
54037
50046
60496
7969
9327
16802
16754
25156
28561
63791
28585
11391
63407
7961
4650
65522
42111
42093
20322
9191
30773
10254
9696
63678
26347
39656
38600
9093
39880
17237
20195
37694
40678
43088
32080
15730
14511
34562
14290
49588
23922
22137
49353
15583
20937
32969
14463
23970
22495
23460
15778
13090
36601
15124
35700
52036
50066
21295
50857
34377
22703
13849
13615
51812
22655
24164
35428
11735
20022
16807
16939
38782
39659
64979
37032
20262
63395
10597
11187
62983
37414
38192
19003
6514
10159
14110
34686
46199
43378
64639
47379
32840
49432
59667
5247
61458
584
41636
8210
15146
36205
24234
35038
51422
21479
51944
50509
34173
52168
34504
16003
22058
13084
50833
33598
15994
15009
21708
16855
63422
24023
24019
50365
13009
38659
8200
15283
21372
35276
23153
13831
35731
60014
38348
33325
580
135
20696
39906
30178
22447
57599
58072
23157
31436
2683
35120
5962
19553
62122
10359
28238
41872
62243
63268
17521
63651
29464
7717
61482
19561
27761
9063
58256
59494
34839
16027
48766
50811
50067
792
33686
51219
54883
56981
21351
2200
22544
54891
26301
56343
19341
55425
57340
52657
14690
7434
55111
13346
13836
47505
18013
14760
53111
56657
57177
42232
56130
42812
60726
65057
9355
60697
43203
55424
26593
12118
58084
26807
25127
62826
178
44147
59316
27498
31830
7068
7216
56521
41384
29067
26657
41088
53250
26439
4472
44332
22432
27985
60566
27450
15381
18618
57451
20854
6193
53659
64477
20603
59382
62988
19889
26346
57109
25919
30578
46933
11686
45346
36589
10521
47128
31520
51131
58975
54430
52855
26077
50428
28377
16165
14995
4509
54118
53496
19412
46485
4252
16023
19482
6671
18137
63356
45347
12832
21738
16992
54826
43093
60780
61984
33517
2858
31547
56097
26848
16220
36748
27989
65525
38134
62062
59196
18840
57741
18936
48365
12142
62499
53482
9255
53306
65431
8947
45452
46929
60497
61763
14826
10883
59537
17240
14650
8519
62947
60716
12014
54890
16552
16504
48028
50316
33933
1853
41211
60556
41462
56412
4502
53297
490
5984
59373
26400
225
53562
27893
4251
44181
25937
55141
17289
55072
6714
52336
17236
28300
56357
17796
12454
25581
17753
49477
50971
56416
18854
58500
10475
60299
18777
20277
19316
18006
59506
8834
56661
18089
9280
54815
55615
17120
64656
60610
8480
6112
17401
24811
10994
16630
57812
17812
7221
64146
11371
53263
48308
28731
22910
26303
53630
45564
34506
14204
60733
16147
27407
59629
49473
24029
57374
62932
20159
45212
19775
53799
14480
7067
55637
54841
12610
54806
4468
13038
19733
57257
17885
20255
55718
16001
408
20017
28714
47206
8220
27524
13467
38730
56171
30609
51312
56419
36758
52501
26169
62778
46189
55386
14639
56276
53418
50100
15469
45610
56714
14125
14863
48253
13423
52186
51405
54980
62693
12029
56709
41417
60867
25892
29415
3045
29009
56286
25012
8019
10726
27738
64250
44799
42843
42593
28902
43183
7363
6271
4110
25061
30973
30647
27460
41150
5941
28154
5789
42617
21764
45074
59071
26633
36632
17849
57511
24255
53666
57719
65234
22855
60175
53161
14706
28089
47337
13053
32149
45512
10771
45645
57058
39797
53584
31614
50359
54220
13292
52422
45311
45823
49449
54153
12517
6002
56597
57253
20177
47029
7539
15259
18713
17977
16204
62835
48860
54318
42216
5476
55000
43779
60847
25646
58498
3032
30466
55364
27582
61279
32643
24777
25593
25192
64353
30467
19866
55220
19701
45234
8443
63532
4280
18320
56329
61595
11260
25043
26574
57346
65100
6632
8332
60226
19797
57145
17008
63468
60883
11147
56601
20389
19066
48051
25731
53988
42759
44450
31955
26392
60623
6003
56324
41400
6932
57810
24910
212
4360
26281
7538
41027
46865
56265
15404
53582
5644
51582
19793
45388
55001
18561
16291
28081
14188
52953
50626
53278
64335
12166
12265
59582
19546
6456
11853
62703
59109
8673
54984
19114
9807
47334
62086
29831
65124
29013
9007
29143
19962
27831
9825
62767
31878
10285
4104
63133
11881
26502
24912
31950
23489
48237
55020
47023
13257
13439
60866
51388
55293
55474
49732
23218
60252
49322
15485
48255
45647
14986
16360
6263
56518
55818
12877
46310
5782
12768
17176
12543
12367
63606
48015
54660
3770
54514
32072
47891
10671
28369
58519
38216
55246
30532
50558
61206
58351
51651
49068
28217
41758
1486
28616
8275
22617
19966
14568
61122
41651
61927
15234
38547
54199
56025
5539
24046
31213
1872
20680
59736
38884
39348
34790
43471
21222
21168
31178
30650
35303
42991
38861
183
6610
49723
49321
55801
64290
27089
13013
27305
49708
49729
6828
18313
12510
27433
26418
47502
52279
41485
40447
31142
63551
54176
11144
12788
42314
38695
7901
50728
8324
57162
54278
43728
2384
61889
28617
8140
22360
35271
4540
58055
25065
61922
58032
182
8161
57576
34758
65458
27920
2240
50739
34415
63343
31905
55372
19303
22760
51234
8482
24698
55003
9763
30885
1661
31953
270
24325
58355
39054
37854
34853
39993
1155
24139
29445
30933
35979
42204
37890
1614
36238
65184
23052
16294
22402
50724
8780
36915
52954
21067
15423
35625
10827
61832
51255
65357
56752
39163
64022
12204
52116
1601
18330
52568
40517
62077
34553
56186
19856
22659
2059
39969
19588
46135
53162
4927
61735
25552
15942
63231
46127
65245
8102
18568
16336
28234
25613
45863
40446
23351
61523
32831
22515
19700
15257
35634
38792
51170
12583
36905
15854
13967
18680
23844
58240
38247
38568
10774
22663
3504
10278
776
39800
40512
36184
59606
8999
1464
1360
40336
58302
64430
22217
14860
37358
52622
11893
44995
52185
24241
16435
35043
9854
25299
46350
64075
47374
42834
43545
31260
51193
55563
10217
53922
43929
39826
53825
49283
31154
53289
55091
43441
41968
48731
47624
13907
39160
32016
56278
32423
48819
52103
11159
42566
55936
31352
30054
46779
3083
38084
40031
29638
22771
33710
30902
33086
42170
39143
61003
1605
31933
61397
33795
37815
34414
45949
19560
4179
57922
32254
27058
10466
57290
6681
60290
59662
63207
58491
32529
48622
23156
59464
31087
49888
58931
18362
42539
59930
3623
9205
26596
22235
41076
44752
11992
55270
47681
61075
55795
21025
7224
30601
62240
55564
44770
13114
43810
46727
26914
42107
32437
33413
4607
7662
1935
24983
55086
1683
3474
56360
24675
57433
43097
4338
3060
31538
3582
6376
10516
17880
54044
24962
30766
49334
22192
29309
26064
58968
46936
9899
50034
3750
21320
16860
54630
51361
28371
56831
60999
11437
27264
55928
47145
6664
28964
58352
28219
4255
18202
52557
22689
56720
37932
24096
60783
10454
41117
2089
51814
10602
43143
23933
41457
27992
19888
59430
42254
37617
39897
36709
32531
1682
22142
41539
21029
9929
60505
41918
23470
1929
3058
40849
25936
26477
52088
12282
29448
22093
21287
26040
62106
34472
59135
41856
50535
48031
51997
44077
47348
35371
50214
40673
53305
30947
63777
45455
39484
14837
41374
48418
62717
41203
32142
36501
58787
47970
25203
56415
32434
31842
25527
31449
47081
7960
57758
58142
26062
57379
30713
46740
42704
44100
33702
19046
6607
52656
51687
9784
32767
12488
56664
27117
22048
58282
21316
28048
38638
44946
9164
35388
31401
3470
20702
11363
61283
32937
28723
43474
21371
61388
881
39467
6561
7862
59852
27538
55428
131
3463
53835
25712
28728
2041
5879
2673
44748
885
6121
59040
51780
19768
54835
53943
19728
28545
34855
55978
7945
7063
55632
28112
29773
12196
50907
8620
18139
2207
27527
30612
22086
50801
31785
26163
54889
2296
8221
22557
56167
52496
19414
46279
20070
15487
57060
15471
25456
16320
46207
13290
13437
54218
52455
12744
47343
26727
4967
47195
44093
35558
42047
54099
6111
60871
52965
9277
58855
25220
46782
60246
63802
4237
44255
21851
40785
18821
44649
31059
5359
55870
37605
11873
4750
28308
2798
13621
62314
20461
45033
42400
47454
60047
25945
59814
54645
31220
1498
53858
57895
26033
43341
30200
47388
55739
47763
63515
45104
17301
45624
4885
13016
5662
26771
12848
7838
45776
62334
6245
45112
12496
45272
45323
6307
16341
5154
14067
65346
14075
49539
4899
15947
8108
46667
12597
28229
65198
7330
2247
24772
58243
25944
58223
6355
59042
3816
4692
60962
28302
1652
59395
28473
7378
28088
62145
58675
10828
57986
18709
47762
10763
62844
31107
8779
55641
64187
8716
25315
46430
60146
61745
56264
18874
54676
17157
46658
19792
62684
56040
17840
54265
63115
18266
48771
47118
56596
1335
43314
8072
41715
59711
5603
54260
41608
30194
54404
25246
2596
56888
27241
6626
43651
51038
5475
14716
53918
19801
26993
14875
51097
56041
17841
55573
52638
12997
46524
25883
6498
62004
59446
11487
61063
18698
48599
11325
63455
33670
9437
55864
61581
9279
50566
47920
58887
61892
36437
9849
29934
17178
46055
12225
63615
12261
11889
8024
65469
8649
62694
52816
58206
43886
53072
35564
46191
60108
54454
31342
3049
13421
58850
46205
43643
9573
48239
56551
49128
45616
7158
12504
5415
12344
64071
12336
45784
18982
13008
6822
45264
12856
27432
64416
7591
40471
48142
29592
48883
32538
15939
31764
44662
54334
29844
48715
40820
30744
48901
16350
46659
58563
47191
28287
8134
33170
29467
64740
61305
25064
18031
61105
35934
25796
59113
30819
46000
23488
60544
38294
1159
60102
9439
44407
3048
24374
31336
42205
23223
43872
44095
11485
57816
47934
36843
50572
1170
6405
29884
27182
26499
24428
55865
44657
47835
62971
42601
31970
58595
7846
6577
41686
25211
54336
2629
2637
54234
27164
59658
42252
8109
1280
58017
2315
5557
11030
16605
47331
25309
30064
24536
50110
32152
24639
54213
1030
10775
51403
57655
23552
17119
55238
52750
61833
54188
15255
18708
26331
12520
48853
17971
4733
56592
24833
6774
17688
49986
24078
53431
44579
46487
58284
17848
44098
3797
47448
32761
26032
21314
43182
27082
18868
56184
38706
42494
21068
59891
8435
2625
23115
39721
1417
10764
59660
40334
21003
41685
1291
43298
26573
27415
49846
6511
19800
51828
52624
63471
26008
14870
55834
28080
51024
46518
50631
24692
48640
59790
48783
42370
57098
30165
28452
25814
2553
57336
41547
45901
28407
43692
31185
58659
34611
46539
64409
55756
11138
31137
65006
32809
25269
16483
57931
36350
63314
60124
30117
47729
42045
43248
20952
29688
11327
21463
23680
42207
40486
36614
58118
44253
21559
2184
22528
42567
42178
40555
20857
58201
9833
955
24507
44665
24300
36636
32709
40162
20942
41443
2142
41886
7155
7396
42979
28285
54737
4021
2747
56713
26223
31173
1052
6827
2910
57698
3166
5306
58422
51968
25311
55814
33159
9127
24797
61400
48008
16447
32320
60416
25149
30248
10406
51927
11939
20434
3766
28379
29761
51832
21364
29509
28428
58138
46358
12194
24263
53952
51655
20179
4983
11027
14532
34225
51428
40350
62326
46031
36281
52938
36185
18584
62999
1465
42270
10779
20450
30554
10180
29412
62641
27826
37098
64713
10730
37578
8025
16876
39252
62700
24913
28868
8370
16956
19362
5410
38257
43490
63964
40217
18988
62892
31337
8892
61442
38300
37457
6450
32903
57912
33453
30084
39812
2624
23110
20735
59695
38154
31242
35624
22784
586
512
60151
57323
53589
12750
54510
49646
53182
52453
49091
16357
50373
57285
53685
53086
45539
49611
56526
5707
10342
20139
9341
61730
44157
64556
63219
9078
62636
11375
4428
63227
39064
43024
11373
11501
28937
9217
32398
40624
42679
38533
40906
32649
40453
29528
10470
39985
42223
41412
30222
15035
15878
8715
13533
49841
23117
23116
63941
20438
21004
35082
13692
23051
37590
21760
13229
13963
34869
13760
36417
52801
22173
52634
49925
33749
50458
33562
14380
52560
24246
22608
34545
10717
5183
20141
5159
37440
43655
62422
39594
4911
62630
31224
9686
65293
42287
41524
4919
19870
9638
13761
33344
51102
36900
63868
52569
35546
49685
33016
18329
64027
23439
39927
10669
14983
34136
34823
34224
50640
50923
22150
52488
36280
24070
13253
15238
21303
51379
52830
36176
14007
15107
8654
17115
62640
23227
21429
64712
16595
38085
10693
16054
22222
38835
23502
14859
59838
33365
34578
58002
22418
2491
22965
2329
35228
21020
59676
34787
20686
1945
1886
59742
6688
20067
19367
20091
64295
26235
64806
27304
18035
62886
18019
6982
64247
28275
28267
18027
60592
57800
33984
61079
22679
21367
22166
23640
61416
24086
58134
59510
23632
1206
21703
58903
30401
53172
4262
19461
53917
36097
27281
30941
14607
5116
15293
59889
27760
33863
36638
61627
59850
44676
4265
1931
13830
27540
33596
15017
2174
5878
38865
31795
59752
40638
42048
49821
51666
30905
57368
47005
11269
11084
46733
35279
43220
58940
64381
64720
45134
37959
9331
59180
12710
16507
20922
63296
34672
38588
20657
35909
64677
15564
38922
12459
22285
19405
40193
16758
57968
25152
35353
63409
18496
46959
31832
16962
65207
36102
22277
59522
57292
24083
44554
26658
6847
45449
26085
13850
61083
57639
6568
59941
52092
4950
8561
32468
25667
8268
53400
53311
393
64090
24874
2203
15788
41255
35174
51274
3573
4348
39099
57439
21541
40197
24680
40589
41723
2043
62959
60662
32758
23729
37858
25238
46998
9023
35850
44955
38194
51130
22273
3227
25208
49814
21795
31852
29525
60479
9743
42373
42796
33635
34332
32680
64447
23372
47087
36854
49421
32129
293
43149
32970
8565
45099
20956
27994
57446
37184
49361
45552
61462
8267
30956
30012
51137
25637
12298
32397
35867
28560
6890
49628
6646
33088
29521
25195
12406
34725
52413
11512
61432
34405
32245
31036
4184
12319
30405
31769
35123
36101
6687
8970
33561
61194
14938
44155
3198
9786
56666
6762
37083
22818
31910
60584
14703
16582
43553
38625
36623
24498
3457
14766
17528
16329
63553
35025
20556
37072
33399
62023
11462
50970
13837
22962
40463
37817
19324
10372
55562
5830
15813
57995
56292
5033
59515
13087
6492
11083
53876
16632
9330
58432
7219
60451
27891
23370
63664
18241
43071
56409
19530
64965
36124
22549
59287
495
35755
6996
26407
849
41563
26934
7365
2058
56577
4534
60989
25829
26576
60349
1724
8160
60138
54588
41147
43551
21146
51507
53251
26577
31258
21117
26940
46981
51083
18697
39828
20511
63452
43935
59759
6689
47089
22895
57375
43901
64066
14124
43626
1946
22429
10783
6988
14626
39802
64417
45122
48301
38308
42522
12056
43020
17156
30534
57761
40575
41328
11986
26330
32077
36681
13487
39239
57876
26777
43356
10697
46853
57981
63634
53819
38844
42929
13022
22383
25369
12501
57503
4892
15188
37352
48581
60842
42924
33070
49538
31659
3030
47985
4429
51048
64563
5702
34441
35935
38649
1065
52278
54952
26832
32677
40657
27658
45528
51232
17160
37166
24492
62687
44620
29497
28891
51261
52570
36085
47037
48349
34597
24774
22668
51088
60428
59356
36225
41429
24832
52256
61528
24284
40437
19706
2881
35897
49776
3333
63526
38689
54954
51172
51914
47318
37251
36773
5709
45476
23804
30217
41291
65351
18570
42668
329
39041
12195
4422
15405
40521
65188
26324
3329
42752
27653
60618
46870
56480
55228
56269
41398
45521
57675
69
4283
59100
55306
221
44808
23487
37731
19957
2235
8280
24285
853
62755
39067
56581
37255
22031
46469
41656
35530
32747
50482
21311
36186
41424
24795
35052
44854
21999
22669
28870
29109
33762
41702
25147
52609
47601
39697
25452
17177
1818
14754
31612
57965
63612
26737
33396
45132
31377
32890
14252
39538
60932
25779
45910
60869
43029
35812
63367
32363
1509
47280
6987
22591
26888
6693
60095
19539
33266
44666
40970
10760
47270
32465
37271
53504
37599
43984
15943
38969
38511
16344
61260
32534
50839
8036
20157
13793
55577
28062
12494
18015
54423
14194
56665
47550
13072
57110
28541
19051
46706
42712
58772
62042
33622
4492
58939
54121
44600
36491
62593
1760
60692
25991
7128
24810
2706
41955
53890
38396
10550
17132
13104
59737
42083
17536
62865
23168
56050
25751
7912
39308
42996
51819
35110
65114
57443
55448
10593
1832
17745
33435
26852
41106
8954
27993
56734
50070
65394
48456
5266
50229
30312
12757
30304
7964
46584
11920
45454
38512
7186
46400
13640
48261
48891
4604
13891
16941
55976
61517
15095
48707
20268
15175
4351
47648
16115
24873
61857
4349
2157
27984
33580
40502
13164
7046
60781
24218
17744
34205
62848
46737
59644
62261
5771
42630
64462
34300
8259
34017
19480
50077
9934
63347
35212
8574
16218
63159
11011
49900
50529
33633
65086
56170
19896
36397
19720
48429
9015
63699
15002
10455
15098
64135
17752
52780
47345
59133
22013
39483
16266
37989
35164
20198
15089
21130
8955
12929
62608
23185
16122
63845
19179
37861
46366
17004
19897
13456
5071
27796
13847
26041
14741
18612
56424
45943
15123
46995
26466
20333
64896
59044
11984
13792
19465
46731
18772
18950
60964
18356
13109
65410
9776
56063
48452
56656
62384
58210
9339
8843
19737
51947
8194
20246
58594
11074
18773
61618
9163
57183
45972
35387
43377
45976
58014
49772
60735
55267
10992
59669
28255
34189
46994
44327
31074
28349
56950
51685
48448
4260
13632
20011
57091
63051
16190
15864
4644
12766
5875
49035
15856
6570
63812
5883
37149
46843
12186
50678
7273
15174
7265
41375
16123
17553
47911
64625
29034
46835
13899
48422
53622
32875
51190
36580
48769
2701
51945
46912
12699
52793
58202
54764
52374
56341
123
35380
62587
29335
64309
4493
37508
9066
39081
39915
7134
62527
28730
39028
37398
32195
8035
11809
10133
4270
38758
30753
40596
44333
62255
61851
30583
40697
30314
9519
61477
7187
41086
5885
31373
31546
11860
6369
28385
40369
39657
41818
30442
65113
18124
30188
39476
39098
39693
32081
63714
7906
23397
59264
640
60527
20767
2939
60286
21048
32774
1140
65228
35347
5068
33949
49059
35960
16994
8850
25757
57107
51112
26988
10543
62575
31084
45639
12718
41514
1144
12670
39960
12069
20023
7051
38382
20325
38680
39480
5766
62771
32085
61822
8622
43910
38038
8848
14818
13375
12884
33508
49796
23010
24553
53049
36745
21567
16217
13551
22834
21743
21044
14642
52233
36057
34290
13602
52884
15561
20751
51817
13103
24169
35433
51156
14276
21807
20927
34740
10535
4598
9470
30608
62622
41115
63779
40808
31781
37480
7269
8851
65527
41366
42992
4347
55707
33528
13566
13470
45600
2459
53144
49141
36760
49912
57189
54422
51566
1174
752
35182
49885
33469
22636
16007
50670
11464
63432
51357
15137
21811
35384
61918
21514
36204
16332
8670
12778
12337
20794
9358
62606
39303
39299
51085
34797
62040
12120
17123
23788
15452
20705
20279
31676
32194
63580
57757
1181
20557
22831
26801
6322
21615
35866
57898
40428
17353
39602
57597
50983
13435
61802
9511
26011
58319
51209
24957
10129
62819
31478
48850
49830
28700
15459
34996
41935
9194
34295
60315
1435
5721
63689
2806
60710
21859
36117
28338
10436
23366
43247
20193
54253
34137
13620
14561
48093
3505
50922
47674
13289
52026
54988
55482
50004
48876
1361
36177
63001
10906
16946
6098
38881
4969
38170
39257
4236
63292
28873
65137
11028
42988
65180
30100
10898
7164
9572
31604
63633
44402
64812
62313
32154
39786
5657
11164
64242
26780
43873
7586
57421
59311
33133
30900
43197
39636
40330
3098
60543
39002
9167
31706
20733
21631
21156
32004
48921
16284
33374
59326
1979
57116
50204
2389
57573
22357
35267
49554
12562
22453
45465
54418
50745
33722
19307
10029
26481
35944
50341
27925
11558
63340
28842
49454
15873
43846
22767
33904
37658
29481
16701
6359
39808
32616
38053
36922
7391
63542
32008
38000
11937
42975
44703
29742
16619
16694
18256
33153
49537
20621
20620
64565
11397
51034
35930
14316
36923
37350
38704
15421
65285
12245
35643
14381
52113
36810
49866
52565
13958
23548
36346
50385
17088
23430
38070
34001
11565
6319
10481
29006
37264
41031
64550
38506
30281
37365
31768
10022
63229
43135
43940
7335
56753
35642
14385
33168
45387
64
49301
46604
34538
49653
60438
55157
52561
2234
2829
33008
61448
8376
36446
15243
51424
20421
37894
50008
14979
22613
36181
62160
8455
21987
61875
8880
20455
16947
9271
10208
63360
37099
40165
63800
10728
37174
19541
16870
40798
62691
37470
16443
59793
59244
13410
53618
45425
22898
20636
49004
56476
49516
16153
59260
22882
49532
22289
57362
47631
14009
20071
11163
26736
13913
50442
25446
10899
63590
32021
52100
15108
42389
48825
16049
23663
61343
34608
60231
2880
29642
40650
6
57560
23542
35496
39140
33821
21208
1146
32484
40089
23954
49636
30984
1289
5031
54707
20835
32857
25278
57044
43587
14495
14126
16626
2775
31670
3447
21872
36661
42194
40145
33923
39911
60008
20958
31801
29836
35734
31430
39607
3211
19331
47662
62929
16378
28228
27780
12760
63278
6713
49476
5887
5343
13637
6565
27355
53120
45991
43831
43432
28771
25865
56830
30131
7684
42792
41598
7042
47683
31447
5775
55544
44526
3446
62398
63726
31839
1027
35851
29930
23400
5061
42164
57742
3973
6325
58736
35351
40125
26989
3693
45993
54041
42159
31085
54570
4628
3711
46404
29300
44842
54049
32585
29948
45969
29579
2299
22179
35430
42423
40368
34200
41731
24101
23415
32088
30182
33582
43139
38923
3472
59970
61860
20643
12451
1202
47682
8569
2313
49480
20862
55561
61049
8258
46303
48804
61506
55965
38130
61471
8223
3652
2717
9263
47647
37193
37188
59935
60970
18836
3657
3825
39316
5079
52976
62991
19004
25166
28046
15171
28584
65162
64466
4339
5587
13895
24872
26679
51755
43426
1444
47561
59849
1043
6562
56959
58030
735
46260
53838
44921
55922
57160
5295
2674
59466
37021
37965
9891
46519
907
17816
22564
10522
64375
58115
54758
8490
36207
3453
37678
34969
63809
21627
13839
41694
46039
11075
20962
14757
23506
7944
58835
9340
12345
52514
63047
52515
43707
38814
32255
46255
56375
29407
64313
30997
42308
53540
49112
11235
5585
55979
41092
44106
46705
52004
58312
25880
29691
56965
37375
13929
48862
32334
27286
56138
10132
28701
992
1019
39104
41928
5715
1304
36112
7909
61102
43240
28350
60311
2710
29664
58915
34981
63163
8299
5955
8294
43041
11924
44330
62244
16795
42871
9209
43114
10996
61483
24851
41075
6186
32388
45578
20151
52165
59275
50522
6178
59518
52767
18353
44021
12957
4672
41241
1272
24883
30402
53183
16967
61701
55197
3468
19729
30932
49679
18497
47962
57585
20247
424
3187
61621
5989
57473
26518
397
5920
48362
44187
7205
45146
31990
46906
7264
43003
53553
45137
57836
4647
1156
30403
2955
6113
62517
19050
6327
2162
28732
47957
20001
32760
47135
45631
62176
11384
40949
65160
27531
9710
62565
8216
10888
26166
18995
43861
16766
37187
31536
9312
37520
19178
53554
19893
51226
59547
21750
5927
60709
15121
18608
41324
11917
7203
30705
12896
46911
20031
37024
32662
61717
9700
28044
31083
9097
8464
5275
43866
18994
29430
30769
26173
36981
9945
29031
31366
39877
13614
38234
5246
13096
11008
30187
48117
11188
32632
55536
11825
24931
31548
49345
19525
50954
30861
3221
19472
7658
12545
18240
502
30289
18197
55136
251
52410
8952
7200
37923
42896
17566
41109
63790
12184
44277
10600
24933
10606
62711
29024
41200
5925
9661
25621
31675
38666
13447
21756
32372
15147
38339
29325
45366
33090
16798
48035
42335
43119
19761
39283
4475
38938
33826
48170
31485
11245
62483
32413
508
16372
28699
43983
28121
40266
7191
57785
31912
26592
6177
24805
44321
5959
468
7530
24885
7521
44158
46863
48319
30597
17531
41623
19765
24973
8836
40554
9897
11243
27614
20287
42810
10356
10518
43971
25699
40481
20261
51546
43909
2193
6368
49722
12278
7653
3580
30293
47210
16928
62102
56161
13361
21645
41051
9106
41046
38957
25027
63130
6099
4443
37887
42935
64506
41139
4235
17908
62308
10396
34527
5326
54246
3013
10395
21962
18311
9107
58715
55472
64501
36573
6616
17918
35780
61779
36441
43355
6534
25029
34957
52620
7360
33679
5211
6096
23386
34385
5206
34132
51762
41141
18261
19584
63462
20865
12673
20618
20609
19589
39989
12378
20826
12369
38715
8528
36912
12682
16600
37064
24291
52107
14560
62661
12038
13288
51763
34389
23381
17104
37336
34142
16846
37552
29783
64026
46600
39819
2991
62629
1154
60167
36924
47172
64341
1119
44851
18257
20129
62064
15034
8535
56757
2986
10017
21669
12674
11557
60160
56177
61946
12912
19587
18672
36353
20831
46596
27921
9415
24997
419
40332
23007
59394
6305
21711
64346
48200
39175
14189
20721
24693
60978
18674
34055
27589
25007
62922
1226
6311
6081
21935
23541
1267
29888
34619
12829
61939
35644
40960
7381
458
14224
52262
53441
15850
29120
53713
20981
33019
6085
34865
50749
218
40967
11553
44035
63376
463
61589
53727
29127
64874
466
61941
223
7383
18673
64865
10021
34141
5540
35787
25034
27555
21674
25797
7163
5213
21955
20821
1375
4446
33886
33188
64511
48433
25453
16843
27562
3023
23708
39347
60253
5629
62659
20986
48601
37067
34036
24418
26234
17496
18830
38024
38880
18304
37093
40171
18824
39256
11318
61781
19536
37982
17502
39262
18309
17499
38575
48437
37345
3011
62890
41703
60251
40793
48094
61786
25683
39254
17492
19364
40525
20437
40709
23429
51245
15249
21706
14794
15845
50742
36348
23546
13521
62134
35632
9408
21713
19774
54597
19769
45348
7748
27791
49111
18222
26065
57263
26879
7940
52526
25253
27349
53640
15015
5967
56056
65067
53646
63045
48267
54592
25124
16181
26867
15371
48455
25258
63823
6181
54032
5279
4959
50657
55186
28051
51691
7869
46231
14700
47961
53342
45975
46102
28538
17813
31539
28706
43913
414
29086
1689
1694
28707
243
30297
345
30302
3070
59186
3570
29081
8967
9295
58278
27543
6116
52662
49328
32464
42061
53336
47960
16589
21319
3754
21327
19318
32309
34379
3651
2967
30135
40374
2704
29651
1779
59928
43864
31312
3835
30782
38411
35702
14501
7201
52773
61997
56103
61514
48416
54819
65532
15094
26623
15776
47355
4594
64673
5930
58792
35360
39903
38369
30130
3475
23934
31455
39482
11721
43865
59934
23463
31540
3575
34197
61030
59024
22648
52891
56958
50805
50078
58232
21350
13843
47203
54123
24167
59495
22032
55445
56163
18833
62956
50320
6372
27807
50064
7657
51557
17242
45416
54887
50539
55150
24674
17562
7688
54823
28383
27522
4686
28035
47694
8008
26175
6665
26611
6670
48807
4599
26167
56099
54811
55411
13077
21728
58551
23734
24551
14494
48798
36040
344
61264
50843
48661
50035
57830
36206
58771
10956
21037
57924
136
20695
11234
42466
32943
2047
59655
23163
42444
2677
33414
29643
29820
29644
2946
31522
3459
142
29819
1147
57593
42803
28722
891
1228
892
31523
32192
34168
36200
398
29906
40156
3979
11239
1392
61187
41273
32561
3440
42438
39608
33237
19398
16509
48024
41252
30855
22090
22080
7656
24687
59128
2303
9728
51984
56164
52509
8522
51673
30908
21111
45725
37125
43564
14554
21199
43229
22737
25962
64726
12867
41382
44149
57900
14119
50299
19562
38183
5531
3791
13833
4477
38801
19043
42486
57042
14758
42780
49507
22708
56336
34709
12534
24292
56961
2698
51938
55104
49563
13113
3674
55889
52368
45333
117
34191
57916
57120
45718
656
58509
47500
3995
55786
4085
61430
602
61265
763
58417
48957
53797
33156
22423
31772
28192
58763
41987
56015
59505
26433
31477
48694
4791
36088
48044
22367
3794
57650
27343
64682
3739
52140
42152
1943
14509
2805
63297
44629
1887
3315
30011
4631
44756
57155
23576
62105
37522
5277
46099
12456
6556
39423
20335
41580
53831
49475
29437
58391
49534
20640
19170
3174
62852
49429
25578
59285
33040
62265
45467
25914
20597
57376
7729
27217
20207
57703
62985
41210
52887
38684
25871
50331
10157
51811
42897
48742
45411
24422
54635
7682
64468
53861
35111
50211
50334
53792
2453
53143
57125
24424
14840
46181
57184
49774
58464
2544
33427
52237
31361
23717
44685
22474
44949
14149
33025
27226
22384
42230
49372
15424
4704
43515
32492
46101
62941
42866
49902
39846
46249
24301
37401
51344
43808
45653
2143
46238
47126
64319
49474
22899
18666
45438
50210
22730
47516
60298
50195
64397
2285
46332
24026
59251
27402
26298
12953
60609
55109
60582
3713
4832
28550
2689
57821
1904
55898
42037
31035
3195
1994
45276
56970
714
39044
62018
651
51206
25887
2178
50601
2171
63552
41532
41267
624
43205
37368
45684
55743
4003
41516
25121
61073
719
61352
59948
28666
32620
46588
58580
45688
57085
58370
631
61451
61329
24010
333
37576
42620
13785
10176
4090
21940
43178
63955
15825
32509
41825
57724
56031
50889
65176
39835
6256
51289
14858
5014
39523
18022
43797
15236
52191
30059
57026
52913
56922
35554
50575
51425
56285
3516
50925
55946
50009
15674
47308
54989
52820
56913
2641
35820
30469
55005
48058
331
55229
48346
75
4278
1548
53270
268
57345
2817
28939
27648
53574
32728
2767
44693
27467
59579
38744
34367
58341
27381
30229
47877
8583
3807
54587
29383
23524
29707
49263
62376
2891
52911
63336
1099
15879
5
62532
43781
1036
780
30465
19300
64484
13961
21450
64405
38701
6001
20840
16293
7541
40438
16492
42922
12590
52956
31648
34900
21616
23044
12433
1743
63617
21528
28092
59208
36548
52476
375
26636
22856
60884
53665
45073
19436
61133
53164
44456
52123
37551
63545
1175
9639
49237
42820
47893
1046
863
55243
12786
65233
56268
36237
51340
20880
53579
70
49307
55004
22106
15605
278
53275
52049
59597
3341
34598
65287
57409
21257
27581
21513
41029
13384
9230
45082
21582
26390
53215
13268
6941
44449
31708
55378
49327
44389
49632
38163
51199
48866
11035
53080
43902
45510
48844
50012
54352
53924
49741
24001
16276
46684
50989
52937
48250
60345
14529
51711
47282
47018
23225
60897
54013
49005
12698
29781
55937
3722
3005
29136
24789
1713
32646
2650
58890
42950
31947
3665
29264
26939
56284
30551
4015
64933
443
50435
39167
1469
15115
3925
62798
41420
41670
3423
29777
32420
20772
16616
22073
43845
24909
60225
20793
12392
60885
26278
28844
47274
14308
52207
55296
8510
20782
10185
18817
64329
25890
9585
43497
63953
11641
64252
19116
42345
10689
63234
9569
39249
4745
57654
52480
4239
46342
58503
42568
18692
36742
56119
4829
44792
60423
18186
12016
42736
51928
33877
46679
5791
25798
58514
41875
8141
36764
4439
7805
3673
61278
4447
36433
37739
46006
4697
60046
42281
642
4766
47769
43662
6809
43315
31219
45657
6750
41522
4702
47710
58665
5946
59008
38026
3719
4740
48600
44244
18826
21302
32575
46392
4100
41277
13616
48432
59608
8538
31954
38108
44686
11952
42680
38539
12218
44857
8965
44632
9808
37169
29780
44228
30931
55240
49934
8156
48812
54679
24703
17166
55784
56843
7899
25199
56599
17417
5479
27927
49993
13318
43277
11567
41638
20189
45864
11575
16202
30125
10023
28223
13216
10047
54516
48951
43734
33077
40900
11503
44742
36427
1603
30400
36821
29901
10471
3827
34555
29130
58430
3086
37816
57907
47819
6780
45772
30082
43305
6859
59689
4811
4731
755
60158
4812
58674
43774
47740
8714
8068
65098
25639
8768
43656
62416
10826
25599
20390
41720
10752
62477
30196
43316
7816
33368
64705
8121
25804
33456
184
7361
32952
4434
16866
600
32848
5212
33360
80
65465
14083
41042
31353
42268
12865
47491
8274
12361
31586
11154
45817
14603
29385
13041
51515
43452
17498
33771
40604
42222
7828
46056
45026
17306
40789
29545
25688
8020
37969
17488
50000
61155
17497
28909
38847
41700
17585
27833
37101
19641
39258
10698
25689
19537
37460
17489
27729
30655
4361
56759
25327
46484
7822
46665
28087
8073
47704
6744
48889
5646
26564
56894
46606
56191
2713
11957
45698
39746
37430
61625
16006
601
38011
62592
64281
23174
54569
62486
62390
10201
11517
46716
15140
3784
19319
37667
54075
9293
51305
57054
39075
19047
56749
37402
37018
998
12049
23961
12772
41480
35794
63048
56014
33915
22361
4798
51215
11694
13924
49829
63820
2776
15129
13892
22489
51154
12724
23929
22130
12473
52239
36041
22473
13844
23458
34564
23972
15177
15869
35738
33706
22750
14558
21480
51943
13645
21885
15816
22728
13118
22061
52764
50844
36483
1645
19175
21500
39127
52844
64136
60314
36461
64968
21917
64264
46748
58913
18446
62270
11912
17007
877
54089
48665
8516
39327
56061
16511
60948
54596
38687
12276
57084
8610
40946
45980
65533
27342
59188
25624
49909
22131
3481
13552
4638
1881
39113
63788
3572
11010
23982
25528
44273
25403
59492
25864
37482
21288
50812
9457
7694
47209
22696
41114
22045
15127
51815
27270
10153
2724
55737
713
33150
61513
54036
32835
57860
54452
51107
11282
54553
12711
64676
2681
23293
11742
53050
37246
21084
63160
13612
33341
37027
49793
61720
23196
13101
18206
64974
10419
41087
28118
48668
25609
40693
51688
22198
41583
64312
2136
51144
42533
50041
24230
22054
28556
26921
63208
716
25881
52794
20691
3464
45811
61800
42808
22441
62246
2684
40652
21365
27065
13085
13644
36812
61911
18366
24024
24030
13501
49873
8195
38664
15822
21361
21196
23164
14552
46713
10374
1428
63412
24150
65417
59525
48745
40656
24203
61705
1766
60287
62726
64902
17135
16121
33570
52095
23412
15172
50073
21284
13897
22185
34479
51225
15092
50532
34836
21348
34207
48446
61374
48441
20882
25093
40169
5445
5950
3865
46545
39017
47829
7470
32274
44994
33251
