38774
34921
15336
20155
36209
42129
5161
34694
18895
24835
61288
40305
15401
42291
39529
7734
63279
45471
14983
60784
48619
19082
36343
46911
59258
48422
64817
65003
12796
19018
64159
34636
59248
16768
63675
47291
33095
63569
47126
35580
45151
16704
15863
60794
61471
62415
14220
49103
21945
29235
52491
45524
9448
4081
10246
11318
45231
48111
62552
3044
50038
64099
21817
53679
63954
46242
62302
20780
45642
9053
8602
9868
64234
8780
65133
65038
65474
10983
63104
45074
50912
31541
41822
14565
12014
17246
7518
9776
15079
31669
65118
52926
44336
19127
63056
6885
13942
34041
13630
61157
36472
35994
19354
34438
59111
19279
58097
15992
15152
17709
13817
35106
2562
47234
43195
19732
12157
14427
6185
10124
17359
28930
23946
23818
41955
41935
63340
19795
43699
18483
64103
63554
18468
10887
32173
19103
64074
7449
15675
15803
52581
10970
15055
9077
59116
17461
15112
35592
33838
58529
20191
35984
34150
17132
12855
61165
13574
13993
14642
33449
39660
27954
65255
11198
35053
52791
32485
35388
9552
28082
59485
39101
63205
50512
59996
31568
44242
19328
50792
64335
19274
11505
56232
34544
22091
27605
13050
43790
49833
30420
42658
9846
3075
48015
44670
20186
8817
13482
28229
11510
34208
29395
21131
2820
43330
42482
52329
20064
20661
12117
52855
46298
8679
52874
9436
10896
9580
45536
63694
22717
51532
62816
23100
54524
44079
20051
43659
15734
19435
16548
4516
19615
14145
4633
13508
44011
41471
6664
42579
17155
62211
53753
50744
21545
48964
47556
11067
47103
23585
11638
24484
52600
65107
9704
62339
56361
35583
29117
36539
11752
28026
54773
5516
26496
10137
9635
30661
33099
35167
25674
9224
32333
2031
27520
39559
40310
27627
56449
53562
27711
38769
53884
37514
3563
37260
56039
1664
54902
39500
54006
24040
35816
24907
57997
45682
27391
35897
56620
3057
37191
22505
22149
1936
35717
53779
33047
870
36641
32526
54581
33353
30592
34713
4832
26565
23750
55411
59903
43349
57015
53762
27576
55998
591
25162
38660
7562
5772
50801
32239
27737
1637
53597
26442
1951
40195
46640
11729
59621
44725
7688
50708
20701
5766
42727
32969
31401
48878
60135
322
24868
64287
38518
26707
38238
39093
57022
55943
56123
54832
39655
56694
40251
40456
39728
54712
867
54021
24494
5202
27990
10305
29876
15348
54576
31807
11001
32965
41530
53749
38971
56247
24878
20223
59480
7849
55925
52761
30932
5786
58302
31487
50721
46421
44017
27955
45934
40421
56302
5394
39968
57253
61051
48871
28446
60728
48499
26512
46645
53798
503
37918
58995
21382
2499
34870
34704
8881
48062
20091
28349
29689
24735
26172
18051
8293
31833
36654
46416
24849
29054
30929
58477
32159
46339
52524
31562
27383
57348
55024
2599
35161
3483
36453
47460
59395
36536
6732
24228
4492
28288
11085
29162
23960
26943
30608
46837
33705
41463
46243
38026
28395
36824
11673
56594
25048
1413
33357
29307
26937
11753
30454
18050
7488
27305
1989
54386
22425
42880
28392
35903
31709
60790
44400
32235
2590
62724
30623
42826
17762
54949
35819
59249
21721
34013
52498
56579
48055
46779
4050
28436
39614
25242
26527
1866
25167
54869
23142
56152
26909
39337
60848
5155
17585
7348
60930
28282
15403
25223
27008
59662
33397
18886
43321
4808
26234
59010
13039
37696
26752
41098
3872
55527
25594
32663
53308
810
55328
40842
43082
45040
28906
50076
24640
49190
57238
61524
21717
54343
46020
9390
54780
21981
29760
2193
53217
65475
10509
51596
45075
12047
45528
8308
41587
4619
22347
36452
6534
14600
28287
45222
63337
8577
26228
38511
24387
47120
47287
8378
44912
28490
21274
28551
5004
41799
8012
45148
62412
12231
25466
41856
24336
6178
19741
4282
3340
32007
12474
48525
29568
890
11637
17356
41932
7997
45946
62336
12722
42284
27472
44122
534
56251
27031
29745
54582
2347
32303
40503
43802
42044
31921
50895
27664
14313
4447
41044
49890
29370
16468
29242
31036
63933
8930
44849
16353
41279
31165
63804
6121
64066
32172
61578
41404
7450
28810
16701
5020
41194
19746
51450
63562
61826
16618
13212
30476
43391
25254
44164
323
53723
35240
12132
53494
20696
32639
38139
41473
13417
30580
51055
27715
29922
8893
11450
40425
28081
64746
27953
25407
58292
36329
10588
51548
29277
25524
58175
62690
22083
32511
64644
44927
6209
31227
16888
25590
41035
36163
3835
64324
62195
18292
15097
31103
15429
5260
44170
13497
5345
18862
4763
6550
14616
16931
42231
12925
41712
7393
15417
18690
9424
46295
11386
65459
32747
22090
48984
29590
62232
57318
46508
63852
8951
46004
831
21056
26691
18641
4212
3711
32379
12507
45704
31231
2427
8777
33702
41977
8184
46708
63107
16143
11807
48056
11444
41648
25114
22811
28218
27036
43495
7904
46422
63177
9297
26298
42576
21011
46786
29911
60969
4019
49131
63451
43560
35206
39176
6854
28838
35604
21805
43845
7127
62160
59884
46223
58362
59471
36721
46074
48785
32828
58154
46319
24458
61306
61084
45866
20540
46415
58703
36604
964
40473
36385
25540
55460
46492
1309
47183
59537
22561
40617
54749
22012
26066
54480
54674
56740
43563
19091
60443
32600
18816
43278
12262
27078
55369
45735
7163
19267
1565
54463
28417
54042
65094
11889
37658
20119
9100
62279
20204
24668
92
57025
17223
13196
39135
35427
54675
58138
60654
19602
49338
52235
17280
58234
56495
29644
32860
59352
49991
29580
51496
58224
20877
60306
59949
34610
47611
49047
33670
57419
47328
24203
60642
61424
48020
45801
47869
37543
13048
33732
51019
10227
28756
39976
10636
51469
27846
65329
39057
27902
21789
54684
7419
2923
60318
54266
64552
46739
16522
38875
9116
61674
27238
14586
3978
56491
37674
24636
19614
20518
60820
39935
1578
46738
27054
54446
35222
39192
46144
58615
58953
4035
56817
48457
27281
36035
28915
22058
40059
35971
64522
44158
45887
948
7264
31084
46540
59688
13080
5014
51160
362
35056
55007
65312
47143
18839
39450
46486
63787
26460
61079
53871
55978
40415
24833
16448
40385
12182
26178
50389
9287
6568
1581
8438
49368
54988
13563
27564
27284
39721
27409
28691
55519
28177
46810
44757
20039
22042
7848
17302
41752
20038
54732
1452
48545
29464
62358
60191
34642
55319
60889
61296
20298
51483
51927
18844
59879
31340
54726
33028
59933
52182
31489
53008
55472
24626
56980
64078
10882
37083
20359
47615
63867
36684
25446
54505
57287
19358
19426
37677
23008
25174
39256
58595
33464
56382
45655
48213
23022
54448
599
58603
1109
36027
39254
27875
15378
19810
59246
60882
33037
18126
17102
35922
58909
35605
15197
12765
57941
18398
60069
19157
60419
11715
20536
22569
48404
17912
17656
34473
58692
17107
15272
20920
58499
8232
63427
8995
1548
51451
24419
64075
9126
31886
48781
11365
63870
47874
49767
118
2946
45451
48902
9128
52255
32092
1879
64789
11709
30411
45656
9817
63000
8729
52049
49434
598
47038
63426
31248
13174
44954
57653
57527
16588
27233
26721
19043
59908
6150
44395
14114
59535
28478
7970
24631
14853
15962
58448
58650
35164
18286
16749
35429
59358
19922
57773
14620
60770
17607
36368
17863
38156
61275
37203
14123
16582
34189
17002
19554
14717
5132
60269
37091
60268
4552
7971
34619
50438
65450
3973
61655
45984
46692
29793
9897
64516
32479
64360
49218
3695
32766
55365
45159
23225
16043
57990
58945
34223
8248
12084
47043
20520
8633
61784
59654
22585
17147
17622
18171
58863
1079
560
23783
47440
26164
35665
34393
58852
28351
39761
23781
40537
53854
54501
47454
49372
8873
2411
62163
48088
46958
32679
47781
63454
55504
61869
50385
3936
31195
1446
48131
37046
33381
60519
13381
17118
32824
16843
18371
12328
7958
57688
37895
57686
19671
43424
35189
1798
31648
3214
65093
11230
31480
49032
10915
62280
45315
52651
519
387
47486
23653
30277
12332
4527
57483
57603
16852
26455
28503
18370
59326
7964
41418
16193
61232
24587
41135
26374
51888
52785
1078
62747
9567
30551
48477
47042
63422
11701
458
51503
3420
46171
9247
30107
44446
57173
7007
29914
45495
65521
9810
48214
28847
17301
1112
7667
52058
19380
18504
9468
13839
19308
14954
21007
33290
10858
33370
34655
22282
33295
15697
64945
15196
34570
22367
9743
13840
11174
51377
25610
48081
43089
25615
47788
24671
35612
64935
15831
42255
95
60076
7788
49333
44439
64121
30002
6853
58513
54492
18278
27087
8624
44904
50726
22860
30841
31507
64317
49929
7769
50013
15631
19377
4957
11089
9820
15034
11535
52829
52749
52825
10938
63084
4873
37524
49649
17245
52244
30633
29534
57412
9824
64183
35225
52846
65117
26612
15082
9788
31889
22303
44372
43858
1805
26457
48289
36199
34400
22027
48566
58026
42505
57772
25181
25097
31341
62600
37470
14417
26099
7365
51291
34405
18284
29647
47603
60778
65015
58029
32863
47868
42228
58621
41636
10890
38430
26275
19047
21880
10959
15066
34181
64859
15665
47604
22394
34623
7373
14080
52654
42361
24633
55970
38058
55478
48294
25952
33232
62059
42517
31
25721
27410
43060
41352
571
52794
28921
56403
65159
36041
47708
30048
16515
2141
14542
37569
9564
19088
61940
14388
8655
9593
60880
48411
19658
20605
34470
58903
32825
12961
20098
9101
21625
33917
18396
63742
33120
19298
55323
16855
42145
34649
19648
26022
46066
57943
12019
15700
33293
48708
32719
50451
6307
65146
7857
19931
65082
30735
19136
30044
11030
43214
51230
62335
50540
64192
20031
52029
29858
6777
61724
8922
31172
13293
10159
64529
9522
53156
6969
6717
14457
20196
28690
2514
52026
52031
43709
30290
24740
45514
36047
59345
45788
38084
51839
4034
31572
32009
6714
16656
20296
38342
4826
53880
46789
20271
55173
6095
57093
16533
14246
56848
14844
2403
35608
38467
53561
39678
482
53885
27709
56216
55177
3300
56643
37508
3368
39829
55854
1781
26482
44069
28146
3355
53770
56621
37473
56790
54937
55151
29219
39837
41294
38614
1696
51093
53599
12258
46751
47318
5519
17861
46693
32182
6021
55247
28018
45205
8742
11218
5199
33973
45167
47171
46205
45870
44402
32228
23012
4765
5769
42733
4681
45193
22005
48792
5965
51097
24546
19231
46736
28110
61661
16585
13124
32360
5765
50808
7685
17817
56085
19873
29178
4399
59943
51753
58468
61125
22964
45161
27278
32157
54917
2798
31554
3384
58835
44530
48840
47315
35165
51465
65454
59939
54672
16581
43946
20015
6025
5839
7945
49796
51008
13644
47909
4384
39067
42450
59592
3568
58142
46533
30452
6308
5785
43588
7705
44029
39462
52905
28055
56096
45998
42866
61133
38214
53391
46537
3419
31708
55189
54880
29154
37374
14613
51743
55366
9235
38017
16655
18320
56869
4255
45157
18121
20080
54921
5728
56841
16521
4373
7711
16681
53616
46528
37651
27637
1448
40259
27432
56062
26830
54933
39470
56853
40344
40670
2213
25560
38339
54851
49365
29427
60999
27419
4424
40395
48672
6037
54976
7957
49662
50392
58150
58774
41123
27552
9251
47149
22181
32177
7502
46953
4831
5781
5743
25317
46489
61589
48595
51151
38789
45581
47888
36392
35547
49737
4685
58158
32685
6041
51021
7961
46485
59078
36295
31188
43426
59459
11842
46991
48027
13757
17769
21486
7566
55193
38733
32227
46469
48454
10397
17613
17625
23777
60643
28223
38449
60399
36529
35160
25176
35158
60651
25827
37947
60388
37430
26292
38201
34233
12508
36780
58218
61392
34823
17319
20391
32876
58330
35024
14442
14343
61280
16394
13228
16384
20662
12118
23089
20774
48923
10907
8603
46031
23073
12054
63691
22705
20790
10209
61535
10214
895
29030
2692
65395
8456
8296
48513
8294
63355
47119
53131
3329
22633
45940
23145
30579
49196
57244
826
65456
48922
29591
48983
9052
62231
12060
51258
51431
3888
46010
62288
28896
15077
7504
58170
60850
19902
25402
26685
17232
58298
6373
43063
14567
60722
25530
41808
27324
13744
33474
58973
57877
35774
18775
17498
34128
59671
19996
58570
15294
61020
19645
14018
19637
37865
36185
59985
16361
16820
35377
4436
16479
14305
8169
59473
39089
40281
18353
41055
33769
50037
11621
874
61698
11741
45930
32653
9132
61450
30786
63591
51207
2178
28682
50092
47618
58639
16995
58756
58435
33496
19595
17025
35238
60491
17423
13419
60164
60303
18804
15465
18803
22242
56156
1373
24290
48061
46429
56157
46428
22250
57058
3642
24298
2876
46778
1372
55010
51529
11878
1412
62479
11985
47467
29944
46502
63963
56899
62625
52856
1155
31092
50681
46351
39285
36460
38509
12924
17418
35975
4782
18848
15431
5189
58471
40573
37477
7181
43394
34428
2416
29824
21869
62064
9223
9646
45703
9632
63047
46080
52983
3706
21605
46714
21868
10501
14153
6278
60036
59407
18443
24715
28552
16559
57355
8009
45041
15736
57731
25460
41859
25471
50662
53967
1617
62131
45588
31035
48721
47567
63931
11958
1169
52155
3647
46772
63059
31926
34255
29821
57894
3567
48612
52446
13790
46899
2027
5616
31221
33819
58913
13317
5239
49666
59250
48003
59390
57667
36216
46836
48541
34697
59972
45538
21124
60798
60914
46894
23093
48195
23081
33525
1947
37414
33320
26362
56314
34457
38433
47938
60413
20776
3487
56391
23797
27712
57155
54295
47067
44979
20459
3102
4747
18227
42987
17011
55701
166
53672
6408
14726
21008
57314
26744
53294
62067
45636
37700
19966
9865
63048
19826
24713
821
55453
18302
59378
40771
33616
32273
57621
61164
20199
51684
49271
17973
59117
53500
30105
36286
57367
49408
53722
50367
59109
47232
59799
61216
35047
47102
45720
35381
59182
48099
23950
61159
58005
47403
21814
45120
40859
17551
26403
53001
12145
7297
22814
10121
51057
55696
12932
25030
32968
549
53783
6409
2183
20124
55248
62703
11809
19517
36903
9881
64740
25392
15261
56672
53495
37136
28087
18924
60483
36758
39336
1045
46119
26523
53755
48277
3111
45379
57752
58443
37622
53464
20726
24595
47552
32513
21541
40457
36465
50948
12472
34441
38513
4150
28809
45598
23591
41443
4539
61711
1153
19954
55622
61922
11565
18430
37697
47765
63278
24719
60926
56966
54769
40774
26747
18290
40698
8505
35285
49788
8829
30619
58644
11509
52295
26015
61848
25840
34221
58387
25643
30703
56898
25640
56542
41584
17022
38420
32155
18165
42567
11555
26009
2549
56237
30699
63283
37395
32879
30765
61398
60786
19838
49198
50507
18418
59262
30095
54165
34827
58321
50294
54337
53218
57059
26807
55579
65392
48970
36910
16958
47090
63358
33314
25397
1366
54424
18919
59804
40720
29712
16920
19483
37493
25095
63790
28504
26454
38888
36838
11461
43462
8903
26894
59776
13347
38416
24940
42919
3356
53690
26314
29387
56415
1553
56086
37466
40407
41664
30487
2752
27356
44246
56783
51096
2882
56282
26356
29176
55983
2628
29142
39841
49435
41715
31822
52384
55849
8706
45999
8699
13784
5622
22862
56628
30550
51176
56767
48293
12246
9357
33896
25718
23105
47891
45501
10014
44496
7434
22036
25175
5724
42519
4636
48217
23237
8904
26375
42924
23826
6367
33728
8094
119
28924
14084
48769
30310
1537
11894
19113
26661
8033
45454
8514
12311
43740
37946
42128
1313
55615
26535
29018
55888
1815
32028
40295
38176
41324
29851
56870
26010
14716
44955
41366
63774
31120
7309
5204
7263
44260
17647
41578
14115
42082
29335
8741
16584
62799
2295
61941
40999
25488
31841
20353
6831
42753
18511
52129
23109
62607
16798
36133
28919
51135
40689
13475
21460
54271
55192
29325
56480
3150
29196
459
43334
49465
12200
32582
34212
5311
10688
29390
57528
24630
14820
28269
26220
38525
36476
19545
29733
16977
24891
33251
64551
21312
56230
63995
41430
28123
30631
20375
27328
42775
34848
3495
24139
65520
16459
58358
31958
12326
4768
43438
41507
4635
6040
29902
31936
52270
9248
41419
13383
44995
6424
14742
7237
8659
48093
10574
52515
32027
21316
25224
5798
42568
25094
47785
64677
12280
55272
1878
24130
26640
36312
4315
518
29393
14110
49031
30636
1799
12108
35525
37798
8135
47483
63999
12755
11538
47455
9419
42279
5436
22302
28010
26540
42759
7424
47701
48662
8541
25655
5164
21777
52167
46208
5667
20992
54279
53352
62766
53350
22283
9925
24459
7110
30366
15907
19224
55557
42428
32367
41895
3807
54273
29607
28362
53356
986
25788
51306
43018
44736
25562
36972
30166
42454
7840
64203
60380
28378
19147
35745
25551
59921
28383
43211
51227
15270
47633
975
18128
63856
64414
52726
50718
30101
6488
8807
6486
15547
29696
13371
64067
50277
32168
30787
30359
62959
18575
62359
43222
6145
17303
32459
4956
41751
32447
14394
63722
65174
29463
50012
17222
37281
62100
5015
2536
31129
45882
14088
29520
954
34729
63543
43066
5995
13079
17244
48184
37084
51341
44693
845
53378
31083
28583
54630
2523
26624
1185
42466
44896
28317
25826
29694
12910
38024
19099
44248
6643
47697
59726
28767
63409
36005
2129
14539
18830
59937
33743
27752
21156
42141
9127
43310
26005
25450
23768
5036
40970
46691
43111
63594
11368
21466
45164
26942
49334
43160
43939
39444
25497
19559
45515
27040
60631
57110
42087
42307
61782
27556
28233
6856
41563
20872
9678
1800
53379
54637
14824
54636
22026
19539
24202
52887
7224
63015
9664
55179
64877
8108
9939
45008
26839
26967
23261
26048
43287
46946
42186
11113
10926
23513
45572
24576
15816
57174
17733
61718
32539
35947
58148
6566
15579
35529
37995
19365
17304
60994
35805
47030
62278
20118
50606
15126
7707
30158
11691
30144
62999
30934
65175
65095
51363
9943
50592
5395
44378
12188
6870
4016
32538
47419
14878
31183
2491
19026
62609
7535
6855
15827
19716
45280
20524
15677
64403
41774
4914
16523
32599
24751
40971
57116
61425
63209
65328
32408
32489
19102
37045
24963
13345
16916
36728
49866
29724
32821
11458
33200
37182
40712
63788
43471
59238
4815
14665
10297
12541
61298
49124
17725
36510
35209
59885
36419
16004
65316
13458
33614
21395
17266
59877
18677
61716
45492
34893
15204
35795
34194
35945
17445
16030
61310
15577
23235
12533
11609
2786
65224
49231
9071
9878
682
11013
8245
48290
47330
49470
22963
50688
12255
45798
51329
51017
31618
51101
63714
11901
30260
9364
9097
62948
12105
52612
49741
49817
8237
63986
31458
42419
62669
41372
14122
11420
6792
19819
17715
13176
19382
43832
52268
43107
4557
29202
16589
62435
15233
12956
60650
35983
33021
18685
45875
58238
10281
24468
15439
14469
35735
35654
17978
22031
20871
41001
33734
10224
15214
7900
10633
18082
8719
24196
1797
42240
26659
29141
16321
13824
12689
49570
23111
35478
9608
11169
17906
62788
19420
16014
42777
64358
56750
27923
10234
58226
15255
14815
35183
34460
20932
11545
33013
47699
20338
16270
60640
64179
36566
16928
15969
37641
61278
64546
10700
34608
43867
7862
33673
18003
36111
40324
38880
13798
29730
25013
50330
14111
17650
64673
24131
36430
8445
48551
33683
21326
36118
16276
13018
61868
46811
59040
10569
22272
46211
42202
35806
9288
12740
26646
8437
35523
8656
24462
21003
40991
38304
64678
17058
3299
32149
49882
11021
10286
52577
8665
9619
10857
46307
52120
494
51167
64674
20533
31596
51474
4761
41124
16201
17444
6045
16842
10642
12333
8732
49821
42004
44994
18385
15567
5961
50805
63588
62665
63201
10895
55197
10302
47602
20525
11893
765
61657
52533
8849
8527
9556
4563
16753
42393
7799
48644
34246
16962
47459
6652
53878
18422
42857
28195
13957
1679
19985
21267
47187
13229
22709
48654
32877
47310
47458
20669
48853
24404
63508
59557
8989
62882
33541
12501
36773
51233
56951
48926
3889
56896
46018
55692
12053
59565
16141
806
50684
61522
55350
8943
46120
64169
25297
4846
45926
7798
18773
27135
36530
48278
63801
10463
42598
38450
48392
47936
47991
10794
61394
48916
22506
20397
9049
13069
12057
48268
63228
48535
17166
62291
24032
31506
11821
18970
52597
7656
14890
32135
17235
62222
7654
9884
63180
7629
29454
41811
14370
13785
27523
42653
3043
56696
34142
11972
45923
21944
10457
61032
43844
16066
30244
51961
26341
51068
29058
14369
31514
4589
43153
11042
16466
30108
4588
65389
53005
14889
62876
41042
7631
43567
7577
50093
44322
31533
9133
7578
9666
13085
31532
14532
43028
52732
4893
50626
31298
14770
25237
43985
56587
53800
40587
30799
47555
54150
9401
58574
41709
42319
51887
52281
27494
4530
20461
50636
7611
56701
9676
19939
45922
4918
56700
18236
14172
32290
13110
866
11037
38464
20130
50929
14553
19988
46504
28155
34243
58328
27430
61102
43850
3062
6721
42655
9689
52294
9321
15181
7713
20228
40695
35619
16547
26006
4422
62632
49777
58949
13977
42895
7932
8480
45351
62892
57121
20238
47468
32559
17317
29503
36613
47772
63292
48848
49974
58210
48647
27411
19233
6868
65027
19982
59979
29425
18850
63956
4684
34454
42697
28072
30331
42624
15695
11599
47224
9508
37410
25156
22251
20062
35241
59677
19971
47750
62457
11153
5870
42627
24291
44699
48002
18867
2818
56957
56455
13867
55685
3086
17862
21134
5174
17864
13030
17595
54908
41842
54521
41102
1091
56952
30200
26877
55689
1348
28530
52868
40781
43253
24654
37765
31091
49955
5253
51032
37589
25678
5806
56772
26098
38621
55337
44798
53224
52675
55064
147
7173
63347
9264
49256
62128
29879
31799
29032
31029
52414
32627
62014
65403
49542
9995
49254
31157
64226
33273
63294
44915
28484
19192
30878
5001
41800
30946
15748
20781
64917
28910
146
18291
40858
11830
6064
3775
32443
46644
12471
30003
1508
32972
64312
25036
4151
12725
33053
46575
39202
57260
43351
4048
55303
28814
25758
54149
78
28389
4093
37914
42037
26903
38224
28672
16219
28271
16611
12815
5121
26212
59179
6537
44036
32966
40580
16723
18235
61219
33048
34319
24490
7760
9989
42172
7706
25917
20695
5522
43501
45920
44606
45474
8295
20949
48398
26044
43379
8022
15467
57622
28443
5976
25256
24723
38680
25667
44856
41995
41571
36059
39334
18358
50231
47247
31973
23823
55297
55937
64743
54153
2564
10576
23940
29264
10590
62693
8894
54025
65121
6277
10502
44914
6221
24718
21969
25589
41038
47471
45053
46255
9643
21718
48651
25458
16039
55353
19568
49593
32740
55128
58954
28819
50968
34220
3896
17504
18167
57920
34007
55993
63045
16947
52359
41651
5352
5787
31662
5523
42520
32325
15256
62078
52208
31758
51589
7398
43137
11573
4214
2274
30958
46910
13275
28818
238
17263
61853
28671
5115
16134
36817
47842
23593
36764
63803
44976
28442
18238
29752
24722
41198
54313
57757
21537
62003
31163
2511
16608
14504
56636
25759
32382
56765
62205
17759
55125
31218
19190
311
20323
44593
33809
16763
11141
51897
25250
38829
2819
27406
30308
24941
27746
3076
53689
43885
276
44386
27150
2643
56537
43733
29283
3876
28286
53976
44685
57321
54953
27010
28114
52136
41230
50153
819
38821
25842
52454
8021
24385
54298
16823
21149
57161
5973
55698
29363
41271
50360
22345
175
64598
46236
50812
25247
1946
37337
25108
6785
32093
5721
43524
31490
43825
586
52540
55069
3234
26447
21709
30819
26402
64438
11531
30267
59178
31331
50872
48284
52619
53906
32973
61218
46125
30131
40153
33231
60618
23808
36283
55213
27486
27219
2574
27395
37316
58065
37570
34487
58982
47068
61831
35676
33225
7889
17082
44680
33622
7250
5625
47088
39773
12165
61377
36280
48974
7782
57745
19302
45122
15132
19409
5726
23159
5801
42525
35382
43880
36761
47098
22645
35048
18096
44213
8544
38097
26811
45527
40852
28275
55205
25395
25109
49518
12983
39241
38246
60608
28623
16222
56921
53964
30731
48049
64904
47564
54873
29571
18224
2865
4405
1178
45597
20462
10374
15242
32083
48207
44498
32020
6061
23665
56003
39646
35980
49604
33532
9857
23414
35703
6661
64507
28002
33964
30756
4365
53140
35180
6053
54163
46847
37230
8838
15978
36359
45643
30771
51744
4486
21069
25636
4360
15156
32370
6819
5433
32021
44539
49639
63090
2546
51029
33433
15956
31616
32985
52661
31502
30618
14961
31906
50973
17983
49914
33993
17252
57679
33313
31456
1871
54466
2500
57628
45594
26522
53956
56514
38685
53721
666
4052
671
48145
22447
24594
33682
8471
33460
12065
28430
54182
6751
26965
18943
31477
11462
34884
48210
6922
31560
57047
39177
25698
36973
40713
25780
53357
54356
55634
37053
57097
40788
4020
37970
53437
2402
55561
38162
57001
24545
34017
26836
61233
49023
25538
47420
56857
2221
39133
59775
22924
962
33932
45328
27330
57209
19001
31472
25942
48943
31075
35324
7941
34726
56089
56832
19321
6944
55602
45327
33457
47034
52745
7693
59322
7773
4953
49933
7689
48220
23660
45649
4877
50009
57615
34099
55971
59370
44074
7423
64026
3140
29523
41742
27890
9900
48188
58232
62221
17241
1560
947
37169
37436
38890
56380
54632
55390
25939
37640
56837
40558
40063
39013
53809
53631
55178
760
41623
40753
47859
31894
63633
26198
28754
9724
26611
44909
22701
39783
55612
33730
60408
39822
39931
45165
1579
56054
5037
39544
30114
49949
26163
51396
61268
54920
57533
47442
26263
37077
3578
60537
48178
27292
61063
48752
24739
34102
57109
1192
38444
21478
45433
56111
57652
33011
31939
47452
19705
27696
30124
27820
25442
9014
31875
10076
35484
34387
4927
9125
54259
37172
55491
56441
2069
57054
26062
38893
54179
1304
56370
40616
25218
55181
37241
25316
25557
3581
8101
25196
48711
32542
61179
56412
31171
46070
27282
42190
56313
37201
25265
27972
47254
47903
36305
2412
20090
32472
55644
20095
29605
17215
7701
35532
23244
57103
62271
41893
25777
47410
48087
61305
45010
32532
22043
51837
6569
43293
6713
47782
34020
57581
52089
7037
23824
47872
56402
53844
51834
6719
59915
28589
27042
2516
57113
34390
53513
48471
6970
7039
38845
29238
41141
24561
54300
16816
21037
57156
42837
2450
29368
41447
50264
45561
53423
11350
22828
7507
13283
10855
10493
18473
64135
52690
15007
10826
7444
15851
15707
31237
64218
19151
63621
56674
21362
43099
19737
12146
14523
6180
63372
13263
28941
23930
23914
6195
5071
10092
15027
28501
38771
13457
16921
36723
49690
29722
57397
64706
33207
37358
40808
9372
6607
34662
44063
31536
50917
4958
18494
12005
13150
44469
63024
19175
31678
65214
52830
6880
15031
9808
44341
30825
42425
29533
19809
19391
41821
64447
63068
19130
11521
52925
52845
30137
64186
9836
43113
16847
14658
11425
48888
36421
61693
24016
58259
45902
36123
16164
12970
10204
22235
34464
62713
19392
63190
51281
25612
48095
43185
25601
23212
36959
35610
64983
15783
7791
53343
35500
42252
19311
13836
19050
45665
33292
64106
58044
59231
46858
33281
15793
64849
18108
59146
46943
64367
45408
22899
42154
35797
9283
12564
26651
61685
60099
8663
24446
21099
8143
26016
11430
15570
32451
41939
65162
7871
19926
65258
30721
15040
50524
11035
43038
51406
10383
30060
10944
13807
25257
59167
36042
48487
36278
1965
39861
39507
55822
27400
37140
58017
27666
59063
34406
20908
4693
63232
38049
26806
45520
40740
28280
1957
37683
25118
49422
12887
25849
25958
36032
36895
27964
39650
65079
11189
35042
52967
32494
59964
62800
28093
59581
39005
11061
30032
35420
50864
53759
2322
55748
33226
45596
38810
537
3266
26397
53716
554
4004
56367
23569
47023
40898
29890
44073
4260
20468
17449
42909
12572
63890
16429
8730
49709
42180
4114
14289
19663
41465
52313
46115
30943
25311
4837
21350
13955
14677
39423
38460
23702
8895
50169
20086
28338
48387
59576
44020
3461
50724
31481
17682
33726
10452
65049
21845
20137
39651
21358
27966
56293
5789
24542
41533
39606
31407
31801
7935
1328
9396
30785
57541
17490
1861
39147
56240
24869
43937
58258
8341
33465
30671
26501
48600
43615
25326
4817
51957
9256
34889
23634
6924
31555
46757
22064
9209
34878
42734
5763
64303
45277
19976
16053
57545
11585
48869
35559
53757
24873
62756
23206
46194
48583
7565
32233
47588
6429
42633
5869
43433
20617
48080
46619
8109
32537
48957
37348
3480
649
2606
55029
26149
26605
56648
2851
3122
27635
40050
1933
24964
25321
27390
42014
39490
21286
53772
56610
37377
21494
1689
1903
51651
39725
41173
61003
48704
32533
1983
40664
2025
39077
53565
53874
39997
54552
1929
56548
931
37492
787
38350
55502
57045
37250
3405
41470
39948
54944
30613
27558
3164
29224
56795
39570
4757
1609
37297
25279
27977
3531
64710
47138
57040
32191
7493
22377
14847
42645
42607
39253
21913
8464
934
12079
28421
45570
43841
38515
44738
56120
56691
58718
30241
21347
46520
51967
60936
42457
42650
32452
30937
39733
41706
39973
13647
56582
53795
40571
64249
22979
902
52287
58398
43442
15172
10319
29881
38406
59280
10553
48053
5734
26162
10449
37023
36541
7803
61541
8929
36645
21840
24863
29045
10921
51881
47219
11201
25245
25161
46827
5863
59817
35101
42630
23174
11743
30228
7774
7683
48696
22834
46581
36740
42829
30617
24099
31357
4676
41506
43577
47176
34025
33005
31620
7026
21294
57160
54288
22491
8024
20454
56350
41590
14131
6123
17016
2453
53414
467
43272
18822
45767
11762
51932
8330
4442
7452
49290
12770
41884
4330
19757
51274
63738
10098
12522
17308
49516
16697
42943
4180
29245
29372
12372
49900
51516
10685
8941
45025
16177
6127
51645
10556
41273
29719
16915
15387
25230
25088
10542
40883
38742
26600
36843
64709
6598
61968
39182
35200
17560
6189
19730
41146
56682
32000
16570
23922
50048
54138
11646
13260
5068
45026
21370
9088
16733
54449
28431
794
12027
11903
25370
15904
62348
9031
20202
36956
53340
3615
13127
17292
26785
47344
1750
10747
4523
28118
51111
16160
39616
5911
34855
3543
24315
8256
12363
33782
49830
36607
58700
54212
28356
36399
37828
2265
21916
54557
47169
59425
22673
26073
1501
46588
40610
33852
22911
33786
35057
36735
21498
24111
57404
33578
46305
24442
61322
34092
21290
45116
24319
20374
44240
6574
4760
4630
42904
50197
52416
31790
9255
41243
13559
4115
43288
18838
41717
55505
28191
22234
7854
20032
46618
44755
13206
4888
20043
1484
54700
24031
49944
9110
35777
35637
21360
35223
36759
35040
22526
21027
59957
34606
48104
23934
60983
35877
22827
46390
24560
33523
57382
27048
54478
46112
38811
326
23701
56359
45384
57640
58619
27718
216
45302
40899
29933
8882
64698
27956
28095
11498
40431
37695
33716
36324
63836
31068
49842
37812
33599
9277
57064
26800
2331
12167
48972
24622
13029
22514
10110
33325
37685
54614
1059
14823
35228
28615
26647
36307
41179
53867
29407
18206
24432
51116
55047
12106
60101
25510
44816
22907
10751
16808
29810
21423
30680
17880
42486
45815
56625
32742
12120
48617
46288
49395
29293
27771
60547
47681
1398
28304
1018
50214
56875
4234
28667
29596
49386
26742
43258
3962
1270
25386
36924
6432
39232
5366
58308
65491
32587
8276
33992
31116
63757
25638
53041
38945
58533
46365
1436
18899
58831
8717
35112
3561
56753
62016
17886
57323
24499
42480
9431
60611
34337
7294
44128
62578
34822
48667
33562
38112
5162
61626
29835
4992
37754
54351
9164
57436
36779
29511
50060
62486
917
23125
28858
5895
38828
45850
34686
41868
4935
14322
20572
50124
28718
33658
13184
46878
1137
7596
3243
49596
32026
4160
25409
55335
53024
37007
26864
2827
1521
26587
39526
5900
61736
283
49236
56398
3232
21444
31815
1532
46557
64757
2081
65505
51099
30989
63884
1944
60750
40199
12426
55063
2640
37882
10030
60
54058
23189
40826
14410
14334
8426
62364
38823
40522
29023
40190
49778
29194
8211
34068
29767
62677
38303
32662
37591
58797
27688
40134
30697
51701
23717
11274
30696
51030
46666
55275
50070
8984
22323
21932
51564
31966
54196
21311
47438
14914
38122
15518
54561
2367
40944
8509
55520
57239
11554
37744
60206
12674
11304
22163
38298
63465
40513
44283
46036
1023
24515
29322
54336
46254
8818
38
12872
49471
30539
63475
58788
33814
12251
46634
58371
25723
64634
17518
54079
21428
5232
10604
21964
33435
17176
41878
61766
30754
22879
31016
5415
42300
49095
36237
28492
8071
19829
47280
1427
32573
36078
15506
46353
57455
11549
34776
40204
7431
65296
30027
8010
40816
50575
47127
60003
33745
31755
3247
61874
62094
64302
31302
30238
50581
41526
52238
5347
4696
31109
15587
11763
31879
52691
30792
50839
52872
65498
53365
8407
21408
24175
51572
11999
9313
30201
62726
32754
54660
53061
55374
20583
40589
61371
26547
18219
12486
60300
44045
17420
17034
6530
58636
28467
26221
41235
7976
59195
33331
39857
26041
34276
58969
59736
37555
59734
36075
25832
38123
36415
27878
60351
28337
38452
15752
44842
34789
32951
12492
39055
37748
18438
34913
4995
41846
16786
35460
40933
7981
36919
11570
61249
8416
4107
37039
15096
51237
41865
4936
30957
15732
49052
10789
53168
57114
12427
29945
64264
54543
11268
63145
22891
50243
21926
10715
56904
62673
32358
55667
50191
32465
22116
30867
41991
10166
36055
39328
42670
3353
38386
26333
55332
44622
32598
31251
20758
57115
15463
6274
1233
4096
55771
1382
50680
38978
2441
54596
28541
52852
28588
4933
40912
26631
51563
25733
60173
34316
18813
15458
60551
41685
14752
19527
5198
58375
28268
27653
12812
5130
58765
11253
13547
30981
19643
43350
42651
52181
42387
5656
32334
15144
9344
30272
61952
29703
43352
40957
51325
5413
54093
130
50307
36942
56947
54520
25477
2377
7730
4238
40482
25837
50174
53048
43048
5843
27156
37785
41573
1816
25669
25262
53395
43381
7923
30552
39897
28228
43720
60212
1255
56544
48359
22864
61017
38580
36543
35633
25913
38383
45621
26161
693
54510
22878
20893
15853
9763
4910
41778
12675
49390
28489
8072
53394
59209
11065
10046
52771
32484
15006
16889
44299
33663
35332
14947
37003
40819
12463
32779
8004
44865
18566
34675
38927
6155
39521
2796
65048
61764
62319
63126
2380
32373
8672
46300
56754
61621
747
63093
49401
3155
51313
60492
17151
64138
60192
35659
19079
48011
10911
14922
35696
64827
15841
21247
46970
59199
19500
64630
33328
14513
36571
16935
63579
36352
18316
9167
45638
60810
64839
59868
57439
23292
17583
14552
56626
37393
11022
47341
29948
13663
45543
9434
15094
48981
41336
44769
60617
12419
31584
59673
12201
13149
61999
8513
9054
33265
9856
64231
33327
65134
65213
61353
19178
63036
10521
49738
589
50014
45101
23026
62301
30493
63116
10986
52386
65037
52750
51098
10935
63072
1949
15226
10291
23028
14402
10276
18252
48241
48427
60736
60556
8607
58445
63105
46456
58757
17269
37134
16254
51387
23123
57589
63665
915
60156
20575
42917
15687
60682
53028
50127
14188
20756
49428
24356
14951
33662
21299
14986
27358
22335
34682
2755
64993
64955
42925
19162
64207
57597
64331
34946
58077
11540
20349
12239
59756
16711
47131
22271
33152
62584
15882
58981
23027
11603
487
49646
65143
23714
61493
52858
51698
64144
62828
1877
63518
2237
62029
50528
23132
730
51891
15217
44237
36074
60559
57852
7597
48614
36231
32025
22319
41684
44389
26142
38563
13882
39426
15143
42052
59759
59036
20511
30761
33088
47286
4354
14192
37566
50147
38387
44229
15873
12291
46163
52970
12241
45803
52871
33823
47676
9568
16758
22621
14366
39215
62812
14992
32767
50800
63492
52369
9953
64143
24514
32094
45644
45466
31493
22994
49473
52528
31764
51113
62804
16052
31621
38900
63717
11902
8210
19057
8778
61740
13887
9378
37412
13156
32836
59801
31461
55237
39618
57204
14905
51952
28387
47001
29302
33346
6016
25043
56084
54661
19316
6951
2354
44026
59416
55872
33566
21957
65193
43585
19993
18596
5791
13778
28054
30449
40224
56103
21422
49793
65502
36243
1424
12485
42316
18073
20233
7727
6031
63753
29168
15357
47918
4391
38955
4568
12425
7697
42592
1673
58822
16973
22883
43516
53883
14326
16641
28200
20087
56836
14025
5833
22160
40213
8413
12489
19953
50811
19973
11880
5760
19247
56094
43732
49484
4385
35367
53773
58966
23984
55764
39330
26372
44412
42636
30321
32225
40025
47879
434
40914
57108
35339
27632
43853
30169
6724
42649
21928
40262
58819
33752
27435
61150
7842
54854
43225
7700
50932
28156
1240
47158
58678
37027
57981
45693
39679
60473
56618
2881
28581
45369
48759
57118
61047
53567
40462
25349
25352
38227
3201
492
39999
26481
53882
37498
55379
26492
2229
56846
1384
29430
49780
20220
42703
42889
40519
35624
12451
38294
4427
62680
29801
35829
20001
7940
43994
56605
59302
56839
59900
51555
39225
11748
50934
13954
7495
39593
45335
54397
48929
7950
38230
3387
37345
27884
26602
3132
2950
2791
27622
28043
54912
38512
25231
27271
751
53617
1930
37367
3402
33417
23602
39580
58997
46725
24902
35811
55184
3142
27548
23864
45428
56097
57828
5993
14224
56878
41119
20581
19999
18053
48649
7792
54927
16767
4382
5529
16676
53623
21952
54885
3154
697
31354
43583
28008
38730
25164
54001
55199
27571
53508
2750
44012
7025
26557
27416
13721
15839
30328
42629
35403
49743
14754
10708
4682
59030
19217
40403
52739
7694
17220
8579
63968
28776
8791
29872
52279
49411
51509
31934
32632
62190
65419
30582
63243
28774
50261
30853
64005
54122
8557
11730
21354
53106
62380
8202
30797
63495
51303
54130
49162
29612
23906
26681
60089
35409
20276
16825
59953
41401
12383
18401
8164
59569
38993
27321
14257
4191
59449
46128
40118
26968
33848
33459
3134
21168
23637
47598
54455
695
58427
55733
60603
26966
37427
19765
43696
33594
36189
19893
37690
39138
13136
33722
6382
43239
14391
35554
37818
4944
40284
11839
13183
9111
6315
6159
13207
52758
41820
4887
32433
14570
63546
9510
49943
29532
14582
32684
64729
55659
8872
48083
22382
53200
23205
10206
55511
61917
50337
53248
51675
54694
21091
7846
42448
10955
35754
28380
15051
60383
37839
35345
28369
43035
51403
18134
23057
54223
15264
7772
50447
5031
56993
54287
50087
40476
108
54234
25786
51210
43114
5392
37850
24684
52902
28502
60421
35943
17662
17109
57400
12566
14275
16424
7963
57784
37991
34742
15575
6560
58501
10486
13606
30126
19403
7702
50638
64982
50624
9751
30939
65063
65271
29651
63191
30112
44739
25746
220
6487
57255
55296
49294
37925
901
53326
28398
3917
38090
6629
39191
25936
53088
5251
41142
19563
33227
28438
42840
37587
37011
26392
25672
45032
42091
7171
60635
27046
12630
47922
1724
54621
48701
48050
21853
2994
21852
46826
57069
3818
24122
55020
22202
54620
2866
45721
57388
10555
8023
28444
14142
50403
37010
4334
54308
57645
21649
11491
51643
55759
16176
20380
42975
32907
33128
16857
38743
40880
14274
34750
7962
41242
16369
32992
36875
4271
37222
49289
45523
8545
4744
4614
46923
26225
43398
18696
59017
20646
32527
30468
28260
36479
49144
2167
43978
416
52401
30415
6636
24615
32289
50415
37680
7836
2560
247
25031
28080
7258
40747
41569
37267
51060
30575
18697
47390
32625
65289
2448
5263
38678
57544
53918
53776
7300
22210
11429
36500
2024
55126
65347
6696
25099
37491
43718
8664
35609
46381
7166
7120
63822
58192
9929
33230
38586
5712
62655
28791
7911
40684
252
11793
36277
32791
29031
53724
64692
1478
45490
32711
7591
7436
46612
35303
42588
5655
14748
23641
55312
31003
36743
20300
48589
266
40359
2991
50967
56000
7184
27162
56091
49686
38748
27584
3087
2730
28065
24847
6055
13387
2591
53187
56317
56284
38644
28888
2735
55876
61686
39889
61478
43432
29870
9280
3481
60967
38668
16368
56778
53692
38602
10539
3167
54801
21910
37562
58176
14743
12183
47136
40364
40209
49611
39922
52302
31904
7235
54829
29147
49475
1740
4774
38620
39572
27540
27423
30616
49318
48082
8871
32152
32022
45892
26888
42662
5704
59782
23209
29904
10203
57176
49126
48893
15149
38576
13372
53963
56246
39319
11492
1334
55595
63129
40679
13612
15421
9265
11823
37568
12916
40150
42089
53752
53718
59816
30577
246
45272
63369
37963
14719
44161
32612
12159
37619
22976
10089
46238
38516
26223
61823
16568
28273
60937
41014
12033
45589
48167
4408
4534
61556
50585
48051
29777
4695
25116
47387
34541
39324
6631
13877
21846
32287
31204
36410
20192
45768
59218
47813
36260
38663
6060
61971
31447
4634
37552
51820
47896
33033
35357
31659
31503
63262
55797
1426
3545
6699
14995
25288
51179
17013
4743
10035
25635
55364
3294
43846
19272
54813
64500
2119
10053
4135
37776
50319
14196
6223
8065
19193
50511
48629
11396
12581
36142
49399
12941
44843
5926
10526
51600
13410
44257
5359
17492
19513
43388
16787
7306
49696
8750
12488
5160
15449
12991
26237
38508
19499
37488
39296
35086
33406
14790
5297
41491
40450
36474
18916
5113
58304
44837
53367
49404
20321
22132
32374
56961
9859
18655
26670
41076
20853
8525
16407
57325
37734
3856
10619
23039
25412
15685
63113
9800
19837
37001
55479
2082
16240
36682
24795
48115
52177
10623
5889
43695
51707
12611
37878
4171
36168
3659
12031
11331
16255
18497
52321
48537
58439
53267
26904
59798
38650
2892
59033
26145
47949
60237
49046
55855
1237
46151
39342
33154
24187
32832
32843
58246
22260
23842
59273
35396
45549
21108
34944
35394
24352
47335
23035
17141
41482
6402
7396
44127
14766
41510
43414
18712
16936
42055
17548
7232
42169
17633
44173
56909
39366
21200
6414
14720
26132
52518
14069
5703
11560
38297
54487
3026
53171
12267
35867
60814
20861
34338
35373
59186
21235
22318
36211
33272
47669
22131
33330
34814
23337
45796
23293
20888
60708
26191
54826
22162
37616
3143
33315
25243
48373
60485
35833
55195
3407
48452
39569
6457
63936
49685
32952
36918
16945
38522
28284
36461
34434
17599
29742
44212
37350
33256
11303
54069
36914
3625
10830
64130
28664
14206
45641
8840
34802
26739
54500
46
15141
19437
25389
26696
15017
44815
54785
50790
16603
21107
51711
55675
8772
58278
6353
44867
24191
11899
18180
22130
51275
1931
10827
62374
62565
56173
9216
8839
56946
51568
20856
2956
55048
131
62376
23007
17612
62375
13328
36375
33642
46251
17324
12298
48646
14439
63498
62566
46042
20588
35248
14592
33894
15003
12870
17627
47665
33527
8287
63457
34000
22609
14363
12928
35361
58319
35958
44587
56172
44088
24178
47885
47365
17963
46087
21104
13766
54400
41659
13768
18920
15443
54898
36943
29855
41879
21686
9233
54074
20331
9040
21434
36831
51255
43242
44934
17175
13148
55782
61741
282
21306
10174
22466
50071
53486
62300
8983
49298
51434
63719
22334
54202
50000
51031
65025
19813
64616
12546
19933
32768
46545
35031
16336
22895
20396
21204
62891
48344
22115
35330
4072
61880
23121
45096
22467
64155
30488
21455
47649
49299
63515
2225
1880
10161
49247
61496
44877
57821
37738
34782
60005
13223
4174
57452
33754
37877
14346
43015
37006
4106
41900
14190
16087
48473
14734
65513
8628
47078
34378
12059
61734
58796
48982
12814
14071
35150
60581
46057
21118
49671
1389
10622
64613
62894
56334
62880
9799
2437
52807
24186
3207
46602
1388
52366
41845
16058
39230
34074
59740
16224
8077
34816
36775
6210
57564
42029
39042
6446
38293
13767
1001
16091
40040
34369
58799
61750
29012
48918
45467
32745
61622
38008
3417
7384
43507
14075
43494
57222
62926
20854
48907
46445
16955
46444
22138
17590
3722
52775
13395
9767
62912
45059
64229
52961
23608
9499
62815
53040
55357
48924
12119
30949
44
61988
23858
55784
51609
50587
43121
32080
42859
23986
11710
53472
17371
12058
24496
13167
32668
37329
41979
18184
59305
55996
49463
44327
11657
50482
43717
60457
55794
4355
25641
30549
42870
31638
21245
30836
31512
64493
43886
12577
30674
47687
60054
64390
50900
19276
11249
5794
13936
4553
30312
3541
27928
63482
2916
20855
8089
58310
63472
13568
5618
8831
20188
31849
22143
53605
44686
26664
29150
16145
24966
40308
20022
13907
58249
42017
5156
59270
14799
24840
61192
26729
17049
7867
36097
43963
43835
62493
5932
18218
64668
14435
43528
19430
19851
5715
13747
29340
6795
41234
29213
12493
31628
37908
53266
34769
60623
43649
52658
42585
6660
31501
44001
54434
31468
20764
45786
37028
4770
15998
9734
9540
13810
64753
3027
59120
46667
27614
12874
19296
31961
64479
19418
62856
7589
61963
57295
38240
23718
44669
57316
1705
39298
28125
52184
16736
30777
55483
33239
38106
32089
58074
34780
46603
58976
50788
37122
40034
56324
53684
43789
45519
6658
60672
48571
23713
53859
24180
7776
13986
63881
13530
28238
64758
58784
29400
21115
47983
5362
7898
8705
15118
32144
44808
46332
39375
14182
15332
32381
43683
42297
32030
44363
32597
11138
54490
8631
58401
452
44468
5810
55053
38745
681
39438
27397
56168
55891
40146
7017
26541
37554
25092
51821
41326
52702
7817
36921
2722
39234
54067
53971
28277
26533
52227
7109
3988
25716
27421
43236
40321
61374
8850
63948
59184
42470
5427
36223
20150
27241
58121
24880
15160
29741
25022
50218
762
52202
30447
6845
50770
37375
1821
25113
24996
56482
39983
32143
55194
52153
32004
43578
4767
44008
4867
17272
13619
12452
41433
15519
18241
4628
13332
7763
5967
15622
19387
43656
53784
33040
54118
36655
32517
1333
33348
51072
59289
4839
38853
48326
55416
35327
6485
57008
7583
43561
29613
7581
31522
62381
44332
62914
17181
31530
14356
43204
31308
41757
30146
52722
29068
51058
14481
31516
4578
43041
11053
12370
50588
4586
65293
53101
19865
9628
4178
43551
16663
20291
26054
4828
53875
22213
20257
1925
42959
57102
12437
18342
56855
18940
55651
35603
31517
11810
14874
32142
7651
18986
52592
13139
8974
7659
63132
9932
44306
49934
4947
18589
45313
33471
22458
32356
7682
34746
44722
41817
29453
7684
23644
48236
21183
41741
29529
33121
26819
38469
54696
28152
27427
2814
38933
1685
27182
56862
40232
40622
54229
37848
26051
3059
28354
1497
24369
34031
26841
61409
49009
37826
22844
56852
2269
39085
33935
47500
54210
59772
25705
39170
24685
28516
25785
109
1209
2386
24765
57092
40884
3924
27058
189
55650
1129
32677
52291
61175
27414
4419
40219
48679
42901
1728
7966
49486
50344
34966
34198
4259
38608
47889
36319
55660
20092
32467
2396
20081
50085
13119
7710
60108
47820
57089
9023
5029
25791
27526
37811
25950
26718
57013
2695
3046
1584
27367
56699
40427
40552
26336
1464
54115
2149
25232
213
61067
48864
28437
60904
48504
38800
22069
53803
327
38094
35715
45958
55747
58342
4541
20450
30156
7606
56690
62924
19944
21346
41782
56698
14140
18268
32301
17206
54114
11026
56584
48048
22203
57261
28441
27326
37420
38815
55114
25153
1621
47718
2995
39197
27049
36183
47895
36387
60123
29428
4674
33582
53202
42905
30541
7956
21909
34502
60688
51668
6562
35064
23924
50950
2153
12168
8451
61544
55812
61542
10107
905
53115
21375
2689
48481
55311
49539
24538
15198
61797
15549
18114
34236
45271
19994
13500
21344
20048
22482
61543
45486
48389
34397
16315
60260
16179
14708
19561
34431
34603
17409
12927
57542
36463
14259
14139
36760
33043
34180
51991
615
43923
22910
48229
55155
9518
45320
24435
63173
53606
42518
50846
20120
19219
56462
40746
52059
41296
22196
9811
54767
16567
11963
24255
57548
32310
38684
41015
16734
33042
54865
62497
51900
24368
11726
11698
50891
55739
63065
9752
51663
52145
61484
22843
57175
32540
52672
64781
12717
64419
14302
35493
36021
47837
35614
12821
22370
17090
62985
64174
48036
45577
34670
37899
64019
20822
47252
48409
13816
19675
59049
34116
43430
15320
182
60523
8651
32534
63635
42010
14850
40800
36269
33026
14030
6423
60498
34333
38336
15293
41180
39255
8103
26832
15781
15640
20824
16117
61480
10179
35187
33572
17112
13379
60105
33379
14037
13208
36605
35794
45112
24443
50896
1125
12030
11221
51960
46859
64163
9032
102
52699
22896
104
45671
54272
52213
44782
60434
40540
33486
35765
14679
6637
58704
35095
42386
58394
42416
38205
5210
7708
12885
40564
15363
60271
34040
33491
15499
7172
59814
35915
43401
13323
38159
38500
16993
5135
13443
50407
3425
49717
21364
47721
45833
11495
47105
23935
63824
55439
52400
63838
9278
8885
55940
64488
3103
24127
8792
45593
51515
54756
22991
10683
50483
1057
62950
22068
56913
32438
49750
44474
49610
44454
22462
10178
56502
18974
8724
21171
14930
29391
43535
43719
19880
19721
55127
3041
52451
62326
45529
9443
3905
50051
64566
20655
1625
62648
1465
64888
30726
48063
2015
57633
16008
24562
13613
17913
18144
47735
19265
15148
59958
19334
57385
22522
47246
35043
17726
61815
60989
59161
18089
18738
20070
58198
17130
20177
22512
35644
61557
61201
36275
48965
15208
44334
318
42687
11426
45109
29103
63058
46312
8660
13205
53811
43587
52154
19385
18499
49834
21533
52616
37266
62952
9091
9651
34602
11643
64486
23708
10339
3106
57549
36765
46114
30264
53204
50802
53186
10301
11890
50740
11281
62345
9700
63407
52596
51666
51652
8650
8924
52530
14564
65428
65161
58190
45971
18722
45181
36424
60965
57401
17657
13682
62349
46212
33906
16637
58039
13125
49183
45497
34882
15108
38310
58770
60521
15552
15918
59136
42193
55318
16848
64185
13009
62441
12716
36749
49129
13629
34327
59785
35309
59046
15988
63263
15562
36263
48406
14466
63566
61326
13826
47811
16629
17065
59225
17454
35800
21490
33845
62787
15796
33282
48713
61892
1208
51749
63820
11010
10277
52481
49327
62867
64105
23638
52008
181
65345
29916
45488
50700
43784
59721
15184
36414
36467
60570
5661
59014
34535
42665
57921
13830
42590
19402
19423
58514
39869
14821
42246
35587
33829
58577
42489
60560
58726
44114
13031
59068
44664
7903
17084
60633
16318
2868
3100
10851
46393
30854
22988
48097
10251
14128
48729
42981
1066
45586
20453
52587
52603
1865
52819
46228
48969
22980
30392
22527
48161
51811
24532
49923
50747
11099
11526
665
52205
49917
44425
61485
10738
31785
17389
12100
62505
62770
29177
42729
43581
18564
20201
30621
29106
22175
1011
42383
13765
48640
11747
20229
57135
28028
45344
52419
32322
15609
39984
20591
58629
36515
20589
24083
47320
17325
34920
9634
62237
36531
63684
61364
24163
32957
22866
34069
22995
17605
40929
55371
9240
51345
28390
8274
30204
36819
16237
22749
38256
2364
58306
28406
60159
12269
58963
32187
28029
48855
42380
36622
32545
62883
8487
57587
59743
40108
52355
11229
35814
48459
34794
13330
17620
64042
46244
9043
13070
34002
9980
23612
36235
8973
13145
23334
1701
21893
10778
26445
1945
47082
5962
62297
17165
51103
23692
63148
55838
4878
50003
46062
58381
32153
1672
52514
31565
33749
32772
48862
22549
59737
47299
39806
22884
27256
38451
6722
41287
37198
63521
1632
1941
4065
22261
21442
2444
51088
59613
44813
23848
62972
49234
3515
3371
3560
41901
56046
1669
57453
55847
22882
45245
1776
24500
51220
39671
29469
50594
39566
24276
4482
39687
31706
29165
55446
39231
12062
56903
58281
20389
584
38010
38486
38899
32207
51141
20629
50604
1999
42885
22892
63385
13221
49983
38784
23196
63324
1525
62262
37730
22117
51759
58372
38551
47540
20585
59493
32154
48645
47198
31564
21427
39755
44540
54827
2806
59741
42876
60957
60232
143
21961
998
11074
48917
56944
29164
57557
41511
64041
23283
52374
38001
33094
8747
22876
5185
33982
9644
25676
33634
29494
9219
10044
60060
36534
41791
62373
47323
31698
22415
54808
17853
13673
48439
7559
48921
36781
32230
47984
2723
32205
7210
44287
48353
60479
11853
33656
44405
32232
23840
9476
12052
16338
13666
47943
58675
34673
56388
40178
63522
51084
30594
18479
52170
41277
6177
64301
20306
32412
41450
12045
32514
15001
62764
41138
6863
62307
55289
31544
47508
24564
21529
63035
45567
48175
64891
49108
32115
9656
65075
62323
3108
21849
31795
32006
20900
62520
57153
63499
8758
49071
23521
9400
56297
50054
64003
21993
55215
44181
27378
56598
618
3485
25089
3547
56217
53615
49704
27437
4421
38566
1744
50981
55135
13737
26243
7069
54840
3464
61109
62916
47203
46515
63700
36360
6985
17693
52121
51785
38638
37827
26357
57000
27384
39832
3397
37838
56213
27173
3614
27944
28373
54238
39075
38163
1608
51193
30338
29085
9021
65165
52201
63892
10377
9705
65348
32116
29250
31780
65426
63810
51949
36949
26499
17455
12996
61320
29210
50202
36661
8898
57783
25070
28419
63900
43295
59142
7375
51650
7321
8100
16628
13460
41250
14282
9362
16418
61978
29229
5145
4125
12719
15391
42820
3123
31381
29404
64365
63646
32001
61908
11923
11625
21736
31528
53733
51119
64722
20709
30316
49317
31987
36416
39883
41464
27931
24103
4501
56256
44830
29006
29907
58262
58662
41171
26272
50736
30261
6238
17214
65086
14517
43614
11056
19168
52158
11966
32437
6887
15696
63152
43758
39484
27186
12000
64350
59453
32487
52974
36156
11856
40381
35005
26802
63029
50608
60092
30288
14674
27797
7135
3435
664
28283
51265
46275
55430
62644
33822
4834
42495
51935
52457
26214
43679
6809
30893
6813
52125
63698
43674
11970
17170
52010
18452
6169
31306
43202
50450
51789
38643
55097
28158
55101
653
37602
1688
53641
56553
3400
25204
56611
26158
3477
1605
38781
12133
40541
37313
44705
12890
19331
34902
4690
7929
45552
27452
49550
28575
60760
24574
16011
3336
23383
23382
22490
34767
27317
27677
24852
466
40105
56149
23046
1624
33482
33503
35415
536
57799
774
24783
10080
56885
39417
28942
28452
44117
25029
23574
2168
25823
17072
3671
44574
52904
62447
37994
23457
18495
37889
48556
28511
60186
30885
41941
15985
191
60124
16010
37441
40900
38082
47719
60763
55116
38494
27987
55813
39688
24991
39385
40090
60240
58886
53421
7481
53188
30340
35495
24011
6418
45170
35750
34320
36665
5289
43917
31346
47492
58509
4269
20737
57937
20828
62977
18028
34748
18106
19889
64780
13935
45660
23564
23633
19818
11711
34657
34962
61895
57940
28879
34656
55462
19892
33463
5329
10318
8902
59636
45650
18018
9715
3751
46130
23463
32900
14298
10191
46614
63602
17105
12828
18660
48550
58420
32994
62836
17794
47815
23313
60833
2316
5484
9894
54364
42351
11735
6321
14016
36300
23068
3841
30911
19920
37969
32245
40814
43882
2251
12711
17663
33113
17088
28326
47346
25685
52216
7519
57965
24308
65425
47920
64929
33598
14007
18022
30233
20812
6920
43957
33057
32169
24126
35552
20557
32921
9921
33168
62033
23390
5478
34396
30969
36625
27581
7800
8567
29273
61342
48720
34761
8325
51361
41703
53102
59727
39003
20903
33177
40568
53669
26675
37406
29056
43445
57924
38150
60432
61329
36809
44648
55293
18122
15265
5856
47728
7081
5650
36150
7046
37268
45266
45966
59448
5470
44548
44653
43106
48225
57962
29442
60506
33119
46860
57857
6233
50105
42333
57708
22463
30052
60900
40273
39001
16436
12628
33721
42836
20319
18415
45028
26687
58351
39473
12639
41151
27188
65041
23384
62041
15550
36034
47382
34234
33818
13488
13648
48726
63001
63825
35677
19381
48328
65281
20904
65417
14712
19555
46918
34417
17419
12918
58735
49062
63241
63361
36484
35593
45304
37387
52683
307
45972
24004
5699
14840
35753
34121
13016
7078
1974
40072
65427
63251
31384
44775
37578
39772
36046
60254
6624
14682
36432
35088
15898
25756
42672
38202
12882
13842
7255
65354
49825
21638
11432
23464
55040
49319
48549
10197
2263
29100
63823
20615
50342
1494
56427
23320
20829
61893
15070
19042
46617
36030
19389
15125
15554
45657
23061
64712
33134
16850
47821
50199
13000
12998
59774
35941
10533
34747
33208
61411
36950
8901
43286
64711
33383
25600
18840
38935
60840
44966
23560
11433
18197
53255
8669
20741
49324
36293
37846
41159
54379
29919
18344
61912
23469
62709
62248
10947
45897
35192
19416
15939
60515
48553
64725
61688
48952
45491
46589
61419
37479
37989
18942
12974
26595
14283
16835
16419
44827
24918
59760
36952
12960
43472
27790
43053
15821
44892
23053
10853
16572
54141
10247
22540
50053
18636
41756
41021
55402
30720
18269
50413
62045
62044
58340
35417
11500
27316
34993
60911
37689
9308
51644
52317
36177
26815
10557
40561
41579
39817
35320
58024
18691
15489
33958
35910
13313
5254
38415
58724
13449
15369
7304
64894
52583
22668
10093
64941
54140
49293
10412
8204
51277
30848
62320
23181
53100
50140
55914
41498
44394
37216
35501
57709
5648
15566
33362
34322
60190
7004
42972
40023
12709
60117
6823
42119
33411
17171
7379
5363
55857
36087
53044
30548
58535
23860
6294
18798
35375
35023
27766
997
28466
1428
51269
30845
24824
8078
55801
51576
28482
39048
1252
3989
5422
42290
25378
2373
56978
2724
44307
6184
27848
29016
6533
44046
32739
38040
2116
677
5848
42483
54802
64808
17536
49240
36048
25760
5696
2756
28402
26322
2084
19445
65515
51867
22475
3867
6405
59202
11650
13982
54082
57218
11400
40949
3720
55800
37749
21236
15341
12677
38301
38125
10821
32399
18560
31750
4108
6316
34677
46559
26869
4165
46191
16882
53935
30022
48339
47971
33660
4077
26726
199
50182
54481
25417
4942
32372
52803
41858
28553
2231
925
4103
37036
24790
36559
29804
35107
23999
55473
31957
15168
57320
435
20183
29941
33475
34351
13429
16910
11276
36719
30924
34771
38924
6151
28709
65238
8013
40821
11777
55445
36195
33759
61955
45780
28860
3661
25798
23719
12800
5127
26137
31256
7758
43989
50067
28313
1239
1709
10171
49238
35862
7920
47167
7285
10175
32607
55270
34380
32659
30483
36524
45363
4704
17877
35141
33445
54201
59499
56979
33564
38117
5165
28733
63755
4997
37757
47535
51357
36700
32939
63696
10250
31011
58571
32755
46636
37379
25720
31853
15479
54073
2740
18784
50317
48844
35995
15654
18459
30675
63459
19859
42747
27161
26777
7303
451
38142
27822
35
12942
15176
49462
38564
40516
6694
1265
17042
29504
6437
28309
35469
47531
43261
4237
24171
15758
30860
31115
46044
49004
36069
15741
46335
12423
55766
56934
9795
37885
54409
54601
40829
11145
61258
15102
37031
38919
10614
17010
7979
5931
10517
29840
14605
41535
42033
18772
15593
6540
14227
4746
52375
61998
16147
30944
32481
55787
9494
11871
49383
22620
24522
8279
62384
53404
51615
55354
22875
62481
52774
56956
30795
45064
10822
10406
63758
23436
62567
11399
21772
31104
134
48749
22411
24331
63699
49302
53531
30692
56389
53920
22553
63918
57084
46546
50247
55329
51039
8216
52365
49674
291
6220
25834
6439
54575
54335
36935
53052
2103
53399
49964
25472
38288
8074
51611
3627
40492
22259
31697
10609
5903
7599
50246
14328
26870
4166
60744
56907
62975
11336
12417
14401
49679
49308
53530
55994
10165
45506
51232
20567
10332
8976
65306
30954
51792
53479
23133
64958
49584
60467
27569
26036
34281
35673
58547
40024
33878
36070
38120
25835
58687
27883
58961
40625
39913
14329
7435
33649
35337
19811
40822
37000
20399
32774
44868
8001
13190
34680
37729
43019
40207
2432
29191
54909
10613
8805
65237
23687
11936
9792
21511
32327
1644
47374
21901
23309
49781
15605
4618
6413
7401
4703
13525
44187
5270
18707
12840
5191
14732
7239
43348
13537
41586
19827
7978
34798
32944
20428
37745
39049
14443
33633
41843
4998
14226
36228
36926
44845
40928
35817
54503
56551
48352
46160
58804
39769
61009
34353
38377
25919
23605
27441
3166
1262
21685
32751
28225
18904
46041
55551
20504
62562
1271
47534
51580
53398
43510
12116
61608
53067
61145
11081
55367
10062
4128
26768
51569
12681
43249
4225
14921
30207
23285
8836
14238
60718
53056
37872
27911
5898
55056
56656
38988
49303
57148
54060
2087
28538
43692
4167
51034
52506
37328
47523
4647
28641
48627
29334
10905
40507
49466
64509
61352
6028
47325
25984
54332
35010
35656
53836
31722
30433
6834
31570
38721
450
37572
26532
3282
27807
51855
53658
50772
52484
44524
29152
7463
64137
32306
7621
35993
2370
41320
38036
51125
6022
50838
45634
51316
51992
11245
39676
54488
21302
36406
28579
33405
21117
28159
33337
3370
56129
37029
22329
24183
3870
36471
56806
25057
27882
26604
53820
1659
3376
39739
27275
1648
26240
40079
28039
3121
369
380
33805
30740
2931
29458
32418
40256
32777
56304
55840
33881
56619
27518
21513
27251
27443
43218
50828
25620
53277
34783
33487
44415
51805
7001
6665
51981
7137
2466
31466
22474
21210
40921
18648
55485
25105
32352
48476
8781
20063
53589
29938
19958
53735
4472
7905
33481
20355
11895
20148
32270
37193
10928
11104
49452
19071
29346
30482
19263
29258
25124
14345
32841
33945
51381
51856
7944
23036
25807
16742
19428
52861
7587
7737
52510
7499
49237
63106
1242
61879
33825
48852
7949
27399
12028
32594
48424
25663
29072
48117
34985
4423
53832
25722
27478
25075
10273
35273
28993
14514
31769
29097
51943
34801
52078
31326
58001
30336
11965
57556
19180
11068
49711
16483
53995
32490
32761
53843
9861
58561
3421
52878
12683
55868
18462
27039
11868
19856
8516
24896
56650
60553
45618
28060
34437
22133
37371
60216
1824
56566
38556
48611
20852
2849
33252
34149
27467
24322
54822
56822
43594
33640
52218
31386
61016
31391
36788
21768
32946
46162
39712
1855
28174
25358
25347
28243
639
1850
25151
26495
634
25210
851
26490
862
3598
3587
1663
48997
12580
35014
8688
44679
42306
62081
16042
52233
24164
375
13941
38952
49630
8095
63052
45455
22171
15340
19313
47671
19847
47007
59210
11750
23431
23883
64924
19498
15615
48367
63468
48031
22747
19969
19239
24167
10422
18304
45263
36220
20887
61995
62940
14767
60464
49007
61198
4485
52667
48467
36853
30783
22555
36348
48991
12615
18597
40317
53025
64788
16253
53711
62387
20073
14797
36076
33423
32941
15868
23867
35463
64047
24516
13524
14437
59031
60235
17842
41546
7045
50536
9545
20210
10713
1704
35824
46662
39902
17570
44558
52465
63137
15322
30323
23367
48773
62365
61250
48932
47084
18250
11745
15740
63391
45708
65101
23191
17278
62259
46053
41432
20361
44561
19214
48756
36550
43506
45691
17626
3171
16886
12545
40488
42336
22127
19401
39704
20121
15009
65139
20094
35398
31956
16970
62031
44194
35734
15121
39592
9739
13920
17225
61735
49045
64477
45332
20350
46188
61647
19783
10417
59264
48540
65517
24279
64083
58242
47973
635
56201
15991
19362
9353
5372
40526
8950
36512
49880
46179
3588
12877
44762
61953
7008
42521
48016
39630
61772
16673
19185
31592
18048
63099
6917
15249
2846
44457
30685
42953
35360
42761
16784
3630
20241
45431
16065
7797
46735
17760
56073
12673
41246
42281
41113
1893
48832
58114
20165
42049
33903
35740
3985
62239
57847
22619
14204
16238
58558
50150
61147
12839
7823
42608
20425
51194
47680
36246
9576
52137
15354
9969
42706
15982
41249
52102
2734
40216
8402
65300
53657
43662
33653
47155
17154
60151
45375
34684
23851
10329
52712
12461
13309
63524
26434
14137
5983
8020
31805
49754
16313
52282
29756
10674
62189
8161
20463
6113
50258
63980
42980
