30751
37774
15279
22999
59122
20645
24792
23007
5779
24895
62311
60013
8951
39805
15157
19123
13540
31087
11247
16909
39046
21488
21473
57990
49479
57107
26326
22181
38326
768
42450
20745
50004
21093
61716
11787
21871
33558
826
10695
35970
2973
60120
21962
14669
31830
28265
49239
37318
7158
15564
56090
54787
38591
21523
9128
9722
63774
51435
57531
13859
58367
7170
40883
30007
37510
62473
7184
17743
18500
37483
14831
11681
40540
50063
44050
41469
42152
28067
27939
8583
12219
25917
54020
12972
5192
65075
28090
47794
13783
22948
13784
18644
11376
58610
4184
13790
8759
21085
44758
53974
19954
6361
5705
45711
8502
12095
9616
1411
27571
16660
57126
53951
43491
13062
39782
2262
24850
18909
5020
27467
57297
54015
49370
49054
44997
64539
30512
32180
61290
29966
44996
47800
45488
35779
5455
57612
5197
29985
35800
58248
26405
1720
22205
22200
56470
28492
13209
36585
53
24531
32444
34488
9201
62352
18246
25281
39846
58699
25022
64656
3546
9751
3914
38055
5409
34299
46835
17040
30694
23159
2946
46367
56575
12782
49831
1885
17636
34077
30979
51757
9749
15508
52072
44934
63960
34567
33061
33657
56187
19130
19106
31018
43062
52963
59016
39259
17463
57230
23437
43229
57520
58064
17428
31265
3264
36168
43966
6443
40251
5751
64097
49875
35795
17408
5741
12283
53722
23806
53805
61625
13310
39686
20805
42305
33984
10845
17317
34252
26823
15522
44644
9025
47077
45672
7823
54672
56717
27454
10327
65182
19622
44079
24765
22932
47225
911
33091
62678
46510
47
26274
54305
6186
52215
42910
48737
61233
6376
20065
37793
32862
46141
47296
9501
19570
62076
44605
29132
6674
19220
24517
35119
36449
3179
49927
8239
12922
991
4763
33474
1183
14308
17597
57358
49245
27528
47776
29866
53106
51912
42376
41203
61896
20625
7286
62518
40112
22755
5538
53383
63775
33261
15181
39024
22411
63707
41575
55989
63409
10343
29178
34160
51397
52163
26572
14139
18154
61662
30286
24209
6623
6812
43788
63153
29014
60595
18257
8210
8255
7903
44438
51472
38533
6008
17273
8864
3006
42605
57627
26571
28410
2989
9765
62457
55419
25298
65468
16215
62855
34225
45634
22301
33599
22653
47707
61387
59173
59254
29220
21637
38459
44684
34754
55326
37005
21757
51100
64609
34487
14640
54656
63795
23705
8939
4081
62997
57277
5490
33037
25400
51464
42545
20082
63664
51533
25391
51667
43876
14185
36812
20798
63491
30965
34653
40167
28444
63916
15386
18107
5179
51332
43354
39915
23133
54438
20066
26984
17329
48990
63041
30252
51866
49488
43660
4143
15022
30953
7098
10040
51369
31368
62646
8208
57426
50184
43581
52162
9272
38520
19975
55499
31360
33233
54582
14930
11212
23570
29722
25120
15346
10610
33412
19405
97
31839
6056
30739
2282
13466
5252
21562
27515
15347
44770
25441
47134
10062
35133
26948
16033
29172
29766
46307
16130
57439
51736
15703
13934
48279
22671
60115
21118
50190
42509
30623
24195
29098
19144
23765
42248
3100
5647
62447
9393
10623
25125
32753
30085
40882
2017
10395
25047
59089
2903
51194
56227
46723
18550
598
47007
39296
14238
53693
42114
19746
36754
60126
44063
51508
57432
42106
44194
56022
13702
47878
1113
64811
54669
30374
55715
38467
39806
18334
7082
57800
9161
21695
9661
11623
42777
56635
1473
46777
10146
20182
48146
44816
61422
3307
40699
27632
61170
11381
37814
5035
52842
38470
46581
49102
25277
50752
40696
61017
16463
37292
42866
16538
58434
10733
26540
41518
15523
943
43436
17799
4157
50174
16716
44840
32558
54127
5429
55828
3723
60893
25777
17189
12579
58402
42475
45938
26859
56046
20212
52916
54799
20263
782
2300
29064
27904
44189
2924
59536
27342
39243
56624
26080
55006
30077
190
3427
16945
37876
55106
14397
19140
18296
62550
41530
42925
64589
21446
47591
32727
29197
9815
29972
39936
13834
43230
26187
20441
47543
52424
64396
50514
20279
1760
46353
5230
50613
25966
46501
26700
8386
49665
56742
33365
10467
1401
38807
50177
57535
60886
49148
58837
61460
5077
45327
38909
51355
63554
4305
30172
58735
32843
52813
44485
61543
47354
31053
12431
19174
31003
14471
2625
56684
63036
24077
16737
38618
7138
51845
3728
51260
40101
28668
59688
61806
10942
14851
51443
8915
55500
12336
54966
60795
16178
49298
8510
5239
13061
50242
55036
5903
59247
11265
23616
23481
2779
57539
58490
40270
8165
56623
48022
13255
47187
25901
33950
55789
26343
25039
56834
57515
57784
57298
58200
35131
57363
14611
42381
3003
4919
61810
57274
52320
13927
20754
28993
16697
15992
41947
4916
62203
43533
44031
31129
35312
46984
58479
44939
2992
49454
58324
58721
56792
54842
62777
34129
21915
14123
22985
15709
27718
33315
15835
54080
59234
41978
34877
39741
37530
24589
53837
53381
11877
16013
30081
46480
38179
10412
1302
18397
39861
50806
3749
46958
59092
8552
9369
20929
1436
37413
36192
53097
29518
17102
57268
59471
37443
6653
62647
30259
46728
20389
40213
11138
9889
5979
38276
30604
2711
3652
63577
56313
52261
29000
32924
42077
16168
55856
53517
32003
21773
15652
58197
39301
58547
17561
25352
13143
6489
27426
57227
35768
42861
18139
26770
16730
22202
58185
26539
32930
3372
4315
30945
14215
3688
56884
56145
8265
19387
13625
57013
746
39269
33743
48069
14795
35053
37552
19735
8469
43057
34901
61677
38272
11446
61572
33969
57748
55579
17751
45312
50464
60019
44149
47242
60790
41047
35943
60266
22730
62267
47058
39833
56088
17253
27344
42380
14191
21687
56144
23430
4408
54750
41891
57014
32290
175
43173
52776
63116
59782
7016
37364
62282
7579
25692
15775
54715
43728
49591
21058
27146
56569
37224
2249
19464
9776
13038
62667
40535
63453
15287
40053
63047
28586
32144
46578
44778
59098
19850
55150
45905
38087
791
19376
22014
52576
58380
50027
59251
29341
36203
63518
37502
60752
52274
7352
20913
25717
10275
43036
38023
13180
41304
53746
11878
11924
10191
58969
33756
29045
14728
8643
27844
38088
63286
23366
10631
19921
10601
57905
39251
52807
28058
3698
55685
21401
30882
50947
57636
13465
12174
55049
544
25551
24089
12023
58999
6396
16720
15763
24891
12700
5608
59624
56300
18027
6438
28827
58853
28620
19764
23288
48548
5666
2045
41773
34201
14362
30508
59451
60253
59497
49445
54997
29634
22296
17768
48396
54152
53691
8341
46527
9227
54094
36380
60754
49571
32720
16468
35619
41351
42597
50539
42093
42661
30324
18965
42968
32620
48383
58214
59580
13693
64892
5301
55617
19438
19819
4265
39331
44853
64929
52462
32940
18322
32772
13667
35347
46548
60687
62090
51852
3816
48679
24065
8462
30316
39515
22688
3488
1503
50885
29943
18272
56852
63663
28401
17392
13715
64939
53240
18194
28071
46674
28846
30050
59220
41460
38435
55600
53933
48517
15450
16507
54841
15760
19731
49119
25054
29992
36758
64500
28225
23612
7106
40133
24522
21676
29847
25768
64641
60456
47231
13347
16388
31990
37933
32086
40259
27511
60589
14354
126
9439
59818
5380
33961
41922
34504
18716
41062
24745
39177
22731
54972
49118
2044
13543
43556
31507
45276
24384
5410
24345
12094
21279
26915
49538
37303
48173
14791
57326
29491
37244
20026
33443
13243
49252
56186
55907
38129
26345
7178
60821
30910
39559
16623
27697
23141
21632
32229
30423
44275
42992
48439
8060
54355
65037
33298
62415
28924
39470
1690
26422
225
1868
5998
37854
52409
24031
17847
12247
41863
46467
57276
49029
58385
15066
49708
54999
35426
41155
20602
4111
33719
6342
7009
37269
39550
16023
32108
49477
34886
1014
25401
12957
37919
12060
37294
24399
26996
41244
8030
41809
42729
55986
16779
23571
30262
61874
65300
24662
32944
35766
28658
46022
35511
45801
49900
26171
59865
61340
35904
8752
60818
6256
9982
44491
52939
37612
6457
25203
44873
12049
46476
9349
47860
56873
56376
35653
22774
62404
6078
44865
35673
63339
45562
57310
59297
64588
42801
16113
46495
56367
19787
42104
2964
61494
35201
48560
29234
62424
4860
26964
25270
58445
3722
13181
56175
44589
17920
13640
24049
21367
33661
104
22215
23352
46008
50081
38854
52063
26659
12954
24211
23290
24735
38406
59460
2443
16386
37903
20792
31026
22377
58366
48066
4979
43722
26371
48825
37262
25314
20072
61097
47475
17401
40296
33132
36852
12324
60871
62346
34935
17455
61962
26329
62219
26389
22231
51344
13078
2781
4295
60008
55356
43979
49575
40331
1817
8007
44870
34833
11979
31473
42786
55046
54260
11954
1217
5074
18806
35450
14430
45500
14689
33572
49108
34939
52996
39606
13249
10729
28211
180
14242
34061
57159
12187
63870
54653
51280
43412
63268
37328
4621
30166
37650
35470
32522
37382
11010
24374
11153
33253
16683
7478
12574
53059
51282
43763
11947
1601
3004
4127
46062
7245
10916
31986
64756
54113
16347
23170
62451
50954
56716
56111
24705
57607
57528
34007
51223
6663
6101
234
15456
35612
17531
44971
215
42521
63685
64227
28696
18462
41670
35762
29682
35771
16757
9521
7416
19945
33064
12370
15478
40038
61864
32049
31849
26806
37837
11119
48878
44898
36677
27892
10908
60468
13294
47123
52613
56543
2874
50671
32094
57766
40584
12616
51839
24467
29058
21251
6023
39790
23624
50213
40838
50452
35046
45798
45535
133
22518
33126
18125
8671
52585
44261
26108
52160
16526
44899
41115
47743
33732
32586
64631
25541
61188
42997
58204
45854
45829
5427
20431
7069
4682
21810
2708
26461
35477
47193
37578
36286
23504
20503
49030
49375
64190
35944
17870
25107
13457
26932
48728
16376
2516
45241
15141
210
45581
1396
25993
19779
11801
60012
26947
7423
61777
328
43843
994
2057
24812
3254
30350
24210
46033
5435
11110
57610
31972
56617
51617
30530
25255
26177
48778
7350
21673
20163
64861
12706
13386
37734
63457
2747
50850
58978
28606
42637
29310
36537
7095
14173
32732
45042
22482
40201
39687
17966
51038
14079
14547
22578
45484
7397
15074
18611
14628
30207
63303
37389
7186
19373
18103
35645
6959
7065
30923
34915
62962
13861
33185
50349
44841
44393
46836
27172
61940
37029
12434
56914
28570
33162
21360
34146
47078
42383
40762
19890
23166
30652
4874
17472
12333
26929
6029
55981
63188
41099
62912
30132
40165
48783
44439
24054
57071
56373
27415
40142
39881
32515
14767
1461
29203
45827
35128
13545
56396
8802
33530
50397
42311
49626
18453
26791
48839
42678
49654
34899
8476
53370
12200
6527
6221
14721
49182
22538
38741
46821
18214
21756
53979
61597
37680
1813
59186
23681
41210
46346
32199
41032
33995
59975
26197
49594
31296
50645
23970
28941
50884
39730
43565
36962
61382
38275
32169
11517
13765
61729
2021
12526
57675
27588
30683
12071
50941
59301
8084
43424
41189
22851
16342
38178
33685
48152
31845
151
59908
37180
52908
15635
15749
25572
41741
27838
60985
6104
4875
7574
3292
51148
48889
35246
46785
33649
46832
9125
52139
10696
25908
17055
24818
46528
6010
17874
41360
35929
1684
56136
61800
4609
25536
44902
24994
47413
59386
4270
25888
58979
11419
20106
1101
46702
21968
55044
8681
55851
30840
64237
1162
24176
62470
9337
32534
22284
3668
20001
16686
39065
59541
30438
63085
40841
11180
47254
54934
48126
51108
7722
10987
7228
34873
25158
6533
35003
17541
64745
32964
49032
38818
8654
18790
62182
8615
19811
64911
57685
46040
42292
58487
27555
31472
20815
23581
44023
45380
24865
60727
12070
28683
45386
2324
6414
21711
55671
14091
8923
31639
65296
3845
50275
1892
2951
45155
25466
64503
26593
23684
7683
32700
33640
14938
16632
40079
22430
64467
21708
34328
4510
48583
25051
11190
63430
6400
60035
25547
20062
35998
30442
25468
48705
34170
43984
38751
16655
39109
42849
62078
38622
59763
61240
60939
64923
11763
15371
19216
57034
36132
61129
35000
4196
42241
57225
1452
514
56109
48013
37794
17069
13028
5183
32798
6781
42499
20956
540
8556
38685
51439
62327
9022
35886
65144
39733
51120
35767
9832
55734
41050
58287
36290
17091
51674
27826
62650
12647
9647
19433
17493
21154
606
32383
60400
10900
33737
7708
8372
40040
43496
21100
2794
16373
6076
6406
55908
41398
11621
57718
48344
38736
10137
35636
37538
54738
63754
52116
20854
61858
27814
58739
25865
39482
64634
40735
12168
2138
55732
15520
53422
54157
17376
34184
64460
55849
6626
60898
23956
14789
21087
25870
23362
63089
65504
14755
17818
19922
49438
7479
58961
44927
42715
59488
62657
19252
23982
12371
17001
31824
31361
11278
21410
51290
18409
35590
62954
31826
64673
64863
33043
58331
44120
4435
23628
14229
21187
8399
3400
63266
21776
3044
56963
29522
41022
12698
12831
18681
42616
54074
58512
50476
58400
51459
50818
15536
34908
37917
15838
38063
57687
6145
27082
55676
32619
40600
22485
29046
14280
58266
45083
7223
40664
60705
22012
46589
60631
63876
62668
4414
63731
742
1259
57316
46676
38173
536
16596
46088
42115
5569
30996
14278
14059
53147
43610
48323
64296
26341
59192
59871
24131
17486
41521
58624
57680
50391
43371
23474
9596
1954
60297
45738
7388
33788
64393
47012
10370
11584
22449
32192
60125
42251
10655
8056
14886
28836
40148
32038
1290
30705
19341
1435
9339
13478
45415
38688
38833
23915
60121
40810
11139
32222
48883
15786
47603
58523
25863
60979
60612
56930
20939
59217
1613
43579
58012
11793
24401
15120
13285
53294
12073
20224
62931
16955
41246
38727
16738
46283
12087
32865
37574
5249
51515
15521
63109
50435
57703
22298
48937
9365
56229
59696
57776
59840
12768
10204
39685
23881
23974
41510
31395
6479
10431
11596
14343
27635
15606
21987
7926
32007
6504
34588
34066
62956
4411
39521
47908
4903
4304
51130
34605
14931
53444
7446
59774
53504
6587
32306
12720
38916
19359
34265
27662
51162
5711
35515
49700
58955
46746
27727
6690
59655
37580
9508
442
29143
31110
33803
47438
3046
30579
15575
62787
12441
33038
27442
55443
50615
7390
3629
49153
5860
27544
47768
2164
16664
58946
2584
26604
1796
29469
15958
43813
25759
53790
11173
12260
55808
34574
27810
31745
58313
7047
20399
41817
64712
1274
63882
42857
12357
17716
37750
31412
14266
32816
8921
41400
26032
21142
44324
6422
42916
28677
3077
22655
10161
12775
46977
57507
1924
47633
49991
15132
63959
64967
65107
2987
27275
31123
56307
43617
1789
59596
57255
30468
43289
55535
17377
13796
10740
27061
54892
22702
18993
55651
56462
30183
49521
65381
52456
6937
57217
13372
10219
13160
59422
40605
15793
6278
49960
44355
56769
63013
40269
13533
51976
62394
56064
44080
44236
57657
55121
36063
30143
27596
3611
16398
31105
45534
37261
44270
63021
63345
18454
25251
62714
42665
10536
62682
6103
16163
42919
28086
46684
16061
3054
60991
27129
46604
30352
35407
37993
45546
17125
46018
26000
14129
44785
13626
47504
53692
2974
37921
28463
31743
14561
30283
58301
36004
16714
5750
31041
37350
29951
36014
55681
43259
57741
3310
57262
20820
53686
2812
56864
50629
61714
14029
38614
20177
20189
14026
16365
39647
52196
22628
21596
54111
45414
29450
16454
59298
28957
48642
37461
50829
13309
14578
44814
35524
3220
1574
52070
28945
7129
14461
63235
50706
32892
44987
12817
205
47901
6658
33115
18677
57677
3230
29308
39594
53738
1179
3712
55406
54130
21122
13595
54652
17537
50627
46218
40980
3300
58401
58159
56159
54034
63698
40545
32982
45543
59590
50244
24715
35181
13565
43622
41563
40257
23413
12470
43750
52440
16277
43272
46109
3076
14477
53127
287
29950
50889
61971
28135
52452
38638
4742
46569
15004
51215
47589
19765
57232
49821
51786
28095
8489
35386
27111
1078
52372
51956
43053
38014
6795
55239
37897
50796
62474
53810
774
31385
55650
38184
37789
62307
40333
53289
28173
13768
41839
59246
37311
31800
24380
14753
36651
2301
60203
62617
26913
16981
60801
34247
26339
12172
10754
31707
22666
7652
10256
38918
47713
13365
54682
6949
26358
14884
52382
41283
551
10091
49899
11892
64729
40796
52660
30895
47237
29760
64936
11214
47393
55702
60737
19512
29700
65232
49911
4638
26582
9109
21143
4221
23447
38529
61912
63921
3512
770
20890
54764
7985
33792
28609
30946
34768
64595
4994
55984
53176
20631
34898
11570
30525
6382
59417
18346
60226
44428
29666
15654
20091
40476
46304
56390
49325
8164
40393
39032
64509
51847
53826
11554
5443
43258
55852
21590
14557
51995
4236
24142
40555
17239
53098
8101
33379
10873
15843
48772
50060
59605
53923
18723
31741
13345
24408
7304
52773
19081
35941
18548
20732
47590
25291
28062
63702
63771
51384
36494
14068
11402
17450
27218
5237
30044
22435
5841
36077
41777
19483
16114
17178
59612
48909
12741
24111
40385
46679
49798
24017
63756
60848
61106
39439
28331
17309
10305
51298
60590
59195
25789
6871
51264
64704
23134
38722
14601
23336
44210
57500
28328
43280
1804
53407
31589
56570
30434
5506
37725
39026
33386
42815
48902
49872
34411
24307
5261
7639
7318
20717
22624
26287
8338
52598
40281
62304
36769
48535
9809
5412
11030
50333
848
24903
34933
50778
45461
22494
65168
8448
30814
36760
56213
25696
56223
44058
37539
44801
56774
7933
58082
61671
24687
39014
63787
39267
62273
31260
52370
53492
15198
18529
1513
14218
30662
15587
53965
34894
2631
4473
24724
56100
1010
62713
49948
11645
63737
36499
57464
430
36876
37216
20481
8139
20403
31463
58509
43603
63679
57472
59429
29056
57296
45399
10921
42894
3810
37397
13448
43983
25138
59039
24697
2850
3458
47342
58945
65337
8724
3767
27460
39471
57513
7794
39728
40968
33762
58467
36476
44070
63584
6934
57022
21979
23837
56894
43252
53984
57494
56428
14541
10518
9896
29282
12839
58096
49154
26757
47488
16196
43967
54322
18659
43399
2617
33986
50234
24246
30745
3917
27097
43426
30887
60495
16560
14073
39350
46852
10165
6392
55092
17688
65275
12924
37805
65089
61664
6703
9800
3886
29044
64387
63598
42998
56002
21621
49018
24217
39485
30079
24269
39321
52377
62007
55280
7078
32119
55354
41846
45472
32208
7084
51326
17554
45189
6458
34433
44826
47025
63473
9642
56469
13523
44054
61533
8012
30636
38329
19054
30516
28873
20358
63683
8897
39970
17112
61526
35622
27794
63982
63333
44088
48048
48625
55427
32091
29416
45308
18181
29577
60393
45987
59678
45960
37925
28956
3446
37186
32790
53442
49886
62871
46976
15810
22862
47902
39333
17934
46810
3138
47248
24000
39140
65263
48111
47054
40977
58187
34127
51050
29660
43437
63178
48934
6212
64721
32303
64932
7113
53256
37572
42336
22570
23704
31111
42213
4476
60947
10538
46267
58740
33310
16922
52132
45551
60052
55078
8749
60467
27954
42930
17414
22728
53803
4967
7868
29351
45722
21150
29971
42867
1141
10865
14900
38970
15551
16954
18718
31420
1898
14814
16696
64638
55057
48250
21599
53130
51061
8293
50090
33417
54511
31490
40378
14084
29311
49344
47925
50485
14825
25798
58544
59940
29458
29802
36712
39607
62680
23990
21095
55790
921
48828
51072
54373
50725
37628
17068
41934
45438
46286
49399
50641
4641
47697
32122
9735
37158
50830
37346
52193
7384
14898
64604
63367
28743
26944
33574
7421
55593
65069
5789
59191
20585
49227
50226
2752
43896
47052
30898
60729
64272
44282
46383
18353
59313
52342
62332
59377
51185
29418
47216
30871
2647
34820
62664
33568
9437
46325
15319
51407
13253
17179
1088
36569
40050
26682
39475
16181
18406
51907
49603
14447
61127
2139
64455
26983
47680
9558
41473
64963
12850
30303
5162
26349
56072
13053
52108
42902
10573
63677
59035
59121
43234
8919
56077
32365
39715
35397
7789
24870
17336
23605
61144
62002
10667
52917
38026
45493
17891
42726
18581
16020
35776
3529
35972
25739
24130
32461
2630
49386
49218
24116
29246
45118
29499
35475
19439
873
21422
34498
51347
7840
37220
49161
28491
511
32464
43116
42290
13645
54603
41831
29507
23652
34999
1748
47806
41464
41314
509
27031
23509
9974
16805
18752
534
22160
61919
33243
64815
13183
32651
61091
32974
11184
13079
62454
42539
63010
9398
63630
36122
48971
27382
43467
40874
31622
6250
56879
16817
18392
62689
21102
17094
58462
60133
52902
4312
35847
61143
24403
28089
32110
65324
27145
11447
36213
64560
54605
25385
25122
5129
11629
30009
39057
12503
20247
30830
21706
4801
54677
51461
14457
37878
62663
2171
31536
37087
1679
36282
37439
35512
27286
57224
54414
3282
5227
32209
21887
40727
10771
10716
37547
64974
51082
2251
18971
40447
42583
25621
14013
34503
57634
48114
10394
13922
3449
21392
56287
24877
46221
46485
27033
14303
48507
42184
46724
26578
10317
12005
41350
58319
50607
39157
31508
18158
46989
29871
42823
27423
28453
33624
41585
49313
53268
32624
44989
44311
2500
24638
46487
13628
47491
56405
43167
48162
50287
41677
14688
62995
65124
25959
19600
31985
12502
10276
54957
40644
62094
61023
38890
53167
26421
36500
17542
59695
48742
16191
5864
30821
51023
3511
25611
17286
53985
39255
25581
52126
55418
65367
34529
53676
27862
37629
47195
21641
7632
28197
9449
62330
37246
49444
10878
11632
36866
65450
21013
12041
38158
32911
18861
50580
38119
45446
43890
6596
36746
48611
16340
59181
8336
17066
18930
28684
2126
32247
27699
37809
20468
62580
47547
32116
60632
63249
7897
60127
45090
40238
9758
10715
41843
21955
34210
47126
27576
24081
8194
24067
47684
5661
49476
60653
2555
59659
21320
4005
26867
28749
25806
60839
5739
29439
23245
10407
17605
39765
16407
38182
63274
29134
48691
17264
22589
59766
61037
35620
8679
8600
33885
60832
33109
29159
46730
19035
35453
35348
20337
51099
46124
14352
18421
51997
55544
63420
30723
5489
29183
22816
13197
25341
51270
19193
61879
33242
16821
28850
31924
58223
31262
38720
36986
6911
46650
59038
56729
5068
18625
33547
43734
4702
35071
17763
57285
57830
59629
54537
28277
27564
31188
8651
48251
7750
35971
59770
18349
34629
23902
41263
54976
59615
44012
25029
8308
25583
832
22450
39781
3318
3628
28263
5981
17101
11789
46079
29107
45978
47511
35932
1899
17322
27278
45453
398
59165
62965
11803
28085
48924
42355
48143
21496
6196
28045
58710
22934
30105
55887
20691
4668
52206
18482
57944
31686
39096
61105
43299
44200
58282
27859
54780
26379
43040
3082
44553
26468
19649
21338
48799
53163
10721
8963
44728
59779
23640
24667
33439
29861
4443
42704
49549
41168
11680
27406
30217
46490
54311
36379
42511
17715
34120
49048
49450
57963
21669
24292
29288
34577
35350
52587
12011
10259
33575
24299
21536
55306
4141
33767
42086
56297
50127
48893
47222
19686
64512
14476
35503
35534
40356
47326
9314
20847
27346
63621
64090
31011
37043
63801
36756
62919
51926
4268
62584
39993
47171
28605
23492
61700
40319
43858
61202
7183
23189
44881
8358
19416
38871
63826
53096
6348
54422
12096
56853
40002
19085
26173
53081
17152
29238
1582
57140
11394
9100
54273
8755
2269
38772
3747
17565
2253
9628
57880
28611
20254
7616
47805
3296
7924
40384
60555
46711
59911
58145
26787
5593
37115
20191
46567
753
1665
29077
22178
1387
5736
60261
20181
4782
16323
16321
36509
19993
55465
29723
27509
33949
34688
19293
22290
46385
26772
19742
62475
42732
54907
11636
19563
35015
44827
5536
14862
40395
39208
38898
4548
19872
23513
4360
52757
65298
40446
51135
60796
56816
20022
39603
55398
236
4734
37276
27849
45243
55111
26678
31963
21652
51663
21908
7515
28460
34236
22711
21783
54735
16104
12891
37176
28230
223
41145
59986
58173
3897
59097
2705
54102
57986
65323
59287
5180
35224
54107
40934
11481
7436
10047
62632
2092
52997
23023
56637
15979
64057
51771
18896
44401
58583
40782
44335
55032
13499
18869
56862
12057
47229
60510
39130
17619
13924
28719
48397
13373
8745
34590
28801
5825
51505
64528
30782
12996
45408
59103
58031
30233
12294
40274
32594
32161
49597
60552
15577
26290
36023
38224
5594
33214
55657
46012
58658
54598
9172
62911
5468
45797
7379
5999
17426
16810
63471
49418
11302
6469
30912
19076
44633
56764
13531
45231
50683
1025
46869
33143
37501
32556
44576
25544
36870
15925
5218
50969
52994
34543
63856
22349
46733
47236
11120
38144
56445
61253
9818
43653
17976
54819
35849
38710
31858
58424
45974
41599
40252
43326
59785
37554
26079
53687
9242
57749
47084
17723
38974
16956
47614
34469
23629
58333
33516
54417
16627
57714
55660
32858
17999
48172
30665
37370
21975
8920
45287
30152
13761
17135
3907
45629
4491
38604
39406
52831
30583
58151
11266
36198
10547
22953
54563
25337
1797
45261
60940
24725
42621
9825
29843
51943
43163
47024
548
56530
65117
65261
41407
54851
52864
62054
26633
37879
15294
54405
55798
17753
21891
20231
50247
42727
29623
25873
51512
53275
11215
17809
43052
54147
27168
23408
62846
10472
5
21439
9750
19411
60110
47645
24690
42755
17627
8232
38809
30831
41065
7788
52722
34950
43016
25892
64487
25728
31367
64192
28794
8468
19132
60880
38037
43336
57751
766
4480
56791
48258
6598
13873
39914
22232
19457
26620
6380
16169
28026
19678
16217
12214
59587
34702
9695
25477
59472
19928
39437
3334
24183
44115
65133
42258
56319
45219
12335
19180
49095
50106
57375
49707
22809
64434
21135
58774
39990
36996
26616
11201
38380
1585
15078
5873
64259
49391
51831
3682
59544
32453
524
59194
5326
40100
10512
40743
29636
50478
54926
12949
28928
8383
3434
5870
11527
59494
13709
24442
357
29124
15915
9189
45334
60339
2569
19617
18924
25769
275
35745
41251
41249
39317
62242
42301
37132
27713
12251
32735
1344
1169
55547
6148
27414
8140
31709
5407
2054
33001
50266
44856
21823
56991
48389
27775
53927
31214
58995
213
12875
24061
22490
8095
48391
41235
24291
5282
59292
23281
62261
57086
23925
27100
55572
6909
63838
2867
65227
50783
3148
6275
34854
14696
43268
12012
3556
23947
50618
29548
7919
53703
63045
33519
15427
32585
32726
32466
22011
23782
44978
29648
26442
7314
21474
46273
43628
30998
18460
40816
45859
28466
65321
20692
38519
32407
17622
16986
48983
1539
41984
37974
24394
34274
20179
13508
8916
44599
28667
19639
4637
10377
4981
46680
4072
46360
52262
27985
37047
11223
61266
60459
20614
22545
709
35480
20218
11349
28970
44148
13938
20330
12771
27019
35442
20283
41242
14896
49340
50080
12222
2932
17199
9879
52556
62819
30161
52199
6564
55386
16758
19313
43403
52369
39817
38760
62534
54180
38250
28944
32542
52584
61077
38534
58272
28564
38758
3147
45179
6394
21211
43388
12590
60418
61871
61745
27893
9666
46794
23497
8036
22506
31535
28518
32033
60273
62864
2669
14093
31461
16965
43475
59780
23579
14175
37581
2263
56174
5446
45653
29571
5672
13872
52475
36387
60776
46127
24121
7035
32609
18153
19532
25785
28365
34453
22468
32205
25920
15219
45017
29672
29511
26792
7408
16186
11564
32438
58425
42664
5208
58533
29138
24518
4732
50822
1996
36591
38328
1007
15035
24731
49101
28581
62755
17465
4741
4516
34044
5936
53583
36214
9858
3547
36166
11196
50260
25141
52515
53848
33677
38765
54336
18923
30198
15568
46570
2524
38215
22838
26200
38839
44937
20513
30431
1670
15171
41135
10934
473
62964
3423
52077
11926
59458
61376
57448
55944
45154
14992
29097
14315
49809
31146
54698
59253
13890
29990
12392
56940
53931
61570
54452
46767
63350
33077
44846
31611
25644
27341
46044
57062
63383
27827
49890
61099
12973
13670
62866
58813
32176
58940
47329
17326
39938
14937
7220
23663
43732
4654
19034
53901
25131
24716
54922
37209
65472
43044
21650
46483
284
63444
1770
40448
13247
37301
29024
48237
26233
65525
39706
58922
61399
3198
21689
26536
58912
46956
12610
16828
15555
64651
30400
941
24956
52665
34635
43474
63028
2766
28344
20155
55183
2576
35832
53337
37790
43826
8479
59467
31359
50558
37227
30969
10749
64132
61497
38237
57399
26416
54072
64992
60183
47900
25481
45961
30422
9224
55284
9069
30331
12456
62431
51122
49751
40769
61998
20484
51704
21972
16332
31338
9299
38238
18569
37229
27577
32625
14037
45197
37781
922
59935
61704
41067
56443
39791
4046
27114
48587
2315
2104
37133
45127
12786
14592
37637
25368
45108
47138
58728
48603
34514
23320
15236
13441
36021
47932
47199
62225
10390
46721
64145
29263
3492
20166
5605
29568
11253
43281
44168
46789
19176
38134
27483
9374
25435
14166
6335
17257
50838
50811
25386
25035
21985
57555
2302
26861
3563
34415
62195
29385
18604
37032
31480
49084
38294
57988
15167
10432
55373
28972
43441
37412
42827
64309
54944
53405
57928
13377
1926
6174
15626
64685
64185
43218
11334
61972
19495
7621
60360
46805
17042
11628
29959
46925
23116
11154
51618
38880
16118
43798
49436
58020
9376
36557
34346
51084
45850
61060
36323
27581
1296
30718
9473
9607
54087
30594
22147
44738
61926
63174
8544
8306
52027
28770
21518
17421
12045
43994
18915
15216
28141
16285
21421
36284
5858
47984
50041
48058
38409
58598
14467
36307
12833
63911
25419
48480
61230
58170
33263
18978
33120
53395
29808
22834
42235
64268
30713
63562
3167
47223
65320
47862
51482
29664
25663
23754
18263
571
37951
36988
22176
8214
22764
42344
34171
6332
56669
31055
57554
21612
42012
18184
64548
9947
53765
581
25011
17505
36
63117
26083
1650
57885
55013
3719
11508
295
28247
35367
57997
56170
31539
48354
48154
36482
19857
54165
585
2016
29274
26608
61186
13334
1856
45039
343
32713
62882
24845
3710
23761
53402
45719
651
29412
20695
12991
56070
45053
39346
54330
62434
20579
12203
29105
45691
23351
9718
22007
22839
16722
51728
44679
17692
8893
11796
29686
20830
99
39161
272
28895
3526
36821
31402
65342
37913
1802
36968
53666
20814
23887
52398
17291
62350
4779
33794
55496
7326
64601
23457
17447
55272
60321
50094
32046
9869
48938
43364
54670
61325
36905
27831
22065
57585
52508
584
8961
34465
28669
15225
9075
70
60138
56542
56211
62572
18122
45904
38103
12104
37833
41736
52081
27887
20593
61223
14351
64630
45733
1489
14301
44973
30338
55224
46992
60697
64266
684
53527
41374
12236
54167
35604
46638
11396
33131
42567
63798
6312
2755
9756
16232
36921
41311
58619
63531
36603
35606
58241
33170
32799
20154
62377
63738
62530
31739
10268
60224
52083
56411
26710
36680
26916
59258
11794
28462
51560
28025
14940
21019
9073
15027
61067
15754
294
22457
3177
27618
64629
22798
58796
46898
63948
38350
14360
31882
17729
3344
28745
43642
59139
42847
42490
60087
47380
49907
64020
12039
657
18976
30921
63508
15275
44705
4598
2271
52641
54365
23039
60616
31085
52620
1774
2309
17346
30983
21182
58919
58543
46558
44247
43034
55096
19459
11676
4845
61301
64723
65415
34302
55620
6058
5449
33161
12099
60847
2007
39751
20752
39642
22989
1526
35690
58431
59617
7987
17114
22807
54829
47425
47035
34890
51708
20845
40450
58718
14378
56780
42508
30268
26758
4793
10871
46143
53137
39556
65311
14542
50642
59942
2405
15423
52738
48433
56106
36679
60424
47421
30042
39636
4301
50488
30656
18437
33356
46901
14996
23219
31779
5038
44283
61179
33435
25157
24513
64067
32545
10612
36376
9091
44956
34803
32668
45710
49926
51553
19165
35255
1307
55457
2325
12490
46953
49975
21602
64274
11423
65258
55820
31901
14705
45815
28216
28196
50458
36293
39313
7716
39900
42602
36431
39293
6309
11804
28966
59967
38955
10318
29900
23687
56975
21794
54403
5375
45876
39740
4116
22082
9039
11482
2288
60375
24420
29257
5126
36855
4460
7037
63662
11211
62169
37210
41225
28567
60280
3999
14615
32631
54233
36584
13498
57640
559
54646
40720
33781
35323
22389
5011
44193
21506
49557
65351
34063
26122
19567
40406
51231
41748
43901
63783
21314
60966
46182
11930
49456
23015
59312
59228
38795
50142
14385
18585
59352
20112
46257
25818
37841
24048
24019
8074
49144
7523
8549
26885
7127
59843
8846
60607
14729
2330
28334
55861
46139
23244
30724
28097
34480
29026
26138
40453
49747
28547
20138
49278
2346
29583
61750
63102
46180
23228
9425
15481
39867
59506
50997
29275
22558
60298
13714
51710
34541
51551
58018
28856
45068
39546
36965
20882
42666
30680
5308
33970
40623
25913
29888
33205
29945
7008
33407
18540
48395
22317
16745
8819
42806
62174
54836
55118
12864
31527
9431
4257
59814
25100
52640
18367
14420
30053
16761
14885
43717
61216
27361
56387
56705
36579
39338
29466
35048
7135
44638
25550
34671
58286
41617
63776
63399
11940
7361
40514
26073
51243
36475
63784
38439
23080
35965
17193
16759
36681
27489
1378
28810
683
36267
29316
50766
35093
7880
49459
8059
41705
61565
62003
15880
31407
25067
28134
59280
2714
42943
64234
58094
23247
17092
32424
4861
61430
33399
63166
43638
25933
22734
10018
48408
65482
61437
19836
23963
62222
22362
13642
2486
64024
1152
4042
45447
30855
22870
1163
2801
6946
60667
20208
60137
48045
21374
20321
42377
14665
42072
11857
17295
19809
61548
29919
1228
26864
12017
2235
35192
56126
24942
55062
51491
18251
59381
14273
59378
16330
53956
7234
51105
65301
14145
38322
26334
50932
6323
53620
4608
20523
13957
44776
18974
42584
52603
22581
38656
28088
52082
26689
42865
61169
19167
3058
29674
17644
26417
12974
54437
35647
25788
65103
41255
61759
62732
60358
3770
41482
23561
36382
34716
47337
20083
12635
58158
21383
9235
25795
19597
20123
46497
6749
22993
56355
54037
8830
56332
26455
10587
38544
33314
34485
39477
6353
53418
29501
49997
35193
8986
64763
3285
55888
34696
43333
45256
7117
6702
42506
60588
52016
61997
52089
54115
947
56967
23380
37503
13283
45844
34632
31546
48755
3258
46036
60540
52074
42172
8873
35436
5627
64105
31455
44363
61339
64794
13915
30759
33239
62844
12612
57577
32706
27463
58030
36176
5442
20770
46750
46457
11058
51794
21398
4814
65108
63900
43117
18777
38404
4933
34662
31496
5965
39975
29004
17568
25604
41295
9116
45565
32715
25521
26320
19099
60090
9180
5259
16226
51425
52223
15525
40594
56032
14731
49472
53739
44327
18576
21667
30196
56069
33638
36910
18522
12828
15751
35582
16638
41496
60775
60421
41703
1309
35666
48074
28982
17615
22103
57351
52732
32411
29758
8022
34835
48591
18870
26227
44932
25796
23390
8090
64628
30491
57110
9049
23260
60285
46027
20821
34471
55692
60610
5626
23345
46203
28803
24430
37632
21767
61555
32142
53786
52362
16799
55843
45174
58831
48996
33504
6231
46110
14386
38997
49985
37704
7714
57176
64562
7417
11322
58389
46400
6005
1651
26600
15204
19571
54983
45393
39580
21904
41901
29974
16928
11203
9499
8490
63928
30089
7173
16932
62868
6419
12093
46466
40490
14127
58097
37437
40880
62437
10446
57455
52180
58683
145
18359
10475
21186
10152
63890
41270
55345
15967
43985
22368
4786
64253
48311
55214
36150
23394
52562
60378
8602
52267
5398
61937
47080
65002
65377
58407
26812
26920
56209
20382
55054
29819
31586
47649
24726
8860
50690
20332
25438
3473
34669
48812
53303
12969
6548
5310
49934
40264
64952
34278
19195
61447
9519
15963
64364
8464
10346
38757
49709
64282
39058
39668
11901
19876
25634
46974
43918
23093
33704
55253
33431
47775
16546
5508
44631
57606
28111
42738
14144
63497
2130
44658
30757
29403
54254
47812
29179
1677
27199
52388
54771
678
27874
27350
9520
50608
42312
48011
47206
57384
22406
52128
37517
42978
63887
51601
21552
15434
9306
45760
13356
21407
48747
24609
45286
1363
54098
21764
14750
42676
16931
47955
48961
852
29360
6227
33196
27569
29177
64330
2379
49237
49731
36927
23
30490
35611
816
8519
64318
28925
58670
27216
19234
41127
53566
28691
10515
32991
34897
42179
62411
59944
13819
998
1260
8762
22949
46748
38181
28198
19380
37327
18609
38674
64748
63411
40916
41087
1829
3720
37542
23949
12025
21111
22220
3297
60767
39320
48555
21148
43861
10566
55745
23231
47039
18615
38267
12565
51604
18120
65010
16450
63688
56037
2542
59792
7835
31957
55826
62700
45126
49126
21547
46344
54132
52405
12355
56455
52418
15273
11578
54981
21927
62188
44383
52184
44808
15122
43159
23769
25350
1052
24173
46028
18336
9972
4209
45627
61232
60673
60897
27922
7109
13562
59945
17085
60228
52291
22233
25384
39235
15172
33727
54270
57584
13080
29118
21889
51121
35774
57847
65528
7769
48386
26242
33980
38816
23649
53592
41914
13795
37145
57602
24450
36577
47403
25899
5805
4858
29858
41992
62703
53282
6262
36400
41513
14373
44763
35276
5960
30311
59017
37069
31896
5109
42791
35444
59343
48380
33668
17350
43033
5184
62397
46924
4930
45035
42316
52466
28361
38542
56039
31987
56821
53736
41248
10735
7295
57586
15398
16200
61784
26879
52806
51709
32943
23962
15946
42630
45851
31059
55901
54000
45823
53241
33545
23205
23678
49670
32641
44940
10197
48652
10755
62832
17275
51447
22280
831
9133
38310
26212
6864
36568
22376
47952
4455
48403
59928
58750
7607
46011
39793
58374
7164
46251
61378
1775
51213
6490
3314
24732
59001
54335
63451
17649
13033
60931
63659
31226
44946
91
52272
10486
45085
42809
44500
9191
35781
65230
11127
8349
31178
33024
63480
65192
62187
50141
25380
29540
59514
62889
55652
3761
6659
29892
14591
26547
64325
14220
2652
396
59437
26292
41814
56789
33707
62895
18376
765
33741
18210
9651
52133
4064
7865
22360
41170
12665
62916
23250
16075
17422
58531
58832
58656
47584
28936
1962
60681
42452
63528
50148
42055
12970
65522
5743
7760
8262
18030
1541
39749
58847
24460
249
52438
21424
18451
40037
14014
58225
38126
15866
56671
4311
18653
62029
23132
53616
62947
28294
26169
25286
4214
26427
42650
18967
48774
31756
42608
20624
48170
10570
41542
60777
49194
21289
9653
46149
29181
23129
62927
18773
49842
55592
63576
27105
36958
46146
60445
53360
49286
24157
39763
57065
56766
8404
11798
51221
9021
10028
44431
64749
46769
35177
14692
17453
63829
12127
43505
26646
44449
20910
48780
32800
18159
19791
43968
53182
13119
61429
60969
19203
19795
34305
3293
31637
59560
29800
24542
1412
2065
44935
13878
29526
12932
12412
47772
55374
42880
21059
3267
24117
53375
1272
27639
61979
33623
31258
14051
24621
64444
10328
37508
58454
42006
6499
48771
13701
9418
56818
9631
44687
2295
20983
60537
29330
48163
51009
37295
20591
13447
2805
23506
42520
43594
58592
62805
29067
21993
45894
9305
15609
45900
51547
19744
35649
30145
30159
11675
12605
37208
3940
43454
44032
60373
27135
14599
10182
32323
9331
56286
63486
16816
53858
40349
12901
63777
5621
58354
57491
9216
27395
46620
58890
17596
12905
27825
50680
9734
22672
31484
51552
37365
9532
1418
36891
32621
32351
3021
27908
45575
2911
64187
58693
21847
4978
6987
28450
33924
41899
16960
33861
47956
29993
29856
7131
4652
34523
12560
4728
28823
61066
24728
50018
55792
3237
31704
61623
19302
34959
55806
32152
62968
52784
21454
15579
24253
26030
15006
48502
18116
59685
16993
56487
51405
51727
41798
39819
32347
2937
63824
61551
52520
46096
15449
48680
22929
50059
300
20374
31583
49534
62458
20562
56738
60362
44292
34175
33896
27967
41793
728
19701
37978
21866
45477
21851
33258
42819
21500
45387
37567
22009
16353
16974
4272
8280
44190
29996
40579
55890
23764
16240
7542
30016
20291
45910
16964
27052
43479
58476
15138
7157
15954
54287
11862
33226
36995
60817
41855
22950
2427
47625
63864
47912
59949
50494
32613
59152
35210
17005
20333
11546
12426
13824
39935
1901
5845
12372
54650
28621
44587
45613
42609
9980
54585
33066
61955
21250
24935
4056
17826
21580
30977
4949
54313
14988
18778
58971
17664
22501
44867
37947
45011
58641
12890
45037
57518
21656
64223
14277
2376
47384
27276
5830
36740
24972
61891
56184
6240
32552
21651
62993
46321
21932
14124
61329
3327
12567
9856
31376
62659
55174
15682
14452
42393
3060
45933
54383
59311
4573
29083
50926
52791
42067
62556
3210
43490
21914
55574
63043
54541
26113
31104
1765
56712
41002
59786
14664
1213
52743
61768
11821
49612
58395
11737
52051
46348
45585
30046
58828
18908
29869
26132
18039
28721
33360
35411
19213
7356
60970
288
62942
10976
16467
61954
58975
59837
55680
58211
19538
53755
60638
2108
36819
39467
5836
14285
41621
34054
8116
59047
46907
18559
16367
11736
3419
57282
49478
26364
29965
58948
38351
28882
18312
23676
39796
40028
11231
6083
52756
44992
19846
15661
62633
64017
3678
44466
28501
58357
12953
29928
32595
60235
12945
26945
42735
50257
32197
28406
9648
64394
62874
15585
36933
52265
26968
27688
45888
25036
3731
15013
4084
29423
6200
36654
3018
9742
29710
24190
34356
13150
1867
62232
63133
30619
36272
57443
14050
23894
30454
31418
50017
13554
30514
49630
25902
41625
14485
17676
18799
13970
43233
30225
44959
15349
4438
19761
5862
33663
28288
3217
26355
65411
24982
49431
27293
53534
34697
53585
53076
34384
18056
42211
38986
63273
42028
5532
20043
45721
49711
48590
8904
15951
36737
20301
41871
16095
13500
18470
65265
1814
54584
366
30095
54379
33810
25999
21867
18416
478
47258
52782
36520
8534
30389
38397
54844
7111
2200
39285
5025
6243
8135
6254
35213
43959
26716
1790
63624
15744
32967
53397
49172
31035
57109
15653
1315
33867
47490
50993
34032
20531
22102
814
59565
51586
36593
19782
42595
24960
39752
27022
18248
13637
17851
26357
32505
28984
64089
44623
44007
41138
60542
64902
32546
13869
15195
57321
25866
43401
25038
36497
19734
23112
3583
13186
18060
12374
49687
24208
36170
39544
50303
16390
64218
10095
48577
52131
56921
53509
12642
16015
12672
2002
63371
46254
63877
41866
33607
1787
44580
32410
5400
5075
49940
28977
52231
3620
52135
45067
57655
616
60606
21849
50386
61559
8816
64043
22975
3968
22659
18666
25983
53246
44121
62699
1983
32414
6851
3677
8026
32317
43784
39295
46236
60070
23562
42651
52535
18199
7923
4274
44613
55744
35928
62972
53696
50595
491
50207
1236
23788
19125
9281
52393
42779
13265
39352
3269
59239
59357
39832
2729
43805
32173
46859
55712
51519
3879
5669
50154
42268
36613
23034
35202
16456
3738
50955
38695
13107
47766
54683
46000
35220
25361
18999
49724
12397
41797
54274
37052
2723
7249
55684
4245
3562
53545
62959
64666
44579
27701
1629
39240
25280
6161
37426
63059
65288
47162
39563
4863
63242
19966
20818
10653
23358
38505
50927
15310
4799
49958
43834
43185
55802
15906
8537
24993
45992
5392
55929
38870
64352
38856
2227
65405
26631
28829
3075
50657
16129
64196
38823
61234
27369
23276
48894
48694
13397
5748
23639
43509
58062
30608
40157
5235
31544
27287
26415
24063
58850
28340
56959
15537
54640
39965
53908
33169
50371
36523
33278
22897
36065
37030
22216
40752
60337
59353
53882
35883
42501
33495
60395
11847
21334
18324
5168
6744
39620
8684
45381
55071
27091
53237
59991
13145
2232
64665
49733
56378
36504
26112
21201
8217
1550
50579
27378
50978
42562
45810
14682
46614
52561
64265
8025
52803
20725
25868
63920
2204
30084
16559
43391
9208
56634
54626
1839
13900
38559
53041
9605
50988
32256
59461
36615
2802
30794
3530
56754
25608
26639
9313
23671
53929
53257
31843
45908
30948
12053
22218
53677
8147
24947
36989
8483
36984
25034
60508
40182
5600
12270
8126
2538
32498
6514
34759
42356
59168
65291
12842
16144
16073
22002
50956
53233
26258
2480
55649
56995
3624
32754
2533
25629
43194
60726
27736
57968
56815
41038
2906
13602
38283
24855
6936
50578
35103
12797
54583
1369
1352
25462
41876
25810
37286
41557
30691
57668
58799
27201
58780
25115
40746
45055
52927
64565
54731
41928
56045
26277
36596
28633
35458
64083
27018
46906
14636
63892
65178
25128
28479
15530
23057
44823
58916
18216
26262
35963
54193
56066
55410
53685
31036
31161
22982
15377
21396
40708
3850
25883
37174
49201
21180
28094
9149
39736
33241
50293
19326
586
52307
55165
58645
31898
33079
10281
28720
21726
17236
12390
19247
35858
45378
9881
50711
14740
58914
47128
63862
62810
21529
7392
12936
53705
15869
4131
3174
47431
3023
17139
34931
18009
49401
21313
58164
40636
38564
48305
44106
55124
10960
45637
16362
53988
2993
22495
5599
48798
64752
2289
60482
22846
59627
51574
7634
28839
35631
18166
29663
17624
6181
28973
42149
39772
50522
38447
5781
19218
25654
24634
39703
38793
62876
44942
24237
4885
24767
45758
31307
49802
15338
487
33979
58674
54868
592
8006
3751
41294
43704
39664
32510
15648
1612
56747
16010
6998
12448
29002
11968
4521
58061
56311
62322
22887
44654
3929
25183
42146
8125
17384
20035
16668
62951
20206
36456
54343
57180
46887
61681
47210
4588
40409
34859
51875
54524
24962
16069
36892
31017
53776
39834
28398
54614
13142
20575
20570
5516
60604
39788
17873
34323
43956
42730
60668
50067
56490
32847
24186
43421
60413
43372
38054
14216
28244
2394
48508
21870
30235
56927
14681
51293
28871
31187
49577
55068
41501
58489
20946
2247
63258
21648
28342
23808
58697
26857
62194
16288
60762
60656
59817
27870
29947
2117
21576
61910
15750
2887
64316
6498
20488
35528
22812
4984
55978
64694
57403
29757
14428
63146
5484
16637
37081
53735
40188
27227
36200
54222
5253
53864
27595
18981
36902
37904
22437
61359
30873
16861
43241
5699
20345
22493
16287
46465
57121
59635
27568
11772
22380
43434
28927
30970
40779
48190
5424
58711
55040
20492
28040
47653
3261
2182
25518
43623
45419
30072
14436
29277
22347
26051
7429
53150
41200
835
21604
45373
62064
60520
15921
57980
16208
61011
46310
48456
64808
25307
12482
58690
29845
3294
41417
21188
18020
58608
19968
28933
13348
41119
42391
5302
31942
42742
43758
10790
29754
20517
57638
28339
53980
1515
56695
55472
25328
40094
45883
48371
17744
61070
8599
13102
39896
12462
22344
46856
19070
46058
41720
5306
36419
14504
58797
60564
29413
39201
29144
11800
21129
58120
32501
9463
4691
34647
63255
38948
31274
674
51201
48710
17441
25564
36389
23823
51626
1701
8723
51608
15483
25116
16770
29032
19527
11412
10478
50500
50511
28716
64583
32335
29544
24912
54261
30472
9999
18423
52783
8268
24309
61014
18533
63140
42655
6501
43337
51498
17617
21222
13122
34909
43575
48794
60023
41221
20912
1437
23056
41603
42270
59653
13351
385
57257
35758
64717
42614
37338
24961
48031
64146
23496
19141
19722
28646
61723
38878
40041
64537
50408
46742
44610
5968
40225
28394
5993
11766
52709
11123
839
30931
17621
3616
18332
33942
17417
11475
34807
20788
40169
17495
34761
8418
55481
57229
18022
12279
42448
17560
44584
27937
18570
1854
19491
34976
23658
27940
60071
18365
21965
27367
36008
16980
15991
64327
60171
62926
56972
56347
32656
52123
185
56966
40195
17557
1122
37021
63455
44632
3153
16474
26021
38008
1478
47999
1406
46209
42643
46522
61657
25889
46904
25661
4293
37092
14568
64447
17026
5629
61274
6360
14247
27912
2557
22998
29537
23691
60383
15328
24795
52031
45571
16040
37211
24751
65189
24120
44405
752
34683
9144
40194
930
23657
33087
24920
37172
21486
27977
19889
37827
29628
9569
52750
56515
61205
56904
63378
7640
37204
59923
48015
11440
17243
38414
59701
10545
36374
23483
14069
50109
63715
55138
44459
32041
28002
39044
26554
56021
63280
48736
49754
35203
14182
47556
25680
49343
30295
37455
8874
40068
15730
38066
34921
5231
1243
28579
4887
36445
54039
58551
1384
17382
27808
15789
61593
63851
46152
63741
57622
543
51005
56784
45249
53869
50805
28373
4616
16091
46151
35305
42606
65326
30720
40048
10691
9414
2806
1554
2291
6102
27305
6108
22226
60161
30343
38444
3535
49052
6088
21842
65330
32047
60849
36085
18771
20061
46521
11298
54375
53330
6750
42294
54846
11537
15832
47245
32489
7284
58903
47394
38594
7853
60287
56556
46839
64905
52015
59291
55961
17665
10248
18516
1383
42440
64328
34604
1928
30562
2613
23456
12313
14049
44952
18759
13829
33808
1927
49848
36219
20458
24712
31343
38655
61200
20982
5147
21326
58596
58085
30300
61844
39869
52616
63346
32891
16542
38199
4459
16588
58027
31598
4449
7819
48536
35952
31787
50182
56808
34973
35176
54911
14873
36923
8955
37640
40786
15384
21417
42409
14463
53253
11657
22243
1390
48249
17106
550
1462
26588
48810
19989
22196
40950
48476
58905
62987
12744
53010
61913
27036
51117
51658
50201
40145
54694
28249
25068
54006
40371
64451
34920
32379
2347
1521
24882
11063
27741
43368
1842
56011
43862
2966
46355
7150
56060
42641
30060
62966
47306
12393
24393
50628
2205
2449
32543
60641
17375
53797
762
30189
4882
43273
773
65077
24575
61485
49624
13153
10759
35755
36144
27248
45278
59896
14565
60209
24813
4545
26630
5990
41337
11718
352
15098
60465
38354
15944
52
35405
59266
28589
40888
24691
637
55743
3315
12438
54292
35245
24395
33486
65436
43687
22652
59776
59750
26831
46613
58576
3948
50709
45946
17528
19959
61715
62039
55129
35034
37883
26668
9912
7101
61421
33761
5174
20618
35939
23795
28907
507
27077
956
60860
58391
10037
25106
14312
33406
53335
7647
26434
61445
62804
5848
61490
17756
47814
29751
22079
15805
61823
32814
13129
33826
33213
63874
38359
55488
37888
28544
37838
38086
44140
38864
8972
20799
13665
17901
36493
36857
26460
13505
23924
28218
40733
46
59130
25294
16508
12756
17845
64515
13437
40771
30966
46700
55388
7686
64147
59339
42733
27148
8896
37093
38869
57975
55414
15514
20723
15464
17274
22791
43494
38531
44211
7224
55556
9909
58671
20252
35508
2773
61684
9432
14335
13893
11311
27360
54673
14704
48080
35876
38742
37033
38334
15638
38704
59834
26717
39735
15372
59638
17438
5597
35510
29850
47889
39994
38875
42109
19367
16430
51079
15823
5992
34268
14322
63763
14642
55957
54912
60305
54160
30012
37238
25091
7879
5808
40113
32240
46340
22111
18954
24059
348
32893
45320
62695
29857
62839
64547
337
50944
18800
44806
23297
50727
28615
29554
18513
59057
35627
12551
53706
48701
53465
16674
3476
3081
23832
41486
33889
8271
57819
20185
25522
65273
17882
32168
55051
11478
13582
38180
21480
23871
43903
21954
13726
17806
30803
19500
62308
17231
13190
24727
36068
23916
35743
27153
44916
24904
1174
28091
7948
39354
15757
57892
31332
1622
64938
26234
5657
24163
24569
8049
53083
42564
18903
44029
54553
65532
38563
44759
25763
13810
30515
33106
19474
47689
39357
44142
33533
21243
14674
62417
51146
61510
11505
54323
48018
25578
64750
2962
7973
50503
50726
14932
48557
8278
44127
43264
14986
64819
48185
55616
21113
36407
64092
55120
45568
17884
52286
7128
47940
48635
32952
25093
1053
5911
794
1646
21906
52189
52798
58809
36530
19626
20429
24242
39671
1781
63189
30810
41069
46114
36511
42126
35459
25568
49487
85
28000
5423
61594
31335
5526
47457
59584
35086
55675
57382
411
30109
55930
5195
63096
12712
61080
19958
26756
42059
7152
31433
43818
44453
7759
49657
53007
13978
56765
6222
36221
7359
35887
10126
662
48431
5875
12841
24283
32611
7929
28899
384
30563
13229
15602
46394
47583
37764
34774
22866
64176
23494
20840
55529
25598
64203
38090
47440
3117
40631
37971
46583
22965
24437
17739
9489
22137
43514
26866
21945
31519
57765
24328
17800
40801
47975
61025
33712
44653
36358
35041
31351
24008
4667
44436
8413
9517
45343
30520
33916
49904
65259
46051
11000
12736
16207
11350
44820
36127
12985
6651
44274
6624
32793
725
19800
31167
29391
4052
13623
46801
48444
15356
52278
1681
46014
738
54565
25140
65008
31566
44060
23993
43
45732
45403
33309
17640
56880
53954
34628
45122
16807
26686
47521
53168
58852
64087
64189
10270
6661
21519
7811
47131
19967
4382
16446
21696
15343
63692
25439
37671
49511
40974
36183
51390
4188
48529
31482
4842
41571
42709
8593
18968
20514
3231
53514
23606
1672
29619
30914
52819
53376
13225
14961
38024
13042
26788
23813
11032
3208
11903
9870
12341
9059
45201
57473
5755
28402
60469
56579
65062
43131
21105
32547
38888
48113
25727
64585
53154
36467
19073
40351
49460
8890
51899
28122
65049
56329
28381
28351
32880
39139
44742
7822
25956
7871
52259
19084
64538
42121
17325
40815
52003
40840
46345
47056
46334
11340
62461
44421
24161
33782
33581
10945
51382
39629
33183
10634
50784
14125
17689
32225
233
65082
41580
17370
36646
47473
37004
25690
31079
28900
50057
38947
6844
34379
62718
5221
8273
51363
23434
50906
53695
16513
61749
50894
10009
17570
16933
27535
42030
32848
49820
50958
61463
46342
5316
61861
29635
50471
40209
61457
33967
25945
29113
25150
6016
40900
20036
56750
45114
40307
32211
9422
17049
52514
8673
19048
43741
17609
51345
49722
43311
24453
40668
54231
48482
37758
56664
5383
52704
18362
54500
63056
47703
36976
24075
5145
62615
49971
18178
2840
25187
31286
6158
51544
43444
48411
32158
7540
37170
63435
46542
20837
20286
52702
17351
44179
1033
60794
59816
8887
44533
43845
37416
46944
19414
5692
1970
35153
59430
5055
43972
32917
1252
452
1448
58202
62124
36263
14460
48144
59957
53571
31169
52506
27694
22521
17186
54832
5211
31577
34311
3464
4828
33534
28516
56386
26241
24512
53541
50717
41721
56466
7661
13450
41122
14341
54993
39221
56944
15116
60761
61736
37967
20520
15408
51021
25130
17265
17745
38053
23718
30466
25123
44555
12677
28316
56998
16888
19738
48168
18864
3933
58786
39533
50649
55445
36393
46489
10320
63513
21198
15228
44038
4237
55677
4843
55321
27026
48137
48723
36187
11509
4189
8179
44077
14092
33137
59294
54081
3699
36072
17663
55844
40013
11066
59316
614
45689
37153
12859
43850
64360
49781
54816
29999
15942
16462
59769
43235
15103
22165
6098
45696
25764
38728
6826
33857
11501
60781
50553
32535
48174
3352
60472
23608
21491
56398
320
829
43376
55198
55580
42907
45495
47622
28889
55509
42065
61930
48284
47853
41868
5918
7085
11753
64853
24914
18746
32941
33021
17754
41543
33426
14782
49906
41146
55304
61817
32795
45481
49327
18690
6939
14984
4422
59712
44626
5023
8834
64315
41691
26852
41632
46102
26622
19663
65160
52765
32909
58168
20989
7514
62867
53754
24333
34027
55703
49712
60054
12976
40844
54916
53662
42554
17262
34975
4201
15060
33370
61035
51949
43883
4830
4076
26745
37309
14170
19361
50843
18444
10136
59889
8614
33117
37857
38012
41207
55134
24435
32286
34219
6755
23115
10697
29816
23021
919
30155
6511
23804
1165
37230
2209
24978
42370
37325
12138
3760
60587
12856
27202
27257
50949
2172
64127
11131
31579
34520
10687
26462
54351
6007
53148
34651
40780
17183
13056
35462
13988
6409
23451
15600
30359
42296
2971
48551
6941
6983
56709
23150
60182
24056
28542
42458
57796
9779
5350
6645
2539
1262
58685
51462
37342
35559
18090
51837
18784
47167
63652
51830
41618
27777
21526
65134
8
50465
51214
59570
27394
32012
53874
53892
60614
36826
16257
23169
17926
1696
24286
32840
23880
35132
16995
53851
29627
11890
39173
31718
63011
39055
118
1880
53497
11333
9043
57318
25058
61300
8417
2040
32171
6179
46651
8406
23830
20678
32420
45729
1324
24901
6153
31796
1455
38047
10818
46123
6908
35624
2201
10000
47867
16231
29072
53928
58536
52826
34277
11403
46579
57841
694
49759
8284
49072
44960
45590
40565
24939
65382
46440
13711
63505
8332
49767
37709
29493
30790
54854
11025
29318
20098
17002
35725
11893
6782
7346
8548
17218
43760
23742
48967
48017
59072
6924
11309
21820
34586
43523
11960
32652
60504
2566
33522
34597
52577
9202
35644
41989
55091
58668
10844
20925
63623
39854
28140
15194
15113
20863
10924
5551
10892
56778
6594
35664
18839
40412
6957
33020
23590
33862
41986
42
48413
31362
60973
60284
5213
38784
16417
1182
58129
12792
36333
32216
34233
56892
432
57044
16084
24196
3808
20674
14957
34388
22818
22783
14248
34383
6748
5113
20710
22995
57692
24284
7445
63199
12724
23519
6796
7922
40032
57681
36498
8400
50392
32885
30307
52170
50782
60836
57501
60788
63894
15263
33152
54356
22244
56654
5003
4901
29355
34907
4079
61279
35679
25607
17637
2841
17849
50100
47376
15973
28005
4235
38965
25230
58482
24730
53853
209
15400
36039
37447
220
6512
24051
8083
50577
103
46957
58083
45479
25885
13708
2472
65222
19329
10238
27058
27075
17587
14035
3445
34751
24688
8676
35007
26314
9601
932
36294
11698
38028
23049
43112
51960
16431
51999
17801
17927
9954
49385
40427
62075
61221
13974
37088
6846
7476
22900
47529
52400
34494
14493
16971
32659
35022
24085
45463
36338
65162
35609
17272
18748
21790
10753
26504
62201
34499
35212
13559
31409
363
632
24200
33989
44470
17674
64073
34112
37096
4785
49777
37236
53064
279
39294
15224
53190
58870
29445
42397
27303
25597
25216
57402
5649
7123
41061
64693
20404
1021
64117
42302
55453
45173
32264
31631
27322
42068
25184
20494
35702
3032
57759
20198
12302
28380
17258
34081
42953
33416
6169
17786
50460
54262
11245
56911
39708
64731
37779
38170
33201
53940
55167
49423
33699
63954
22910
57091
53646
48564
10273
64576
39974
15890
35628
27608
33217
61452
7572
50034
51923
39045
64709
45515
34331
44014
48260
34005
8279
49921
5182
52567
39326
46966
30413
35471
21004
15627
45559
59404
23611
65520
16675
11751
62481
64301
1020
42879
19285
33865
20217
32694
64165
28213
18841
3797
2064
16802
38892
15908
40216
17576
48840
40484
5601
56231
13426
14726
62040
19982
41458
6530
4817
18982
54523
379
12555
26407
41702
2799
41316
59809
21300
28932
34458
40852
11149
14372
34522
7810
47560
28180
48686
50126
45707
37091
19713
28324
1080
2078
2659
14516
54964
28206
13610
2123
2879
17544
64391
35419
4690
43993
16314
28276
8980
49458
65140
14742
52284
10143
2753
2112
30610
28698
18918
40741
618
4183
13034
5332
25514
4023
51661
4314
12256
51510
42874
24816
39337
49853
4873
8054
6900
61302
30611
54905
34490
60792
4540
6728
53226
6798
33391
31576
46731
19164
48912
3268
35473
33385
60928
546
17834
29952
42859
40827
13263
61383
24529
58787
63713
22247
33218
56028
14909
33156
40612
52977
53713
4415
48881
62930
41725
48716
35472
52739
21657
57485
43940
2849
49417
2157
22814
56871
30634
23312
24035
60765
31346
21411
57415
53963
10345
39489
46506
41622
23697
13280
27059
24495
39801
53614
11897
37361
37688
38915
11705
29329
14147
7981
6475
53353
36289
16754
5502
62148
23178
9685
22211
24436
52276
22594
56876
14663
62879
36993
2087
58741
40321
45012
52966
15567
41699
52060
55190
31098
5690
5385
55696
49736
6064
9233
23623
46416
51299
62857
30820
2426
59690
4470
13133
26063
8337
35581
50046
41141
6890
10029
32322
45971
34153
11758
50490
2474
60409
32853
49267
7216
31861
41017
31469
59636
43608
39553
13828
15092
37249
46935
55605
56258
49774
159
46319
34636
18789
36744
35542
21483
39880
56986
4503
38928
32640
30633
7066
6916
1214
56119
18370
61950
40465
32283
46993
18712
41328
22305
25241
46881
61854
51124
29904
7374
47050
62028
34075
9764
4947
48379
57511
7270
55936
65343
19328
28628
21659
28468
9383
32090
31786
60497
41915
8260
10895
36302
15959
38442
51158
5905
60444
17981
1812
27325
9265
6049
60900
1937
32178
2020
51952
16794
48423
32508
39449
5921
60460
27517
1828
26548
50650
6001
22857
56314
44609
1940
20092
52979
33456
59366
44620
45462
41077
1498
9872
33467
58676
12154
23458
5042
29321
21304
60044
23346
28063
4481
54596
1553
22651
1280
56132
64019
6737
12958
25275
4433
34979
32962
30913
10588
3520
54420
33730
58694
27955
11775
52010
1754
12273
24636
33256
23199
49
40694
34154
44854
55338
38176
13853
32074
48707
55667
40069
20886
64177
40442
61682
58502
21854
54730
57019
59522
50589
45706
62364
12044
52114
38586
9074
33469
7142
38039
53082
54707
27829
9913
24709
39131
4344
47580
52106
8935
6120
63582
3126
57778
5976
14716
60829
52008
7895
36428
21126
8648
40231
4176
14797
38205
7859
590
32010
57058
57544
59128
57664
8089
30124
63622
35670
58616
35683
23750
41089
37892
5386
17159
12467
19666
46272
3782
35297
54218
25110
4202
57770
10170
26780
64777
55349
23869
56724
51759
10985
52822
54527
44655
51760
47006
16585
27896
50380
43520
26546
42185
27913
35083
46258
34256
15
41315
34029
27020
38268
36790
62604
39388
33112
1590
53270
11649
2514
64255
31808
17144
43766
58716
61540
40503
24545
11601
34464
4577
59980
57192
47469
34792
59704
217
58516
59649
42639
45143
37946
51506
28159
4593
63708
18832
17804
57226
54516
63482
33492
27547
49941
7757
3517
25850
33636
53889
11113
33105
33116
42043
44535
3670
6547
58654
27792
13109
52240
33451
56762
39643
51718
18358
6688
60688
65460
11706
7659
58575
26510
63720
31594
45204
37480
56419
52164
17822
10726
44666
8420
32645
18836
17038
25748
4998
64499
12813
4260
44578
8732
453
61272
26271
4339
43415
21127
189
60842
25844
15541
45253
50810
35723
49785
23933
25063
28469
27747
51915
65080
53556
54354
65254
1641
64989
29485
6785
46324
36562
4492
54421
34613
7749
43063
51990
31884
57740
10257
36349
4444
30341
52250
61531
5610
57502
41114
43654
42918
60304
49953
13210
48269
10209
23538
47076
47082
9884
19786
33093
47141
51433
46741
31675
63458
50282
9627
30025
33198
22108
52174
47876
64760
53420
4693
61740
15076
59828
43600
35180
4075
18093
37856
65270
54120
29369
10595
24355
47314
51701
30128
33947
58371
31529
28651
34672
46300
27744
23851
10901
44109
44672
8283
7517
7510
59009
33960
61311
40180
64657
62642
17567
23125
39826
54622
14133
36683
35115
1795
42362
13477
62318
39576
58712
986
17819
34070
28610
9112
33996
41395
42967
7699
50363
23008
26203
58634
53416
15232
4394
61981
58976
31565
29846
42020
27403
12278
30306
44026
6621
2212
7459
46995
9052
58455
8998
40509
59479
36648
55432
33647
25712
20157
17250
8696
34045
30859
27106
1196
26487
60717
37997
17860
35156
11660
61192
64200
15796
47070
10889
48490
21494
41024
37783
11612
20720
61978
6345
61558
5360
64148
36673
55928
40095
26015
22886
53445
57676
46234
61694
4604
21335
57414
4173
42142
7501
7494
20991
56504
28866
16436
42063
4349
60742
29936
7677
7670
10021
65187
8355
32739
52091
7715
29405
3814
4331
41202
51429
8440
10066
11683
63308
64557
40065
1798
65388
33358
61259
53630
53835
38245
6518
39405
42256
64764
18417
36549
27715
61470
46980
49249
64854
5033
26388
59361
48537
14219
58000
19392
64779
49392
48639
7291
26596
26602
59574
43761
45304
48610
23602
10225
21435
5319
31809
59677
15175
14965
9745
16229
5465
44293
22560
11602
49397
7682
30559
16409
57839
7154
42681
18485
59929
54022
61583
29934
53623
59941
45890
