33770
10918
42931
17775
33492
41598
47057
3781
27675
48208
47315
10984
52948
36510
29957
47326
50834
38637
54787
37975
2497
61235
43625
32057
6355
42960
29814
63941
24796
14109
16948
20787
28816
43126
33327
505
47312
53921
58663
11961
16678
50712
46050
1062
9366
37899
57433
35427
23285
56596
49042
12351
13758
56348
47769
44347
35080
6904
12556
59678
50963
24476
48509
36609
21375
61653
25444
23036
20910
14830
16803
32357
57706
7802
52682
7855
28330
8222
44454
63442
38385
18090
23779
57203
2949
19707
3124
9092
16613
62608
44716
2536
61879
61713
233
19370
18785
60663
39183
28662
30320
7769
3075
21294
45906
53695
46985
39840
44236
39533
41763
62809
817
42000
29640
61645
15771
60294
7345
54079
52819
47942
24250
34354
48172
51199
11470
61893
26742
36367
9847
5021
61230
40538
40634
9598
47574
56873
22186
55182
64705
8454
32329
30117
14330
36474
64813
35754
60384
18140
43859
8249
18856
7000
5350
1765
1416
50694
43659
32892
23172
33764
4047
25959
29550
13284
26575
11833
55043
54658
50529
63935
13015
52195
30732
52753
20382
35800
14669
23327
27765
60045
8611
52729
26232
55471
13007
38400
35587
9742
46901
34872
46864
17765
35253
14979
41138
32115
42563
14865
48560
46892
44653
57160
3165
11883
15518
32126
36426
8243
12716
13327
15152
33337
19050
41962
19650
27749
63507
44618
24073
38082
56364
23857
55334
14620
56642
26733
7959
36634
52691
29555
61305
64967
14223
29670
48946
24126
16621
14217
13487
51493
57195
31106
59120
27664
59970
5945
673
37172
32854
53502
41070
58291
53725
48224
3621
2163
52661
53300
62570
9935
63295
21185
4409
53011
23824
36290
22896
34765
41401
36463
26881
49921
40397
55650
7911
1703
41964
34370
12178
64579
49390
1808
52743
6659
10663
28912
16653
28557
45700
19279
58740
34383
40995
2745
5411
45128
60146
21450
19
61508
2647
9945
8503
37012
50966
29679
7543
51765
49966
46064
28526
52223
45330
47988
19913
42630
21408
58671
64423
35492
20920
3943
52782
22900
8043
27419
16951
7231
35323
39325
62475
45546
20866
8085
59245
35572
10463
35188
22545
38558
8972
9074
5952
65029
34804
15529
1834
39956
63231
39967
64145
61916
33712
33658
19568
30989
25992
13887
56089
34378
31674
47573
18577
4098
3405
7743
63197
5979
31912
14698
32960
42045
44101
48388
7436
6419
21906
40177
5182
12405
37782
22246
39062
59493
38009
61907
11775
22733
12805
13152
46934
18593
51836
63050
32615
37076
11138
42580
47915
53177
34243
28762
59391
57280
42263
6710
5311
4152
51547
64701
64330
50518
56912
44692
18525
47745
53256
17194
8202
60675
48247
11120
38257
39203
46256
16054
26571
33291
60763
40569
3240
1080
53123
47229
39100
47261
8891
23477
19492
27954
3030
39274
60138
27373
47078
20790
17568
18626
60786
33551
1589
10779
22675
57763
14781
36923
22566
3140
37972
29254
44266
19247
25981
63759
39249
59448
51702
28927
4337
44087
36666
16468
51238
10161
4268
32192
21037
22105
50609
696
23846
15116
40302
14733
64643
33744
16526
59276
34855
64214
10823
12387
14416
6292
9584
52693
16402
33497
20650
20690
8928
47754
43575
64834
15900
33866
25491
63443
21151
22685
17175
37646
13854
30768
39607
62824
30887
717
58410
9473
43219
26165
38410
26683
46971
23266
6766
31487
15154
58339
38759
56228
21013
60063
22501
18029
18963
56393
41390
31311
26307
9536
52822
36451
51537
55755
6443
9036
36919
61788
35977
21946
42765
7501
41879
29791
36371
28964
33085
3965
64148
55054
56714
30878
8100
17392
54967
53166
14654
1240
46434
42216
27938
49564
48135
9832
48853
63753
39959
28137
8857
31399
29210
40860
39862
36652
35458
62059
10407
60358
62065
27883
42113
7391
11691
44708
23810
46140
52582
62701
64922
42417
40617
39381
47568
39645
56071
14384
31710
47922
13631
18060
57497
11947
54135
1402
19749
5195
53611
42301
20792
13649
37998
5758
14437
39936
39955
58649
13280
58381
29856
34792
37222
58485
43582
56817
21490
15214
35212
12307
9242
5896
12482
8390
43848
6670
22018
54879
10679
27598
52184
26973
56716
25462
25498
11805
56949
12266
54390
3760
57821
34778
60927
17829
34938
62161
51140
53335
59250
41505
26046
2995
58969
16350
12598
17539
2421
32402
13473
10913
48488
47729
50164
11828
59488
53213
29065
34810
61855
26017
15615
11363
14991
52215
36313
59512
16287
54184
42458
7541
8913
12259
5563
2723
13856
8683
19099
36748
10845
21922
18341
28674
7867
9637
36072
13788
46347
50268
1069
36865
48824
17256
64757
2650
45601
17190
20823
13910
33907
29818
7134
36147
38606
48740
26525
20196
52725
64435
61139
54410
49125
58167
46093
44234
34606
14642
55310
37386
9721
57083
21920
14561
13664
25103
60013
55416
46321
55061
21021
59219
37058
37426
3691
6879
43409
60672
17507
34107
43702
40337
31521
58359
46898
58281
20944
17694
30751
31844
18017
29934
9874
43638
56209
43446
2531
19758
47128
28632
20315
29473
42769
15484
28261
61444
56141
4849
44831
10178
63841
55651
26319
52361
17002
54942
53332
60381
47343
4319
34154
12951
55424
58656
10213
8876
46073
40928
52066
10927
61673
24994
39728
46487
4021
18152
45426
4424
50105
4012
8105
42248
55716
35310
56696
25952
16972
61711
20612
26488
1637
50943
4591
38214
46308
44815
2460
41668
54561
19195
31941
26721
30354
31137
13467
28350
30064
43597
31018
60087
6007
60669
4367
50604
39809
4913
49607
12818
33791
32165
37543
24267
44470
47248
53719
22893
47428
47795
16485
19538
61447
18851
42517
53641
36427
1210
52356
33567
42307
32376
37127
39482
34703
45114
45658
1667
42958
25430
60850
63019
18419
58423
355
1708
43041
63147
31322
48790
12677
53380
20772
18316
30523
18644
8055
40002
9140
2331
50688
213
31835
46748
57616
42225
11969
398
27228
62477
8885
6945
34675
9158
22303
40675
49830
26361
30816
46306
38158
58917
58819
46828
12948
2660
26568
32094
50789
17842
48893
7148
13123
30702
2562
63680
5857
21999
15162
48294
39302
33343
12246
43032
57662
62350
54993
45339
8264
2863
58382
63194
42379
21494
28385
24785
39596
59454
31834
39725
36738
64998
8191
47611
20869
29630
23260
5638
41512
24043
19160
41594
61890
15823
59535
51242
47929
37682
51215
584
64042
58717
1954
43360
759
17741
59815
37981
6126
11774
49961
19865
43877
59940
9564
29349
29474
12502
10104
1074
10188
48562
42990
61943
36878
19756
10830
395
49741
44991
47890
25826
7973
916
63722
4498
41590
27150
46563
10088
53313
43946
38773
37524
13890
4732
11673
37470
6704
18749
7371
56005
55894
63920
10883
28556
64920
17476
1136
60932
34546
12552
34605
12709
26240
59442
45835
63688
34384
50413
64927
44364
11719
6026
18611
5526
11734
5794
26176
17374
43418
51604
26739
26798
16860
2801
20401
30839
32812
15111
12411
8574
57247
42570
2867
47548
18480
29706
44089
19253
25453
29559
16034
17784
34770
13918
20882
60686
19198
51131
8807
506
8541
12173
31786
2596
34151
31060
60159
2883
3417
19905
50623
50981
16374
7031
5072
9157
37823
28248
56061
33922
38570
16171
41701
886
64045
64414
54446
62730
29235
63090
60482
19014
43900
7108
9770
42424
55338
51021
19822
44320
50603
7837
12970
2127
50526
37321
57114
57685
65179
15845
4931
14898
1092
16469
25728
37068
24707
19482
63480
13450
47881
39288
12276
63479
43568
52272
17345
5852
18170
5414
39754
18372
28252
47502
57538
175
63816
30469
7382
46006
52218
9347
28810
55396
25441
26143
59333
26995
43396
3234
26559
16766
40251
46633
59492
42569
52738
43730
58865
8320
22404
5418
1925
40521
5417
5498
34180
11171
60337
36915
36603
39829
4893
15320
6246
45238
15652
60065
39717
31625
64865
23911
8651
49842
13827
3231
1086
65512
47676
5473
5300
39487
61594
10745
24039
42369
30868
30185
11145
36773
43105
47420
21787
38349
32596
32650
41013
50994
16117
8542
60123
8689
11069
61878
3631
43110
36960
36649
282
40312
35088
11392
55666
52166
55964
12768
63430
1265
27528
3565
7426
8430
17409
43411
537
2078
2362
12189
60008
12680
28263
55635
42466
712
52404
11983
59392
59459
21175
15495
46317
15454
54490
33982
14935
60965
35231
1358
58301
44892
17425
25296
36103
17150
62729
18903
11187
9223
29067
19272
54936
433
54350
25180
53990
61151
57405
38835
33990
44702
13916
54950
44233
55085
37885
50094
11705
8258
13310
55380
65150
24390
50228
33614
34398
21897
18181
16594
16562
62901
30259
55238
46094
52042
40168
47506
53667
15913
25533
22287
57317
34468
16113
61845
61733
10426
63735
20529
27385
52151
19701
15585
49444
61231
19182
23296
60723
25500
46681
53139
38484
37626
8291
63798
8486
9383
20661
39056
60638
37255
33671
64868
43609
3770
8848
42841
35154
48714
14343
33892
24253
36816
30950
48059
8020
26343
51546
37296
18168
27304
55806
12760
38448
61965
38071
8158
44125
54995
63690
55783
16595
19790
56104
35311
21896
44950
38834
10346
44020
39589
31400
20697
47743
6902
33718
58405
2784
17021
42648
12206
37890
18424
32416
58676
26431
16632
2667
24122
26569
8887
7584
2609
22935
314
520
62112
58284
1124
26810
31885
60142
19964
22634
52115
11957
27433
28256
57239
65194
14080
17518
21661
32711
5785
15596
25630
1719
29766
61740
11823
25619
2925
12192
21852
4876
13731
14156
2557
24986
7166
56906
33416
9707
54851
31385
29631
12895
59126
2191
53568
3593
25119
11873
27653
35957
14599
25206
14428
44054
16051
29789
33617
56653
40868
32969
62433
63375
8465
63865
49867
47753
10619
16115
3042
29048
49142
29382
13626
22016
39340
62714
57729
21798
46304
52885
34434
14890
25557
17811
63817
43732
40905
51782
30866
46965
5715
45782
54519
64422
30349
5763
28444
34663
5497
13429
24398
2057
39360
33904
17009
1551
23303
21835
13162
61716
54459
17068
8042
19485
25467
59244
43940
34862
53955
13603
35468
51897
44217
22773
61812
18139
58689
13214
11350
26398
45166
42354
10682
63593
23862
32590
34173
56377
39783
56651
52322
39836
11846
34214
21396
1981
32281
1999
36352
29288
32193
4768
24405
57210
33178
18845
30617
23598
3197
6647
10503
53107
54862
15851
21059
30332
60709
22318
21067
3061
3471
61051
40554
8969
56157
58257
60647
21337
3960
29182
53625
23647
17184
52095
13629
14423
2107
3827
23535
31910
64894
59602
23245
22597
30740
21394
32996
27236
41206
576
42143
44704
5742
33144
58177
38236
2471
15468
38240
39731
17387
22043
9769
54538
61883
47085
9813
7772
14762
3376
31812
53062
35705
29584
11420
38273
14903
17723
52143
57957
38822
19567
47059
48749
55189
3523
36040
2407
64659
23909
1189
46179
35521
54701
39192
13373
11346
63361
50407
9096
37795
27535
26979
9805
9346
18547
63269
56105
63864
4626
29958
9015
51946
36967
26374
27846
63624
38193
59886
24966
45052
65499
54802
23904
21099
31763
22979
517
53929
21491
6665
44540
29410
27530
26250
29444
58688
64233
19425
28384
40363
3689
42780
4327
44127
58228
57894
51900
58634
57050
62309
50287
3213
21644
49477
11530
19111
3994
14489
32088
12843
29468
58166
58898
3463
41403
19688
53654
32512
21309
45948
19310
30445
47314
61857
42389
41886
55668
31253
42277
35674
36802
47694
16249
56028
35716
9271
30821
9739
41835
59506
32478
13762
57220
21195
43244
13724
43010
49426
16145
54322
36314
44446
3220
49157
14615
64975
58867
5101
43395
31708
33760
7703
41099
22341
56877
40194
5198
24438
26790
23055
63029
40503
40098
53014
22868
11011
34064
39734
6847
13674
49675
13469
45760
8995
34925
40450
42031
40404
57725
7842
40745
3951
58841
46573
16608
5343
31526
25355
34389
53488
56167
44970
11930
14867
29969
23094
6639
29752
4292
64783
48752
20584
56316
56478
63912
16581
41341
18282
14870
13716
34745
59149
37237
27867
24314
7696
27051
52611
51792
46601
6492
1985
54931
48687
47173
62561
56662
3577
27330
22085
57205
59405
48759
58437
64551
63258
49099
13801
8485
62724
52079
39454
63588
18803
42265
45405
42092
62083
26730
41932
20495
62740
22258
8464
32798
20956
29798
40529
5783
35715
15687
20761
36566
19109
30592
33016
10398
5986
38661
45199
41270
18284
30406
8456
62185
12025
47141
36124
44728
7997
8722
46534
27212
47372
31177
9969
3251
20031
40691
43978
10376
47340
55192
29753
11960
14037
20175
57771
8596
28872
48566
33812
32842
31651
4946
31894
48284
22830
48812
2729
3536
19125
54176
1642
36724
14586
27851
59089
31270
36653
40292
36735
8573
17685
42355
5750
21502
13875
45347
17827
11155
12018
12543
50534
18188
31754
59323
12840
47485
39830
60239
22629
36069
30190
52966
63674
39446
41419
17163
51134
45108
35599
52688
22968
9123
30241
6966
56437
47673
35480
35593
48627
9629
4698
60708
62364
13133
43601
43104
8725
16901
53618
3111
31286
11343
14021
11268
29281
39248
29842
24213
34285
55980
7187
62795
51453
53637
10798
6512
43363
42115
40518
19181
50472
11517
26676
59751
18325
61093
16112
4235
18198
24934
58386
17613
44722
56514
50640
59371
44461
38126
17473
16413
16982
57694
15291
56015
2219
53959
42877
60370
51859
39864
53886
28169
20290
32820
1894
14940
5074
13967
57959
25476
59961
3184
65188
38204
7749
62530
65090
13919
2301
7315
12587
26033
28606
12242
36429
31230
49567
42361
4691
56383
7225
4798
47628
64375
21981
9406
13262
33060
56220
46908
854
39743
34144
29273
16121
9657
25980
22470
32916
61586
42823
39465
61897
23570
24348
53514
61055
12896
43029
22836
9489
14677
26188
57048
27061
18980
14000
44767
30347
32970
39069
39999
21314
32000
25005
6942
57133
5684
7753
44727
65103
40143
24959
9852
58548
51615
45960
26254
1294
57099
11219
46570
5645
15413
64417
22002
2594
43002
26738
24061
41834
33914
48229
62774
61665
25661
43553
8338
63853
64050
52240
41997
56050
17885
29373
63516
12814
46902
11602
1915
64291
12830
45845
43945
34499
14757
62579
10930
30181
38638
12866
53319
8011
35262
21154
65316
4841
65166
43286
20221
45609
45662
48437
24585
60601
41690
29510
15324
36581
18671
40861
62210
13759
39435
24414
47771
14308
27615
62578
46910
39200
62434
14817
35956
43295
15085
36800
20967
54246
40820
22086
58095
39064
39993
62956
62425
2861
28307
28395
10672
55068
1882
24868
5733
63244
51338
38060
22862
54212
30059
63036
48126
17978
55702
7904
20864
10602
25649
12643
1444
41862
49506
21160
65465
26768
56254
7493
54196
4835
15928
51930
16984
12165
53870
5112
35463
29461
22075
55777
4904
8446
2173
16556
6357
47888
53531
35464
363
55863
37672
61747
24822
26621
4015
65159
37119
9115
60817
5697
11140
35690
60705
3236
934
21024
29745
53323
34067
11288
65527
23840
24837
7636
31359
20084
29618
13136
7411
49767
9454
47780
65435
6132
60336
22203
4259
15478
44164
15418
15021
61967
64623
40103
21512
59656
35664
52106
41424
974
36764
59160
33915
36551
46866
15793
6590
39268
4304
30966
24457
6600
17791
13446
29022
34502
12939
15784
6093
19229
41184
62132
64697
51311
38917
33755
52938
35961
36116
49825
35962
26322
42485
54182
6333
27785
8733
18032
14774
39057
20828
48371
29717
10224
45691
31189
19299
37220
63139
59261
53665
9109
4468
57303
138
8002
41990
27595
21669
20653
24608
110
25515
11452
46643
14151
57462
2706
29058
26013
62755
46653
54028
14434
33528
5978
52513
65395
34135
54765
54630
54030
62414
30690
61684
65018
53132
9543
7870
23427
40145
55014
64615
10292
55325
48507
3123
31966
60926
10023
8546
48755
29610
52373
11867
55623
24491
734
41965
32823
15508
8732
11160
58977
20167
45145
56283
17821
10499
13882
16165
33014
31426
63003
7191
43805
41057
14869
35500
15521
13088
39711
12311
36805
60210
13156
25529
65199
32555
32656
30831
42153
24128
14108
22906
6964
64538
10728
45465
57856
17899
5706
27599
45986
24485
33372
62085
35704
2634
11876
20245
18704
22959
62125
37071
55339
7590
40755
40841
59146
60947
22381
31816
7173
7265
49501
21958
26141
22047
8626
39184
55118
6737
62746
6402
35530
3578
22483
10568
60367
19311
47400
22133
44730
59515
61906
35845
56327
45447
56134
15323
49540
49342
10329
56199
52823
26726
33546
44613
2166
21790
48202
18505
20502
4154
17725
4285
6167
22936
50850
60053
9484
54716
23698
20908
65385
37182
13605
29366
44753
27138
48614
14581
39758
52993
7754
12810
55459
32069
16846
31529
10610
18114
60314
43129
9024
11362
54214
50012
56183
5835
10491
57200
36141
41169
2217
26686
45844
44968
57128
46004
61459
7722
39051
42721
19904
55935
9368
24158
6674
32722
16551
38927
23514
60346
416
62371
59956
21608
38539
41346
19641
2488
34341
21452
56169
9710
35730
63709
18991
41859
58669
8665
39407
45787
53019
13822
34875
47120
25259
41741
10086
13359
51761
33645
43377
31795
11406
57452
56965
7914
43735
46843
5083
15200
44465
40699
54732
56454
32222
55578
1046
15932
38345
45836
3125
61854
9152
44904
26862
64003
22397
9834
38565
32704
55336
53932
11276
55820
23333
42212
63379
3203
6678
31114
6849
25150
65332
10078
14535
13810
4404
25652
33463
46276
4834
9557
40888
48641
65505
10590
61180
457
57994
23892
41968
34623
23124
56700
35142
41176
20859
31092
61161
26992
55435
51890
26511
42514
42967
57153
47169
117
19435
25873
59465
34338
35907
7956
34450
21600
13477
62013
65386
33579
35248
11525
27890
63925
53989
28376
30171
63262
12131
36023
36690
8326
38057
15692
44802
4019
7233
23972
10391
60267
12657
34452
10015
4025
22453
63274
56805
56339
17757
8752
6036
32735
8930
55145
50312
1983
13972
22599
63749
21076
35245
20426
44901
5054
7910
3903
26654
50027
8473
57988
56012
64969
42782
43282
1081
10933
31898
46827
33017
10904
48002
60300
44212
51439
53883
8838
64406
914
9142
2845
63149
35486
14771
59330
51154
11110
1328
46086
33814
53670
8362
29188
64152
41827
48228
6906
63594
1649
43981
8448
34288
2696
24234
12826
27415
39424
2119
30130
8215
54199
33435
63500
6819
55789
29632
57982
10383
25035
23971
56320
49532
6830
21133
63357
43301
32232
63829
34294
30882
46460
18432
397
9836
52050
50478
53400
52905
35498
58703
29980
46907
32103
18590
27165
39431
61925
62624
15676
64864
10300
23537
52986
16361
25279
25638
58570
59090
46675
24313
22824
17121
24577
63805
19493
35626
50827
64155
18004
59993
40417
30061
61313
16207
12510
24112
4089
56067
49387
35202
25445
6525
50361
34608
46252
55785
36866
55953
18769
63978
24046
30132
64245
12662
35511
38608
36618
6511
8474
52505
20318
28170
28382
24985
27154
33666
11786
27445
4442
57944
60350
35186
15280
13300
5427
1351
59476
2951
44856
45118
51221
52705
14132
32364
35388
3102
32567
48924
24319
38703
37851
3609
15108
35270
31302
48104
13853
49600
41991
39190
19047
22300
23376
54747
41641
4953
22778
38618
34926
5998
22561
26386
23382
63738
41951
2691
48993
28278
7880
53417
9437
64424
60511
8653
1593
49601
26029
13072
52565
64590
46938
49522
55011
19134
35870
56960
43875
36004
1230
55662
44402
21001
62697
19573
41653
49257
17752
63219
29130
32537
38490
13908
3470
34759
34934
654
46804
25262
20902
10645
20766
20375
59789
60673
8774
22261
54379
24636
33015
58144
49735
34631
57720
52770
11661
19322
54472
59502
31296
23453
9917
43944
24791
22479
47837
54983
58594
29754
901
53345
8945
42711
62276
51751
28659
32770
18381
38654
27652
62068
25781
46437
22850
14704
315
44581
29167
6111
9545
21617
38506
33071
4392
6841
7627
28159
44094
48705
37808
36387
23787
8357
2461
22849
47462
45807
17858
33616
25481
50347
38910
56803
46119
57327
36373
13208
19877
45492
5115
13036
63797
65015
16237
48852
39102
48674
48138
51736
59548
39946
42882
30422
45189
44500
31464
57743
10059
21476
40508
45746
41328
25712
62834
37
3800
22698
14337
50155
39301
6939
7782
46075
47933
19690
46142
19813
7458
10132
12084
50146
37274
51672
10897
24593
28827
13768
46137
30608
37605
32616
19536
64385
40552
26186
47638
44877
19179
40936
51668
32064
29872
23283
1209
17702
23071
30143
18009
58804
53207
226
7395
65418
16555
31828
52564
8644
2891
3613
59736
13048
49882
61887
32689
22572
21116
49909
42550
60189
45753
55363
26778
48716
60173
91
62749
49752
1628
48327
40130
3882
45672
38359
40412
57415
23493
7562
28575
3099
3886
7182
16312
52768
17679
16534
36239
20666
16175
54818
27796
32723
59811
54609
57801
13168
61591
9571
43531
21205
54593
40331
7489
40817
63781
38282
22306
9289
7744
8277
39604
42755
23312
7558
60655
53079
54623
28340
14515
23208
27027
42253
446
63665
15933
11417
20980
44156
20603
41210
63216
20850
50086
29795
571
4894
9645
9273
47844
44783
21122
42980
2377
20942
34526
8363
40246
29059
17732
37896
13799
62034
36914
47661
25321
37043
10347
56884
21785
42058
29408
34057
22991
4060
42561
39837
9043
48450
60952
41559
65353
60432
57721
18718
27478
10231
27253
52009
19228
54316
21864
28531
14552
11111
42612
7154
23754
58064
60902
65036
50765
19989
16021
56309
57214
5147
62852
3070
41830
6116
56081
54275
42298
13600
18163
4417
25074
2809
11339
17843
42543
19153
37364
37986
34781
33508
28738
3981
51211
4699
9174
30533
34114
690
56153
63411
43402
53544
43348
60695
50017
40688
10996
46890
47310
21409
62836
57212
47065
46593
61193
22400
25610
58755
52250
61234
19010
58999
25406
954
29879
39376
39647
47166
64939
21060
23203
47758
26043
60612
26032
50396
58127
5000
51483
12340
25080
13809
16267
46330
37054
47139
9294
40280
19941
62876
33753
37859
56322
64638
24095
34594
49282
9960
17202
1342
33141
12348
4727
42390
51907
8631
21971
28
8910
38208
42703
9006
10308
42553
9519
12629
23230
38445
63764
28518
8756
52625
57985
28377
28153
40116
6031
10126
27955
15631
19124
65033
36375
21015
61330
22884
1496
4131
3768
59595
23244
8828
13684
11863
16077
58198
39083
8914
11518
13354
37544
26094
21966
20565
14252
56087
56758
63338
7913
15342
8865
28720
43935
26567
65509
1027
44854
10508
34506
53569
61577
59203
26732
40862
12673
27558
13034
42729
53564
40693
19806
37891
56414
21522
35336
2126
40690
59253
4176
40740
63693
61981
23930
18355
48146
40152
46208
32767
21918
23150
51318
64853
51195
57074
55795
58857
26932
27839
21961
52483
38622
46132
54542
18054
31712
29115
25272
62340
25271
24052
19548
36324
3600
57577
34109
9608
37752
54669
32585
36121
20169
21890
54266
13867
19130
39598
52224
18670
19880
24601
36244
583
55409
13159
29594
57691
2386
63492
2144
55638
14634
43239
16524
65242
22689
51472
2718
13872
61167
32654
25864
54443
26328
7637
60176
293
14837
41333
37597
55945
2975
51473
6851
10408
48145
44622
56044
7715
12743
21642
1200
54746
21536
14268
14134
53389
17812
60157
3817
1030
44659
4582
41914
55639
45039
27129
8173
21072
40317
54571
19652
9091
25820
65205
165
53446
25614
1336
1252
40321
17025
51775
1479
10976
25446
15645
31983
19464
24209
39335
47756
20540
27215
30512
52936
39297
16874
61149
60034
34422
56248
22094
13227
55247
49180
56659
8194
15736
11699
52013
52467
9032
14799
9656
31107
56610
50133
55817
64631
55498
62139
40829
60752
221
46193
442
39732
7425
18816
44931
55731
8133
62216
9627
35922
36452
57735
13035
12865
52365
40798
60625
62275
46941
64734
60994
61045
27576
21795
53101
62801
19138
39414
39973
17246
30519
27303
61006
52432
20044
5964
52001
22518
21651
38988
10737
50910
35005
26838
64677
1262
26348
10004
276
10579
38790
36957
1924
61281
35306
25452
22993
55398
61464
61423
24340
37760
55422
41157
26487
51893
41448
51591
28700
1557
43777
26113
19706
50464
30050
10812
29607
26276
33349
30184
13167
54575
13526
51832
8317
56336
28590
37889
27435
28688
49559
6271
15404
17453
33423
44203
48121
62676
33082
64475
63191
30713
43663
65288
12546
44252
11075
16116
11331
52204
24058
26079
48792
14097
7169
64748
41049
4053
21659
46742
62272
54296
63671
9080
13690
16118
23677
32177
41654
44960
56631
29091
51249
59170
4402
8558
52880
18970
47790
41979
47055
24129
12632
31178
2273
129
3527
43706
13233
52102
48652
14137
13244
28753
50437
38991
2098
64822
32576
14763
27717
496
54480
24692
57843
50297
13255
35571
28316
21336
22891
39648
30563
10894
41178
59236
59162
16359
24310
52289
29586
55908
10274
9199
44593
54900
9665
18068
22292
3077
46725
59582
59144
22707
35406
49317
27525
31970
22503
59242
36083
41074
38548
49560
38885
49856
25526
15919
55819
34773
33389
3081
37023
28786
49723
815
49056
28528
47394
13039
27577
8460
25796
23940
59953
51816
1614
29321
9648
60338
60309
6836
23946
25802
13637
499
57681
62490
53278
54917
46600
32066
28488
37207
16941
46860
3190
62484
754
9895
23731
14351
59538
46262
17326
296
32221
7029
58586
52267
14758
523
19995
65062
37806
16004
47581
48573
49456
43897
7414
34309
49834
40625
38874
42054
42516
1043
26281
42267
34739
13999
37298
27022
34182
13709
39134
15472
65174
53578
18234
46476
17575
26127
64485
14682
15008
18622
64261
12094
2473
53699
51896
21088
31948
35124
3892
32007
45568
1451
61242
20794
36178
14788
6539
20930
55059
434
37918
12512
1068
65183
19012
52891
17913
49423
64021
39493
51261
51405
52653
19212
29674
43538
14703
58366
8955
28671
61168
32710
59854
2659
11647
15287
24531
49905
26809
37932
33357
58011
45599
51015
17558
44684
29232
36613
52833
17500
30057
14470
45535
31318
52836
23332
43595
50899
44867
2890
42929
30282
16993
3416
49475
12838
51340
11175
40209
647
51369
2482
47810
45776
3389
56399
64758
58034
59411
46080
52657
63308
35254
53357
60853
42132
2574
23349
65154
48365
57911
45706
27554
41765
30158
2984
31110
22329
37251
18890
25495
41876
38730
26873
19163
19373
16185
48129
13694
56032
13197
60202
32409
1319
29728
27613
48747
47347
17015
29612
33149
60001
49081
23851
25658
42244
44293
13928
62220
3728
61307
7623
48744
47354
54247
45978
53260
15347
4511
13797
11496
40581
55524
58549
48870
58993
19086
17968
41164
1787
27914
35099
41196
41232
39580
35645
14551
36702
35106
41775
32458
4445
42849
11335
38270
13412
41216
25897
57934
21967
33973
38510
63702
45202
38432
44804
13886
56728
35565
44747
5148
31905
22222
5804
4455
17232
37640
41348
48302
45111
52397
16579
44200
29466
62629
64428
56415
46951
33584
25558
14011
64247
61266
17196
24107
50947
31785
33745
60990
38584
6567
8750
30954
7204
8041
50238
57553
38507
22646
47616
16742
30009
16320
30991
26425
43465
12227
44344
17953
50538
32157
47263
54639
14234
46924
31581
25785
43141
35688
11473
32840
3348
15299
37003
30297
28990
20439
52401
45153
18809
12902
12188
36259
53309
8415
8501
55768
3822
5481
41243
10121
33146
29094
46025
32493
49947
40158
35998
55144
29237
25391
28935
50076
31010
2343
49086
18061
228
17569
3584
9221
64343
55123
46788
49751
2030
51966
45526
22264
34841
26267
16574
49855
15628
32698
56830
2850
4588
19783
32548
9854
55743
20030
38823
19136
13519
44863
20528
42851
40128
33415
40227
26069
60867
59291
19395
42373
29233
14012
24652
42702
42984
33872
10385
6364
7422
20638
45895
9491
6705
7095
4448
53330
52011
6816
21793
37792
62710
46375
44669
19776
4454
30961
59319
54327
53220
972
51150
31295
56897
31933
384
8273
60733
49904
54683
19427
34150
50711
52958
14188
36374
34229
15266
62787
63297
61623
16461
21144
48829
8371
31505
14899
46735
14973
53055
24466
48767
41085
20557
13778
42334
47688
35965
63696
41145
1971
52156
51236
31759
50470
49176
56146
8685
1932
34588
15713
35459
36028
26041
50611
55090
23467
51677
29639
4941
17007
13174
24383
1727
21960
51682
60554
41662
53036
35727
38560
42102
36987
19555
26598
37838
43425
39865
39838
20775
57746
17966
15218
27448
14989
12385
51213
13055
23185
18885
8420
52690
24318
6729
32757
32404
56356
25433
27509
27457
56931
63051
47401
40029
41103
2897
15785
12002
51596
56950
52423
10867
31932
57480
64075
46120
1921
15184
8203
56391
42542
46403
37139
4044
60427
8841
55685
61746
53339
58104
38848
16200
9975
17132
5983
22708
8932
37695
61336
58523
56962
30246
47453
32531
21767
61331
53021
44218
48737
33303
31272
50445
10833
60166
57841
30675
50908
22916
40156
28067
42632
51500
42730
12783
485
54627
8218
39394
34344
36964
44250
46234
1418
22804
58210
55973
10626
58213
35398
49897
12255
53490
43972
56883
63567
25193
32190
1577
60919
50849
26390
3741
35675
33304
41922
38084
48831
60560
40422
23166
59733
50613
5677
52975
64803
64745
47789
27817
25623
28857
62019
4930
41735
55844
33196
61779
3731
25923
52508
61678
51415
9961
35981
55691
51129
15871
61656
50579
16352
34749
26680
16128
59424
57615
9670
2443
27207
2593
10050
16040
37056
47870
18669
64546
3279
39149
9816
29008
29850
60246
32523
54876
19948
6128
58142
58816
8195
23695
55124
34984
59135
37908
60809
24815
61853
14605
64777
34292
62838
23573
2755
17287
3661
40795
45254
2330
61117
32532
8217
6046
32018
26265
47216
18887
46918
3513
27353
26180
29208
36854
41644
30198
29144
47264
42179
60249
37320
22034
60745
11610
29523
42157
57504
5813
7518
4434
4421
44483
44227
2964
5513
43390
34819
16373
32926
14900
184
54168
13833
35734
29998
38827
46070
40223
34936
41192
50038
36370
57993
44826
24523
6304
16354
25063
6403
5126
49900
12346
56504
16768
35897
8121
60423
581
44634
20141
33277
32817
249
58798
14543
48869
46414
7453
65055
64217
61681
1665
34463
54055
49434
35132
7419
25133
22585
32312
23429
65191
33619
3465
30313
1566
21736
18724
58824
17344
52048
31924
24186
56324
38185
29147
55193
50066
32020
5547
34884
52507
15939
18667
40167
27223
19070
29073
47010
34634
26021
22395
57202
60245
22696
58624
62319
64899
35046
58672
9427
35054
43424
43786
40430
22703
55520
61415
29128
1556
19848
33661
61865
34981
21588
7417
53681
46597
51375
61091
52757
52742
50743
26324
2310
27219
36669
28952
58282
8186
34345
36515
14100
1353
40426
36200
48881
57831
19839
5136
52196
58984
34848
42433
37703
51252
25660
55744
40388
27120
38504
62231
4156
54599
31444
31594
53733
59235
27257
31673
48151
49
48499
32292
58953
14860
34461
48866
19443
10512
14028
16465
29889
15788
51518
23272
62715
28893
21994
42777
30548
6592
54448
57431
32695
35535
40566
40742
36732
53402
59271
56484
11242
29068
28066
16685
14503
51986
14172
7512
41488
4596
20512
64468
16436
52980
21361
13492
44734
63428
14322
24898
55212
53128
38741
23039
58336
15555
13038
29280
26876
46350
30586
47980
26675
41583
11403
12221
15229
1317
43592
5264
31281
25590
56479
30228
25414
5469
63938
63970
52998
61769
26220
28842
50199
35808
22110
34582
9528
48028
21765
32834
16552
267
47692
42807
27096
2544
61286
54892
52591
1500
34066
15400
22755
53816
35958
55986
45830
55505
62492
21378
60450
51523
34941
11469
63751
63786
12808
12817
24498
60522
16839
42123
35281
49519
29057
9407
41357
15869
46244
2068
56453
61781
10026
26869
64440
33726
40564
37708
11768
45673
15030
24346
33591
22815
27837
44717
24679
35127
28009
61073
39267
13101
23675
42695
54274
53917
42996
27230
64746
50281
61476
185
17929
60257
27571
43224
41926
13838
27660
27982
52629
64437
63954
16880
40912
7806
40944
25962
23632
4925
46373
11946
42488
27617
63553
23129
36625
44946
25351
31119
35446
24166
9905
25786
56811
62053
18857
55092
15237
20596
25316
60829
613
34146
48512
5864
43942
48037
14667
106
34865
44981
17296
49517
56111
18373
656
43407
50288
64416
3852
18863
6597
45321
45859
22673
51534
32301
32358
39294
17006
28297
1982
27100
23404
2526
54192
6752
24505
57844
24512
20223
47370
7613
28634
21134
50187
34861
7172
9509
33589
11526
41130
40189
32112
19040
33280
32482
55807
11369
36714
59234
56432
17329
20415
52749
17421
85
22769
56566
28375
30356
62208
33841
39518
48275
7224
43880
49746
61661
24834
28312
4466
16504
14180
65376
19127
3177
45488
35136
20398
9922
3383
33047
18261
37074
41936
55185
20703
33974
58683
48734
52018
3396
45215
36283
50589
43444
16286
756
4714
1146
38006
32184
53609
6068
47379
64252
26971
47488
29400
37157
19191
39672
10924
37269
37811
9016
37072
64753
13844
6029
38750
53598
37822
18352
56433
6106
57113
10295
57230
25710
35964
33633
15786
62830
13733
58584
61920
27110
6962
16388
5568
38737
25717
14943
61056
14853
5022
45290
56936
7582
47282
56959
60061
29947
9767
108
43038
27028
2099
7987
46154
30227
13393
33647
61397
8466
12947
55218
42965
30094
13658
13959
27127
19898
17457
5695
31437
54793
45750
33132
36158
39641
9295
64001
60149
17349
58479
41838
61608
46488
6048
45079
39796
46650
9505
61607
39952
45078
10909
39673
34599
38652
46138
15980
24926
24963
12223
7190
11573
11822
36399
38641
33701
51116
10141
12021
37253
2174
47293
44809
57437
31244
53149
41078
7016
40403
44571
19455
2555
29422
59810
43237
52874
20206
54049
65515
25181
62366
24004
30867
11455
2860
42324
24854
4070
37474
10957
10667
26384
24364
27557
31890
47186
21831
9188
60312
3888
26169
24092
20814
55654
36006
10158
32780
63315
10248
51041
33981
53894
14910
16082
58705
4164
7444
26596
62974
2749
51635
48342
45084
13665
53689
34451
59409
38569
58945
17305
64109
22310
42057
28547
45406
46581
7184
38612
33674
25890
16427
39278
54673
57
30671
6055
14374
51932
6084
53346
19440
11685
44656
33639
17114
54159
18881
18067
18078
1612
9433
32769
39276
57319
42041
32778
6373
14568
55784
38909
55688
40229
15564
54450
1802
60330
25643
57177
41084
57251
61057
37598
42273
46533
20871
28981
5034
31109
51352
3794
37671
43422
47254
46371
5150
46511
16347
51046
30196
2539
14278
30692
56736
19825
24156
60620
34199
50819
29735
7930
6874
44452
63255
50462
51328
40058
20614
12033
10003
39179
43274
33365
19896
61549
48395
2476
65270
22358
64290
46186
50408
17632
21628
27021
48356
3170
50650
45235
21709
17133
19722
14572
25697
37904
45813
10263
39741
61849
6397
3414
2872
16132
18408
54183
32932
30004
2794
25669
52943
22140
43061
62957
4936
19754
59443
59669
25228
9434
8674
37526
51703
12453
4771
39970
45233
57630
50127
8022
45690
55770
37001
9226
27626
6846
46135
17501
56301
22697
64897
10243
10409
22533
4383
44002
9381
18663
22385
18465
8973
48048
33350
35004
47045
45495
48055
20326
3497
22396
25299
7624
39401
347
49929
25524
51080
55898
26836
37966
36692
9968
17662
37116
9792
22934
29765
15084
61548
11396
1170
55026
20035
50703
33153
49884
24089
45794
10217
62851
64731
35877
47851
57019
7704
46948
63157
43975
36785
45559
23277
28274
5954
64032
2722
42839
26439
51750
47868
54075
27468
27245
7517
36237
5875
37484
41004
47965
15702
51241
26115
32202
56298
50340
19571
60377
14446
64097
46410
27594
27575
47623
31156
2180
53928
49569
23925
50591
51673
29987
43693
5275
6272
8334
9729
58532
10781
31662
36824
62841
57294
6503
55914
31143
5558
31208
38901
43075
53294
37624
60978
52886
41749
43591
33731
42505
24202
8171
51269
64132
62796
28965
5577
50991
24845
43631
23180
31438
51162
53022
3267
378
25809
5991
55735
5996
62884
30725
45270
2603
42924
41315
29304
10076
47164
42085
41874
59795
45514
54878
20054
63535
53620
36843
59945
2261
12555
58272
56797
33238
19503
19609
42026
20936
47799
29217
45620
57219
20212
60549
32350
15279
21307
14383
16569
58103
8680
12039
18399
30606
30558
6930
50301
43097
10396
39526
42150
28755
22165
30595
46884
5607
2212
11119
45373
14260
45404
5475
17887
8802
44945
14729
20768
41080
12750
11487
42873
23544
41214
4212
6973
13158
31523
16420
4807
20060
2920
45314
14896
53537
22389
34710
43491
60826
18367
62062
23339
51337
43892
43278
18393
57898
21146
22160
18507
2665
23956
23330
8699
10176
43058
26709
45255
41267
50306
60150
47022
19071
63131
10980
21940
25666
42890
57514
62079
52588
34705
63641
7360
1836
61773
9827
4605
5001
58068
1323
11475
63529
37326
1825
30775
23496
46209
15390
51268
51214
48806
60754
27737
40383
15649
40236
48813
25729
44476
9102
61182
29219
4783
37315
19966
55612
11038
55340
6239
50732
3486
35502
20562
64048
18966
9025
59063
56915
11397
15306
9285
31940
8599
23269
44606
24659
59645
57051
24965
41092
1247
907
7683
40345
41660
4203
44860
35954
2103
50067
9978
7694
37417
18689
37567
19868
18700
22930
43454
19420
14812
62768
8343
4852
21012
3818
41561
29279
36851
30098
24831
65083
49945
41924
44816
61287
35049
9955
19581
3684
7111
7594
5656
883
42879
24500
41186
2933
9370
21828
47226
23499
12156
2640
32557
62091
16446
25461
7780
28736
22118
32638
59723
13502
1712
22226
63670
13345
36934
1134
31889
59741
5444
40785
30381
8071
40582
22581
31103
5454
26817
62066
53181
11854
46236
27265
53815
62977
48154
54257
3357
12672
47994
60999
61997
8481
48781
32225
29431
33798
56149
47974
55415
22903
29330
47443
1459
278
53543
28309
28218
4702
9357
1497
52131
3192
29725
22941
35476
43885
38532
24912
47545
23423
8604
40649
43406
34510
39365
54163
60659
46694
65485
58123
26327
60443
53000
36655
2556
15836
52249
48765
47507
62565
14389
46914
17492
59708
9511
34189
59441
41096
53416
23014
18940
22263
13527
43963
33861
32623
1639
44989
4818
18022
5555
35482
65535
42071
24662
30374
24960
3693
56306
23584
38201
30404
45584
10753
49163
2011
5717
30195
7131
49476
33468
29479
46919
31998
36197
17514
51955
59258
29568
32685
10373
10855
26777
193
41312
12763
18830
242
34831
62395
53270
46508
47051
35373
46722
37336
14838
11968
26872
42667
48557
645
24929
36085
13880
11408
53463
48547
26879
37665
18388
34776
47438
51341
45142
5522
29379
55069
46592
45541
52038
53995
42670
64156
35906
49168
35346
56423
45045
45678
36717
39605
52429
64895
33177
45634
55873
38842
7336
64840
11927
42437
11870
28880
32913
60289
11087
48550
58172
12938
39784
36894
15090
27189
32574
16033
23719
2455
51908
18124
55379
24818
34626
21978
13218
33310
38196
6900
26954
51283
39139
5836
31072
37911
18641
58277
18158
49470
43557
46991
6142
40243
20545
28222
35901
14365
50439
44066
54545
2036
14118
44933
50132
56852
50949
11161
59557
12799
45020
167
39022
49053
7469
61751
59588
41064
4816
51348
25604
52624
11900
7993
48257
40471
14813
35300
4255
43680
22259
15617
36540
5876
3506
24894
43738
43834
29138
52495
21530
56152
20786
22488
3105
52273
8332
30170
6445
58829
15865
4239
42108
27741
57197
41163
18595
13993
33695
28300
65328
24338
42483
24493
63952
48659
3358
56425
47702
20671
43009
41953
42526
48750
55839
50776
53091
32186
35721
13180
51003
34752
25394
14283
52430
10718
22791
31950
47630
64948
33275
32900
51133
28292
65032
46829
46273
49320
6291
58679
54670
41503
53237
65110
37827
37817
56257
46116
54533
21821
58131
6315
28054
43919
2697
13025
42491
20583
54093
48033
63955
32099
27270
59076
61350
31927
27379
5331
18558
28871
1304
13266
14501
37511
60
17995
41683
59300
1164
16137
48113
55096
42258
19737
64703
26408
11212
23547
7507
4694
13150
17258
11575
6092
49195
42919
36016
3507
24614
58271
34971
38938
50431
58788
58678
691
6322
61915
11426
59739
3601
53121
32889
466
39046
27306
36562
6331
5053
20911
4485
30383
32095
55583
58756
54776
32602
6190
55607
27363
36036
57424
51130
10969
1281
10756
51636
22514
22271
33137
18043
31008
8392
9537
46239
33942
9555
55331
45871
58214
22462
15183
13049
59432
6195
11748
39759
9809
27720
11330
1060
32468
36381
7693
48532
45612
7686
22939
21284
62046
5242
42784
3924
11204
38567
45554
5801
8403
41667
58827
43445
36048
9415
2835
50533
20236
19454
56337
46854
45072
26407
51898
48511
21270
50110
61232
6907
33893
55432
30672
55016
31448
43864
47709
52811
22859
44787
42735
10618
22208
3003
970
48721
35673
27902
3540
57650
11615
1377
38456
48409
4770
61531
56875
23437
40750
54604
48375
18178
16085
48538
14671
40366
62533
45598
3541
15886
62033
16641
42781
60270
9948
38723
21714
44885
55510
58653
9317
58961
62706
27512
6466
37424
5199
55267
40364
47410
22732
40665
48403
29
7963
54922
25120
59015
12001
16080
14362
21246
43857
26796
6420
26737
7439
479
10411
16091
33642
21177
779
58298
39996
43153
32379
33935
24454
4650
56593
36686
13074
61422
17108
856
39092
65119
55065
25701
9179
45998
5635
24355
39005
53099
45022
50748
49192
63754
58497
6522
57780
28642
8864
2040
59288
6236
21215
12294
12012
63844
59074
19463
29637
17462
31
27630
58099
45059
22633
10520
33046
23903
42133
6911
50978
47434
33795
22746
8924
1034
1346
24138
51250
52562
64338
42044
7682
20392
12433
64559
35805
28817
59221
56019
10545
31657
39944
14045
33
54092
20344
62419
58334
43261
38522
22953
7405
28931
64504
33868
50881
44544
37978
4603
39707
49024
16243
12460
25152
16384
30581
15534
53169
24026
58702
7327
32147
45226
27979
2937
41716
659
4847
24146
62023
1525
47830
54439
47374
17091
4062
7067
25647
38957
337
22551
11274
53445
18708
6806
31277
4011
17866
55868
29638
43836
27701
44155
17936
20274
11077
31351
45403
1165
62246
52067
54129
49365
34001
22049
37701
3648
52831
57335
58305
1162
49177
23212
9930
8760
53458
62580
11935
45925
25110
43217
50972
49232
53360
17122
35387
46101
47267
10641
14569
51187
8738
44535
31361
27772
42577
43169
61211
57063
42541
53032
53697
30453
40449
37162
19760
41844
60606
19167
53338
6194
6986
53660
476
56590
32566
43026
29731
42291
47930
29743
45890
9934
59477
14546
37893
36920
34943
42809
19871
31079
21285
38017
55917
43695
21618
24317
48143
5099
57524
26528
19551
55072
42805
42122
34651
36221
47161
948
54237
25794
58129
20047
42290
53130
26863
24695
9745
53727
53910
4651
6125
17281
52475
18572
55826
56218
26535
32121
43635
64683
188
63397
18715
44343
50836
42971
27962
50714
43450
22754
44637
21065
63001
30769
51045
45820
56760
194
38516
26354
29623
32235
43775
3390
21370
10453
11074
52258
44229
44972
62586
3705
9232
24852
14345
31115
35042
3353
61651
64206
14356
64694
46565
59230
15242
25185
25424
23329
60388
21942
62581
23816
46820
59621
48316
34882
39097
39350
55878
32169
9269
14062
59180
61243
39003
61561
42094
42675
8174
1666
28836
9183
59317
62504
52390
40599
8550
1914
60562
43686
9014
19027
36794
12930
63012
57076
43262
48997
24633
3647
46693
54615
29984
36781
32425
40891
6501
37512
33556
35189
25090
2404
52036
51446
34585
56308
47087
16760
34493
52065
48072
31303
33954
13430
64500
26693
12732
46249
24830
8097
52597
29811
30659
31988
38996
21927
58212
25714
17583
12484
57838
15435
63118
56292
62862
18613
18476
3378
10019
119
61721
39709
58413
39835
34058
29340
20182
7494
43440
21677
12531
46030
12534
11818
31238
36548
7885
3484
13028
64614
19821
11560
8648
23944
11373
30983
30658
39068
54796
38725
17830
49763
44553
32261
37097
2713
38124
62269
27014
54800
42825
65233
52710
12958
51564
33360
35699
16906
8514
48783
42319
4321
54697
3743
47333
37410
40267
7965
28041
31297
1295
44453
62855
1952
3730
61198
5125
5173
30433
55714
43039
2604
65147
54264
63287
7080
5439
54583
47941
27988
51346
41381
13468
53377
52071
64774
902
1610
46345
61381
45028
5058
13681
4113
5636
2192
5667
17487
64856
44691
12296
44509
15531
34687
28677
30920
47441
23434
33174
47452
28628
41391
18360
34681
41756
21839
22507
38173
13273
32705
29439
33810
53008
3176
7464
9881
19174
39934
11880
29291
7707
10712
33653
57309
60369
42545
45994
60040
32974
64890
47599
30948
65060
3974
2342
10144
64126
39886
19987
52251
30191
10470
35963
21847
36765
3695
38113
53167
11654
17633
11627
63173
29536
13883
824
21667
40149
50213
29776
9386
28202
46170
60452
51274
50706
30576
48589
50679
26757
15300
32499
35144
62754
29994
23567
23022
13295
4932
11457
36509
27784
44022
18241
3732
7917
15961
1841
41972
2858
12877
34103
27542
60713
9869
628
23592
36005
13554
4192
27273
52062
58514
36408
2968
32195
20848
20749
3855
30530
22835
48123
10801
42271
25061
29608
27250
35991
36918
49504
8411
51773
6735
53617
7152
18411
3719
25876
19122
61682
27174
9335
41421
26423
42005
7122
51235
56526
11252
22172
10947
682
45738
18447
25698
39575
37871
53041
23941
58328
39975
48022
41224
23387
11829
2521
32249
63659
23849
39974
13078
51922
23090
58401
15690
19205
62462
21972
41916
46339
15382
57809
26794
25139
4943
23308
47423
64968
18753
5646
19714
50054
38769
15881
48334
32250
12034
60291
29434
63677
7654
17967
803
26446
65484
55439
29100
45015
41117
61378
11126
65136
31086
1800
43879
5359
5685
20926
8190
31204
46362
50277
11096
7314
58235
137
20505
49696
48176
40886
9544
57695
45685
5486
63874
29689
64368
34982
64372
13646
35743
4806
32343
58141
57410
45209
725
19259
41928
9149
20624
18185
42836
22751
51373
25217
15606
56993
939
38455
300
25098
56258
9119
22095
9821
47007
3297
15640
4195
60228
45972
62121
29165
6462
53905
17106
10824
9603
54594
18652
54704
23715
40583
23770
19726
5202
59778
24611
46110
311
21629
8453
27821
57807
25475
6895
37434
28994
20725
13135
33625
15295
16652
56649
41580
26183
55102
20152
49979
26214
16915
31436
53141
60091
51864
44434
37515
46773
12573
28824
40025
61817
14563
48231
7197
23178
23864
59252
41809
47989
2347
51156
26701
7791
46944
62407
64028
253
38672
32944
60898
42548
9910
21271
19823
62110
13934
46099
54416
47150
12270
38655
59003
42954
52792
10807
20424
46235
16692
20616
16829
12161
53262
45913
14635
26866
31818
33222
23351
51148
27881
27035
52409
47446
42478
30131
8971
24605
21834
8860
46422
29191
4420
21395
16411
13824
26191
36076
8019
53027
49332
55147
17410
19037
54659
24895
36453
9000
56278
59491
938
26261
19431
11795
47392
56511
32075
11434
10095
6531
60041
65420
23709
65197
62843
335
17490
24325
9990
45327
6720
41318
27095
27919
15612
41925
5104
44651
28025
8075
45083
21951
54973
50103
44396
14017
43223
43306
37393
22256
20561
10732
26703
22570
16130
59599
58843
33516
15694
15360
4467
48957
41811
49531
40124
61750
22163
56115
53425
59829
25888
25893
64196
40939
32247
19590
12679
46368
49492
6483
24530
16790
63826
42669
17508
28739
1860
11889
37632
13742
20258
29830
57224
55497
28431
60236
9008
24734
6980
61628
43564
24294
63471
54628
55000
4890
26851
59132
18371
65338
38087
27083
19291
15254
21219
34454
31326
24780
6065
47835
38145
57626
686
37473
858
48622
61624
59977
27980
61881
4081
19969
28603
11790
14231
63429
6104
57880
18646
26907
43999
33550
1706
17463
24277
19419
17384
35461
16492
9520
60528
3778
43921
6726
42848
42004
14941
24093
54336
52807
13666
53650
19938
26258
64587
45194
16726
49442
42392
42294
54833
64641
36479
20190
7936
4642
40142
10872
56745
15081
20643
34213
24282
39396
4482
34867
59998
13448
11922
27420
46035
7441
60961
47924
203
63627
40127
17228
14541
7299
5946
7195
59157
64357
55204
57386
39497
8901
52917
25922
57501
46956
47798
42421
41116
6074
33698
55958
20634
59331
31946
45003
44791
27404
45313
28532
37042
38789
248
24629
3365
49058
47665
31112
57641
33736
9011
59086
10245
45305
13070
50503
57590
59831
4569
41724
48160
40976
4067
59320
963
5593
13436
53152
950
6632
49486
25399
52269
26152
25734
64386
56620
28203
31587
18893
15644
55188
3317
3007
64845
13625
20722
52159
6013
21483
40306
7634
39093
50512
25586
32251
18600
44472
39152
53424
11811
46950
11545
34462
10694
9241
40182
41695
10160
52735
47556
6758
4314
33590
12570
55605
14942
51549
45593
6881
57457
30485
38564
27935
24040
27409
34948
56753
53997
22199
6796
49852
56487
23555
25230
37206
6475
20310
1509
29692
7968
41150
35337
46355
52506
33267
61424
26911
5550
60555
43147
29832
40878
3103
48177
21949
26865
19643
49012
30536
34727
23806
36912
36046
47740
709
16097
43826
51940
32897
11731
36369
22944
33488
56860
19604
51246
41642
9896
20386
19658
49313
38312
38032
33095
16431
43265
46103
57362
22843
21381
2763
57025
878
29157
2873
54276
29152
19921
61398
43183
54577
49485
50476
1798
40086
7943
41366
57217
64464
64064
12070
51727
35684
54081
31474
54940
33884
38626
34449
50267
51650
24622
61263
46292
26922
23065
8469
10395
23066
36224
24603
16674
44383
51539
62020
12886
2877
59949
37141
6508
27225
50381
55657
62118
53825
33878
36681
27332
54908
17826
52449
29726
63972
14149
17058
7318
28864
35970
30562
19692
43636
54675
24703
27901
60341
5416
28102
22444
62336
21977
61119
61067
19052
25315
47860
52005
27655
54203
24343
895
45613
32543
64528
29996
61224
46689
62449
8444
15041
11255
37205
18934
56311
21557
25906
39133
58888
37110
18837
30883
40226
31040
55190
37958
6594
42420
26968
60048
46775
35428
32047
11948
52359
6221
37247
8480
44569
11771
39719
46679
10146
62022
27541
11753
30269
30705
59247
12030
55384
11234
515
31389
26264
47508
62875
56518
42812
59428
62958
64976
9455
12833
65398
31030
43155
28291
22636
21007
59314
21046
24290
4784
3742
63386
57620
27949
30249
40527
6905
16327
10358
19639
24368
1810
61629
55625
43569
2009
4716
65011
47757
23931
25538
25278
60485
44148
19180
5040
31084
43350
26814
46507
62866
56977
47739
34226
10189
13398
22331
50460
35462
16932
8209
50253
52674
24460
41149
29086
37353
54945
23412
17373
31980
58421
37282
62644
10706
54997
62650
49324
9906
22406
26912
26845
42918
30223
44030
8833
14484
6314
20592
64173
48312
36660
30293
63704
34241
58244
61953
26746
51623
40982
12329
19527
38683
36971
20885
37363
4167
6201
13238
45229
9615
57637
31602
20623
40183
59273
30364
26555
2586
31764
60171
59583
21471
1681
62600
24752
45264
22027
63879
51848
47024
44119
13051
31113
54186
27987
62764
53104
56594
44366
32496
52806
29534
37863
32373
25325
64383
12016
4897
16254
38036
65107
36890
36691
36188
50918
14225
32201
1122
48052
718
10981
21002
20083
55219
36251
57533
22454
52210
53528
8472
11892
24651
32100
31141
54692
24827
32502
18076
1533
27450
26472
57500
50912
42101
12794
38756
63083
4919
38647
42473
20939
40932
8210
38640
55951
22482
51885
61923
63245
62078
55487
36391
7020
46968
5649
44150
30341
63783
20109
64147
59938
57775
38897
3460
42247
24483
36698
57100
9047
21525
3992
63329
63334
51460
644
62973
35329
38421
8495
35840
37075
63217
50797
1863
6303
1903
39540
2089
34671
10348
4318
61766
35775
3526
55719
1020
11186
26317
39006
14427
33503
19901
29477
19803
44612
65171
31964
29588
55135
6530
36884
30429
7155
1936
48358
58760
49556
19830
58469
37425
44037
1289
31550
15365
22239
22316
39677
49467
19280
17851
46585
46100
8336
59510
25082
15053
429
28790
19328
17883
36330
38310
19504
40455
9981
56957
55737
16956
61311
51651
7015
39627
29305
17297
34108
7008
49262
6808
19100
2600
29351
48309
8773
43310
5613
22253
19145
8899
30273
13998
38774
504
18349
6034
51105
32809
41172
2277
45769
46656
47804
15749
43139
4118
33865
18202
26520
46153
31888
54974
37658
9104
52982
3198
31733
56367
7358
61990
9056
60692
3342
40335
60491
23750
43982
23292
59589
20176
25896
38133
19669
33605
50846
23482
27647
38109
18059
60740
38110
21758
58027
33724
3698
15587
8510
42779
3442
63324
58450
4969
29018
56828
35372
38665
23838
24532
60876
1941
47237
27983
53094
53489
4165
25965
31958
16422
41380
55905
34958
57622
31727
30065
38085
18985
29241
28113
31317
15375
57866
15031
59791
17245
32847
57313
62950
23996
16475
55859
7481
11433
64452
49429
34209
21308
58033
39833
65349
35816
58520
53308
51731
39322
12765
28451
27780
60196
46544
21559
8229
34152
60618
4641
62948
55875
30525
27327
12789
3098
57950
1634
47132
24163
58060
46078
57403
64402
674
19234
11830
61130
42506
1442
25303
43386
43619
41995
49524
4068
33322
53658
49589
33413
38375
59313
15698
52631
63166
14556
47467
13157
24773
42047
33293
44388
9094
64831
56392
13624
20924
33877
51821
53318
60870
43561
47572
23818
56872
3668
25041
40803
9953
13922
33227
17516
42317
33136
63923
53056
40852
26523
39909
5724
35992
44427
48457
56842
42993
25297
30552
27440
63860
23388
24853
62363
5187
55407
50633
31748
1529
25580
41280
56697
22725
46068
60972
54517
51203
47947
23873
38782
812
2035
26064
12878
47033
30853
38101
53137
45783
1445
41125
17083
44948
37812
37595
9071
45382
57453
47456
28932
53918
29467
47126
44492
55257
10419
59161
43725
57121
35600
5211
18346
35409
33309
38680
43515
39793
47124
13335
3
18011
6448
45452
16933
46960
65513
15707
20521
53498
61587
47802
25995
64761
11205
20144
33226
56431
58522
42710
33218
19528
13686
19022
14174
21392
11493
22516
1099
36255
6970
9303
61221
37188
60992
44751
45092
19912
63902
47991
64507
48782
40039
21411
34121
63104
44416
16992
42138
33477
15238
3845
11210
35588
32159
50809
50489
52182
2064
21115
19780
23914
10136
37741
50449
57554
44047
50452
668
61000
28882
42853
461
35351
21243
62627
24421
46878
15570
55833
32558
7213
54011
64952
23503
8866
63081
15538
52875
14859
62590
56775
31771
23406
60871
18307
53426
37778
6310
56260
1775
27544
44828
9175
45228
33979
26892
22783
49417
36972
59753
9456
31298
53965
21150
3451
51388
16930
7612
30667
1337
58938
23024
21008
48564
3381
62311
41639
24948
3129
6427
45513
49985
40567
29344
9546
9956
17289
56824
4230
52600
30260
64951
4553
25144
27625
27157
60513
61692
11430
63207
34076
64395
45735
36486
15714
15543
12735
36396
16616
44658
45519
36358
43260
5321
61978
43185
545
10659
2690
61131
64893
53814
48530
29503
31439
28658
42402
35581
39049
31829
54370
23354
15463
50497
18533
8220
57757
3314
49829
13026
25002
62518
53221
50224
49271
31224
28750
18750
53245
49803
62426
21500
15731
13059
26540
39897
53791
51522
16964
38115
10241
50211
52086
59336
317
58534
8266
22008
56741
62123
25339
42320
40568
47683
16102
28929
828
45717
39395
3522
45155
25163
56434
43759
56816
57902
53594
23326
18763
29537
7673
41235
43135
54840
50911
21443
40914
26280
19702
12656
25310
8365
36460
53523
29455
19509
52912
62506
3369
49436
51686
10635
23518
6558
34686
47041
672
46087
5775
39374
5565
31833
1692
40416
31863
33213
61228
9095
7838
51858
31934
29846
31682
18910
14643
51945
59659
49848
20407
43332
29508
34480
541
51506
28320
50045
51645
1191
53533
25560
51676
18961
45818
26083
44005
20855
3996
20184
41086
64928
24893
20549
8376
24249
19366
42052
27016
29851
46797
43871
57061
23828
9260
2977
48479
11826
41299
28837
20372
63301
1998
26927
26263
15406
12980
23875
14673
9327
18304
55378
52909
61380
62005
59487
4661
21226
35263
52915
2221
8261
51735
19736
5228
18086
17910
40283
11233
34661
24693
30776
63790
54130
50802
55629
54004
55312
2176
11965
42358
40956
56043
61153
25197
31982
33234
5337
59227
62427
41166
57965
14067
1730
32272
21092
36584
10272
61125
3118
8259
19739
49831
1565
38346
15832
7814
30182
32226
42528
13068
40427
59800
59893
63937
15251
20909
7856
32659
5595
61414
20738
49749
53615
42251
13043
2777
20541
61657
4323
152
15163
23690
55491
50159
37589
4681
61461
33215
16806
30053
45549
19666
35153
60676
6270
4198
8369
37842
61679
55389
53110
8979
14783
611
9526
59274
25100
39750
60208
13529
56450
34980
55214
24360
11017
39402
38514
63876
2938
57958
64460
2708
36318
32671
27039
11272
3597
51785
54355
14734
56123
53773
64990
22827
65120
16765
14393
18220
58781
6226
4979
8728
59890
19177
21655
29979
63720
31658
5768
4589
18166
43343
16892
45789
12973
24478
16351
1178
36493
30891
13081
20879
5868
15072
1368
46255
252
16920
53961
25191
11535
50702
38099
59689
54343
44566
35123
35430
18014
57989
40712
12122
59796
39876
35164
38787
4912
2429
57909
45356
3771
4390
49542
22548
57075
61293
54197
38194
17157
64842
35017
42199
29890
61489
38399
25566
45436
19800
10654
52354
61948
44807
21815
8582
22983
49009
59169
14587
45224
26362
9215
2683
21290
52665
59400
48122
63351
42788
12986
33609
46014
55281
19729
44407
53077
29653
26318
18328
20303
14163
22960
12594
9166
6901
8933
42822
22886
59864
24169
28179
7401
25754
22149
1596
14363
45453
677
6472
36679
43860
34218
32032
42661
12234
60575
12240
13679
62263
11486
53936
17160
6243
33966
2130
20702
10554
23371
61143
40855
33980
63292
18406
63218
13163
24781
29648
61208
6677
59641
4191
8804
13592
14767
6790
52913
48657
5168
44447
40166
56578
2224
52235
17359
11841
15363
58847
13117
37621
30750
25953
35725
38378
11749
49280
4747
22720
49499
49402
39378
59214
38139
28588
14493
13515
47058
8101
28529
27834
50009
26346
4700
31530
35712
26582
38615
41119
16193
25636
10392
36897
29110
37934
13621
19597
30183
43195
45502
31497
53069
830
32120
26233
59036
58729
15110
40092
60813
5007
55153
4984
48071
3904
6232
3591
49911
25219
55440
566
2641
3331
58733
64226
41549
40762
12964
58001
20699
53450
38247
38487
44602
13917
21757
18614
21812
22839
19330
16977
3180
44091
58016
7457
5609
45086
30580
30521
45308
63236
27866
3481
21825
59901
60594
21488
6646
30239
64164
36853
367
42289
47742
17336
15680
19815
60422
55866
58598
28928
15045
32818
23825
10497
56961
4270
2289
45302
19572
58962
47027
55545
11151
47180
18757
59281
56851
40338
36478
63151
38393
43275
47424
19982
44664
17004
21062
4975
46172
61144
42218
29452
31893
35739
13462
23683
28086
17857
53677
34829
33506
7364
55621
33331
33251
12445
58419
41321
19133
3266
61850
57472
57987
40434
18497
20604
27460
20633
38797
11677
36628
63212
53856
22119
20641
32518
41444
27466
23901
31689
32999
13234
43477
11223
30147
13144
55608
61505
14922
56303
39633
11025
20331
19617
29806
16096
21192
10821
65421
60734
39312
6853
27887
21869
60062
55682
2244
50219
42599
31007
56609
29201
36179
60815
62559
26690
59674
37350
33679
31882
14082
1892
13863
65404
5109
33305
277
50069
32010
5696
43849
1902
47809
26910
4218
33037
52583
48364
4020
6861
50256
21224
17488
49514
8661
11388
61764
65530
61437
18765
34039
3784
39025
36606
20621
21174
18509
20121
8211
35056
65521
17655
18672
30694
22795
45004
40993
48359
23257
57759
20525
28914
38004
16416
56189
35569
3427
1236
39931
28247
27644
47787
16379
28745
20137
55431
52731
9790
9643
5812
57919
41552
12217
50070
27645
60561
135
42010
36190
42751
5540
23252
30358
42012
27064
61632
4879
42671
28275
23348
53920
57093
11592
2563
43387
29913
64616
24892
26342
44100
20687
699
64344
12835
30890
31953
55518
30217
35065
46207
61772
43093
37762
41588
63705
17283
23248
18681
5338
24566
39890
22413
38297
35223
41316
27361
20999
29140
36671
4602
11425
41575
12557
61770
47470
5314
6010
10498
10546
6629
8657
23369
11065
33139
48018
56488
59783
2430
53947
17554
23515
23113
15339
33703
3780
26253
29117
3334
27242
38058
30709
43054
23263
1242
36663
63403
6129
21123
55992
22317
38811
6762
3801
36608
12847
41294
63108
3586
15801
16030
7946
26166
53483
8355
21597
34041
41327
30959
58795
9461
10130
50389
26821
26563
52280
43137
43550
49373
34231
15895
63009
19696
39921
58780
40411
5666
51058
52607
36791
58826
44974
1710
4014
31841
55230
40400
54041
13420
12511
30517
27067
57245
64483
45667
19057
21302
2475
4750
3503
45407
61312
4731
45912
62637
53822
268
6120
7254
52139
5791
4340
30403
35256
64598
26060
11090
35903
55532
34359
36554
37422
61833
49774
48066
3154
12772
8416
55117
1387
42028
25801
30324
60907
46682
17238
63501
6658
43593
34088
9365
13160
40053
42785
50056
27393
43795
37739
10063
43947
12645
36443
33847
19397
55531
25099
12880
60218
20974
12887
11134
24979
2165
33993
49394
33989
56318
29268
42387
17698
51317
48966
51467
11555
12644
34783
38549
30573
24060
43302
23139
50692
2155
39124
12728
56471
44131
58453
27218
61785
3848
43641
21708
16052
26136
30426
9049
61318
61532
1750
5752
37947
19155
6775
17817
28090
16813
53987
20791
14506
3579
49075
7162
30417
34156
32856
32678
4283
7046
26667
45007
38274
19213
18701
33925
25609
50970
32283
19816
1370
10314
36024
28040
9782
42415
1107
17653
50816
25625
35013
40482
60373
31433
13475
4368
36181
42021
29933
39573
55162
37343
13723
10342
57604
55078
62891
3466
6053
56850
49043
390
33410
33602
30985
29605
62304
21425
37258
31075
46274
54048
37925
43544
1113
8950
33875
2198
1630
25761
11413
43341
30862
45054
26479
2133
23939
40011
39932
182
3095
62325
10027
33708
55529
30229
27930
47715
2567
45241
54033
54046
35811
11383
29919
36105
49611
59176
46478
30398
41978
58202
20550
28461
31765
14549
56282
9893
1988
53780
29484
2768
59485
36412
65319
17155
50083
43993
12785
30368
52135
22892
50138
9353
34538
36903
62150
11645
25615
41855
60152
47675
39663
59701
27684
36842
48478
11638
5467
14806
43621
11133
15119
31906
53962
34802
34301
59453
34986
18879
38891
33286
422
35134
47551
4962
13201
58612
27458
28783
29793
59788
13941
24882
55692
61775
22620
61269
43782
41177
25056
38747
40949
57349
9754
38881
27840
16199
46506
25009
16512
53501
49412
48467
60551
12229
41547
25374
46480
58926
8322
35066
13251
21974
44482
21096
25924
2195
31054
46995
43801
23220
57903
24090
36058
36895
58111
17260
9037
32500
23905
40408
51559
22740
487
32986
40330
18982
32245
51457
54740
55128
61985
28446
63545
21288
23785
7468
8938
47025
42008
2091
27397
43368
39749
22553
29633
61529
32310
12260
37591
5432
1006
35546
26198
42515
23721
37460
9414
22461
51481
13302
30845
42981
48367
40186
48775
7897
54600
21418
1005
32604
34909
50760
60761
27646
36755
12590
47390
64170
59919
48833
7290
55055
30327
24887
39548
44258
37521
26338
41221
41385
64719
18686
28084
4257
31989
31306
23476
41623
5846
63123
61097
44130
16043
9547
12806
4272
31716
51167
38496
62680
1132
59549
35317
34469
43862
21754
30569
34849
63707
58449
59883
18937
14759
15000
64665
37974
30654
26752
54638
35666
24231
44836
28466
49792
60603
43047
29095
5206
22063
234
35175
31441
52639
52646
34050
58318
13969
7809
49612
34011
8739
35093
45427
3299
20053
49382
41868
58486
16439
28583
48310
56420
40147
65491
5795
1145
808
19325
63099
34702
