29624
27956
30499
13557
56041
16819
61670
54592
8463
36436
44710
46553
38472
29692
58219
14055
38862
5800
33808
20633
7658
45367
7392
28563
109
30208
38686
12780
63346
56096
33429
50300
13893
55994
24242
20231
65110
64916
59099
64849
31687
28354
63994
62742
42959
18795
32268
21217
16788
36880
56371
40395
60142
62086
56248
31329
23731
48654
57391
43395
22687
11899
42964
31600
29587
53711
15611
18173
41670
64926
6443
9571
57298
29884
46176
39697
727
63564
40037
25815
44359
3488
61630
12008
4040
30049
53625
61264
57899
50846
50256
28497
1768
12005
60408
7236
51238
27514
30542
38670
64400
37402
27860
53084
59710
28508
41409
416
24615
50762
46447
31677
62726
7705
4035
5119
51741
40959
44524
24532
46482
44531
11917
31735
55297
44670
25385
25256
51791
65158
21766
65214
12765
20077
12929
65286
14133
62662
22466
21255
19683
30760
31302
25455
26438
2729
21271
40294
3367
43952
48835
9667
14134
22432
3056
65131
57244
39925
39061
56474
40258
4076
40683
35990
32079
36733
12612
10464
3079
10775
53460
40682
32748
53616
25024
43718
39405
51436
33828
57161
19322
50018
5545
16832
18416
17846
36343
22892
64373
51021
20959
39677
59365
4027
63905
57026
19792
62995
13673
1244
51203
52938
5793
19819
51256
5887
1453
52152
59147
61253
47238
59095
11938
40156
29205
17778
48475
14140
35318
49882
22112
16526
22254
42591
10241
13776
60810
62916
49844
31869
22415
57054
61608
42958
64971
1511
28305
20884
33560
1027
53701
47261
44275
4978
2389
41204
64171
8682
23141
58732
51087
33957
31317
15128
61712
32818
17539
57502
43490
58741
6322
2614
36970
65519
24734
34794
19845
57371
33516
36583
64136
6320
3407
30709
54292
3400
61277
52575
62719
33005
34287
8633
1152
44549
2760
1976
2889
25549
55331
11875
61437
21894
57268
12926
8805
14111
15811
8149
16483
55014
38121
24964
35062
21862
24639
12490
15120
36125
14101
23655
26039
53289
56212
37687
34760
45887
26847
13327
2698
42640
50270
27281
8751
36080
56699
64678
26950
10722
12100
29179
394
10578
48968
59310
27797
45282
22709
39537
2812
61820
20525
50654
53816
39195
21541
7540
21703
63603
28019
61383
9609
10857
51646
26154
5452
48439
39206
47462
57160
2219
1462
23847
2368
15966
60092
51720
20074
29274
38598
30160
35881
16623
55424
14427
38213
32021
38737
12915
27873
3419
49117
24977
49367
54766
62640
59062
18466
45198
16967
22215
35925
13151
35646
20443
45412
22077
30023
7906
37889
48784
19740
18154
42880
42471
28061
65346
53251
15536
33945
56784
8490
9980
29821
28806
27763
60393
50450
46325
21488
46775
30708
41284
8748
8665
24635
6851
1683
61182
30887
25601
9880
16775
38617
11232
56594
58950
23628
24799
10135
56243
54107
45039
25912
52983
56245
35278
16251
59574
3395
39638
36910
3060
37494
14884
39735
39174
3421
5610
38326
13148
20917
13603
2884
56819
47895
61894
35989
17078
45694
21139
44807
21977
22714
54985
58478
27303
4933
52488
5168
23344
62082
11049
11989
43366
62393
2173
63570
1963
27898
27584
3556
1067
32624
54060
32328
45691
37547
12202
8305
31913
39916
18900
34584
41889
13039
56662
45956
18615
20926
49825
8729
43913
35027
28509
58524
45327
25935
34195
20954
4631
4187
58523
5842
23767
46943
44708
48713
5879
33530
51740
27433
26114
50495
55931
11452
5762
220
35481
23524
31548
2564
17371
17835
64359
40761
58512
11482
21172
54924
44125
14951
13848
24990
11533
34417
31279
58258
11878
56509
37323
41107
25984
16181
49188
34125
23667
52168
59267
21333
53401
39406
53846
34583
14996
17030
34809
9878
12835
21289
57259
19787
40260
31742
54253
29921
51034
26272
43334
50686
15892
63376
26306
64111
30698
30871
10889
36719
36745
430
22429
922
61875
30065
3233
130
50609
38142
22147
16163
19079
33015
60302
32453
53917
38874
30940
12401
33741
27916
44554
37528
7762
64627
37300
25350
20230
57352
61769
22361
28094
42337
40337
33872
7835
1625
10052
39340
9820
39
59381
9408
59739
20349
60398
14179
52000
20048
34853
62756
15342
55507
38264
61684
51634
2014
60760
57247
33439
51417
28690
42675
4313
21106
12353
11575
42202
52076
38811
19210
7113
25506
53700
63888
20369
53803
22004
3704
47142
15965
7482
20664
16572
16111
26421
59475
4819
58775
8789
27995
56874
14331
53797
7110
41488
30201
28947
8237
34350
61317
10151
50963
34624
50526
23527
54084
64524
11442
3183
27396
37529
54110
23106
2644
23583
34843
568
37949
27708
58829
21782
30843
41839
63773
64760
38387
25008
33642
2600
51591
8902
20423
59396
21945
47447
58173
47540
19887
61914
64967
18688
61640
37258
26531
658
12677
1705
37595
61084
60486
44742
55836
44029
63951
48410
12544
24400
32422
40908
62879
18739
33098
59980
6142
45757
9072
2523
5629
54143
26338
46971
59069
43267
9083
59337
43953
25692
38853
10256
37622
36216
29218
47645
31504
45598
9409
11779
14430
12380
48983
1888
23535
23167
32366
7555
36865
7477
27260
27481
7684
3848
36305
48921
9073
44997
22457
11039
44595
60001
77
28623
45611
9846
60721
27784
64498
52175
34874
34152
30068
61507
280
63459
1218
11569
7352
58225
59761
49454
34842
54761
52522
43347
21157
29129
26762
570
41287
59951
3083
11877
59910
63845
2306
44172
34247
4600
24999
21999
49704
13330
1457
31521
14538
64305
1533
13674
17639
3043
746
1336
3567
52295
33582
22563
23219
18830
31122
7007
59057
29383
370
4908
61290
39464
21973
39109
25762
7004
9652
38986
56718
47278
9036
9541
21653
48543
23122
39290
33541
14071
2607
18325
46091
15710
35458
11594
33705
37963
36378
17927
33395
52098
27599
36398
49441
10939
38190
50034
9180
18282
541
3108
32141
61103
41354
6975
7395
43136
38785
38648
45859
61269
21679
32092
17813
33772
62552
60143
42217
36400
9696
60081
28010
1097
53661
42243
27214
9439
64853
39849
30280
26321
43612
37001
40035
50442
26793
22583
33485
59856
7959
43941
14904
3727
60830
11012
46557
49160
25043
32197
47121
1910
26928
23636
49870
20581
18882
25859
11539
42789
33711
53501
7127
51913
29003
63241
57397
57416
65202
39116
38174
11573
9434
17768
43008
20524
62199
58471
46677
58857
2780
60815
62016
27569
26811
48892
26645
45056
2113
2879
3313
13085
52753
56037
13740
32038
65244
41464
26289
19464
15783
53651
28073
19851
31472
57805
45331
53073
723
7837
62309
36432
33578
35863
60765
26568
10411
27232
25290
30939
12839
13199
5659
17309
37092
8140
22323
28899
18006
41910
59786
18877
63529
37602
10885
20003
47008
10297
18385
49167
19453
52039
2466
40569
11926
61091
52770
57644
60563
9971
54918
57154
45153
18451
24950
8800
59167
45360
18194
38162
1709
54806
49153
30350
38815
42878
55193
10038
60068
9097
18182
22371
14106
7147
43577
8422
45214
46894
49435
60826
38790
21352
17886
56350
30328
34446
17555
56715
128
48425
4987
29096
32010
7939
54458
35882
43749
54487
28328
60136
16767
44264
42020
18500
40881
14515
31442
37308
51757
27043
49337
26734
40624
53844
44116
15691
41431
25611
25009
8512
39975
21258
42190
12545
27490
1032
41344
31831
20932
53414
57254
15185
26621
56224
52305
53230
3323
39655
2707
35042
41328
56206
4538
21371
60106
2247
41916
52618
34150
49632
64581
33112
3566
27147
29225
51867
47445
55362
45231
35275
38619
24263
61061
6097
9178
30750
28957
13765
37276
53645
53534
10723
32376
60297
44362
15007
3910
42928
60627
53515
37726
37074
5843
15731
52078
49917
50427
47627
15398
46088
20523
41048
41720
43497
61870
62508
13175
30538
22085
59466
63390
54436
17859
42943
28566
18161
20580
7211
57703
19395
3334
34586
36294
27792
41398
39029
35352
26601
19221
41
31531
36664
49361
14973
23362
60947
40553
59190
35728
41796
26737
49155
64116
24868
48213
34946
45230
49125
15917
25822
60329
35517
59304
56657
37961
25604
12228
33987
55578
21128
48979
13486
31349
23111
7065
23283
46391
58439
12880
55958
56484
63321
13157
45478
2363
61995
30522
25289
51368
49939
30723
64582
63041
61570
64486
54298
16714
53719
17867
15169
47407
7754
56036
9260
13118
44609
25905
61687
59077
53498
40856
16466
53523
10976
24739
51348
41596
2120
7129
18297
5694
54345
29398
54624
8089
39486
44500
19479
55029
17018
1390
23487
20629
29478
57840
52148
31915
46418
33268
55333
28732
62366
64663
65314
20327
1871
18583
464
6122
52246
22313
37130
7957
451
14657
18519
8599
22013
21662
26103
5677
24267
42177
62801
16943
2433
13706
14163
35052
16097
8008
434
3563
44771
34858
12690
45113
18209
9777
54125
21680
43897
41239
16458
17577
37455
4919
28528
10093
6823
1627
15723
59429
15741
26743
59039
58787
14782
61785
14920
16208
28597
49298
48832
12942
31102
52845
29260
48998
1261
21592
62817
27224
44307
34785
1408
23665
37581
18096
61691
6260
35539
62204
15497
45634
17518
12425
24676
62630
58281
59440
13272
10552
59051
35543
42244
26545
33639
34625
15158
42254
1921
38340
18434
9301
26998
15477
62620
38375
29601
8238
46336
7796
8526
10139
55628
17816
16853
41635
12458
5381
17549
25561
10231
19494
24618
1140
8780
47501
11002
2742
38575
24439
38010
26175
59840
43705
14718
22344
55467
12147
24163
58208
3760
15970
3009
50623
37390
8332
65376
65321
4518
37162
33280
164
30297
48611
56769
2235
37853
42077
22685
56800
59427
50504
18213
64318
49306
53372
47602
38193
6352
5565
3693
24708
26647
54864
47072
62740
30684
63263
55211
63288
5252
26804
55597
61789
18665
1794
44428
45732
35703
57040
25264
21897
28256
31382
2143
28413
64229
44017
10185
23378
50610
27196
2046
42801
59915
34881
63500
56297
10850
53935
41636
6229
31298
13432
10680
56903
53949
38262
55436
16722
55539
36768
2153
23347
23550
26139
8720
54276
49944
60913
49682
40712
16054
8091
40799
58733
18307
12399
42268
12495
42652
1835
19231
37034
35791
59041
26264
60722
35086
60038
27615
25088
15192
50739
56920
19663
25802
14638
53851
19517
12540
30163
50916
13184
57555
11293
17296
23123
42078
45811
6140
3245
9925
2358
11941
1326
24133
56818
51943
33449
4467
47579
63749
8107
25345
44175
36320
39458
32340
23631
23542
64276
63580
23562
64249
17651
34336
25936
37229
57842
46985
28621
50383
24316
63482
47247
11714
56934
5359
34713
34391
20660
41912
21316
34897
23797
150
2546
10362
55391
8067
28377
63781
58940
53197
30915
5291
14708
18634
48489
56303
28159
2878
3722
9500
16771
2371
62458
40338
51567
16769
38792
17163
3779
19983
23356
41294
11703
31193
13155
45682
20357
36106
55061
59209
58709
46396
23654
30355
26417
24276
64721
21186
12156
1254
7154
27006
56201
65031
41319
5255
11667
34149
19014
29767
46213
47598
22273
42669
57966
10533
53253
25988
33208
33073
45536
31855
24115
50712
53599
9380
133
38338
59777
58347
34755
44801
9464
1357
40346
49814
22367
12680
13567
62125
41475
65528
5085
17641
38122
23955
57883
22073
9318
44711
65030
136
20656
2443
6750
10488
60814
35424
10534
1788
25933
3980
27073
37544
43753
23298
519
17271
55589
18372
18460
51764
31088
6879
27637
56803
47371
2051
46510
10909
28152
41945
17483
63486
22838
30292
5666
24649
54350
18619
22654
21493
26263
8754
64161
60647
10334
54914
2468
39682
17658
13359
32428
11073
17443
41221
19822
56872
1754
60910
19669
49226
45532
49741
33147
24175
7319
10063
34571
5664
16374
39664
36018
26732
34964
38563
37473
51894
34828
48312
1864
5484
40617
44207
13633
15580
45556
58771
53381
42389
29050
13489
757
1601
9445
35909
64468
59679
52
31335
12828
20632
54354
61170
54515
7142
32900
6841
26682
44840
44176
42749
32067
52315
46351
52821
50779
64622
14545
61662
16136
61869
38047
54099
40642
19468
13938
0
52263
30224
13389
26795
37923
9856
24495
20016
6372
10378
52970
16864
25548
1905
53899
6770
7281
6866
2517
23610
56191
45347
31711
28515
64141
6073
57312
49955
7367
33821
64867
10191
20617
34111
24679
1397
60031
34161
49936
798
3265
44432
7964
7575
56097
57886
41106
11387
5815
21868
11199
60686
45507
51176
63484
28609
23305
19659
26075
58567
19375
4008
1857
24491
44793
31549
48164
52191
65512
46793
28483
23094
33044
38726
58256
15176
61641
15138
40778
14395
23828
9077
29569
50422
43793
20634
7253
42805
32258
3418
31527
25579
46234
28139
19634
868
12895
34633
62865
48242
54057
47625
44186
14749
33396
6115
25919
37682
24493
37821
42656
62675
20719
58530
47832
40793
23124
47206
4534
40184
31356
7255
44095
28419
38565
35121
13931
39841
63073
32848
252
27983
28441
11737
14056
5426
49208
44456
21530
26696
32232
45324
50859
43886
62736
50373
44192
20603
44121
15538
4560
56261
61433
21117
34630
18133
14723
39945
43099
41086
65142
34600
8104
57848
47437
7152
24234
27818
37251
35578
46776
37630
8002
44505
39978
58237
53218
39593
11598
12520
14334
13261
60986
26814
50946
22472
5024
49143
13942
45171
49735
28030
64765
25834
6759
46145
46135
7073
22260
1761
39469
52268
24921
23457
39603
48563
19380
25001
41947
41797
39086
39388
2901
19391
29635
57130
1913
31823
34681
34310
12675
10392
64021
7868
47251
3878
54026
54749
1616
3594
58363
45705
58565
40823
56565
1406
26015
14037
16569
64722
58340
42532
10897
45177
34940
61696
43493
8798
22235
53610
38633
62324
15786
41816
43330
42719
65132
11341
9064
40791
44949
36627
24686
45883
64206
43340
18409
34683
7634
37271
37489
5730
20501
955
8218
11787
40208
20804
56940
31811
61382
6852
34237
10641
43073
64900
4975
6166
34180
5797
54910
30145
1468
29008
60609
706
28557
27920
53757
61059
40167
38307
11188
54856
9999
53752
50112
60328
48714
44691
60463
59154
57281
6296
38054
38646
4321
1223
22973
50998
44386
56530
50374
10142
9902
16129
54216
44283
14641
5487
64132
65157
62133
61460
46837
55248
65160
44099
25847
19741
8005
1920
8039
62977
29405
65493
62388
38653
55717
27368
15827
43145
3507
26497
46085
35711
54830
45975
15044
61643
33835
26585
39532
29625
31656
15737
1681
2424
22369
27365
60878
928
3508
60353
3260
36566
47670
59246
13933
14073
1781
31315
7525
7350
61449
41129
38137
39362
10634
37114
5520
21080
23656
2115
22097
29775
45817
50088
6469
18303
34676
33448
41810
17535
15871
41528
35875
2068
55516
40298
4864
34701
46857
55861
36223
17974
557
43758
26439
34443
61626
56406
13580
56889
16595
63153
52537
22937
25364
2507
10709
46003
39420
6371
27749
63802
57682
8404
14038
57640
13126
1091
17512
23330
4764
58022
31524
46214
20239
50523
50451
58845
30514
39790
14941
39000
40900
10975
61609
1971
62905
41606
18572
29402
7493
14480
552
16840
18626
18568
27391
59734
60894
16817
39952
40457
13397
48206
37470
55885
825
38782
8308
14750
39880
13899
5379
29227
19671
58766
18531
38806
47547
48799
21141
62904
51333
64199
46403
58611
63642
14680
19859
46572
60394
37249
11566
40414
31020
45660
9721
4791
6573
39828
58688
46826
31537
57367
63572
31025
53214
50586
58531
27335
19133
24854
28356
33943
3197
24332
29139
48854
33585
27561
11872
20837
40092
36422
58907
15565
22756
21277
2849
23689
8655
61663
2955
15322
57021
3002
37598
43825
2370
30269
45010
39990
60734
173
3972
7098
10107
11694
52929
54179
48716
60011
25625
63767
54122
7089
63754
9286
34276
63957
3277
48796
22868
57900
27530
28850
46045
30658
13481
19124
21712
11072
18834
20880
58878
22071
34824
56834
29807
2456
49553
12752
44069
5124
48323
19128
44957
42104
63990
62475
27566
27390
34862
50542
38271
63710
2959
9882
56079
48622
47116
54443
60766
37532
239
47041
23831
54920
14276
55452
34870
49158
61872
47860
8019
57915
6502
45075
32042
65450
36040
60742
49928
29892
22759
49746
46061
16193
33472
22067
25296
8445
3375
59215
28613
54670
47729
44404
47483
15490
44080
13243
29034
48345
50747
2648
44272
45516
3284
24740
59781
54797
27454
26698
63182
64262
59009
25776
19011
9
23425
11898
43653
42564
8433
21510
10695
20027
65469
35258
30162
55993
27011
10204
20970
22251
7860
37161
29629
62471
474
46303
47898
11750
16315
5347
25838
7158
52309
53741
29832
16847
36949
12486
58828
1434
37768
27829
64624
37881
56999
24730
29602
7494
31971
7985
21230
37463
23394
53395
33288
39080
15881
20196
30140
27656
14145
52159
57525
27776
31987
40559
6127
61420
2092
65007
40082
3278
53110
47435
57055
49381
7921
23127
33854
26553
12108
15942
29825
27820
14441
54165
39734
58689
13863
17939
45481
16140
46540
62175
5958
63726
46816
37625
53176
29287
48065
17151
56540
59085
23553
43534
2859
27210
18699
4728
16150
51103
62442
21003
12863
7215
42450
14906
41590
34685
57655
16352
48398
46678
63171
29517
57938
65180
63019
48278
35067
9859
20886
44592
16773
58860
29757
22573
52290
10540
4242
65509
23307
4010
3538
26503
23408
42108
56255
39111
7365
7372
60128
51150
28777
56497
7330
21269
11497
41904
41335
13066
29722
5994
57849
41995
37246
17072
907
17584
33266
4273
35335
45538
37405
60705
58020
53737
4823
38357
25194
50172
42691
37146
62529
65337
47194
48975
62520
13736
7666
5945
48464
10174
14193
27519
46337
57190
38308
65152
45013
60719
47092
61631
17222
15934
34032
23931
47439
44238
22049
300
5067
18480
492
58422
40796
489
39591
7250
48516
2881
4202
2337
41972
28827
55202
1263
41116
23277
16837
6222
46154
52185
25122
53386
27597
33255
16380
17805
56506
48732
38033
15999
23327
30721
3603
21709
55888
60193
53330
10771
30058
48947
59454
50292
28755
1050
50005
22069
64417
23154
28230
10917
34511
26957
22175
38450
36671
675
64777
39509
62725
18964
24989
7376
30139
49332
36936
19779
10956
56067
37791
45150
53608
23161
9321
3936
1767
3065
34621
23041
61270
13122
23573
42197
57784
48351
25078
52143
9532
56831
38419
9041
58529
34460
48337
48003
47789
60484
39965
46502
43875
119
25452
26777
2636
10265
6820
11144
32048
18570
22354
20276
11147
44612
1280
10800
45808
58410
57385
43594
50040
1847
46264
43086
49307
27451
43779
50077
27311
9372
6645
33375
58127
42721
49243
42842
44073
45755
47088
37864
44873
1525
50986
63668
29496
22003
33204
8003
63453
58948
62295
31596
3169
31266
49413
19444
18448
12817
46355
55936
40558
50258
64766
7010
12913
9610
57959
3352
20912
30688
26442
11790
34619
11386
9115
11636
11620
4535
4196
4601
38217
39687
47381
47569
43629
21256
12760
41778
25660
57592
30124
54387
11092
13429
61535
62886
40471
13962
35641
52034
39299
42068
11421
44553
38683
26218
28826
5831
21684
13645
49473
25185
26330
54975
19010
22262
2971
5751
37815
21849
39243
58263
36409
61618
62746
32778
4116
30810
40481
51518
27900
57025
62524
6764
18793
49999
35797
21121
479
59306
3702
56055
41370
29485
60176
48082
34748
20343
27409
21089
8097
19416
44448
25550
54082
63192
52651
11128
33605
19384
40661
21878
521
6653
36168
31530
21587
62724
63600
32153
57657
13405
52796
37281
53805
27031
38045
38066
499
9388
7464
39586
5331
46034
49112
57685
46877
46728
46040
9218
38098
36616
21796
23605
26148
16597
61081
37838
50517
4174
4576
20604
17123
36930
60012
13347
50382
60638
27282
38800
42654
45923
29502
10697
47318
20491
40272
11701
56335
44104
35149
24390
35334
11192
18382
41788
55710
26322
62135
38695
57797
42
26999
2313
60625
2360
46704
31006
43141
34288
27894
16386
29214
13238
59619
19024
57978
9151
33338
43432
17248
48273
47828
38556
58782
48800
18972
27273
21092
18747
31705
14325
36025
33922
35569
22545
32414
8198
15596
9376
50007
60167
24487
16581
28551
25748
3792
15586
14550
32760
8556
18896
16745
23700
48106
58945
58783
48802
20563
60546
32492
25109
47408
43722
4266
20757
63592
34680
64331
15207
24909
50758
62783
9861
11869
21293
23569
10138
35834
3756
22396
31740
11736
46518
21221
27595
43764
9574
14562
59067
46438
40749
17187
64469
46634
28147
38076
63488
61110
45407
46343
22971
49425
39435
13856
11107
2565
52950
44671
33677
21981
45124
7746
56989
10755
61166
54227
16660
57873
40755
42507
6520
40273
48124
50141
8968
27225
59937
52524
31451
39802
54843
38434
49638
17843
28407
5075
43524
55694
48125
53519
40215
32017
49664
44920
2386
58019
64160
54741
25323
26464
50305
48326
11837
32827
37013
20635
49090
62146
19994
64613
50753
11285
21340
26746
59784
50496
6406
55308
27242
33029
50647
8552
52807
58808
1849
40098
2590
26353
34708
5360
49300
56014
54839
3642
59596
32822
61629
21590
24435
58867
42239
49946
64041
64946
11896
39915
16545
8579
49098
14808
62836
24021
51448
20250
52854
1652
12286
18522
17131
47850
20742
20876
24146
33936
57622
60930
45995
52971
21123
13966
43885
36133
59212
64074
27308
7165
10521
37906
6400
47574
2818
17891
46394
3782
41213
8179
17107
53827
22549
50134
425
41125
46758
44397
52077
13461
24597
10705
59195
57377
63794
47136
30896
3146
13049
8918
63122
16918
6657
39541
57510
49665
52749
35211
52293
39890
15421
8965
34169
29384
33371
11434
15356
62480
2130
62875
59151
30337
7134
64452
23534
5528
49185
42901
47577
22360
53170
2941
49572
25977
35525
14818
27997
4772
3167
3862
6567
52259
29987
4695
10189
3210
359
44559
50899
58149
18898
31790
1438
4736
46762
23456
48997
2332
47985
28711
39089
19172
26160
59360
35363
1517
11924
23741
57272
32330
12698
37559
61500
1667
16831
17274
1702
35244
33362
12548
2160
39471
54665
7510
3106
17763
44763
42608
25503
50189
49438
28366
14330
9810
1080
24211
21537
33370
3425
48999
405
20471
27864
47183
63819
1830
15153
11884
20442
45576
3537
56752
25304
4299
56302
46712
3502
65020
52958
16274
30426
8273
58304
1545
17999
38001
55750
43759
35250
21251
21213
28043
38090
63941
43635
44548
45925
3863
39970
38911
7558
51513
21611
7942
9389
14891
59973
47575
40265
47265
20392
44098
39743
58799
55810
8056
65377
27233
42864
19261
26038
60481
40965
11991
113
45095
4319
56397
59824
22094
59868
54572
44844
39690
61756
53799
11496
16978
36041
24149
27264
39017
13715
39982
42900
55269
63492
40995
14758
4691
10248
9739
25704
9593
26726
14044
63313
33886
1074
42706
39218
35359
48859
33004
17169
18097
3766
58074
64264
62081
7861
45791
4693
44955
27327
12017
55728
701
23332
2144
57898
61866
62418
64026
39456
13102
28357
62983
22866
34093
54247
48894
38899
2462
15269
26274
44932
35127
58517
38024
61530
23888
61671
28454
47316
44488
9515
58983
53689
18197
26748
37712
51545
6901
64298
27716
11886
1939
9382
27265
57288
10905
6952
25261
15109
41276
40854
18055
6318
63793
20536
20006
46402
54677
17878
62430
24265
8120
9238
37834
58790
46535
16408
20078
21713
62728
47830
57730
50361
56821
1742
56591
48517
48707
25832
8460
10619
19253
27767
26036
46407
38104
9039
44016
53442
62281
20542
19207
17214
2107
6678
9183
19006
51556
38345
37245
18693
38102
57144
37431
39250
35471
53528
63200
23732
27650
35788
45262
16465
23740
15414
45780
33094
43370
63536
11553
54600
27143
2251
8529
26522
35841
52691
34730
39100
1565
16157
646
13911
17868
55368
45196
63621
19381
760
25613
10372
18613
12532
28296
19379
28671
22676
3772
19020
52831
64892
47987
53491
21697
53784
11431
18532
29556
61529
43457
21974
52964
40667
21126
47583
15634
38937
14304
2299
27482
1
31578
39046
28248
1191
32404
27037
26490
44286
3057
8426
52209
31629
43114
46245
47711
62873
27959
18977
61717
28699
26631
50241
46014
35122
11923
44398
24992
28534
26556
61863
33895
19315
50505
9375
33473
7635
34714
28501
28780
46298
63159
42743
44466
55691
65440
36781
3568
51896
50616
5226
48684
5740
47045
23957
6826
41301
42376
52645
61524
44373
59296
52803
59341
42942
23225
57141
46593
52056
51929
57962
1240
27050
16567
57574
57821
46942
28928
33638
61857
13455
62591
21691
64275
36601
1400
27973
21215
24104
18316
13596
48626
62739
27483
826
2196
6959
34764
15606
62811
1200
20407
20124
33768
35128
3670
58995
52286
24243
45916
5753
29712
12080
58862
37446
7826
13547
52724
41629
38230
1710
6987
52578
40203
1316
9136
2114
65501
1423
9315
14742
43755
29923
60769
12596
3351
36699
63902
22761
16942
20066
33883
47300
59591
41615
28462
48225
53826
44273
24320
26891
62455
27465
46240
24783
65380
40348
18449
7360
15819
57143
51919
51936
29062
29992
15828
32524
17760
57704
45086
972
6399
3964
22321
36892
48812
55713
17630
2520
42258
6129
32050
47474
4867
15075
23359
27526
30405
39479
56103
36742
15694
23490
44229
18040
14398
55841
14525
33420
6701
3811
10921
5455
52474
31166
1552
35576
6735
18433
9199
35116
27992
51698
33082
25145
6256
41300
43592
11034
55032
27684
62809
4565
26489
44270
39713
37664
56776
35766
45145
56287
51081
44030
44786
53755
56686
55361
1562
46309
47390
51349
36447
42264
12702
16590
58335
33805
32020
22072
9547
52716
55026
47904
35090
27788
52164
26437
33200
43184
3330
56692
56162
52239
33282
54883
37340
5711
32109
59495
21
14659
48265
6730
58761
30136
21726
41322
7526
32264
61230
29949
29851
17890
25853
53987
38578
47666
53059
24932
56727
8956
25619
8207
26887
1409
56516
23794
64789
30924
38550
13124
23171
55620
38451
3852
26813
44091
45531
18452
30118
47664
4696
11839
16665
19821
47981
22910
59899
61024
33979
59580
7673
35339
18333
16248
45050
18527
35451
39621
45132
18831
43122
2606
15030
26073
28545
45126
38334
11545
2974
3112
4068
4089
28992
3812
56620
38216
52860
52681
6050
42027
56220
55461
37657
50688
61356
12507
48148
25930
53694
43597
21506
10845
30770
45225
26243
6087
19410
14520
33358
29784
27854
3503
25439
39741
4383
64620
4205
53029
60279
35288
28829
2758
28967
22385
9129
27180
44863
34689
18804
60436
61801
2976
57633
34401
28909
62312
21572
60140
4448
46041
35423
36497
5449
32648
63750
3033
19748
54048
40808
55142
12968
36154
45438
37995
33408
61378
59492
38773
25844
57458
62741
24256
9923
17352
27301
34027
26309
42677
28216
17207
31561
50405
12724
47946
33847
27002
52858
31567
2907
803
10280
17406
15850
9327
13738
13038
18258
4894
57850
41415
53416
54399
19350
62488
35687
56850
4722
9709
62330
13096
14961
44295
11624
22263
4767
62440
20428
40121
35642
23337
60235
52167
64277
58951
44574
14896
6603
46489
22190
14519
28064
46055
35417
38768
61112
47742
35093
31793
53107
11263
15463
61844
12345
34137
28932
19442
36287
25216
52015
9921
18109
53716
33001
37487
54224
41658
42926
34894
30845
57348
43134
62206
5527
22577
62955
7641
19447
38268
33057
15023
23185
10561
63760
43691
44593
1880
37443
65373
59438
33974
62920
52282
792
3653
29054
20807
20929
47531
1114
51805
36820
22615
47727
53668
3439
44329
39727
40822
64085
46441
14985
43801
37724
37465
15335
36629
51790
57139
18504
4140
29824
15960
32929
44971
53772
7321
63909
24269
49778
45120
56440
59194
337
54593
24958
5746
14488
26779
33203
20663
34515
61654
55169
47062
38267
46919
58027
34033
20420
24898
51402
42226
13663
53763
3016
21376
19056
1465
46722
42960
24160
15776
46843
15159
52947
55374
38087
7444
945
27324
40748
31540
58592
44788
32426
3874
465
60240
57929
58293
47735
42067
27600
48535
14420
41769
14099
27613
48959
14225
7613
16793
25784
6293
28457
34705
58830
44776
8676
27967
33104
46744
11491
27962
35522
39592
50611
34954
8070
56584
32711
9955
25497
6600
3253
46926
14282
19044
47153
58930
43711
56250
4887
46300
1206
53320
47748
7807
51159
64888
8846
49340
60849
49623
42544
42974
60888
14246
49342
41589
55471
26041
31879
33588
65293
25215
460
59162
276
6785
56514
64412
15898
14618
40153
4700
24056
26099
21720
48104
48774
59226
14336
21197
42849
43210
41209
1833
54859
58755
12246
39514
61293
48640
14819
16544
22339
4344
25831
57428
25258
32716
51413
11466
4361
39041
12920
12811
18999
34840
29890
12477
53891
39083
4261
1728
34422
1398
689
2075
39166
53860
5976
12721
27367
16034
40080
20596
14172
64895
48476
62229
62516
13449
55099
11800
38203
12370
48044
48087
8660
10244
15423
48058
50613
55011
24004
2070
47218
221
29600
2071
54618
35928
25868
63361
53173
4902
36692
32440
47799
60320
45632
25987
49993
31034
61191
53809
41372
19756
561
23540
37782
63869
29045
31319
45042
12252
48615
59638
61398
39935
38145
26854
28558
35831
5368
17226
63135
40824
40271
28591
33287
5320
62186
43663
871
40347
53308
24173
17376
49787
4079
23227
64235
25680
57723
30259
51979
36755
12077
64933
11064
44861
2402
49752
28847
16778
41560
28553
20060
37576
40259
44824
14605
40428
4256
42818
22187
14841
29866
61934
8638
16434
60566
32466
8022
20201
3194
13024
58496
14151
27987
18033
22304
11369
53097
25343
38069
43644
2245
5423
54440
64579
38813
50228
20594
49641
31850
26504
26807
45584
5451
21402
43288
15531
23512
34154
11638
51644
9354
48963
35634
53227
8475
48541
41735
53223
52795
53871
10585
56921
21499
42578
4758
17438
13862
32317
31497
27919
36489
43003
29389
34181
35253
63046
36797
56876
23782
22062
41732
50798
5501
57002
26095
28476
56292
61231
17432
44872
39202
63117
43671
56926
26083
20072
8915
52334
28408
34726
556
53929
59031
26253
25135
20026
31316
61910
42223
53366
60643
65325
36083
54627
34026
26704
33170
23176
18687
31348
36503
17328
37360
50021
2216
4893
48133
20725
44994
2255
49820
54263
64040
9518
35237
41399
61251
30627
30374
60145
64172
22640
29650
36531
57630
35384
16813
10429
24388
27392
12777
8216
21551
27915
14768
10801
61210
16239
40615
929
3137
9710
35259
24343
64972
32695
21706
37720
51409
64813
54705
7536
576
24346
1296
33971
64725
6912
22679
60264
55643
26669
43687
36362
7342
60158
22355
49274
46643
53672
199
18432
13643
35320
15735
62319
55396
15027
60236
45913
1744
53310
17961
6748
53297
34830
10671
43595
25994
36644
30095
16577
34997
13048
23293
41443
17951
48071
19434
15994
13883
58952
57779
30212
44878
54380
5566
52829
54321
57174
2896
51869
36575
12646
61482
19171
60431
26513
56760
56982
44849
4760
40455
63206
29985
51966
22805
22526
51265
57408
22407
7216
13639
56198
10649
12802
24647
47844
3461
13289
59532
4022
28895
13203
18064
51342
59628
39042
56791
30889
57789
437
36645
6210
11914
38708
32400
8635
42232
26424
34456
29864
57349
6983
25925
25416
50191
53811
17348
13342
23455
38983
33427
6593
57482
33299
5533
3808
63776
8559
10971
58614
16074
64190
14281
43203
6616
52082
23020
45896
9449
60069
36418
46306
12004
61001
33762
23077
9028
22876
10748
58345
10652
12260
34076
12909
26995
59896
2310
132
60604
60788
18612
9264
27128
62435
19697
2295
3561
12448
57282
27917
53947
54064
34016
59023
9060
12829
31997
17185
15707
25707
38838
34971
7070
21887
6617
47689
11407
29251
21579
23016
34116
65487
17400
40113
30466
46016
10737
13929
29706
47592
6660
43348
62563
58481
49060
48686
51500
3825
56395
20736
7729
48533
53007
39364
37382
27720
32616
37197
58362
52871
40694
64539
10097
61616
5156
27808
20862
17212
23414
5552
12333
17710
30498
10873
37781
34635
64950
28327
29633
901
57862
45910
56113
56463
40182
11695
6943
28056
47102
34784
8687
21451
41401
33245
63854
45772
41146
29309
63444
64649
11158
20496
59367
40026
27083
45212
1022
42409
59496
30867
14652
27085
34945
3045
58836
22620
26945
48364
51922
54557
29895
38797
46322
56011
5515
45303
42075
36408
59855
56897
12007
29009
27239
46046
6922
60303
59377
57086
51228
4478
17790
64496
42748
13378
38808
48873
39829
25182
6511
38260
11880
8788
1130
50912
41296
42734
44198
8361
39718
4645
61839
53744
46381
25901
61242
52539
1675
54849
42786
55520
43241
55360
43523
60094
9188
35942
46228
52484
59038
5465
26192
29886
24546
51339
23697
41909
48579
8709
408
25139
47541
1138
46770
18431
50121
13902
9011
33399
49793
10914
56177
61016
42087
60289
50931
2898
36588
27258
9250
37373
44151
24055
13878
36533
5880
49061
9158
47004
63911
50358
27924
60791
2663
37731
62473
56914
29115
12328
38325
64464
41668
50639
18782
16321
34836
42642
26477
30083
4934
42419
42111
34604
59907
1535
50435
11396
50169
53914
24060
21922
25370
31378
46073
58452
54485
16449
3398
28319
39287
7689
54280
63768
5631
17034
25528
18738
548
53895
28394
13286
38454
2769
2695
22041
64128
8962
11983
49831
48768
41288
4928
21348
6625
51592
25228
62625
48008
48631
21994
38344
29039
58236
4762
40763
53858
38123
20722
1131
28367
48375
50584
1262
47297
12253
54034
16464
58349
64647
46288
10768
49749
52302
25356
36439
4338
29124
32774
24713
41962
14568
13117
22256
37962
64031
63418
61272
13121
42140
42486
11251
57552
21399
2200
14010
33801
41405
52406
16255
11686
17672
42383
56826
29077
35830
65059
61157
41290
52154
13623
2581
32787
42019
41711
50003
49005
41261
18450
9614
55455
6048
65453
57146
54330
22585
10186
44608
26988
51038
41134
41605
58392
23287
16032
4899
46271
49156
47876
6091
24768
62119
635
8449
61834
22216
50260
1997
575
59322
34537
63245
36467
59822
9669
1411
45725
59643
44916
52984
46030
35140
25197
8101
12877
44820
32356
7616
1461
16925
31418
24193
13786
12429
50396
35191
60731
4065
49040
38630
39067
40547
28192
32868
9457
20894
47350
5266
57326
16392
25947
1917
37732
28836
55653
58333
19357
41219
42481
59428
47233
58230
56994
14607
57645
42259
57213
42688
53754
16962
56548
12806
60890
35507
32314
64507
4643
14511
356
51967
40548
50377
19275
34299
22486
54080
26331
39608
4849
12430
27532
24611
833
47482
15654
20439
28373
55875
62226
64631
57338
31799
32650
1019
37946
24716
25164
58513
17260
38621
29977
37410
58606
41065
35662
45299
8540
39049
36813
58641
40843
19937
44529
33627
44613
13323
22386
62177
17697
24951
1010
20466
14820
36370
39755
27457
11454
21108
37744
58921
56320
40222
6066
40209
51406
954
17470
23058
65118
13511
21114
18365
36380
59723
2980
12270
36679
4288
5695
9091
3824
54355
1395
27442
39477
53901
30156
57997
60464
30441
7472
23746
28122
56258
54314
32113
5370
54522
21226
19476
65123
5697
23936
6726
28208
22965
26423
6688
26085
5576
5138
52856
59262
6217
10767
62490
4813
13431
61174
43313
65399
25390
30004
19750
65494
54113
26053
5865
54376
11201
45765
37840
4235
33999
48782
7148
6075
44301
14219
59020
64184
28489
58999
39917
14200
45076
9087
9842
7100
62866
48249
35918
7033
20690
22450
28346
15366
22728
8342
53155
5622
1529
63944
17706
15410
58162
24124
7788
53691
35782
1822
55791
43160
56053
51998
32471
21420
65001
53167
52692
13773
25116
27333
27156
21377
32033
47529
63652
42272
53873
44830
36525
50644
19759
39556
16131
38180
65026
4125
34126
54393
21049
15846
1982
55275
8
47384
39288
65254
45704
28291
29408
29385
22721
38638
9371
34926
41262
58546
7344
42708
41908
41537
8697
40899
26780
6758
32545
19314
40832
19900
38733
37953
34869
49101
6114
3202
53734
56751
56227
4662
58348
3880
18011
24350
46702
39286
11932
60995
10076
48487
27583
3120
26496
44242
18095
1651
14938
62364
1095
40027
21329
30045
54405
6418
30152
50455
27274
32703
55768
27251
11648
2813
3717
52775
21038
62045
56933
2848
19066
28123
27139
32686
55878
9411
64988
2490
32594
5912
3794
10237
40727
37383
48393
26098
39344
7434
410
12053
41351
5470
40557
37766
41861
13909
26200
27351
46927
54275
60181
34389
38378
49751
23952
19696
3215
10797
35217
24543
11134
6562
15981
8170
40039
57914
33645
25005
51130
10593
33186
782
6572
18524
43384
14864
44061
27557
2678
32177
37624
15011
8802
40657
12362
6107
46914
32661
63404
60800
46534
14730
1148
1276
2036
7173
2220
31186
5861
46099
18986
16065
8830
37240
56460
2869
25679
65491
17247
63272
22532
14337
37617
40435
25884
5118
55883
196
42165
3853
33694
52744
53721
12446
25627
28086
36687
29751
24096
24407
4926
65115
65428
29881
32801
39711
28118
39719
11272
12461
8194
41137
11715
61575
13586
61153
44443
62381
6809
60943
33184
42869
41169
4197
47683
27071
58018
21307
2165
32927
57691
24908
38015
31105
5411
44504
27103
54174
6240
40141
35498
19886
8946
20988
59724
6692
127
43750
12160
58680
59577
24791
48465
43957
6336
39692
52100
4702
44780
54674
2171
18234
5467
34376
32997
18447
49540
58748
59578
58735
36458
44941
45790
5421
27518
64929
1596
60579
400
62566
1324
52786
29333
15063
14978
12758
43380
29360
65126
16557
15761
59904
1972
40302
39923
30588
42116
61521
28635
10950
29597
1811
59709
62627
57760
45147
15091
32970
45366
26361
54643
55143
24968
64138
25856
36471
51193
6358
62653
51737
30580
11309
24784
6286
59570
20574
3111
27988
58802
42602
12959
4493
50206
53019
58040
15161
52877
23438
23911
60572
27463
26650
47615
7805
25286
25747
24018
60587
56407
51317
18031
24412
12638
3933
4042
46523
2964
22792
11140
52314
14689
52219
46513
24911
43271
24081
1515
65148
23439
39994
44119
58673
40023
34654
63940
45157
52855
19153
56129
34455
60073
50223
53908
22951
59503
4345
34998
60101
42798
311
58351
36338
41214
40134
54711
60567
21053
29582
43808
43251
5674
30377
56068
7671
37218
29144
39079
58555
41667
15052
13560
4294
51229
6705
13229
53467
50070
44177
11862
18505
39369
13131
41474
4658
20902
9537
49207
63588
54295
32930
29352
60471
1068
54494
9884
44686
1534
6298
33478
25214
48553
10866
50820
47514
5272
7306
56157
64862
34989
52729
60802
55575
44243
17258
62275
34400
30747
46698
46844
46554
6014
63033
26666
26494
44284
19341
34993
54056
15418
27639
6216
35007
35183
61700
20322
51426
16030
5804
23555
43263
20216
51748
2030
41981
18157
55278
60917
55886
12211
59751
29249
62267
47494
45837
42983
13256
25288
65492
29620
28975
42807
40660
21391
30057
38523
64125
31555
16283
10503
52250
3813
48303
3178
63201
41018
2409
54796
28486
63349
18494
13215
12386
46366
54834
65127
22241
5571
28939
46100
25995
54754
60341
968
35678
2177
28154
48015
52362
13213
14532
24465
32443
7760
16285
15628
48559
42359
35351
41110
57079
48824
27802
3255
51291
53607
33912
49949
33550
14436
53425
41306
637
43967
49578
54400
57829
18509
34576
47821
4795
9067
16554
34107
30606
32320
24582
15758
65121
58398
38971
56955
7276
37185
62721
39068
43573
26151
44062
28239
2044
39324
46058
28962
53714
45673
21745
8017
40241
2185
9910
60274
3800
13828
42129
26640
54364
41864
46064
22649
25669
32395
53538
37319
65417
2803
30758
26432
52513
39932
973
25373
41281
58510
13775
2809
9771
4501
18007
50993
49181
22704
40552
4532
10829
47851
32245
36961
47490
44249
55845
46305
1198
17996
23977
53458
41503
42600
15127
26359
63771
60280
32213
23905
57182
14878
56264
29344
64327
58519
49283
27297
50700
22228
51887
51995
64243
24071
12637
54937
34458
54805
2510
15896
27018
27176
58577
3829
62396
878
49876
46719
15641
31877
46962
40090
526
64660
10485
59417
22437
18311
51624
26268
27842
63524
5130
53417
11835
12320
58740
32553
50836
51621
17080
60093
65499
34244
60351
24644
44454
60915
54680
13420
37237
19393
8760
26752
61861
41913
60058
39868
54020
36492
54521
42769
39381
61090
28463
31343
63615
14948
42491
44025
54019
22967
24214
44055
33163
11382
2366
1139
5163
31100
25277
38994
9514
7036
57787
27680
26510
55777
24402
45486
17466
49836
28017
65419
49815
46429
25330
62305
48595
19130
61124
47123
27422
27905
30300
62991
43482
34066
59993
10758
62855
20799
8134
16970
64584
53732
24325
15791
29972
43700
39731
21347
56538
25096
60452
37816
64785
27789
30654
48671
42615
52555
29202
32850
55154
7733
61788
61070
8882
56885
41073
44899
65409
61138
13944
40264
19458
52080
21338
29236
52377
40961
63305
16270
46466
12886
31457
19726
65461
4225
63051
619
64673
52115
50043
41699
61226
19865
45567
34908
30572
57548
62670
2041
28066
9661
12707
18816
31848
18973
66
13690
13510
1539
2413
547
54828
60237
52799
42657
23373
49550
29836
49884
56628
29031
59872
51167
26608
31534
6925
2868
12035
13694
7822
708
14852
1793
29069
46845
8894
60294
5261
36937
446
46654
64065
30861
10027
583
44518
18904
64008
59397
59519
4969
10452
58629
1009
10023
31670
25395
23265
16644
9221
11436
35054
26430
53654
61385
12132
52281
14047
56291
61284
24511
34211
37159
59661
43072
17366
30615
59119
23091
42284
23234
49805
54520
58579
36711
56929
60157
40554
7299
32546
54219
8260
1315
35630
1956
49828
25125
64370
65222
38698
5356
25651
36782
11057
7891
43423
56560
30293
3639
46018
51172
60875
57639
24119
14555
55942
32231
24127
65459
43002
2238
628
2988
52475
49685
47495
22543
18715
18910
8542
27441
54577
25879
40836
41321
15924
63234
6936
13650
51700
7932
55379
61790
5547
21095
60744
49574
8728
35819
24154
32854
1637
41551
31276
64491
38407
15245
18855
39748
13336
13724
7469
15669
27688
30911
54895
15119
34300
38252
12478
24216
50964
58309
13408
1797
7224
52050
15714
50063
391
25302
53635
14882
40140
39103
58457
24297
57417
28410
35035
18247
5598
13843
40915
6037
37863
49789
59614
38981
25262
21622
61595
64254
20438
40225
2756
57015
41793
2897
18565
26709
48268
55481
21008
11874
26013
15101
29184
63619
46152
25339
32976
59797
23109
61257
46056
43858
31070
25089
23013
45142
17657
64236
10908
48872
58323
15798
45872
42603
20187
19861
2880
29841
64354
39119
36274
16461
55266
37965
33111
4519
30987
54301
39684
1385
53207
56862
49494
19827
49927
56027
3530
17016
46469
40145
59778
23401
42488
38553
31694
36284
61158
34113
60666
25474
6824
60593
35053
28144
38672
36344
5310
59400
6713
17006
50500
54309
3661
16997
35100
3752
11652
61706
59056
5280
33840
36666
62567
63375
45202
54144
23853
61741
53992
9698
8547
45609
13974
36842
56748
16010
5128
64296
24369
12946
30075
39455
31750
57037
36195
56526
47493
63506
27850
33261
45425
10416
977
8634
18265
19237
1729
29781
49077
47996
26446
4377
56866
65073
3232
27216
45833
59166
52284
39524
26524
32948
52819
64644
53430
20381
34720
64146
40792
24620
6223
36732
10371
58594
42618
9632
59689
59897
4491
32945
44571
46110
15196
37019
5323
18548
7178
5064
24097
44945
4545
33191
24773
3787
16090
33678
32230
48185
15295
54551
56361
41331
12685
5890
48180
58358
6252
25207
8492
52033
8654
53009
21264
45333
14087
22163
26922
21017
34943
53725
29310
32922
59052
25974
53226
58991
30834
26606
58998
38910
4782
1692
6761
11825
25127
18238
25004
58128
27718
48501
5918
58654
38805
1278
65422
18395
58558
1743
24846
6055
26521
4998
55123
37236
50287
20749
15857
13569
71
49184
28989
60469
24641
27855
2824
54445
60172
29769
31224
65060
33165
35677
43739
30213
30605
6134
38487
32173
40279
5770
52560
41004
36850
37350
63638
44138
46376
55280
59801
36918
28234
10514
1195
42954
17513
62915
28742
25000
30525
3500
37792
21944
42286
46363
27815
4247
54395
3007
36214
31681
25048
24042
48406
22240
36386
10608
7814
24694
26026
47903
38020
12834
60977
5346
43647
30905
4904
5935
21905
26227
63183
32538
19046
12932
17457
27969
51986
60983
29134
60644
60340
65268
385
52404
43949
44883
38258
35936
49434
56691
31568
30985
40773
5985
9248
9800
4845
46501
37164
63982
38970
52005
6193
6321
54123
47458
44528
38948
9169
10574
29007
36894
42778
19493
64847
18906
5821
58635
42035
42905
44388
24477
53819
4966
21543
14039
2419
61116
54118
38931
59664
5955
15820
35368
49583
21152
39279
54586
34425
37150
47886
63291
5115
50594
10890
52679
29914
31720
16885
36078
25015
63863
22998
42045
36826
5546
43162
62176
32840
17003
37613
7222
57713
32394
229
17149
55908
17746
36417
36011
61806
36149
64427
27963
10019
26694
35080
11287
55811
3847
59049
31483
57800
20548
2042
30256
39604
46810
14115
14592
62117
3949
3408
38248
39865
3689
60873
60154
27412
10571
64221
888
40251
10642
46964
27434
10264
1034
6884
64189
36091
29619
39147
59393
35589
8742
46757
13143
15225
42777
13631
627
63808
1853
27138
1738
41391
52059
33381
10289
52571
50648
55715
47897
39525
50037
22824
15385
14339
41507
26586
30883
33542
34581
42066
44735
55451
6585
35348
22630
5281
62547
57341
25305
62669
46281
56192
35315
58847
15610
11821
17059
59488
31386
54183
23139
41007
57033
64200
20253
52675
7500
52023
32066
49424
52170
31199
36926
4278
42295
48656
38222
34644
51710
4033
1688
54568
44588
9501
34596
60334
36450
51825
2482
32374
62676
14001
36298
55719
43578
49829
7164
44909
15409
52392
35704
33000
59113
45030
9977
56050
13495
17041
2166
4880
35003
32212
3575
7443
54142
64311
52261
35347
30169
49730
15047
5521
9179
2900
41651
37221
13994
50076
13771
6338
1707
2616
20093
29084
43783
16069
53922
59201
59802
31698
28432
26902
39024
54857
62181
57029
17767
10318
9465
44045
50582
30965
29116
50927
28788
64083
7495
5343
59470
667
6574
51152
47443
19872
48944
35769
54078
45104
60690
34192
41624
27220
814
13252
32637
61459
56106
35915
60298
40866
4458
40456
13720
26055
56887
58636
14335
13119
56059
49230
442
40992
50723
31445
29282
52300
43838
32326
39689
36872
6964
45403
18537
6420
20346
6333
49025
3525
52622
61291
16517
36170
49634
15094
4213
63662
27278
54756
25163
953
33211
42489
5748
17691
5047
53325
8062
18660
34328
49409
32488
20494
9818
63109
17251
25843
2779
22057
58702
5
34660
54049
51358
52889
38448
33939
42779
65468
28103
43481
9758
12502
12207
36346
8608
33593
1546
12201
60290
50424
246
10725
59521
50054
41163
55808
10319
23770
23104
45296
10410
10808
14537
30443
21838
40898
2377
46411
3647
15226
11344
31875
32530
7414
2055
21508
50954
12210
46820
7674
52652
31556
44661
20120
34639
14257
17112
20071
50392
40751
36014
51749
45953
4870
58881
53093
8614
30674
65452
30158
11099
42386
60251
41001
4014
18966
18411
44053
44652
52942
57078
58311
6139
58094
33924
57649
57755
37055
32972
35838
50893
52880
50873
47991
933
50299
35814
49297
931
56426
46002
7370
50322
38654
22329
55126
19436
50515
11679
51927
52642
57846
12212
50944
40095
30657
10912
32887
38021
17415
23641
36068
60004
28505
55453
56339
6519
13404
54052
29391
33259
49924
50310
11664
24985
4980
56202
11792
38440
22847
25324
8793
6775
37973
49536
55468
48639
1147
30167
35664
40275
20835
6635
6
64719
1208
1904
41010
33300
45020
1953
43625
62846
50562
17995
29677
16948
22103
20551
17663
22518
36269
63764
34801
26245
50593
9761
46835
22571
30692
14338
59542
50368
3517
50745
54945
30691
29014
48166
25114
52453
56532
28402
64166
16810
10024
63493
30375
35843
37860
12581
33509
55383
37177
49794
20431
56891
6289
64807
39640
53628
2054
11336
37355
1321
29518
53135
52577
28308
37828
29926
9475
63997
50922
18304
50320
26920
53547
1590
31449
63098
33874
5849
44760
10445
35079
48811
35633
10447
21603
35407
19735
26620
53408
45172
13294
21492
24386
11529
33640
62323
25898
64017
6232
55095
55860
31551
7422
22786
43181
50896
48770
51085
34118
39831
35201
1399
25902
64000
24117
50901
32411
47199
21548
49330
15347
45699
40851
29479
44628
30672
42132
33050
51335
18320
64565
45700
13576
25607
57503
56378
56399
38583
35588
22266
45195
20286
8392
33842
18534
9745
35790
51804
44914
53074
57118
41941
2191
30593
35611
25169
16428
41381
27469
10778
22485
58427
31217
18865
30198
50466
45868
59989
8534
30623
21746
18079
50013
41826
15576
1717
392
46625
23129
11415
15703
7104
16324
3840
3312
8997
12907
39425
5868
16951
48452
65171
1610
17268
10206
7940
27736
56815
55281
56558
18746
50217
41743
52841
63629
36659
34769
17967
2086
35484
34670
10382
48139
37212
37703
51433
47715
27053
24553
12746
32396
5884
28724
46436
44250
43797
53295
39386
4067
44744
27024
56852
27104
57647
53106
42989
26725
21957
29109
42812
30051
44484
59611
57739
2236
12566
20463
4802
6680
37214
14498
36859
866
27218
25132
7219
832
51331
44623
15284
55774
24671
47464
56634
7031
43091
45724
10153
45348
41439
50655
6561
8180
37407
40629
28898
46118
25273
22411
12791
23968
43929
36267
9057
10843
34508
11570
38084
18415
41440
51259
43802
30508
28392
34857
26458
38886
61243
12427
33663
39910
63640
1875
42794
38567
19140
25220
12397
63608
51842
5752
62428
37343
19608
30092
13968
51734
34008
10805
62470
48171
31241
36101
12504
28331
29424
29839
1378
2996
22702
27084
53749
12216
38631
15920
11767
51313
56900
22722
3659
50876
39626
36899
15822
13646
6008
53767
54469
37493
35497
59553
16882
3754
61825
44490
46890
38453
58605
61846
52344
13141
24109
25734
51508
34347
36179
15188
28458
9406
56323
49552
34413
20828
2591
43730
7097
15671
18379
2334
28405
30833
18134
38146
52503
4818
45646
57355
3712
58679
30440
56005
64357
29505
19800
8125
43864
31836
44037
16040
37202
59307
16172
25751
36140
65271
21983
26627
11090
55050
14249
32635
56310
23146
1998
14209
23
40914
54256
57072
47826
59606
32329
44335
38181
5189
64378
54530
37018
61409
2209
152
42236
13743
31416
20256
59042
42050
40804
27231
1524
15747
11955
10989
18582
17219
54384
56609
41687
60008
2451
60281
16605
9483
59800
63643
31054
43262
34598
31273
48416
20930
38195
20933
7403
55125
29636
45270
5447
26395
38817
12794
390
58164
26117
19600
29593
60967
33687
33145
28235
29647
60195
50768
13458
37302
25424
4087
38365
4580
35668
10470
60033
57544
19359
35873
27157
56930
55398
22725
6176
25877
31121
56780
37604
15812
23082
30656
5326
48649
24957
7286
17279
41999
37003
64192
25775
24506
57090
13872
15149
61064
31822
60400
23726
7516
31943
20823
59569
44897
58207
2826
55927
58204
5727
47759
37908
23695
59752
14602
23964
13388
44546
13082
45720
10412
30964
39898
2215
40177
26340
12970
7858
61883
43419
19326
55693
11830
32756
59491
9021
64570
25923
25683
44449
20411
59920
2232
52980
7316
49750
12912
31621
60082
24159
13410
21161
2837
26056
52434
28612
30991
42780
54181
49013
1082
37500
58781
13328
36273
53492
56274
52867
64151
25186
5634
49718
47610
14389
45776
932
2228
6168
20534
22732
9006
44094
29159
36911
46528
7108
41822
32647
9302
47451
16141
65295
12109
38240
42698
12043
1060
3609
12159
40189
50160
30216
11248
9400
45398
24176
35063
33960
39430
46506
1496
9142
56968
20001
17446
12571
45493
22115
40772
64997
11175
24145
54175
41017
1821
3595
12609
50203
49288
33431
47340
42885
57613
58495
58969
33622
12383
18112
5383
35265
61322
59068
62367
23029
48112
22773
61003
47764
9352
29791
29844
35273
54462
65352
16646
26475
58986
10932
21898
5088
21988
38605
49135
34164
39706
41795
26007
51962
1013
49411
48851
28339
49668
11546
39188
61150
55840
2274
14725
33402
60424
40309
41639
59657
26943
5361
58138
51538
17235
7809
29524
39012
30851
20259
40316
32590
32670
7006
990
55428
19203
17998
5003
65023
9405
48352
59075
63011
15688
43028
47611
20133
4924
18347
5888
40911
52465
9428
4566
8059
52388
17811
27790
36371
42726
53497
37825
10821
7244
61853
6096
42917
51990
24612
19544
27346
7608
33295
37433
57810
4610
56645
7670
36256
49987
23180
27411
22667
9912
63601
39240
1360
32308
32662
26852
52367
51404
59364
32003
32313
1001
37364
16268
21443
44877
20700
6003
44290
40687
53907
7193
40950
51699
50548
10718
40869
41084
53361
42911
31288
42065
5203
54089
5456
53350
65283
34791
14683
42394
4970
27539
55149
54382
18105
57470
28212
35059
56806
19217
21964
34136
31619
33892
11817
6126
41408
33521
13320
53601
37955
53728
20847
27770
4167
54088
36829
1464
2858
3252
17124
21996
24842
51123
1815
17325
41087
26255
37882
31866
2163
11948
14571
14694
47181
32881
34818
52051
18471
49567
23866
4412
15601
13021
44049
39247
45106
17508
6554
21470
57216
11447
59326
19143
3204
20368
62781
18970
21193
60752
60529
22684
22159
61967
53545
53347
22133
49674
20433
13508
19871
31115
42944
11035
48931
13921
8505
8142
35694
27206
25541
49994
19204
7034
33377
23187
16833
45307
62579
37937
13319
28082
28737
53615
59374
30481
62378
14911
11446
19113
3509
8408
40762
1933
58730
51223
1901
8084
19208
16698
7465
58212
53490
9241
46260
17991
35442
18908
36636
41376
51275
5687
64846
37210
56311
56473
4343
38739
54505
59655
46128
57315
42813
33592
46248
48965
24048
51470
37084
7979
33665
29120
60559
47963
44560
23615
36359
18127
18475
56321
5596
42257
46809
44223
4806
18146
27858
16411
5584
30178
38570
55948
9511
7369
54148
63087
27217
5298
15140
48014
26060
22576
36612
5481
56453
55946
55447
4650
33908
63259
15969
30295
11081
33097
3807
64145
33461
20252
55351
33809
1320
14883
47935
45716
13716
18724
22997
18535
55683
16931
35364
45603
26351
14995
24741
33958
3692
61304
668
33902
20296
14076
5466
59192
2611
15487
17262
37643
63208
13792
51139
1039
10694
45605
52355
21178
15777
33559
9536
5758
26158
15854
63967
48030
11998
20648
29125
46921
28403
43729
34496
27262
51902
19590
27388
22826
12450
7687
42462
25969
37592
43697
47964
44730
64226
59750
12359
35808
43503
58508
14439
48190
13060
9349
18988
46912
26745
43599
40266
1230
39021
8246
64941
16397
63469
42934
30463
1945
12069
40413
54208
51165
12314
15181
56333
38924
27383
32811
49030
8510
42158
41649
54310
9898
51968
40750
53060
11310
2819
65532
43324
39233
7694
62611
25321
32735
33281
65277
23472
17436
17783
1993
12801
53273
23582
51141
45760
25924
53103
25897
14024
58239
24189
65190
4452
14285
51162
26643
61053
36139
39074
50210
45346
5578
59968
6914
33982
41772
61483
36798
55162
64573
17847
43988
60291
52660
2615
20987
22253
31601
16453
52057
28205
12193
10565
37651
8919
29155
51893
62959
43512
9711
5139
43865
8710
45000
60180
35657
57970
44208
28889
54490
49931
40530
53003
3552
34628
59198
50135
48391
23463
14933
6173
9144
12882
26128
30395
51023
31415
29652
13688
13061
3103
4055
32436
25746
34887
64937
12966
17076
4778
56316
8626
12070
46132
43945
20724
41974
39044
37510
49860
45748
11507
49925
13727
18592
28770
47138
52583
13996
52764
26399
47565
44927
12945
10474
65284
59110
51583
5166
20430
57398
31961
48759
38086
46632
9807
28934
20441
58389
14496
6109
17299
58809
24224
31045
4201
31192
41075
28282
57895
28027
49268
7027
45453
12987
43580
24882
28020
60600
6722
6916
27507
59527
4828
11449
61782
32333
18121
43698
27945
37959
7691
59270
2717
23295
41081
5461
18726
63456
13307
32606
49390
9924
21850
32157
15062
8506
56195
33174
41858
14368
56917
61587
25540
33937
22428
42620
46246
5390
64123
33080
537
5489
33066
13971
17696
2439
13915
36746
45728
63401
8883
38875
26472
22750
58047
33051
28602
49670
64409
47270
9970
23670
46846
54172
11314
59531
58643
54813
7476
43065
48096
26906
35234
6150
29606
10006
22430
40541
11607
12522
14135
40892
26450
51101
53275
26530
6793
29997
31973
61854
43642
6179
61235
2801
32183
56228
64630
50154
17105
34252
32973
7531
59456
6984
30284
12170
16347
19646
36155
22025
60603
11425
7627
25739
53879
27488
16921
60263
19449
13983
55392
15259
55385
18708
37637
11438
21714
8363
44434
28950
49714
8538
58823
64561
46419
55019
30912
31375
49756
6022
42595
17380
17181
2625
18170
43460
9386
28057
51802
62900
26535
37501
40584
15114
39223
33725
61345
61311
44463
61358
56823
55603
48189
13669
47719
51421
40314
33662
59185
31897
59582
17093
37050
47819
56468
57726
7709
4289
52333
5504
21522
23719
52766
22227
57767
41325
33977
6934
56043
4542
21652
29423
33028
30978
5872
41108
35240
47216
149
19008
45342
29318
38887
43064
14017
61344
28051
36726
36658
21252
20645
58545
64302
9275
50438
21846
38615
44959
36473
17004
58076
50707
26228
45781
35188
17689
11602
22919
55302
21578
55338
22994
34786
37102
32117
18825
18796
65072
3348
38490
33292
56569
30098
16872
46256
3370
25894
23686
24988
18413
25327
6485
30476
5700
11685
57869
51501
49722
693
58486
30844
25349
34309
54896
7380
32836
43829
8044
63252
2710
49095
11113
7838
48877
8864
45525
36028
58276
20568
21234
3831
51778
45602
58406
5220
11084
17464
23807
59738
2998
16070
43393
52402
2840
17229
44639
44573
27398
23674
2026
5251
54464
44065
48379
23960
40324
30556
26179
19911
16372
333
4094
17877
43364
20669
4570
33513
63884
45429
22943
44086
4403
842
11471
27379
793
4398
41625
56592
49747
39461
29379
24944
21800
13806
8515
32083
6619
3477
31481
4649
56779
29758
26261
37358
51363
39491
6060
52132
30446
48006
35264
36505
59776
12419
64774
10936
6009
20271
51182
13037
15358
19190
4879
62605
28477
29269
15037
15311
63762
62345
15388
41361
38229
36319
19081
1909
32902
18636
23084
36420
19272
5034
44785
2157
20659
49154
2488
28605
9450
58474
48260
2981
3771
9488
14348
7499
29081
46891
57406
34524
27246
36778
53920
13010
35667
61406
38765
57844
15484
48192
64641
8865
40732
21718
44699
18351
49597
60056
42723
37020
43200
26866
43014
41312
21759
22698
16105
4136
59816
23354
57897
13385
50425
37316
43306
40024
44210
27793
2716
53786
15923
15365
52203
2968
13269
28491
44843
54912
14274
33779
59814
65237
31274
7197
35555
64883
63772
13778
32932
15626
41208
8732
23177
6667
48542
51830
8928
10273
39848
47132
16127
53624
41623
11457
27194
14707
55632
23473
57927
53066
8132
38522
25654
54356
17499
1731
37599
21918
4482
63478
14927
29678
61338
50558
52883
32456
36783
32402
39450
7329
30687
53666
41654
373
22523
56621
3738
43453
22959
57815
57629
28722
62701
61405
45276
52321
21645
13807
2835
49602
26919
29944
17426
19151
3184
9319
36724
13128
59656
59755
51626
36034
13499
64374
39806
33290
29317
15697
29549
54772
37141
19785
34085
43902
473
28758
55690
3263
37165
43194
50460
744
1405
62506
52186
62554
24144
63062
56964
33707
60090
20842
3883
4640
41645
44979
51957
61312
18760
42231
35533
62988
36814
43297
34728
5663
53294
48076
51126
63907
64619
8555
65145
5891
41149
10221
16137
5788
8253
44221
64163
28717
28921
32108
57505
35044
20163
53542
14579
1184
1807
48992
34346
35765
6744
55425
57518
2164
38671
59045
22693
21153
4297
27105
46339
41349
42520
57558
58743
31746
28940
60226
57614
36987
9068
21147
20180
49241
6693
30645
25597
24452
24017
37464
43307
63314
17524
12890
56507
42655
44879
41164
43310
26797
56598
50614
48126
44892
49440
22775
64825
21091
59747
39465
40491
14423
46521
16971
47473
55891
8105
30081
31126
60966
58541
50959
19880
42670
55527
8242
12832
303
43761
38418
57068
47862
27492
6642
41224
58817
42485
59572
36941
54260
50194
2526
40511
40073
61481
49555
1242
23892
42787
53969
27444
6153
52073
62389
41891
22144
38576
53140
8772
10740
18814
2421
37107
4198
25260
19829
45655
28298
55015
28916
24581
20895
24141
7880
16913
47801
1597
57545
7794
39716
30018
57803
19689
45958
62434
52194
17161
53710
51489
1044
30666
4333
14317
35604
54217
20370
56324
3342
46296
28931
24765
32554
12124
37641
57405
7941
15754
28929
41459
35560
45816
45148
14309
48451
44040
44075
42146
44698
46886
18695
46129
7648
27113
11758
16450
4599
46504
5563
44105
9270
39851
5093
1135
90
52012
37362
40048
39906
49453
56111
14716
45736
49659
46924
36898
39339
40012
45541
57532
16900
10433
57559
23681
11961
9567
45988
35010
39006
18356
7808
21513
36376
39873
21224
1063
9162
3249
3486
23417
13337
18453
45373
49932
45862
45637
45978
50356
12876
48340
34103
61850
50354
34104
6909
46167
21312
30217
32194
21866
1471
8851
4768
13797
31076
9138
44523
16033
28812
27155
27014
33601
13637
43893
23019
20363
14201
349
45744
60283
33941
20222
41525
19423
48253
9548
16198
64131
27740
8161
23301
13813
50074
20376
2893
33502
12203
33522
62921
62751
35400
44943
4901
36021
32630
15476
55337
28554
62957
14203
14344
48651
57580
13601
8434
29891
16929
18024
64289
38914
14396
44651
50133
8839
37225
65348
59033
15167
46499
24251
14901
16965
58288
58077
62813
35510
43709
56052
4681
33683
55797
9459
57310
59544
35251
38677
42841
57462
36994
46096
34296
15093
29622
46599
30074
23624
50294
59361
13585
17885
49869
59368
3039
61130
6810
51512
9182
28231
20372
60467
20151
5033
2886
3046
6504
40253
62384
30104
5297
41917
28488
37117
63555
18677
47406
969
62042
838
29714
11127
58604
59449
50130
60321
42180
42003
54994
7368
2420
45726
17664
44728
51014
16959
59231
12099
14844
21020
36181
59845
17389
22746
35998
54744
51274
7335
32810
22852
47432
35138
20569
17557
57987
30571
29846
10869
61843
35926
64550
20235
37353
53790
25098
18933
43974
40393
38075
19754
29075
28342
63362
3657
54774
26789
6772
1526
53105
41612
44204
57095
25860
5415
13071
60025
27501
26819
30767
56961
32782
29547
24832
57833
21808
1071
22186
64578
7839
36190
39130
49569
44933
13
31985
38510
43977
18111
44737
48105
33657
23055
15031
16741
203
40968
11524
51132
35625
22637
5183
40103
4690
53396
21721
25170
45740
3763
40575
52419
14272
15680
40935
38385
34956
41739
35849
6409
3686
31584
2369
16784
65436
2417
34952
35302
60956
5899
46667
61113
50773
5728
29934
30585
4127
33438
46884
364
51315
61146
42370
27676
12903
31924
9600
41127
43583
49605
14840
64219
48140
54967
688
25124
7566
37332
38776
29782
16212
14606
21035
31
24296
207
23478
63345
21301
493
39887
48423
49652
35185
28091
46834
11231
58118
34817
15648
9975
38466
48205
23322
63735
60872
42757
51154
19406
58125
62062
13067
47452
6105
37380
45449
21036
30403
7619
46206
52069
53583
34441
65187
51112
24761
4950
33931
49022
56953
38693
14239
14622
48945
49429
2056
27406
27035
12373
7550
16941
50173
58378
56840
55627
4305
24340
57973
40513
64178
11506
35091
36401
18002
39646
46421
12601
32770
55912
12360
64185
9660
26899
16479
45717
5878
10308
11745
55741
7425
43103
49779
38842
38794
32116
12273
53113
58371
24643
21835
14067
21050
3955
3257
42766
28004
4408
49278
12145
42558
59703
4341
15141
52103
50297
65344
45007
63207
56575
45937
39714
47730
12023
59846
54514
57212
25369
37381
25062
46263
284
25103
15473
8714
36741
59782
22243
37611
61066
54900
63071
7989
58036
23085
4856
28364
36753
13154
49610
45011
50914
45401
49532
30891
14909
27768
52087
35535
61690
24920
40568
