37279
9811
62067
1966
47453
43954
31222
19670
41918
64874
22114
18099
21473
52947
65267
13419
8882
36843
63278
46288
14009
62699
23828
61623
16741
17429
3309
64156
9237
6049
36203
57112
28737
63343
11026
2121
50419
63391
57662
12144
26402
54166
59295
54930
43042
26170
24722
31137
7525
37739
46878
27489
16474
27091
27771
49369
64860
39641
6530
53558
45929
53264
40166
272
52540
24949
56181
33044
17260
63557
25252
60454
32048
34602
28571
26395
17387
49290
64476
9689
62133
16108
37011
40455
62617
21301
3352
3829
29392
20537
10524
27538
15650
39255
47624
54887
33363
23047
44501
24402
17649
38693
30575
61288
8088
35057
59573
25857
44978
7812
59218
52276
47729
50712
55031
4081
55414
59670
56928
46418
54611
61758
64552
19177
3807
12022
12457
63935
14843
42410
49143
6769
62162
28059
50569
62414
5775
3441
59762
1369
57266
48095
41536
58009
37222
46754
44042
19442
3468
10366
60876
43449
2537
53574
19469
38771
13866
55743
29220
46713
51666
1490
31981
62342
56188
31613
21710
18489
3157
13937
63262
30064
40937
21065
14495
20752
18385
38942
54871
52461
1496
44178
14797
29069
3136
58353
11215
11941
4835
60306
50166
13962
28449
13812
10435
33753
56300
34044
26612
47983
48909
41104
50168
8920
5642
10355
26176
62453
63848
26328
46690
61046
22326
9857
33954
14679
21781
47791
63969
27346
53523
24094
52599
27051
62229
46210
55373
46096
40624
35782
42127
44142
37419
6630
53081
48482
47532
48255
60212
50921
39795
27034
21230
48285
55447
53860
5628
24727
46624
61358
54626
55658
24803
27748
26980
38495
49229
5468
35853
49254
27931
32332
61274
58017
45305
23372
25731
14492
38603
42261
12363
19272
62317
46112
36045
22713
65435
61730
59282
30638
53005
3919
16190
55694
1752
59151
7546
46351
38240
3724
12991
57583
61729
58015
4916
37348
10293
3828
40812
28357
49740
15123
10511
52138
26721
61490
23317
46507
11878
17188
63943
1933
59223
25781
12405
38977
36373
3567
65
41019
29921
18049
31533
63750
16536
16551
64033
32473
20463
7952
11525
20449
29707
8575
58378
59090
49357
14864
64133
62785
56286
38022
16191
16351
28051
37574
62021
28770
6950
64229
55190
27351
4937
36827
5595
49955
28113
36994
56097
12107
22867
36854
18617
4864
29640
63806
8109
50891
25637
12371
23360
53151
60942
32269
61481
42332
17466
17828
20341
62283
38564
1203
54447
62057
54625
15800
25267
21513
38963
17152
19701
8083
14050
21541
24778
16722
54495
62598
1034
4083
32414
47653
54299
15207
3555
60569
1898
60574
49133
15125
52012
37356
3378
33059
48079
15509
15141
1500
62444
42823
27529
30223
9671
16960
58092
16599
8914
19900
17949
35139
39850
23561
62784
59373
20434
50986
2685
50274
29628
33152
28416
39025
10944
22239
34082
10914
55840
48601
47993
47413
51794
50816
38196
17770
53537
28315
58455
9742
19910
39052
7642
43380
14460
27339
6545
62438
13455
16830
61486
19230
51864
5226
35153
63047
56635
8509
12936
49228
60536
14118
5673
25323
49672
45907
36687
42957
34718
7346
9783
64373
62655
47824
61050
37863
9497
1221
51722
59734
57618
35738
18766
47135
47461
52884
29819
49316
19062
47906
58443
61936
33273
46148
15514
33266
17501
60522
28015
27420
53385
11217
28605
12208
20585
29692
34172
1551
28914
62720
48115
8051
30366
3709
4997
10965
52657
48322
31204
51407
23244
45193
48975
11057
59190
23749
33533
42199
53127
58870
15266
7764
34275
36596
2734
11160
36991
32297
36133
51762
3865
3685
42862
6477
16144
31563
57699
61492
65445
29816
61357
17421
45875
3871
59974
31301
56391
36792
59732
51898
4374
39568
37253
27100
30272
52118
53226
50618
14479
56214
16046
50078
21499
27729
7173
40269
19397
48206
52238
27329
13919
41861
64853
47504
46349
20213
14346
39565
13929
44288
25701
46303
2039
22483
59598
42693
14430
41664
26746
6508
13230
6619
51315
40803
33087
50582
59879
27332
39623
37228
26353
26794
186
29671
26346
3258
6127
3684
14028
23397
59617
15964
15327
57278
62396
63066
32044
27475
3087
15470
32664
28478
45887
59740
15464
30680
29193
20264
57413
21373
951
56025
7215
7191
45318
19539
18185
56007
48377
3761
48345
53496
45353
51092
51987
36789
48951
10924
40035
19524
25241
22102
60372
45145
3979
55142
9052
51004
22924
7241
3003
45514
51988
48486
2733
19304
42375
26230
18679
19245
514
48457
48966
672
31527
36851
35127
54730
13299
14455
59591
50812
6514
42048
60963
42857
48034
25370
39422
21372
42755
65142
63668
27279
24259
20502
54016
4774
46853
62565
43111
21278
3345
59694
52120
5847
23018
33672
13050
19492
18242
45348
34381
45980
23055
46363
31194
52769
22363
5079
38273
13633
17740
1605
12112
43683
34813
20400
22558
56467
24445
11785
29026
63520
54921
52268
52127
9479
28734
53634
24167
53890
54880
60429
18322
10138
36127
63227
44005
10899
51730
27119
60633
50786
48175
27822
64458
49688
46825
33442
18391
26208
64060
34573
36171
33163
17440
6314
48403
32051
21399
33103
21768
21226
56972
8988
43876
40378
35496
24838
8029
7441
25810
9613
57883
49140
44342
64422
3024
2766
19899
61448
59690
28239
8240
55570
55653
39640
41420
27899
32879
31530
49793
57004
47118
29025
23811
31586
37346
55881
27200
32476
15103
12992
48910
1466
302
3126
39468
39228
22314
58882
48655
31918
12033
26112
23606
37652
25509
23152
33834
62558
44585
3316
12512
17248
47772
11752
57550
28675
59757
14324
3285
27106
25115
16513
2282
37596
20961
5581
13535
32001
2507
39185
780
23958
53663
14888
42904
54393
6010
55720
16074
10426
32574
24771
24262
31461
14770
28229
43719
25094
38042
1776
54830
18927
5281
14074
57655
51792
23703
16499
13350
45398
42617
15185
21394
41275
21938
2497
3445
8369
2566
19811
32979
64198
30210
27930
26493
23586
28217
33365
32745
48172
38954
45084
28628
28649
13401
27344
30144
50625
4492
30331
35917
51545
11164
8020
50964
57790
7997
3250
57454
13456
49420
18072
23226
44764
50581
9510
3414
35336
42516
11425
15172
62708
44822
58172
25456
225
21645
62921
24350
64306
16920
28711
16464
51572
1341
61224
55629
64227
8255
43107
61968
41355
33835
19514
46425
41573
8746
13952
45455
11484
1332
16495
7681
8545
65174
26722
15358
31440
58878
19925
11068
54601
24547
7389
48181
7307
23042
20669
13458
8066
43549
48729
20475
63555
8582
3496
27338
41136
20957
46442
7613
14615
51341
63985
53891
6511
12237
52591
45275
26863
10272
7246
14567
28886
31038
34714
7306
5795
37068
7142
1616
2132
41107
48091
57851
3403
63992
16224
21160
58550
10912
30824
21407
60298
19721
59014
7055
44853
59801
11571
42016
45747
1890
40451
20265
19689
37221
7662
33208
52372
24120
10665
43261
38434
55549
19280
58924
20425
24037
2226
59519
6044
9609
40359
22690
47120
35070
3041
54633
63254
22618
1770
5302
42675
50707
43359
52825
32360
36912
14299
25047
38986
25250
24147
14081
33814
36124
31823
47025
36370
30000
13849
20446
9628
12108
5705
34274
44854
33354
55398
23568
38447
43228
19962
13120
53364
45486
27002
54251
51681
47261
10068
6824
5913
49459
41105
15236
60813
32502
36977
37843
31058
26961
29301
24546
2652
1983
55705
11753
1545
24114
1972
26594
23513
27848
42323
41172
21736
291
55799
27400
27304
27550
28392
27674
43355
19231
19000
28111
29134
13796
9693
47760
40206
36236
46811
32966
40289
45194
54847
43658
1543
65487
44551
64684
15521
4004
24161
54426
11409
26489
24055
47694
3602
34154
27818
61757
58371
53871
35973
47817
369
63371
34302
44033
39279
48447
53177
56429
30341
18457
16527
12326
18394
38686
51696
22301
51928
1850
12944
48667
14021
8891
39624
63559
21095
24805
6235
46323
40321
44198
1805
39429
54552
27688
3347
43939
32914
60790
56024
20167
8338
7879
23785
56031
29808
65140
51380
18507
59628
56675
58320
54380
43396
17046
37272
30749
54398
64567
18189
55475
54708
10255
57881
18461
35049
51669
51348
1849
50404
3248
56738
17879
55497
23308
62013
10480
63
52328
44434
63662
17118
11778
2213
28620
367
18870
44741
48237
18110
48274
65502
44886
30956
46086
61816
6311
13497
34814
23235
23160
3543
5192
52827
51203
2160
60678
60982
40792
35202
63967
5084
60178
11304
60730
5284
33534
63451
46655
3302
13593
6109
39143
56421
5020
7902
39647
40635
15459
15773
47561
14992
1384
48370
48782
36565
6527
21875
62834
5098
60787
26807
48130
28585
7702
40851
25973
25977
22196
271
39762
28835
40069
13679
52440
9748
51299
31298
49201
32511
57571
25138
34653
64369
23229
58806
15190
34736
22699
64127
8561
43696
43180
59976
21604
21986
32878
2422
28162
10085
57418
28867
37138
39442
47307
55419
6037
36656
7961
4174
406
29014
53053
409
16422
12446
33417
48281
25998
2007
60025
27749
358
37545
63938
20143
35858
46009
39892
21581
27877
10490
3177
26759
45417
7317
12501
33993
23959
49447
56266
24915
36286
3996
14147
12560
12201
275
26147
13307
58364
49663
53417
22571
833
20372
45664
50391
25814
7653
6318
9201
22832
21263
15921
27137
25468
45520
3854
21379
51999
47045
61237
44750
33443
130
57548
23356
57589
61061
57615
10597
62524
15555
12513
55965
39654
34459
4826
55472
32561
51045
49400
54309
4136
7009
48033
2855
28759
47351
53977
19929
6225
43493
22813
50636
50647
60343
49065
20638
53931
59901
2664
63578
61385
25762
1431
27021
23145
4508
22861
6446
12849
23466
17285
60713
8664
46253
40615
59892
8710
24503
22305
55972
48170
60869
33134
42626
65430
6197
29024
55961
58398
57048
56426
28057
26257
26548
18875
33806
33897
13273
56223
37996
12974
65408
36441
17115
9568
64493
978
2917
36751
40091
60949
44197
47586
57728
50193
47614
30246
60880
51328
48192
17200
47707
36389
4921
1841
33049
57114
1393
47416
52846
47159
17199
43220
23562
2140
5146
12535
18409
33840
53453
61630
44761
63267
62194
50836
37415
19320
63475
63334
22566
59678
57106
46196
53458
45705
46292
47982
5984
27764
9245
44828
2352
51446
20740
61200
29427
59783
59866
34804
28631
24410
14224
12790
26270
55973
44627
58068
56169
57244
30724
4478
59997
28476
25166
58979
58917
40425
59004
36249
47176
4612
42603
10592
13785
48003
50799
13946
64845
55939
57100
57184
60400
17935
48880
43543
24226
25697
50947
23205
15323
5133
21137
58491
37559
52178
37532
62904
33605
38070
46062
48050
36443
4383
40736
47593
62639
54335
57371
29980
47334
39955
10228
34234
58209
45410
32889
1390
5560
51708
42447
25075
46896
17823
42861
60513
25614
49102
57273
38885
31084
30945
13599
45727
62907
5205
21284
29704
836
42178
29788
12508
40935
6050
57097
25739
46075
27552
13205
36953
28458
53958
36175
56017
12401
17727
59110
57087
20890
53355
26440
12744
53969
58062
27089
8814
38378
49415
19005
47116
48340
59009
17878
34538
28131
26695
64891
65263
57960
40098
12952
44849
50860
63165
16851
33295
40591
39586
51009
21186
51372
24106
44676
19250
63059
39912
51990
51736
1027
7072
22859
35002
14757
56029
18656
6024
16664
20707
14335
18990
17646
48934
38826
12711
64346
17864
17875
4914
6129
15002
52337
3027
33804
63207
44979
33691
56190
20107
14232
64746
29848
7171
57521
42168
35926
3960
18693
50202
1462
17304
43239
35928
45461
8874
40225
36088
52800
28555
47811
42200
41846
31655
31329
61373
3763
15091
30645
58250
8500
54703
52094
50471
41061
18668
43731
19509
38079
2162
32231
52152
18652
32726
54826
32536
41429
29250
4668
1426
64478
43963
42451
19049
4472
32340
44797
42526
3849
31978
42990
11287
64743
49988
5400
37374
30591
29398
36119
62293
38238
13352
6335
227
16523
24455
18726
34880
51846
38873
40737
12140
47554
35241
2601
62075
20688
39437
19038
52873
32088
18075
16088
21455
50310
44674
26596
9836
6620
63982
18691
28635
21058
20435
36844
22691
32660
4620
56237
28526
31039
41728
37660
64543
54218
55797
3386
40810
27468
311
15771
46059
18353
52810
58560
54991
11301
57384
47988
31340
18600
678
22860
57200
22507
61012
11494
21497
50940
14683
62441
59246
25352
27394
37426
49997
5548
16183
925
6142
23661
40
13504
30696
5493
48587
27977
31579
31086
5539
29102
4037
62604
12831
9232
276
39243
28815
50705
14662
59760
15361
24098
31161
14328
63769
2625
62104
64461
614
61290
22090
65438
47991
42927
43782
10378
9369
61347
65288
30742
50453
51416
55433
60612
36360
57466
54202
41164
6582
33630
6729
49389
10383
52889
11762
6936
41408
24290
44736
26436
50264
2519
15407
58816
5718
22744
53814
53784
50600
33583
48163
43033
42424
38702
17805
1582
50606
38067
51086
50686
58088
11569
60672
4035
528
44782
2632
46954
16893
16588
4339
7327
43670
3595
32313
10395
51219
17751
15635
52762
4381
2902
8258
33594
61096
49831
63448
22331
28012
19621
12932
34985
16509
508
39599
40175
54068
56576
37349
38976
36833
2068
22063
24870
22188
38569
6259
28335
12260
20004
55929
3885
20217
28860
20912
50857
32742
14559
48898
20215
50594
11638
31313
63684
56388
48242
15594
37365
52862
34565
17561
47508
39746
35289
33371
42804
51930
28779
13988
36343
12362
19776
38413
14663
38887
4333
55045
8014
23185
107
62274
10241
10261
59679
60785
39069
44253
18350
59360
62977
52973
17743
62410
21858
39766
13776
36196
61955
56274
49679
27431
51588
286
24515
50715
20307
63507
52860
26691
58698
47802
62918
4734
31846
55163
16281
26376
45965
1184
49802
5082
7753
4838
5292
52370
20787
36152
38894
30707
15925
10986
60121
63093
29613
32885
7049
29391
4983
21253
4958
56776
55852
40144
47381
47920
47604
719
41016
34369
22337
9882
9506
34255
12996
10603
27473
11467
2672
2418
53586
26497
14557
46934
23387
45304
30518
16768
59217
12086
32893
39867
26673
58487
17481
26265
40924
53480
34273
37315
23531
31860
55577
44948
20773
15425
6778
37638
35620
16353
17806
6553
29982
18249
29419
51726
10974
44012
3722
17992
39092
24095
35207
63976
434
5551
61500
5986
9863
47496
15911
47831
33760
57109
11977
624
7479
40704
58972
1148
12485
54622
11042
6254
10759
1239
62422
5286
26571
15262
34132
1173
46495
48433
46914
64711
12437
15943
4512
32748
64079
59729
13719
62373
46920
36937
26885
18085
27212
37749
2114
2061
9710
5231
14862
53672
48249
34899
22185
20059
53368
19379
7774
45804
62559
3792
25247
8902
20049
12706
11862
45918
14312
19534
25031
900
58621
26303
29051
39566
52173
12572
1457
36230
48266
34524
63734
11008
40305
26836
46531
3225
59225
30178
10244
62886
37569
5760
22650
52761
57648
7448
7626
234
30190
25711
41933
36051
29833
34100
7451
42966
31891
18159
23875
29689
32047
2529
24701
33561
33257
22863
5195
43626
24235
62952
61822
38703
50562
31765
18574
44437
51576
56755
1028
31184
29528
58323
1838
4330
50828
9176
1299
21428
44830
58712
31444
40628
48314
34393
22853
39735
38081
47815
48291
32976
17773
16044
40583
37225
24530
47389
57897
8398
16797
28518
23504
9656
18633
17903
6572
8566
52754
25391
48456
603
48537
37546
41674
46493
56868
37398
7313
41483
20599
3688
797
52084
26590
50123
6500
60910
29551
59061
32163
12980
60649
64565
59054
24365
31801
60856
44310
1432
51841
30390
33759
54663
8346
51591
33402
48323
48292
28947
61641
55910
36972
371
40546
8295
5459
55865
11116
7109
46106
56515
27618
45755
27364
50396
60191
43778
47781
31163
25040
1046
50305
16610
55473
20
61948
3243
4039
6125
5544
5009
41738
26588
22833
24894
52760
753
7567
6367
21094
48446
56792
56318
52672
47673
50777
1468
15671
54789
52551
27871
49348
42932
30606
44001
2195
50278
63820
32894
41299
62134
5564
7190
21295
34870
19276
45368
61947
28930
33255
4860
48038
31876
47141
37217
56306
20611
34740
34809
60978
32871
51700
29790
56930
47607
17640
55977
53044
48057
56152
32618
51800
23350
5450
25723
47514
55468
38668
29140
30284
61776
53808
19878
6379
50665
45820
13376
35211
34547
35561
63874
47521
273
49577
46100
45414
61418
41369
28405
55258
27011
18506
39373
20178
23370
44289
9545
19142
46565
30035
20448
43771
4902
27713
18412
12236
18142
63312
59256
20170
38775
13391
2505
10664
21903
53352
45343
16647
39432
17452
48595
41982
19521
35193
30237
4311
20830
31516
8164
39058
55563
51008
5509
25602
33836
52997
6205
32876
20118
17996
29650
21064
43726
29950
52692
62268
4384
10386
19884
24134
34405
9684
61656
61533
12495
53048
56065
64820
1721
60309
52928
61516
20007
12571
55469
49397
47348
2010
34363
10950
41823
44602
9956
45837
55427
25964
37534
16054
42942
5937
23424
43611
10757
27966
33218
20476
62601
1758
17423
37713
8546
54560
30833
63435
36669
9880
25784
44561
801
16248
3472
33043
15070
53254
11962
9841
19661
53967
27271
18415
32489
61114
3215
55899
58119
37831
14513
32665
37607
57795
58643
37340
41784
65339
58623
62312
37674
32537
1418
42409
42091
27554
14536
46206
20651
33578
18984
32591
1501
44347
39732
26410
19144
51581
39711
34312
23088
23074
43895
5042
54323
9269
36226
28844
13499
53209
42559
36659
35209
21039
57043
13543
9522
19874
48830
18042
54840
12617
24064
47310
17668
48222
56791
22724
12768
15053
50428
40568
7720
58042
60284
63761
53331
35773
54912
38243
32906
24405
48385
6463
16373
51480
54539
43294
19459
29285
20318
73
40220
34442
56691
21325
666
8984
61270
21316
41132
34582
37702
499
57537
4203
65511
16470
19182
28428
58479
21319
26604
27484
2592
53140
15284
5791
39644
13571
15942
27306
37448
12843
34992
37970
22941
36529
57246
42528
49832
58724
34113
17594
23920
25179
11480
49627
49220
55181
54250
6497
58837
6626
27184
5931
34328
27562
1682
35065
59224
13175
766
50706
46487
65220
6
24650
43341
46050
36377
37685
44537
52095
55223
61275
43322
51807
8661
38818
1002
34860
46474
3530
51038
1871
5196
62878
18752
16521
43953
62510
2920
18517
31074
55544
59391
13274
3060
33016
3957
28922
51195
62958
58565
24801
37950
8312
49830
64357
60165
48004
36545
15068
20158
8469
31803
34622
57407
26457
6993
29562
18345
25601
31620
1827
41327
5954
23673
42682
55068
42703
26710
15873
21300
59327
17980
23827
57081
16002
34568
27175
59714
45389
25129
32826
6214
5568
32777
47169
37512
16154
36881
10781
51855
9406
40584
8359
40720
45042
23474
40083
45672
17644
43913
23265
34205
13973
21363
37535
61159
46763
37192
43956
58942
37798
65071
20682
61383
6229
59385
30060
34200
52217
55366
59571
43663
8306
19624
23529
20920
45048
56246
34610
53582
4848
63551
47186
26338
16958
56182
24625
34294
64360
57917
10958
65199
55538
23596
60532
18299
44343
14665
30200
54507
8200
32058
31878
58821
1020
17706
40833
19552
29457
20623
28351
39923
5892
19219
15342
63584
11486
45522
17360
8967
61794
36638
64014
32965
4493
15823
23603
36704
42698
16751
6386
44672
15607
65067
44829
38121
61720
1407
47122
40046
57176
35881
40127
9354
6608
24812
56786
63273
57901
18474
54900
8031
15938
42406
27362
2729
1640
2889
59439
34469
64900
45021
55224
59884
7870
35677
14030
62484
47460
42659
57502
62450
46984
60245
62575
47181
57717
25522
42792
24851
31828
58863
60485
62731
27598
28942
52323
51048
58220
8357
61137
43043
27854
11095
36188
25871
39865
46755
10780
23264
10755
3551
49253
49542
60247
19928
1225
38232
23292
47701
2723
51998
52375
47479
20991
44171
60689
25877
39758
62181
16287
43987
2988
21460
27172
22683
18834
35495
34881
41125
31402
4347
38381
57873
51445
3906
37825
23258
59810
13084
3512
6451
7423
1042
21998
11318
33602
15670
12105
18200
38517
53553
47907
49455
54190
32886
16113
39353
52406
28166
50191
16541
4755
58048
33278
31317
30505
34217
10313
44855
54077
47124
37665
56750
34006
61539
13264
28996
28646
34907
41083
56543
54795
20343
17764
2502
16690
33684
21358
39244
49676
33153
65515
36425
40396
5068
34564
19259
19311
40353
12182
34095
55086
50456
56136
11585
1601
57143
6770
10860
31386
33357
28541
62922
29960
38719
60682
307
55250
1713
27228
62139
65419
49291
35055
15698
45782
56649
65207
32440
42622
5502
32689
47589
64405
54712
62049
28612
61197
48120
54816
5541
58658
52258
33115
55463
52466
52329
3766
63162
1385
17652
19829
18364
12181
39822
22222
20326
13895
64410
50633
2636
57815
46095
27331
32977
19570
8506
11602
3074
16657
721
16305
32832
65472
37988
33858
19503
29796
53661
33119
21989
22816
34974
16984
3175
55310
28180
8284
33351
4748
31221
19635
39610
60704
4394
63363
34830
63303
48300
3056
30557
13045
30939
22486
2404
18472
7793
30708
41706
31648
33036
16206
14606
43476
7829
50333
16297
12259
46371
21057
15112
18466
47372
50094
63190
3776
59755
55395
50013
53733
29240
57164
15281
28515
1055
21004
11887
10432
48552
14831
55438
52971
37919
55194
60562
2709
31685
62802
59029
56431
36093
57437
33772
25486
19588
51236
33259
59685
24776
53621
54093
63398
14276
4098
30380
38449
16524
61639
60535
39618
6855
15896
29368
49611
45797
43200
29840
38695
23599
25573
12241
31158
33331
54678
28212
45028
31134
44852
28028
41142
4440
21052
23774
49308
60307
56952
38369
49547
1114
1192
15101
60625
47808
32253
22747
11551
57747
61644
51064
50155
54078
54672
36718
16052
28104
37260
28568
35093
27750
33322
54675
52627
30455
30293
11074
29475
42246
53812
51192
2403
6237
6196
61342
58645
21229
14741
54178
35438
37790
21677
57673
19403
48856
39701
29505
46990
34334
44468
49982
29785
36122
44639
35732
58831
2970
42120
21570
52076
25224
10537
54500
18260
13381
42538
40726
9617
6141
44055
1769
19035
59160
43551
1978
63401
11745
45865
1556
57144
31359
57090
63418
43443
27096
49010
2564
24720
29091
1580
4204
6756
30799
23197
62168
53524
56944
43903
1999
37957
3546
62158
59816
32207
47645
11219
6228
54443
47188
21860
32004
17538
55193
62605
3568
22198
15298
51129
57306
45610
35959
17723
59773
40932
56990
64417
47597
39748
11171
62420
39699
22497
42374
36958
25965
57140
60710
51477
3503
39252
1043
30914
1695
11238
58957
21459
3510
19866
56906
12999
28851
7617
60117
46792
25225
49379
47937
41973
7648
42146
58101
30278
2825
37923
34664
12536
62112
54562
1894
3506
35133
56658
51207
47775
11627
24712
22742
2891
36085
45234
24383
10516
20100
11458
21220
64573
10837
49873
26883
54787
11451
28917
34776
31956
14794
32890
17731
57409
14960
9374
50287
45470
41148
35563
32453
32690
51798
35799
37883
50029
49787
16568
41155
12933
42691
56424
30660
9003
55017
35579
9912
17020
45761
33621
37474
21982
21318
46027
44646
61559
44314
2951
8974
864
41452
57303
13301
18190
42187
9813
32213
22770
277
32596
15571
53004
52306
41945
54689
32765
38617
35683
36911
60310
32898
11145
30222
7910
64329
43288
11660
57417
60376
8307
8762
32626
54593
46651
63087
15165
34823
63311
41318
18463
64548
53847
38685
23542
35063
25666
33227
57559
8793
18178
7487
54873
63758
35866
28355
7603
39656
15313
50448
61216
54441
44756
24135
25330
46600
64520
31761
13232
7983
58456
5943
13462
3482
50893
60392
13363
55540
59529
10159
4033
16313
34775
44008
1565
42089
46711
57353
22551
44127
44423
56409
32683
36873
53980
56289
42836
35103
24901
111
23803
38896
36284
32078
28498
34937
59622
65358
61973
25285
62010
14181
64670
62716
19848
13655
61567
30211
30076
62165
20081
3231
9779
27258
51256
26345
56521
57008
61743
59242
25518
64780
28343
29270
49022
37149
32129
25707
61744
54172
27898
26844
64488
2870
36597
26363
43105
13963
50801
52194
51032
56084
22495
28991
33767
14038
20594
4328
47430
36432
52675
34849
20106
38572
45344
17627
35599
44394
48930
34745
36412
10581
848
60110
17379
52064
21069
1645
35986
60225
28193
60806
65352
15153
2393
53970
27151
6728
21256
15434
44213
52285
13555
22544
43129
63637
35050
36499
38610
31188
22402
26609
61330
32457
19501
23178
22590
16348
16567
2315
49454
61332
43235
22293
17895
49451
54770
17404
22136
35471
49579
55919
42166
15788
54556
21616
24961
41080
45313
61795
55662
378
56883
58514
54469
5695
14782
47930
28225
21161
57784
64453
498
5176
15336
47628
11757
5780
1657
41225
58044
22012
4220
26583
33618
30138
27392
5288
44435
2771
6961
40266
32884
44210
47138
54762
43126
5228
32442
20451
48472
60166
26148
1301
22466
11771
15330
26499
50457
34212
54092
48502
36061
36430
46486
45346
8505
59814
50462
63094
44702
36362
41494
13618
2011
24780
32961
65120
52459
29190
18246
20458
8655
5149
35159
8136
54488
63036
51148
2817
41368
18605
56673
60230
40291
41478
48957
2936
47717
35703
28007
37213
52295
46157
61292
47587
26572
57955
30045
14691
33608
38195
20086
3380
40084
32093
50450
49087
12591
37646
39753
16542
42518
43222
23831
41152
17025
38991
51066
46091
55460
58981
22052
50416
43501
22372
27831
17510
14767
60850
35007
23221
28687
44128
52339
59115
59550
9483
38051
54934
47119
20020
59534
2033
45351
10552
1595
24704
16270
54582
17450
6472
10869
5445
26157
68
673
47895
17793
41173
19145
64281
26235
3515
49182
63816
43526
18247
14260
42351
62970
33517
32060
36538
13931
54167
45213
24380
45904
39507
53390
62278
2429
38763
64213
38849
2522
57928
26747
12856
36309
15997
8945
2223
5826
963
49198
20479
7217
1313
3784
21008
15161
45648
17663
57680
1314
7174
26232
54237
52443
16383
61735
27327
7125
60835
7358
13501
26226
36580
5611
52442
29683
63799
1554
48153
22950
2241
16837
28931
33866
41365
41831
64286
1560
21954
24939
16426
4825
11958
13238
65384
4444
65027
29986
60742
28308
14280
16041
39451
22061
5012
10152
17492
53947
11951
46952
27879
34010
64655
63930
63620
61661
38957
26093
8877
45988
42886
3982
2328
34277
28740
61527
19525
63038
8120
37110
44806
17966
10449
8445
52602
62821
42099
49891
14962
40971
45303
13858
2834
34930
51411
8645
17744
28296
4597
31115
52576
54066
26873
36448
52465
41476
19743
4759
4467
41372
10182
20183
22309
7396
42697
40713
6190
64984
14468
13953
30188
51240
11910
12496
8260
11915
46602
30336
33502
200
54305
52427
61790
17068
44510
53691
3443
3253
56114
4018
18542
53408
26750
58829
21686
9802
13718
6134
55494
17457
36243
52618
19357
40679
32
50308
21046
36375
62405
23549
12026
64917
14231
30290
57969
44499
2910
629
20334
54734
49402
50304
46558
54341
558
58186
45447
2884
32868
36083
33093
21794
34977
39286
1783
32861
25123
7510
31126
64468
22600
62080
44206
31442
24099
10620
62803
63753
15780
29973
7979
30603
29117
11924
830
31350
15768
44915
9929
45078
25495
58115
39695
54798
33560
3159
22920
49837
38958
47445
12434
20883
36167
55499
26828
37390
35253
49398
54987
19251
37993
24700
60914
22653
55129
57013
59345
55847
47230
15226
14503
58338
14296
35270
6877
51535
14658
31949
2312
14373
42787
40020
57531
15253
46798
8849
25474
43256
37382
6578
23239
13199
55462
53490
40800
27510
18611
60099
49505
55983
5886
43357
40605
48931
30424
3898
520
41642
9901
51927
10013
35263
44724
35658
42738
19551
23323
18608
2715
13422
21627
30325
39845
56077
16774
7184
64614
16965
17295
5938
51375
29793
26945
58102
23725
34118
53763
42443
53314
14618
54051
8623
29642
42101
11840
38431
40073
7834
39328
21611
27015
25702
33129
2201
756
43248
22476
40418
60431
49912
35707
10623
23176
47951
1169
44379
37748
18709
49047
37204
30227
9730
46162
38291
27763
51263
2832
20161
19506
1888
16941
17639
19345
10197
27928
42642
46977
23758
32624
28853
19465
62240
31471
4321
82
44638
55611
9664
24470
15859
44079
25823
49434
26030
57982
41030
9871
21036
48476
11742
6623
14995
12167
57247
53310
5187
9889
9435
24877
53421
23045
55145
57135
55061
45548
64280
2676
42175
2117
12755
38732
56427
2247
31843
37507
40707
44882
20748
16442
52215
24654
18720
28043
31665
25068
55332
28582
24638
38629
65189
59781
63309
61737
56716
53278
14776
25715
9855
42813
7255
38590
50993
53895
20849
21990
54151
27756
7069
55404
681
48623
43301
43811
27417
36670
31545
38215
16976
24710
56473
40086
27516
37553
10351
59252
40102
20452
27660
25621
12213
33716
42082
45739
22693
12184
13523
31793
28387
6643
63127
57170
23707
56353
64932
58185
15587
21619
56093
11725
42465
47750
15995
9292
16409
49626
28849
6693
28439
41888
48521
39170
28350
8232
65447
35684
28504
8843
27293
18919
49901
22230
16940
49012
16419
38757
35149
4061
48609
61812
41428
6941
21746
22099
34380
26426
29560
7923
64794
14387
20071
57375
65422
54121
11767
23777
51397
28983
40863
57178
26735
53144
40492
62677
53438
53815
8816
5452
18279
49208
37609
58791
14913
26702
12527
47955
27736
28602
8842
38867
63678
58985
59848
47079
4516
51157
56172
26279
43839
26181
59915
27131
46427
26398
18690
34311
48614
26392
57379
38519
25950
46433
39981
22779
16060
60844
60728
21966
13529
18653
41224
54303
53979
9463
47452
18644
2125
52852
35969
61239
14879
37256
35609
17815
30395
18578
40140
38992
20799
14639
35316
27643
54828
36960
41427
30948
51353
51344
4675
46354
49285
16342
30143
33204
31393
21885
53716
18903
23521
12189
55296
63374
64469
53506
56477
21605
3994
19826
1048
790
46186
11714
10534
24191
246
50845
62079
24109
14823
35401
21200
54134
20930
46925
33190
13868
23702
24834
33656
6262
34322
1436
51917
34438
63777
13099
189
7077
49289
28463
50982
9699
21280
55287
13443
42143
39194
24459
11349
55734
5799
21644
7060
14100
5183
58696
10508
35965
56497
58675
18844
7066
63618
51072
52197
57516
25055
46981
47924
29547
52418
911
9178
16198
14422
59084
41773
20247
60042
34576
54497
45036
42729
32161
23296
2407
51563
50586
57223
47492
24555
5524
45706
25255
41097
43353
43592
3701
25118
7028
7086
61513
30402
27353
13760
22973
23073
25471
20689
36774
27858
55042
25364
63968
57159
14775
25421
26130
53617
54318
28102
29578
60969
28627
15738
56909
36328
37178
50027
19192
64638
39050
8111
31141
10105
10705
23884
12061
5026
19699
31227
57372
5485
2643
30850
52146
51118
34702
31674
43226
31218
45703
24514
12983
39215
57735
36587
19151
25541
26307
4542
62442
25671
50988
63902
9567
27897
25880
60112
18044
2521
26847
15812
19396
13907
58234
20924
30779
60847
53146
1166
19587
52843
62757
40481
10075
58446
37667
62202
29479
63042
38754
51907
22069
14416
43655
45972
53484
30951
34675
2913
45230
36770
63686
3083
39346
65474
64683
10644
42216
43758
25164
15387
7608
46937
51033
3001
43020
54351
18432
41964
26038
22804
23368
1897
38033
10509
38970
7609
31118
28010
16165
11948
2929
19444
54173
55464
2674
17358
39605
15697
44850
36550
62416
43643
43612
4733
2181
27952
60
20929
62937
59736
60899
46588
40979
33845
32467
22923
40355
6425
34922
43795
31241
1001
63001
48643
54097
62084
58178
45675
36150
40017
24023
56863
35694
12734
16350
46386
38670
60821
41610
42871
57421
39731
34769
25485
24210
47998
12147
23020
4778
17792
54998
62239
23567
23417
57562
27843
32465
54399
56627
4406
11605
8670
63615
54258
20346
60096
11022
1593
50915
60986
65524
40173
14035
44655
33643
22179
35003
57781
31367
15850
27455
57991
28542
31003
33864
42876
35214
65393
48783
51242
58249
65081
34916
19083
47030
62262
50574
60650
9104
30743
23919
49142
61651
35553
1058
56963
15498
24177
55219
60525
5301
32407
19658
22868
57601
12297
15019
8859
14093
1068
11516
8386
16556
34427
4143
11912
20889
19561
15695
65465
33
59601
58164
52564
5745
19196
58265
21914
36537
30304
60292
15493
29910
889
39299
47123
25400
45214
25672
30725
25327
23928
2290
24136
51307
33683
13463
58269
31433
31132
34216
17120
48992
25732
31602
24732
50439
61301
41863
63811
63803
15994
38860
16504
13830
4222
3901
58040
38085
63383
1273
55930
38185
868
22325
21870
1873
53229
14731
63802
44802
21747
6400
51243
36630
31748
39004
64470
33387
5956
22875
38060
17852
54300
43924
21277
51951
47846
37007
64569
61348
60845
31037
39754
31915
45006
63603
40964
51288
53892
58803
20436
37380
64010
10245
9954
24263
8836
38180
9782
55341
30555
4433
23751
4565
42259
37485
9259
24983
56772
34834
51440
33714
12288
50282
61921
37493
23171
25006
35030
25105
24603
64762
49508
64750
51457
49469
31692
30131
10700
35675
10206
25682
35547
12782
9563
46800
29548
28984
15565
25119
42799
38247
29454
31923
19944
15370
64479
58822
65063
42115
22164
20959
60238
14951
53550
24716
58315
20481
15566
56714
365
35827
12840
42568
35423
22138
44780
28903
47064
10639
56175
21789
21773
53917
54072
6613
40313
12257
41895
57528
51270
26421
62115
25279
21067
34920
6473
56127
45425
37920
59555
39594
15967
9958
10515
22274
32815
51573
15524
11704
18101
24713
58525
42357
34956
21311
41406
4706
17296
25180
23823
15175
12036
8916
32895
62452
30737
37826
12329
53147
42046
2877
26866
12656
17284
23948
61586
22514
55868
36486
55489
6277
39959
41896
39112
30750
20881
20853
33669
54537
40456
9728
43798
25127
21634
41909
50589
21091
33906
58647
21978
41879
7259
59776
40980
6568
62352
35396
25147
63919
17718
38095
49475
53906
30177
57063
8781
7350
4344
43929
35344
31458
10135
12499
64147
61337
3544
21031
1656
15992
35515
16593
32164
59361
42975
11503
38029
58947
24132
14384
46555
20577
54649
44413
40639
7824
11587
24609
5890
21088
42704
17497
44947
42895
16652
56822
53077
22855
20789
54772
34632
43187
23015
41742
64930
59605
52623
56740
42331
32262
15988
16801
21173
35659
26938
5214
21383
40039
4817
34877
36191
28616
62028
40889
57026
28754
31924
46702
19152
53746
58414
53345
38476
44215
25803
3521
10628
2802
63675
18941
58853
58191
5785
28521
2727
1622
57447
64413
22446
62676
58506
12597
51592
12016
865
10544
18165
36281
30276
18057
10279
12229
19583
57749
56514
6253
1743
49024
49062
43768
44931
54346
33441
39123
51523
28775
39966
53637
39453
17345
41434
20352
29222
30084
16934
53400
11384
34586
14838
24688
27792
45981
33798
5299
32390
22003
16243
7636
24434
23064
5992
11881
38148
5204
45176
8473
4380
15234
60355
28036
51095
30602
18020
40920
25943
48835
41875
16655
22946
24407
39423
46077
55465
44028
62564
31030
9089
57014
57736
58212
3751
43584
22706
17734
64233
9018
23806
29941
19941
19086
37072
22354
42930
42879
22367
8036
35558
20932
14471
55588
65224
32818
7706
22470
23726
8064
1270
58969
13933
8656
24184
25678
20046
18635
2442
25915
42043
40661
51684
65005
26389
26654
25983
11729
47594
49381
16520
51420
7853
52958
22886
13956
42821
51960
29820
26614
4297
49621
9251
55668
22391
27263
31262
22350
50935
62039
54908
61447
54233
4564
9002
42544
42828
39173
33463
5582
26316
580
13439
14487
44131
54542
10991
36407
32087
59195
61120
22125
48067
34633
42655
57619
35116
46411
60440
38241
26740
54158
57541
13269
37200
46149
51149
33465
6013
6813
45750
48692
12327
39574
45260
41802
27505
8410
21703
13013
54275
423
58603
4254
49981
47648
54984
18311
21697
55774
63885
20383
42464
31986
35614
47785
58111
49943
53740
59413
39705
32107
11875
37819
46962
3953
13361
17605
40249
36007
40026
27297
13761
50115
62266
13253
58142
48059
13413
62701
25761
39207
3138
42242
65274
63459
37675
43206
24270
28536
17397
28560
11592
45668
59722
41352
45197
37082
43855
13196
43128
60887
37899
10317
14043
58222
43516
31358
4909
36469
60857
30748
4744
4122
65427
27068
34357
40314
38593
2443
56436
17635
5703
38679
40562
20387
44667
1287
35039
10091
18226
9866
60260
65099
46060
25908
46611
1627
21404
21916
58861
15279
9113
16710
22897
19838
61951
60385
33422
20486
28321
21551
7544
32688
101
981
14625
53998
7992
42922
61715
42459
23121
22361
62600
31779
17189
53907
35415
5753
45699
40263
2435
59795
4859
15496
7501
55587
32281
28021
35673
12334
64299
59472
27680
11621
50467
44905
7999
17074
35424
53273
14244
19901
35835
20729
35459
38944
32989
21539
24769
17542
38344
19558
58839
21523
39734
7556
36308
20760
26636
45927
20057
2142
48659
45222
56112
63880
48270
23630
51595
15717
26662
17776
47585
23564
16970
21395
30826
59570
855
8366
29487
37986
42204
55018
33035
48564
49638
44575
15186
59546
25639
12410
18915
6341
34348
52365
49632
39180
54373
45690
48395
10895
16107
49174
16021
63199
25583
32602
48600
59140
26646
36519
53503
6555
34136
20102
64892
41965
56796
14551
28417
45179
47227
57470
27356
36651
9382
30270
30151
59162
12018
21510
7533
12411
34531
12414
123
48469
53058
46092
31920
4002
55064
26403
18153
14981
5363
17825
46198
20115
31
37940
25419
39704
26187
38638
26379
58896
25415
13334
40762
63894
5958
38845
52811
54817
47160
37103
56907
49975
15783
19994
47078
29003
18089
21917
27951
31168
65007
10477
41912
58460
54544
5032
48252
38658
42965
13465
62856
12874
43743
51564
37350
33249
41939
24858
1483
11088
45310
52462
24033
19012
37823
22651
8085
4772
59370
50179
36163
32151
15638
49936
49701
47105
26846
26556
65066
25432
57175
39839
57489
3412
23857
63313
51835
50611
52782
100
52055
45983
30500
32443
22802
31142
12892
56527
14279
3816
7384
297
14091
45649
18998
26029
63387
19386
53648
25999
60268
2344
28023
46053
26901
57340
32952
31103
19121
4446
39340
51845
56195
44771
52916
47540
57283
8733
48435
12852
32985
15916
39072
1527
28597
43732
28599
47633
28981
23677
6118
49326
61670
30480
14014
35800
9793
18253
58932
64723
8458
17953
20503
58809
7474
25968
6428
2318
52530
16731
65426
59478
57169
55301
64465
47046
44835
56802
17725
705
6598
53502
47465
5074
39178
30165
45733
24879
38217
65029
60646
22834
415
53762
33501
46021
33912
17763
35843
13977
62584
28054
42951
9825
39841
14521
29769
14225
37039
61250
17780
51562
25384
5442
11609
39982
894
6711
20093
28707
47567
55678
22
62994
7839
46943
21164
53399
49529
47321
23902
25777
10849
56351
14300
55213
17261
14088
58721
36525
44337
43068
26811
41501
24786
36077
53279
36457
32658
44453
38822
12960
3547
64260
34886
22300
50997
47019
7606
16319
57825
19283
30499
44442
44865
47016
4382
61367
24411
31863
57657
49711
36097
29839
63631
7351
35451
702
2940
22888
60962
57536
26768
19449
31041
53339
55324
4951
55171
26246
19174
34016
57586
16845
20762
27624
12352
36460
41576
37787
44815
28503
14627
28831
16950
32581
9984
49341
36295
47055
14499
7656
9451
21108
15546
17365
50976
49877
29094
32351
6884
62741
49874
45772
41624
54637
2535
15275
55536
34187
51409
13142
35238
20964
34478
54035
5190
9124
16988
25958
49482
32662
1526
51577
60824
23092
56856
25465
29847
40815
32990
30363
53402
52728
50692
49996
26310
56633
60071
3875
122
58662
32762
32920
45112
53485
13077
37265
34780
55615
34959
51470
27864
31381
21097
42235
6860
56555
28312
1960
1732
23716
248
59520
44847
32647
49001
46301
42102
62868
722
47570
39293
37218
60381
52510
55284
37003
3817
6741
4007
11082
52423
54761
44789
51815
60734
56455
12771
53372
42233
26236
50327
2295
20291
51767
16607
39054
56620
35518
27180
47686
17781
7943
21921
39620
21889
28519
49521
782
63103
3723
59091
35498
61754
20580
53447
12477
52946
4969
57079
61662
29735
4152
39663
46375
60860
43981
64203
34051
60234
40967
53720
57347
45905
64975
23075
41336
16458
22732
25491
36591
34356
841
62391
40194
56984
42908
52446
22382
13377
34303
22017
38435
45123
22912
21469
34157
27373
13887
31611
18736
61131
22462
28281
57685
25507
25368
43172
33787
51780
8592
21000
59752
46638
62445
20754
21266
54179
17934
37654
4988
949
16302
49350
48225
31829
11109
4709
58669
12851
1009
7063
57426
5229
44698
35826
9316
21400
57894
42590
55603
2413
51121
43439
25214
5175
64467
18779
38379
60153
57168
54055
47007
22931
49370
48732
26413
61592
23127
57976
13795
59575
43363
33000
45456
4529
55050
63170
7885
3797
26305
26786
55359
43095
7562
41723
27408
17438
57951
31088
14271
33524
25863
18382
19458
37328
38125
16658
64472
14783
63304
49769
31045
8272
4606
20549
25585
47933
29099
7993
1647
551
25455
42194
28118
44491
57792
44430
52856
26940
62017
53138
10242
35630
15808
47431
3669
61952
46636
43404
7820
64144
38281
36968
47543
33853
63030
40470
39977
39085
7495
57271
47894
32569
34175
3110
23194
61454
18331
24267
17065
2557
45754
11431
2439
3889
38
934
32907
26637
41585
63621
2349
6636
11726
65205
30704
17314
11541
23835
38553
25261
57896
48137
13111
24285
52965
54639
34681
19956
55453
45516
33800
36210
29794
2797
26613
1505
31717
64588
34966
8261
4683
8583
60246
62643
47365
33888
2844
10374
22532
23123
63827
7911
16013
29157
12529
58264
35374
188
60185
36602
55116
20833
58992
6551
61127
43548
28443
32131
44303
35537
16285
18061
16865
22439
9330
18425
15182
35414
13586
44467
42133
2110
7299
8755
544
64789
40582
47600
47420
45652
51201
787
44203
55078
138
43260
21023
63698
14207
61915
11780
36242
17807
5465
42503
18232
974
26865
37759
48342
47440
28325
13508
22299
41184
37281
27813
45359
45170
23304
37441
27793
36062
26108
35608
919
30173
50613
29468
19138
6076
36317
30637
53839
41109
38829
57704
22555
49449
25026
48798
23628
35054
58349
1973
21505
45597
10879
27585
48708
45462
30703
9876
50623
15976
33296
52391
22371
3268
29374
3370
55331
19075
42308
7515
6307
34383
8288
8666
59580
532
22268
41534
39219
59560
51804
62865
52511
25886
19768
46911
537
27657
35407
17912
31976
50782
62516
44539
20972
21070
65285
50121
15989
38524
48862
38489
53389
45008
55670
55816
32609
265
42940
9446
44338
54561
53516
7229
7669
9411
55043
22954
20478
25483
2735
28575
6202
52710
15957
21408
492
56087
32257
28143
65275
42623
41952
27372
43123
18201
53028
15250
41054
63642
43515
58920
65006
49757
59206
16268
30070
4752
23421
16804
55970
58701
59468
30917
60842
1923
13326
62889
59178
15029
25864
24232
56977
60593
58404
64278
39585
47309
32547
11030
28121
27519
45587
11869
14137
11118
24508
48365
25433
16090
61966
52175
15972
2018
22930
61110
48126
48632
31307
5844
30882
48866
9348
34905
23061
51742
20511
58177
46564
7220
51156
33809
8408
36914
42078
43733
45534
42833
12430
24759
30482
22034
32844
13452
58778
4674
44981
23996
14580
45625
13727
62997
49659
62087
15655
3333
8739
40921
34414
1809
50400
46025
6043
16931
51264
38566
59089
37129
38862
60618
41265
17826
29438
16118
34043
209
20639
34210
61443
46079
45183
59352
1777
43588
1879
12083
2149
24130
48855
54716
58742
1860
55384
61554
40816
56845
64274
46744
51964
17136
61435
25688
47071
2045
25683
55664
23325
1056
23294
34224
6296
56610
40496
11849
13673
28663
179
3103
12271
53652
46054
54089
17071
58107
55217
28283
18627
18371
7323
37936
21776
31420
16771
41546
9009
3431
25435
31559
47986
16039
37298
61692
30418
54102
29691
3745
38421
21759
10144
17634
45335
46388
43230
63439
23867
49130
16672
47328
14209
27311
61603
7685
55429
17288
3826
8958
24257
46397
49309
32198
10578
33854
19799
29928
2881
851
1115
21817
20379
47209
37047
15206
34078
26277
64387
45740
30816
9971
45326
60396
54863
56797
35664
30540
27684
24276
9768
57522
27097
33386
51278
65134
61230
57700
2893
12215
64372
29831
63999
2788
7862
35422
36838
21555
31537
59739
24897
9467
62837
35701
16614
8723
50904
49896
47371
53948
45278
32538
60197
10885
54702
35886
683
50485
65104
63670
27502
27115
25778
65344
59275
15397
3869
748
58297
32378
11640
29647
44349
10183
61249
21061
11328
22310
41468
51250
52702
43250
51174
28406
52539
17322
63050
6672
43281
34649
17746
40503
16278
25647
25704
24003
42315
42937
45096
19576
51255
14950
21985
30991
23783
8955
54183
6432
49179
9934
12567
9601
63436
20636
26285
28179
55166
45148
20331
58754
56241
50159
48176
44471
12075
39636
49549
51683
32409
15730
9815
20538
118
59099
23091
62925
11200
8045
45725
48011
60541
1421
35513
19592
5500
15131
11179
26997
15362
38806
21182
17600
7485
9581
59197
43320
27300
20755
22306
40949
30097
40739
31987
36072
49660
680
8581
47400
27367
33098
24268
43859
33418
34207
16860
24814
59128
25592
46352
37032
7554
62325
64623
23545
5335
19368
23245
59418
1749
50509
3336
51598
4627
598
61484
52016
19647
52341
46718
33948
48843
49460
33194
61800
51108
3350
21682
21586
29767
2524
47296
34471
40437
39908
39311
46933
4840
37782
19927
11250
12252
22914
11014
14034
61282
7405
6563
50713
59516
62105
64894
37152
48216
48452
11497
38167
21865
22451
31032
17942
41108
18696
50141
60538
28307
2826
54252
10031
14163
51220
14239
21852
31387
55455
37445
38351
635
23851
39984
54115
58116
48827
33568
30517
61859
56733
42537
59998
64922
43171
3366
8610
2259
65182
50232
46818
6171
49251
8249
51961
45299
52272
12277
44548
51084
63727
56309
45551
1617
56662
3134
28311
46861
34618
29303
34696
7674
39285
57757
44217
42527
29018
64496
49078
35036
32516
34056
20917
21170
43995
39775
16999
42369
3640
17424
8997
62326
40324
49405
503
30596
4022
10154
31019
43011
12965
29354
16552
3811
35851
1381
50252
15875
34018
63499
6096
55958
25653
36006
16177
14424
47749
32648
37234
11203
16847
48770
45228
51079
25726
23236
57148
52403
25300
59021
898
40124
30093
9806
63454
30315
50587
14622
19515
40466
43209
29709
12716
29492
54319
12595
54455
58639
38948
404
5540
30487
23764
39302
58534
41055
10023
60543
57515
38583
42905
31812
9437
6603
13510
64142
14517
34093
13324
21364
28625
24832
60732
45971
44966
64822
1180
2074
6577
5137
738
65147
39591
751
49720
18015
16571
24462
50830
17521
6604
46475
17629
43354
9184
6294
49283
7097
51817
262
3634
42021
5036
40132
51540
52165
20677
40052
27910
23762
9131
27206
31203
16316
21236
31416
36095
28432
10678
9108
5348
27597
52373
44483
25785
12821
42805
50888
38788
23115
45115
32435
40235
58585
27355
7541
13550
34942
37385
19752
17105
33209
1110
34409
65183
6105
11393
10601
20159
31200
46708
45629
61771
33334
50004
19547
4844
65283
54325
23914
34099
58000
49535
40912
1338
14927
63906
59999
53476
1475
20915
38214
22915
24867
51355
45839
18964
52882
31401
31266
1328
57617
41525
33196
10634
29658
55556
32919
33075
65253
47001
59522
20954
11520
51887
47224
26996
15433
51886
43934
16737
42719
41987
15789
38268
4008
9997
46231
32824
12209
13822
62316
36071
12692
14278
37867
21433
20127
5057
6836
43730
64786
12373
21132
41382
54673
27551
21988
9220
40607
47523
16053
9558
8446
37567
53760
51946
21855
38664
15322
45811
52506
64994
34133
58458
46570
61229
30067
18257
13615
47063
56044
3860
8498
51883
33604
38925
57632
4127
44632
56692
61007
64979
3997
54103
39003
25615
55195
62606
41815
58860
26372
50158
56367
8403
25865
56971
42984
31554
9454
37632
23854
31574
42407
57543
52617
33332
34366
17877
40322
30895
47767
48748
9166
50005
56395
41555
29232
10324
9967
55096
35961
34347
60823
63045
7267
53886
40205
21647
35428
1799
41716
15814
47693
44629
25131
1981
20174
16842
23420
660
47823
28094
63540
25374
6559
32356
5939
56648
33652
43946
44601
16292
40786
3040
56471
33159
56806
46312
30586
47111
55595
15715
40065
49029
40850
61364
57133
36449
62526
46408
13234
35255
31571
45114
54463
24451
65330
19961
52586
10604
6230
28291
4072
5533
41919
19591
13912
22710
61767
24810
20776
29462
59255
54572
19095
57925
27476
20358
41407
61628
23553
56761
9226
37077
1702
20696
25527
59372
18694
27410
33439
35171
7106
39264
32959
58843
24978
35957
35177
54725
57774
12424
52548
54071
19204
13186
45557
24721
13557
44378
28341
15477
2256
16225
49514
42453
56249
64149
38280
4531
42513
20817
15906
30872
52837
36926
20189
34455
57481
22749
54356
21752
37420
22689
37404
54362
9935
13500
53841
11257
61365
2903
3331
26818
24979
38380
2147
44513
10040
36582
55938
26172
18788
52524
7143
21799
9045
34707
61363
59896
43505
37750
31258
61412
58067
43649
24322
2767
47964
5763
63447
11610
30838
6378
43982
41541
55072
46515
65455
28091
61831
21228
41305
43922
17134
53163
19482
21324
53153
10019
23153
43234
18596
56617
42899
11170
47509
63697
19061
14086
25120
51044
1881
47011
41276
57766
53079
38854
15885
63634
47033
4834
803
28153
32675
61003
18458
65340
60773
32749
27026
55459
15688
30900
13578
4837
65271
9119
48687
49592
36874
57668
17754
46672
5258
14716
29923
6224
15940
46327
41644
31261
12488
54298
51912
12549
17811
9672
65246
27658
51127
23779
47206
49281
33185
52388
8831
49236
33995
2573
14703
35261
5794
64390
10907
18138
43478
10465
49266
35793
7814
45591
2542
50047
17872
15632
39030
35398
770
35199
36032
64633
55266
57243
64901
37081
46118
19581
4097
3972
17323
41813
10463
1741
6934
15277
16284
35425
9646
11628
16780
57520
38377
1060
13440
20958
15264
1766
29728
5971
27757
65394
56324
46167
12708
11893
63796
2759
2919
14808
13475
29271
15383
12977
16435
58361
31335
6339
55786
59956
65218
6188
28186
7230
33429
25854
38723
45248
31517
53791
53359
19195
54999
29425
17610
45958
34674
46601
21783
51039
19355
802
34669
44273
36474
10237
53173
22404
48789
29687
25307
10954
23249
30314
47013
50685
29183
33231
50951
29375
50684
50000
53994
726
14336
38442
32365
1727
27424
41776
7262
24439
48911
27555
42103
57386
41872
4938
5880
31133
44172
31870
49523
4150
47675
48386
25107
65266
34616
35621
56091
14578
54371
34973
52394
12268
44681
8790
56770
64574
47236
33263
16362
53249
46212
21771
22937
59274
52684
27840
26656
1003
40491
25488
42948
54333
25437
54065
644
20151
47162
5047
37431
60419
42588
43886
29085
18758
8864
25754
166
7484
17245
30467
58872
15347
63276
6909
56855
44034
60501
40638
33234
48712
42250
22377
56126
54474
30359
38166
11904
62419
53940
19333
42591
53616
22330
46832
34377
64524
34855
63236
3123
53709
35997
28801
13343
37096
47891
8476
55430
62375
64735
48064
24923
3805
59969
3296
56884
41616
42669
62742
26782
53427
33214
33314
59528
36435
55715
216
12776
45301
36359
47052
60044
30790
49036
51980
23801
44687
43385
27390
1398
28381
50043
28203
24400
46451
56267
58224
43628
3719
33725
41950
12186
42272
12024
29804
32125
27669
5127
58214
28678
29759
61906
46057
22929
23433
51049
47741
53305
4639
49367
19645
32553
7131
55466
40769
22145
4680
57327
19632
25235
4801
23166
54096
4009
51483
30430
44091
56511
62335
17747
47715
42705
48706
51954
29164
16720
45581
24357
4913
47897
3128
25533
38681
45542
58905
25611
57782
26241
14394
5049
46893
34399
14839
36606
34666
39898
38884
17471
8377
13684
41618
9100
20399
60579
53686
26490
27830
25028
1495
34873
64058
63765
20840
15379
1182
21330
51790
44183
55345
1183
45704
800
744
24391
41827
23789
62931
59121
28559
29583
58108
17988
14910
1185
16990
61325
28336
56657
63245
34031
42129
60224
7984
25274
25172
24353
47144
25037
16814
3239
17396
17993
47259
6740
28553
62602
21609
52505
39443
35842
8528
10205
61121
34335
2806
60870
2943
11282
14560
53679
54958
478
50747
7079
46193
36839
36199
22420
16170
13789
30369
34148
5419
4266
37930
8488
50591
29197
12190
24899
23251
39558
26519
4121
33376
64848
8163
17366
3764
29067
41004
41849
36637
18971
58835
26615
11528
44595
40777
54056
48369
41490
16540
35651
4256
45342
20006
31106
60956
11777
60591
14717
3646
21684
33687
61953
4087
40854
29209
41146
54018
12594
25498
43328
9282
36804
26088
60878
7354
12742
54293
25073
62691
3856
25670
48853
25440
36131
7012
35006
14327
15213
44845
3620
24324
37509
29686
56564
50341
4263
13250
52193
21454
25071
16061
60724
36732
31862
30212
58641
26342
60143
58884
25058
42574
64219
13809
64805
7253
50319
10674
20414
44216
25550
6684
30819
30050
41572
53006
19890
41295
5762
45379
44261
53780
14542
64055
36303
40902
33957
52584
44345
58545
20110
5457
22921
42325
42548
61436
29591
59220
52824
40934
35747
35892
59634
7073
55981
16645
18989
14772
64314
55030
53091
49340
49193
55124
5636
14044
58342
62098
50184
18475
48408
49944
28840
58326
22449
25051
2563
23893
35218
22187
36275
4672
29512
58743
59119
504
27090
13030
57295
52588
45324
53225
8171
5671
26203
185
58732
39986
19907
63546
42722
22761
1329
62060
34525
54714
56407
6947
10298
22383
33161
42377
28148
63321
7972
44839
7310
56613
31910
31561
34159
44335
28154
53783
6516
47463
18742
55657
29664
42478
36654
13244
23632
44834
37311
14563
1024
920
5543
22756
41151
7763
23684
43919
22298
52444
17679
10513
54030
32798
30365
50771
22615
31199
56920
2778
50163
45952
45489
31017
54814
7378
56874
62251
3303
60128
37601
4159
59284
4732
60026
49851
19127
29339
19415
33752
20460
12964
48849
6532
31951
57257
26542
10349
40581
165
24010
3868
38531
10134
59359
21643
57904
62798
46191
9662
25836
64177
57067
20984
42607
23925
11090
46082
37585
29502
37395
8869
14597
8612
44680
36916
29721
62719
33921
40303
21432
47833
20298
32487
30041
53513
36850
23535
38155
53001
37362
59908
41698
50779
43059
13022
6960
43765
43503
897
8230
31948
7859
3815
24085
48335
31912
52011
51750
997
50703
18524
21172
19783
27668
15908
23987
54135
64026
35264
61815
49134
40413
30221
5374
19787
5095
29510
8113
11922
23878
3940
60109
40162
11024
18867
54822
7430
53787
28095
51216
4502
6975
52855
56951
56403
2553
53992
53530
38846
51972
4652
53483
51538
22193
61832
29714
56460
9763
62471
42028
9084
46915
26433
46546
55113
5403
28802
53837
33705
50337
56381
53578
18857
51594
29571
45360
64020
27700
3163
664
19159
16756
59553
33884
3637
15953
32126
20985
19167
527
14134
4379
62473
23201
30531
19060
33412
19922
35045
28502
2665
58047
27161
12854
42971
10584
53696
2770
25043
58644
17657
28117
28813
16167
62842
2562
63095
26145
11034
59916
62198
26699
39688
24559
35709
36884
447
7356
20516
17835
342
32270
1509
63987
63320
42536
30490
35666
56725
62417
51293
32248
6085
52996
7802
49738
27207
42501
50667
20226
50946
36564
32753
64627
32520
48106
5715
2639
11365
49035
40273
14379
41579
2774
34787
10219
13634
3818
5819
21859
60387
42079
28468
36010
31448
51405
60814
37773
37141
64651
699
21675
38608
58885
56432
43454
48985
6204
3648
57325
10652
3384
21942
48326
54638
14746
23376
43393
20316
25595
9214
54571
55093
38602
25729
59754
64839
21740
44625
26374
19756
19853
7008
41974
30289
41099
23288
51648
7210
47490
13096
20736
44092
55496
8430
20624
22214
40495
19175
59431
46787
59168
29844
42463
18660
40330
41308
2177
45614
15986
54744
46618
52478
6549
30971
7414
21516
19326
61030
7860
10870
18659
12909
62304
55679
56053
49657
63768
10346
7644
49159
7516
5589
2067
38149
44440
46785
33717
49354
33577
51931
12505
15237
39830
8654
15581
1059
63707
57316
7394
45334
51996
4334
58968
42671
10929
35588
33335
1036
65236
61428
40899
30890
65458
41695
14917
40814
33340
4125
44840
62011
27141
51514
15657
37598
48625
17131
12828
35044
2300
48421
34340
46103
5307
42044
54577
26368
72
29701
2745
2299
10165
21422
61214
3905
30475
48219
30189
32672
18278
10362
3485
50018
45393
36799
24646
40101
61178
8047
62769
52135
9489
28748
54363
64835
47032
61299
3106
37131
5404
20347
59825
7391
38161
4036
53242
60402
10014
11382
24666
2792
51002
30858
45960
45923
1824
40911
15156
5570
40213
3729
27124
10474
2549
48165
49623
14647
50122
8148
8940
4099
38357
39017
29393
1946
19566
8322
16288
19002
37023
51774
33454
52545
33692
22506
50805
29418
35080
8577
50990
29892
5091
6243
38831
63708
65406
49411
50269
9272
36631
4875
54842
37396
54868
18197
46979
28107
46986
23612
22252
55155
6592
46152
52485
44388
37658
63798
36632
28206
18158
58994
41398
4750
42657
693
56535
55317
19382
59396
60642
54459
16945
53365
20713
51484
41660
41294
23559
12687
18327
5350
25898
30545
14173
29007
35457
28969
22205
10545
42569
25030
62987
39205
31021
10891
3429
46034
58537
57525
13353
33005
8759
60013
30384
60735
23911
96
24817
38183
1252
40182
47218
52713
24617
43808
12019
14638
56346
316
27900
13034
20129
38150
19279
2952
8315
59001
25251
22908
7722
24706
11273
35449
41231
46951
23773
5721
5435
43912
45803
26605
39961
11619
17926
19047
12489
41789
16822
58575
6565
21845
39081
61868
24281
56753
55676
63119
19845
17917
8600
47324
28544
9344
3232
27651
58058
13245
5995
62823
15137
11099
63040
23671
10712
55274
11798
57071
10908
7936
9754
32831
4495
55902
47401
3964
32741
23691
22258
38727
33118
14724
31642
59903
61908
51163
57674
34061
55147
43496
2906
40893
17833
23804
65210
50639
33085
3963
22016
35369
41072
31522
44447
29028
38457
26726
50218
18936
45785
54420
50157
2288
59075
45835
42183
30230
13330
5154
26046
5446
54481
12299
14818
12029
32028
21574
8888
52669
60679
22652
9347
17683
34156
36534
21262
45575
47237
18092
26948
32330
31741
46957
48686
50401
45666
19931
55606
13291
40506
33668
58941
17320
42
496
22303
62689
22529
16098
63737
61946
31189
5315
17319
50620
16048
31148
30672
17132
7701
63471
30392
20365
54034
20209
50744
39108
29335
13195
29574
34116
2362
32152
49121
5523
24828
51119
820
50044
54490
7577
49424
63424
26042
35187
35591
48986
4727
65133
6998
59459
40015
9202
40724
23077
36270
21900
52139
24742
24777
2397
4226
31936
63301
49616
57949
20083
21664
3274
17293
26151
54028
55860
42855
28402
32682
50890
51649
41190
55737
336
31060
43659
12412
50258
7294
37323
37666
22738
22636
27242
61414
9642
4479
2415
25428
39034
935
2647
7883
25061
21742
2872
38872
26011
40500
37384
28034
10992
28358
10835
40341
61857
60632
47454
40358
23623
31849
8448
11165
27265
6518
42179
47927
39906
9249
28044
35390
12481
3927
27534
5528
38529
13889
33920
13125
43099
14216
38579
2491
64731
62031
46270
37689
60871
16789
53165
61827
6695
21494
38107
4586
46809
12239
29046
29802
59751
38208
8903
20719
29782
10617
20180
27500
10122
65244
46309
48096
54206
1559
14755
13903
45134
10606
40177
54811
36906
58295
28287
14477
36347
11889
40490
25757
2055
46538
42340
16619
33972
10669
35047
47499
1927
46296
52621
11457
10187
1744
49359
30949
18672
57309
3196
46068
5066
53071
64718
36794
12487
26149
39438
2599
7456
19728
28839
15920
14873
13568
43835
37558
22670
24962
27980
46661
61688
64172
27227
50871
51861
5921
56459
62187
64035
2027
30029
40847
11242
61135
38841
56398
29633
3591
33483
11345
1631
63595
2721
44399
184
14799
653
10114
40454
30294
13085
28807
61124
49005
50992
47913
50246
22869
47518
45546
10716
21702
14725
48116
31390
62774
64597
19015
3570
51425
16286
46045
31342
63591
41565
20673
6271
40231
14342
50088
56651
20063
5558
16372
23973
18187
28035
1021
59100
49916
36094
60862
33949
40370
8087
56630
27576
50478
16750
32809
37182
47273
22228
50536
13294
64719
10208
21333
40038
2513
48407
48578
63746
54247
18658
39119
28584
49726
38209
38229
59633
10263
29155
43007
27557
37647
39109
19069
4024
11478
59016
10343
10990
60723
23997
17846
14642
39793
55841
35465
63515
63404
43750
10129
64293
44464
35604
47917
33889
58145
38613
42884
41686
53794
3052
1096
27789
16112
32731
42114
11023
42005
58946
39549
52246
48709
36985
63514
25975
37244
59868
34382
63959
4031
14613
12951
25167
37117
36905
28781
42185
7734
7715
36170
31186
42999
13668
57272
17203
4208
2056
38501
45766
63337
1621
2708
11396
1655
199
61476
3610
45300
35792
53067
33782
36648
64240
45276
5633
27084
61984
54364
17121
25859
29430
42240
51644
55765
20680
33297
1988
28731
7129
38143
4811
35580
16258
59026
9655
46203
32987
21805
29538
39000
44728
38069
17215
51546
40573
7921
22059
16092
54939
39284
39673
37140
29098
51557
10035
56965
31908
6576
28753
5969
29306
24015
39670
60418
65259
53700
992
32480
36951
5891
2912
2207
61179
36396
30973
3980
4947
61576
20310
21212
23013
27720
29406
40811
7164
29573
14026
4116
6404
20835
43185
36285
4262
50698
26769
35216
8812
3785
52364
53549
3873
51896
4133
24844
13393
45512
23629
27448
25933
16669
1224
47679
35693
30167
2916
63306
45164
44344
46810
63914
2221
31054
11158
53588
29408
167
18678
28961
55436
11259
18624
25660
18740
16503
27319
60154
39930
37588
3948
30600
17356
44983
28390
43911
4577
29913
52637
48981
30498
57221
21409
51716
34493
48685
14982
33065
32729
36510
38661
10633
1954
35797
41394
2863
24269
62838
23457
20199
60783
26060
13017
58765
2633
36557
58682
6199
14408
24029
24113
51354
24611
54732
24918
31453
48134
61872
22972
23053
54060
56321
21425
24819
43634
19206
19045
58717
64225
31770
32249
40230
38904
23167
37572
44402
56163
9481
51552
31178
18884
19746
51544
62743
6248
53885
47319
65363
6265
48047
28255
1953
51384
33133
12538
3936
20250
44358
9961
32063
55716
39526
43251
27182
20807
20388
24561
35034
42725
8716
50519
45252
10451
36649
62232
10979
42556
7521
20928
50780
19716
59583
5722
18554
6391
22467
16700
53943
14334
33827
25494
2924
36091
60360
47203
12759
35811
267
8057
32739
63012
794
63145
5241
14249
30773
32539
59485
17446
4113
7957
34825
41443
47535
50791
35082
63990
22426
41387
21332
3012
39808
7325
53136
14238
38825
4574
24791
61829
58394
5232
38219
17436
7452
48089
65403
31799
39785
32104
26448
45524
2332
25294
53541
36740
31913
41415
37145
36929
52071
8155
23025
64504
40114
51085
12396
58894
8210
45298
43319
32828
34202
25850
17701
59025
61784
28263
36608
57953
36101
30987
55621
32974
43058
51688
4377
30122
45702
57886
36022
23143
38490
9007
44277
63384
27443
36800
63847
7548
24740
42286
11139
15259
13227
45266
12452
7640
10146
3423
55992
17447
13936
7732
58300
28269
44436
46245
10483
53511
55688
12098
59953
42321
6023
37881
44767
31265
14626
31523
1672
52263
5257
22247
30283
36311
12604
33104
6464
45809
41991
9588
33741
49471
27835
22368
40471
42677
42234
65167
40180
27944
52940
58316
52303
45144
44050
65441
65250
5925
50566
8207
55669
50473
1118
11362
30686
49590
17738
63687
51246
27128
44256
45216
11423
11
54374
64537
39397
47506
45169
50413
35232
41942
18011
6668
47085
8407
5506
41111
52491
29359
38691
14944
27289
4046
47868
55665
46115
4376
65185
45573
52050
57357
59310
45922
53635
