11864
64653
62933
32779
58007
28910
26522
58077
24979
13441
56630
35743
33276
62775
41026
53032
42218
43652
36708
60889
59170
29585
32616
38424
5260
11080
16183
53166
26429
13358
10845
60452
18321
43164
24208
9716
5381
15510
39128
5503
51387
28263
441
45565
46211
11741
54215
55794
40242
13665
22653
34003
24275
49816
8666
29076
44051
34411
39836
47385
17812
23183
28625
57711
22248
59485
11225
25728
48519
19938
5817
3475
17092
5853
37841
12835
37597
51264
3167
39771
30317
13964
38510
8873
50763
2518
63091
8806
2200
29524
57399
15770
24605
37070
35250
5489
13017
44121
33099
28089
33497
10310
65392
9851
60505
56161
55611
63536
11024
14537
11831
57626
60842
59473
13303
36733
18332
16376
21200
32905
28304
56610
4733
60498
55763
57909
19885
28110
63348
59549
53300
55424
32038
11881
11425
5266
65503
53909
7618
34164
40792
16586
44918
3523
48813
59597
34759
62826
23815
29745
11692
28534
8967
55738
2430
50671
21632
18398
14629
14635
47662
41590
35565
47032
24563
6341
8254
38923
32607
44753
14676
13290
57677
29168
48950
14100
61142
35930
55387
7624
22794
37815
9710
40241
15552
56489
62535
14580
60077
4367
19420
46882
48990
57684
13216
43073
45686
58749
42763
50233
2940
53350
55606
12959
29707
29165
8525
41257
37797
63042
63919
2251
7352
4284
42181
18007
38830
60712
13350
1853
22824
15583
25752
46063
39250
25949
4977
15411
54919
25687
46424
35800
44390
63873
6335
50875
20775
58602
11800
20552
36882
7175
58941
43500
47484
45879
29308
59685
17407
1471
23200
35739
31064
12855
3715
37839
47092
27238
23009
56008
14546
20507
12772
40065
5144
46922
9415
19455
16202
61658
10631
27387
12988
39304
1167
43543
41877
31685
8218
22928
20354
49351
5427
65231
10009
43237
25077
22803
32554
27802
32331
46210
11165
16315
19762
32333
31060
65023
57426
17108
58279
54298
11698
10925
14064
6038
29635
40212
8043
2387
8125
29761
60183
2755
25094
47043
15646
49441
61202
20014
36777
47152
13200
6781
36715
28532
38704
21349
23447
36057
59265
11563
4670
2929
30530
27409
43133
2920
8160
51343
57725
21897
17559
46067
44560
16979
20934
17816
59158
63239
41173
43387
54981
45926
31718
31085
23714
44605
28590
15903
42679
8749
22363
30706
49753
20626
50467
17096
8578
16054
14344
29959
14568
62950
57329
50354
798
30457
16428
33856
57922
64101
44820
25450
24255
37757
44503
8373
31082
59674
39252
535
11085
52768
8024
32421
36463
24031
13874
11148
33393
28875
22884
64223
30100
24652
61433
36452
3130
49648
50987
41622
49654
43299
1127
37362
49627
43497
22013
49451
6263
9502
60392
27973
23754
13402
35153
10847
16750
51599
20068
21075
16964
46854
49806
6420
41831
40542
35865
53628
48497
17052
60390
34224
25080
2833
61837
3453
14388
45946
44441
5970
35889
541
1076
39227
10529
15813
37607
20281
39554
56903
51202
32935
25171
35655
33058
17379
15864
46394
50719
53750
42738
2147
48342
59327
36787
38539
54045
20309
19270
10401
46966
26754
5862
32072
15396
6323
63724
29153
9525
44691
58093
59564
20597
38185
61642
5898
25006
9406
18173
7467
46256
12310
31250
60601
454
13395
41909
59061
22307
7129
5214
63811
48757
57567
48652
4968
58812
34930
4356
17836
62602
47602
5060
42048
26911
49698
47244
53452
2893
27690
16065
52144
2866
27174
35969
26918
41545
11042
17004
52719
9029
34229
56535
24347
50172
55916
51449
10775
22773
20511
9751
39778
24696
35967
44593
54509
33023
53394
55523
946
2635
42486
23569
44684
1246
60375
21977
53543
63930
37246
52517
57947
37713
1587
6149
36037
38016
53569
11956
25910
38862
12346
18275
19291
54157
9983
62955
25141
10434
55585
51267
31913
2759
42363
39882
60795
21646
59569
13468
19201
17126
27288
58231
22045
32177
39064
10798
49371
20223
14933
43365
53267
35363
42513
52684
9844
38943
16022
39681
32428
1421
38681
24607
13461
43391
63800
34491
5523
6303
44064
65471
51563
24184
17343
16935
40673
23126
43681
20488
46223
35909
42212
18498
39088
27785
8228
26878
13594
63748
7362
53053
6075
44422
60843
63167
34803
16555
16705
50895
46416
37326
5783
29065
29801
39779
23618
50473
17077
52953
24313
48971
40581
21887
24110
19803
40462
16990
53484
5923
47780
19645
5134
60699
20886
51559
64284
1254
47685
19661
22574
19790
9550
8886
47969
17596
5473
50988
63470
57631
35403
6985
16458
43966
39832
40509
36211
19700
30488
53525
8127
53193
62156
60216
24796
17197
64272
60033
62634
9652
51211
47019
26507
12306
10248
53126
33974
46750
45524
52283
51689
7723
47533
9604
20573
2998
3221
10322
18719
21839
30859
64519
63325
2634
20103
55922
56764
29239
3496
31760
2107
45293
57628
43669
19880
59601
49379
19963
61564
55962
13949
52247
40122
64423
49489
6999
51630
27344
64635
54142
25325
39069
27578
15515
5635
4844
53057
47412
11088
38501
981
25223
11841
39511
9271
44061
10665
18249
63708
740
13806
23758
7816
55701
31552
63568
38643
3085
10950
61509
47405
57751
19771
3742
19369
15172
31016
48077
33108
28327
12767
58667
38525
59082
40297
10255
20109
45738
4401
30400
50531
24305
22565
7195
18229
33579
15302
52242
19371
64301
53884
12497
19889
47114
19323
47977
46926
3291
58780
26161
338
3025
55197
23291
45252
28559
20627
50211
16332
38724
39518
26373
24456
43281
49863
16380
22636
56274
41163
30744
52052
54040
30986
50378
48509
50852
61808
52149
73
24000
17909
39411
16097
42635
44491
7735
41174
44539
9972
2790
57596
28286
53427
19542
29520
52955
41828
194
52370
6030
19553
24901
59907
12425
25719
13541
50270
42677
7745
62516
52931
24225
22287
43748
40089
29218
19343
65346
61435
12917
27322
54591
36696
42954
51420
21067
33794
40032
62642
29596
18175
39913
42874
48524
29809
24478
1647
21190
26504
59928
11700
32909
14536
22729
42918
50605
32859
23637
49120
5137
27957
15153
1658
12314
6894
8204
64770
59476
28295
44437
5176
55328
2689
47416
15270
33651
35818
28137
21371
20217
4708
30472
55446
62850
35713
23612
60663
116
14574
29876
9450
22504
59496
56989
12232
29403
12562
38561
32143
29560
61448
37316
13145
25137
57252
52265
62240
63563
5534
54255
12338
48164
37368
23296
35558
59705
7641
54715
15652
27506
36552
56290
56530
41822
39667
62795
59801
65128
43825
3288
62975
23904
34826
59779
23204
7421
28014
62224
35835
14609
16710
42358
55458
55919
49286
17566
14046
57009
48214
24321
24144
41948
41415
2242
12931
1930
30657
14407
39583
26701
2323
45582
50279
28240
38737
27407
58164
1805
62757
6451
2135
34308
24805
3202
36618
46610
6502
6679
29050
9506
35026
58671
33159
22378
5459
2225
62364
5237
46569
40271
51557
14868
13183
12129
44853
1371
4426
56513
50989
50005
3097
60824
38776
9689
36517
36301
60052
58299
37481
39359
36521
40177
2729
14692
13301
41370
28988
3229
58011
30014
46384
59519
56294
58122
64974
43093
5910
7401
1487
40814
64238
34158
55192
10174
48057
30337
31611
31702
52141
2542
14211
60855
27946
33323
8835
18388
45777
25539
15580
33602
36220
21377
23054
54003
13176
48402
8734
59911
52312
30872
9163
54267
17781
10431
43214
3688
54716
61736
18865
42127
18935
51307
46806
12586
12392
1944
2045
42859
6934
4203
49468
28635
12453
30810
53598
36409
59275
55659
1810
38278
7436
47638
23957
58565
40601
42641
52456
23091
61039
25736
9974
58596
9117
16238
46620
37878
42414
14856
2173
58746
42707
3348
10980
11703
909
1403
7736
39597
65222
41227
44413
54288
908
54659
57696
8030
56515
47944
43224
27735
7613
47472
55590
18
30701
63763
61659
49373
54132
22184
61099
54357
5357
501
9137
8156
7544
17517
32624
56803
18167
47805
50698
30024
34282
29149
40006
5998
41778
13800
64182
53209
64718
37919
56551
26803
39231
8807
19795
53517
4845
21292
24740
48150
33584
15135
14011
50645
54580
48923
58860
61766
3238
38226
26657
62128
7422
33534
15998
34868
65107
13332
61821
24426
29496
60164
11434
18929
61792
30887
29482
19089
62339
1905
48480
59858
195
37683
33632
54348
32472
44314
41098
62572
56446
58798
37832
16386
18806
43057
52678
34409
2126
17045
5550
38301
63672
2390
13464
57956
4799
36798
60689
47362
8551
7018
45438
6172
35460
37857
6387
59088
15259
44744
7646
43720
38222
47319
41595
10604
1319
23695
13375
381
13033
30756
56032
31394
58585
36613
30633
4701
21184
10548
64863
16425
44738
47640
10316
32141
31238
48758
63094
17176
33661
21050
34426
14761
61569
59609
9501
5794
3821
54765
49423
56779
40586
26766
6237
44711
1296
23187
50248
55188
63550
5467
61330
45751
20992
7882
56643
1416
2117
35264
32749
61243
29869
5773
56524
29392
25116
33214
40663
52342
61653
45484
47446
60907
53144
19426
22332
3710
4035
2486
4057
36545
42543
28400
8742
8081
28309
5205
1689
55568
34876
11775
55621
57525
24007
53422
57472
27902
25360
50625
29660
44446
52169
5865
29579
24667
56692
63498
27693
54201
36876
36048
54154
57545
5215
32270
47741
50707
3655
44746
8312
53454
61679
48790
1083
58511
65194
7566
23836
11056
54360
19997
25328
26386
61571
64651
54271
42274
21518
43708
32797
27820
63292
28916
9278
30150
33456
63468
14812
56751
43290
20332
17119
64408
50370
8419
26001
40721
30465
56740
47442
63848
26613
10935
38271
40879
64456
49274
58414
43609
54408
40779
15554
25653
12007
28247
29227
63201
64209
26685
17579
13003
55233
27211
9188
23887
12869
48194
4388
17048
22296
56753
10654
29287
62191
11499
33376
2623
46395
51288
25343
7697
52801
45680
17104
4444
33967
49891
31411
30721
23238
17331
20522
28807
508
38080
36030
44221
20747
42267
40391
53777
18870
49750
14310
4979
2031
49335
29086
6270
29306
8187
54735
58158
46209
55828
46165
58292
10956
6256
50123
18583
52039
36355
9654
49025
5086
23715
10179
10923
36785
30888
33327
10509
16027
45181
63272
42440
14667
31026
28267
4905
42129
34527
61285
63608
25338
10955
62331
27067
57832
47733
19005
54090
48901
52625
46826
2298
23907
31269
5950
13148
62772
29814
25836
6510
22175
16157
56268
29704
44508
3481
20930
30630
26757
45901
23386
59555
23399
28280
14587
51850
61628
4432
41950
40524
50826
48720
46117
50225
59862
33071
22842
30490
15581
49778
18259
60788
51730
52121
57294
34419
14662
49612
52894
47486
62424
5735
364
22796
213
18174
30088
23186
15854
55528
27351
43662
15840
12111
47351
52947
15355
39665
39464
38902
12315
52340
25669
34119
13125
34031
1739
51885
27093
7573
57350
41258
31079
33337
39263
57418
5034
22384
49692
20331
8956
40256
61368
21385
42054
55772
37510
8210
4158
54247
47450
22514
14069
19411
29957
57109
8482
49394
38794
20065
20624
40055
44249
47612
63916
46629
28801
60144
43506
27304
12353
14433
58461
7469
62967
39458
63456
60221
41482
34989
3756
61219
33973
5502
31650
27560
45386
17856
55284
34382
58638
25923
1158
27178
48774
36547
35481
48801
21704
9809
43942
11576
59762
53522
17978
33791
23591
47598
19224
14411
45522
26074
65005
26813
48344
2441
7460
45083
64002
9335
30909
26666
35720
19531
31264
64311
20889
56130
46296
9967
34387
50491
39934
21730
56227
9614
62908
24992
46273
64325
43873
12494
25667
62766
24112
30874
14846
22
4700
6217
45062
43764
54365
41712
33037
62174
26638
16545
13860
13764
49822
23461
24751
42532
30799
6944
55550
25828
50320
18536
967
6471
15478
46026
47883
32017
3490
2508
30087
8981
37853
45183
36254
21391
52125
4391
20672
7842
21300
62658
17183
17954
28268
59766
37545
8381
27380
40102
63277
50060
3301
32354
22027
23970
49971
50926
54486
24
60957
58381
23766
59192
17606
3535
35965
16519
61980
56402
2016
56669
18310
12466
43466
28411
13959
5556
30299
42282
26601
28892
49502
55643
24474
59602
53288
62162
24846
6097
14836
57239
2608
7908
52173
41104
46132
44430
13968
6627
46490
65146
59541
56251
64379
13499
24570
1971
25703
31369
801
20614
2863
11221
22427
32864
38361
60200
62160
8426
26823
885
56213
37755
16951
35253
45694
57458
40441
45381
31050
28896
7035
4217
3912
14469
41080
10162
30524
48544
44211
28164
20470
43318
5819
54888
38466
46058
64154
24919
44930
35820
882
47664
24148
20973
27214
12833
59994
27443
5516
49632
2843
58133
15069
52110
39253
19209
6343
11917
15531
33294
42171
54918
53793
60776
51046
62407
14797
48692
30456
61066
14172
56757
13239
1921
43970
57607
44754
43949
45060
41149
29842
42073
48326
28617
35097
9015
20684
20136
57257
46121
31040
18752
20893
55969
15532
15908
36994
3546
17218
61497
2737
63538
34568
11779
19851
53298
56472
27717
25134
4270
25776
33518
28026
17839
24146
56583
63103
13757
20348
3468
61630
2255
32958
41296
4327
64678
47300
39092
11536
52592
57203
28425
5804
20604
34631
58887
57209
10493
61455
46640
29540
32011
38366
47975
27239
41076
45302
54133
44449
50859
50508
1982
15941
25918
50084
49268
47488
6562
58323
65337
18628
41889
5084
19748
12616
10521
41073
6606
55289
9738
35505
19734
25402
44327
26143
40337
59308
27129
10156
47796
7376
59874
36857
17650
35887
56369
2824
61836
16908
61753
23605
43562
56111
11916
46177
45064
54587
54070
45277
18082
23829
36892
17230
31345
38795
49603
20462
61216
48902
257
26351
20729
2231
52023
23614
42250
29150
39488
24201
52033
44423
25822
35467
15772
24140
42341
42266
4949
23435
32294
25710
54371
42670
2270
50866
29326
50315
60010
5820
58895
24983
9056
46333
20212
6745
56713
32495
47738
16375
45342
2304
5935
61425
57453
6879
63386
19719
58188
37145
14494
17280
60343
48862
44353
27153
28885
13570
18441
11906
19408
41495
37456
14457
15375
29943
18434
10553
49374
46731
13396
51359
1440
20532
40215
54173
2619
57098
20131
63002
7309
20413
35636
26239
21040
64505
54944
29974
26150
5252
7433
18956
13978
46142
18156
51032
18124
15494
12800
51198
41054
27561
9811
49548
31699
45205
53132
20595
44009
27375
44826
58074
30193
8
13197
15824
50854
46593
4042
47762
49448
53448
65473
21579
3249
61194
49673
45659
21147
33381
28866
64130
20248
34251
43627
52348
3951
13109
17288
9907
24536
13257
12804
3730
33976
25350
944
61637
30562
20633
61773
3809
58455
45977
52814
13209
11899
5921
47397
15085
41688
21360
14033
46957
5420
29733
30600
45527
35819
28776
48028
47915
443
11524
51367
37546
54921
38333
45240
41788
34549
39179
22233
46255
46027
44962
53836
26605
18413
55840
55020
53233
27765
56859
44637
34646
855
14493
63851
51499
28076
4964
23745
1073
57821
52435
7965
64191
60445
13937
49523
46312
45084
32830
5294
49411
14786
34280
60822
13204
20735
20137
20221
63775
32942
48181
52419
52196
11509
55108
38623
43223
45360
50978
59198
4186
8329
25594
54353
55703
37176
5803
11329
48550
1468
27780
7114
9025
30413
7316
22753
5001
34997
15279
55101
28406
27595
51871
27006
3484
5562
29111
19468
28867
44111
48779
35448
13745
43874
31511
32267
5306
9250
26377
56193
10280
9733
44113
31514
53458
17277
50831
14479
41797
36283
25468
32293
42997
8847
60283
19527
14931
24181
23891
45927
40878
36287
27700
5627
38140
40568
47702
30967
47408
30499
13900
11884
39628
32521
18193
65290
23297
47184
29752
47091
4768
14205
23300
24066
33635
21989
53821
19438
18449
33747
7236
45129
16622
169
34258
34339
40510
36440
48807
30650
10231
61156
55946
48964
32784
65031
60804
22436
33547
61634
57572
32171
59494
42625
33548
52480
22789
61848
9101
4853
24745
10403
57716
8307
45685
48516
29806
26479
41297
56120
26906
16127
37493
27674
44059
28724
23568
47280
47175
62180
3697
41420
61009
41129
36601
44809
29123
13719
13772
26012
8483
12277
566
57403
54692
37132
18717
21092
37932
45531
26909
19606
18165
11151
19859
51399
35483
40976
2414
16808
38202
10674
29353
21732
39933
45719
25334
19952
31773
41857
24604
38602
2105
55802
50119
12488
6066
30854
53474
44060
30830
43615
15350
31674
49140
49843
38055
32970
34152
14498
59523
39311
41974
44427
14530
37994
26921
20431
12351
17141
29587
60277
64243
35594
8390
55296
1793
65020
48541
8189
54330
40727
54186
47573
59552
5406
27428
5568
10998
20685
55380
34406
59013
41361
39067
3717
19460
31799
38903
415
5462
52634
25510
19853
26812
23512
5369
44270
38675
41064
40220
19598
45878
22004
34059
7391
31442
22460
38489
35732
15052
36976
59049
47156
21041
12467
29201
25679
13998
58272
9986
45539
22572
48787
63931
17114
39859
7270
57621
19124
26934
2510
1856
55630
56079
42731
32494
55247
34079
56877
40216
38404
19492
57318
5938
53504
59707
62434
1991
17017
32898
25182
25129
1025
6358
28898
59357
8623
28195
23241
56881
55610
29726
987
4411
43884
48183
41529
39209
39777
65071
58552
30889
29042
47133
24830
8929
55498
35500
31337
48073
59102
15154
23986
55293
26395
40488
42027
30884
60368
35573
36347
15878
55069
4807
24712
52880
25067
61930
19635
45352
5993
5447
61138
10827
22246
24663
43000
2618
47774
47149
48669
6956
18142
56143
6890
25605
20140
5302
31069
48481
4328
34376
59492
61881
59594
55090
11223
41444
7787
35430
8920
23322
43201
21324
46343
61008
45544
44299
31683
39454
25479
38620
12689
21030
12132
60657
13098
34968
53539
63020
36858
49003
55361
61918
65246
55600
56167
62832
56053
37142
43097
11933
13277
42986
38756
39846
54881
56061
63591
1119
30519
6364
18099
21573
58503
42890
20025
14642
13232
8842
5092
5750
17847
46390
21073
52511
41264
13479
4238
57107
43626
9888
59329
57636
10520
8388
2786
50300
25027
22180
46099
39527
28497
53602
60750
52711
8985
59373
6219
18953
46794
7441
15885
6514
34009
54982
45735
65216
669
13024
31488
36873
55153
30489
4026
26557
32592
34816
44855
44083
29683
62907
62380
45645
52337
57112
60844
41872
6728
45132
12352
52706
13144
23166
44378
41397
30402
36053
63734
44640
24151
18487
56703
13623
32696
17294
8541
23368
55039
58858
117
51804
7550
49334
32396
47992
7996
21304
46777
17532
58415
58729
8067
7037
37725
40429
16222
14873
33403
57415
59763
13573
40401
4331
20492
13845
59301
63055
7086
7530
49614
51469
49733
31689
55809
8051
29058
24613
53856
30847
16684
28065
15802
56534
1614
1899
58194
1961
21774
36113
39898
33662
61367
16289
49723
24119
23063
49890
26474
39141
35076
44049
60630
57487
7527
37770
3318
53248
43069
46642
65497
20788
52251
45141
3116
27999
4016
57454
61747
11827
37521
19874
20872
689
1037
38038
27565
23378
25917
32850
53471
28446
48712
50809
40679
17883
53511
59664
27048
34417
1571
50887
1198
40676
43469
44727
7056
41259
6907
46163
45414
39712
57999
23038
56330
27865
28103
53417
16910
28071
16665
47511
6043
11344
24739
33944
37143
50429
54166
12642
62851
47694
52136
34830
10846
20650
51990
31847
1895
56798
6109
9556
40457
40550
3323
57890
61923
11477
40687
17625
26473
50039
1431
44730
47735
49718
10273
21273
59227
47430
35874
35016
34923
573
11423
61767
59010
11967
62895
39743
37092
15489
49736
7294
45860
6013
31692
44416
44490
7507
29080
7111
64695
18162
22640
50226
5530
18076
31302
60097
37281
43903
40573
29793
44382
25484
49861
35262
43960
11647
36433
64072
29450
37353
44808
54680
53313
54736
60857
44001
17249
48711
1884
11904
10171
55399
47429
18213
2397
48728
33314
41694
31039
50814
45643
46546
14481
50704
61888
25727
23955
26646
62369
57333
37575
56376
54241
15501
11582
3255
13425
28377
1206
60586
27829
62635
11360
1121
26895
44765
45984
31253
4242
52898
13231
16429
59216
37185
3037
47398
32441
13343
34429
22264
46325
64862
49022
28025
19167
5529
11732
57441
7336
37585
15023
50082
22857
55006
19726
65219
51792
4286
36675
44710
17994
40263
59938
19933
31143
47393
46044
32752
42244
28397
58200
17216
50514
34374
37998
59257
21755
39368
20870
46214
40379
15386
63413
49601
20048
49943
12928
14405
41387
29512
19602
55093
33459
21708
15674
37972
33167
61252
56786
23958
4029
57181
65168
13254
47749
20423
16670
14914
7643
9168
35336
7543
53470
59909
1051
56063
25644
12405
24384
1277
60934
31384
49339
50718
16389
18001
10406
34391
59309
20730
39343
48452
63754
63828
49325
52218
22935
3258
13054
27420
44724
5969
30886
47713
5478
46285
48731
49598
34479
7413
25207
30266
35632
35151
7508
29341
16134
40908
13376
11611
26463
52478
2721
65353
36567
37181
51665
13705
26029
62985
60837
27996
13038
40706
26598
8756
51934
48528
63633
18863
18476
49473
49930
6166
59732
9082
46736
28565
5656
63374
40243
37922
34547
58829
60888
36248
37095
58136
58872
34613
44141
36814
7141
32401
13914
16885
55890
56047
63688
49715
36961
19649
26478
16488
53262
53254
48424
28709
39866
10314
2469
55960
48664
20459
47502
14985
22423
54898
40253
8260
29048
45743
43558
7146
53023
8564
39113
64407
29367
61551
55944
64041
64860
54866
35704
19268
6996
2434
20670
61841
1742
63820
27569
17182
18769
9028
5856
9744
14806
7903
62936
33909
57690
28786
59127
52577
61317
8436
52131
30178
29071
3128
1504
5270
49167
1356
59588
17355
5788
61160
41342
28795
21607
59058
268
14253
5212
62043
62954
53275
42698
57375
38160
64085
27758
45281
61347
34765
5781
60264
54478
55038
58206
41513
2000
60595
57731
45430
48646
1365
47006
29465
25018
45566
7587
25922
24580
46055
16492
21583
19763
44967
10053
25497
5900
63288
45717
10436
61063
54229
47268
2194
4895
40662
13871
29977
29925
15593
52146
10418
10638
58522
8363
22679
48812
2731
2335
44828
60353
33823
3120
20193
14291
28171
46003
18228
42211
35409
19838
45046
639
6181
3235
24049
27066
16433
19732
60083
12083
54239
11240
56977
45505
42507
38313
46650
33288
20096
1952
60596
47595
15372
58121
38329
47054
25654
45509
36985
26981
24899
1437
39653
34686
8640
29421
29171
12763
62812
2816
45462
43641
38297
2707
37986
33523
50079
4753
63014
10831
21683
21079
41275
7987
40125
59620
15511
45630
22561
57878
54872
31704
32145
40843
31377
2435
52631
48798
46920
7190
22316
64053
61147
43010
49980
29626
17419
37350
53241
62076
53685
53959
29674
49101
59495
22959
42564
1712
51551
41320
11268
53571
50430
48768
51455
32131
14610
60346
44854
26443
8814
20336
23355
19304
34528
28262
12256
37872
7094
7009
8230
13778
1350
39281
29553
19393
48205
64317
55928
29913
13850
42651
56585
11249
25855
18635
1554
25308
29640
24427
49488
24008
1406
15150
11911
64121
39484
24871
23967
33468
60635
58151
35757
47034
14293
30229
48522
5234
48659
43086
16303
57313
50437
47163
3077
44263
18509
27826
60555
57589
10885
45587
51880
1914
7702
6777
26537
13337
11486
12469
36999
6650
56544
44990
48162
33199
42856
28163
36802
46517
25804
12071
1538
61393
57807
37229
59349
24018
16902
36263
44227
8464
22215
61096
3172
32721
55561
33952
7152
51299
56693
5703
6088
50090
34833
24097
41424
29698
4408
9806
8919
29688
16398
24590
40607
47802
56717
30227
847
18457
22313
27147
31178
22914
36796
9973
30705
64332
10571
41189
50937
7983
8253
6243
3020
50870
45806
26756
15491
40596
37134
46374
26808
15256
2284
16839
11726
50812
34814
42860
33501
34021
58112
31123
31057
7716
45288
47210
55221
1532
40152
24160
20912
42692
12679
10602
36981
20159
59136
4046
34137
22617
45486
269
46902
35012
26592
31829
50453
38037
44695
48104
6139
15304
610
58544
54184
18184
58501
28308
2645
14735
2471
50725
25494
7878
25937
25685
49453
54026
12138
63870
4671
28380
654
56981
25466
32718
37324
46973
64886
21484
60651
163
31914
26358
17969
23621
46994
36915
41094
64476
57244
65124
35142
39789
38937
33132
55164
15469
14918
19662
38153
26767
783
40378
53005
53188
18728
44186
23864
24256
19513
58889
31706
15001
50780
5317
24388
32246
21447
35122
64399
51742
10205
45961
14222
33993
56064
56083
48405
56889
20621
65080
17654
46096
38309
33990
28888
20810
53349
59074
8337
11401
64891
48446
61602
36602
50651
8377
42681
22164
55078
12221
50156
12354
40899
18917
64643
35489
8506
45575
63641
44247
31282
35813
27194
25895
25244
64260
52037
58480
35605
5221
54743
55586
41998
31573
10759
25247
35939
26305
44105
37728
12661
63943
40973
40444
43060
10576
28840
62944
18542
59635
4745
45796
5404
26315
52988
25879
56315
54572
17171
26749
61690
30095
45244
58952
35546
4685
11146
61513
60982
17494
31402
24875
42944
12188
33645
818
64776
22051
23610
59825
16523
24989
54625
29072
26128
62273
40110
1335
60487
59782
1439
47536
62207
41261
47591
29437
47861
35221
34776
41492
31785
52695
6736
7106
65171
16308
920
48781
18012
54732
50600
59105
61812
61710
22620
42753
28266
25004
23819
48373
24316
13174
9982
30754
36212
45008
16558
28659
44228
55525
45447
30244
17589
20028
64050
47440
47360
41272
50012
28747
11798
49785
33480
39383
63741
51478
16579
10351
38948
34532
63781
42295
12640
17404
52081
35204
54550
5407
36495
60742
20097
4704
51546
10630
4661
42849
53130
47750
6719
36343
14648
38513
10298
64520
38861
9209
11872
51912
61287
18834
9947
59526
55398
1213
14694
13417
32922
37505
59398
2808
52286
45154
50409
21888
15179
3945
18351
56239
2511
58459
7375
45858
3093
47850
49471
46647
61422
32600
43253
54673
64997
3838
58386
474
20452
28389
50347
48866
33742
40218
65000
31151
45126
12784
35219
45890
42399
14652
18014
37748
1849
3023
14062
57753
18055
48769
41570
62749
46483
45155
39186
11607
3817
41648
23511
63776
62435
39278
2788
18785
11463
37115
64286
26254
55830
38974
19769
50759
63139
26584
46381
49914
34701
53333
52969
34085
23484
20289
20375
27675
656
6621
236
26612
53230
36954
41631
39008
8453
784
35673
36566
59592
58166
4802
62670
16898
14512
6686
28004
20091
52214
2089
26106
53083
47815
29817
33510
36616
21659
13004
42068
50036
59284
29196
40534
22719
34912
2109
33311
38048
10986
25789
51989
29156
59579
38979
10449
53325
8339
14532
5319
43326
14524
28398
20104
5931
27414
21735
29651
42897
38290
6487
34337
13069
34080
16963
37950
8719
64659
3806
21012
22127
32947
53631
11100
38604
3977
59882
28229
30101
52764
46315
6430
20640
43801
21844
35069
9148
30900
23015
20051
57231
48307
58463
8603
61610
16309
60180
27673
61800
50521
16591
4195
48468
5883
52970
14850
46029
45829
53202
29543
6866
63649
19187
26887
13717
26554
12613
55918
48698
45591
354
64788
24700
48012
60922
35474
65014
15858
22851
28038
48125
18831
49929
19342
3949
6509
21553
52403
8225
21315
20277
8685
15185
6393
21893
6967
29643
57523
28070
44045
45160
15808
26789
10701
58783
27756
14459
46831
61586
20643
39097
6090
11883
33006
6010
12393
60613
11182
16310
12561
35216
8121
41356
25042
16431
43993
30845
47157
32682
41201
28948
37779
51528
22881
54885
35137
43151
11298
2364
29546
36518
4826
397
47349
27426
29771
53028
22718
50470
23383
41737
6690
42433
57993
3633
39596
27362
62867
42795
17009
21581
24243
7831
40519
44474
27121
20751
15276
8923
45421
63085
2234
38111
16976
14612
29029
55179
24461
17356
40381
51303
23257
718
26200
11144
50235
56484
29935
29268
18155
27030
54086
27904
22683
49558
62375
34513
23736
24492
45671
40483
10605
56493
7365
25127
237
41403
34607
25239
31340
34010
25081
7003
30292
47727
3987
40282
33991
24027
11365
28975
34155
54768
48371
9073
57781
28587
54116
28510
25874
4632
17188
14183
43791
45013
49993
32369
1888
44333
36170
7811
14554
1669
61103
11348
20840
51893
61461
43039
30796
18637
43684
1770
45636
51322
48815
16698
1062
15725
33272
49791
16182
8766
35770
45692
11280
5026
34900
36510
59872
30030
24454
49839
61660
26636
55613
21877
7612
29713
15188
13340
65269
54952
1477
32717
33671
14367
11564
36532
45336
10704
28800
27734
62558
14147
17472
24516
22768
50024
19404
34888
54660
64852
16993
59640
29644
18877
12030
41030
16366
38138
1639
1179
23937
33251
16109
16536
18069
3014
36313
9725
8222
35584
39984
34609
54056
29299
27962
10271
42512
15328
15574
53852
6528
24326
48719
57612
18483
54899
17427
14949
17646
41324
17972
11030
42019
4375
65233
48552
33279
34154
21737
33127
55254
13388
40958
39847
18294
8514
40520
17326
42483
52273
5327
10898
21739
33610
18463
54380
57473
11210
22406
15498
1619
8075
44666
24440
61712
64475
52032
2094
17858
26118
39516
59387
10860
63011
46510
36216
57210
30787
31382
63655
59238
16769
2007
55745
48573
44118
47255
18347
28142
48974
24175
39557
20836
37623
46775
23953
42133
46998
51193
41856
1050
58314
24438
0
52617
57084
25031
13167
21091
61964
44200
52902
52660
44685
31246
20958
24025
51123
16435
35457
55359
53871
23793
61269
61574
53660
54526
32490
38919
56909
14579
62842
1936
43317
49546
40991
7065
63329
9189
24261
1609
13103
4856
21211
52307
43862
44070
42099
12145
34450
22954
44907
32334
36236
367
63218
33141
29016
9627
4258
36133
447
50280
24342
57352
953
55369
39843
10960
55429
48656
9187
18352
49509
2308
21499
42136
26341
21179
3226
24298
35896
55357
18338
32257
25830
25152
11534
8401
53361
60539
25480
44479
64619
17802
28893
60391
25766
22656
18816
63884
25481
53553
21998
21562
47476
1304
11719
48661
35306
64704
2148
12659
58577
32828
56742
46829
25465
46382
11443
32900
6645
12621
24077
59334
31131
19060
32157
28704
59339
26137
22472
53345
20149
94
60826
50452
41216
21945
1216
40815
8805
37388
21572
49990
51881
34209
4604
29972
16563
16753
35344
64426
65389
37109
24887
24268
3273
40419
29388
43314
44245
35929
46215
9597
19231
39161
44331
7498
57541
45029
35995
34157
31504
1661
11219
38984
51331
55044
7307
44489
28602
45393
52212
16349
20026
10126
45756
1736
46286
31018
45329
35210
5057
16846
43788
23452
56746
53500
21051
41593
24577
37309
62758
60565
10776
55950
9872
11314
53487
11093
29700
9110
56790
15561
1830
55275
4755
32512
18233
2256
42657
56176
7225
10056
23039
56866
29391
10741
47475
25423
58660
5590
20299
59864
63975
1555
29539
8819
49868
48621
27942
20164
59876
56600
19262
39305
62973
1139
37389
39240
10409
2515
10034
32281
42195
46120
63072
17300
13561
56507
21434
27231
58684
65183
60991
30603
25312
36816
33255
33761
10819
5267
39842
35730
62469
10138
24763
51676
44580
50306
30652
22633
38346
34371
22795
6763
10250
56043
32221
19993
13958
61239
47203
2754
30960
30964
23960
32951
17091
49301
19435
49223
35755
33208
25712
33103
38265
5019
8492
57144
55333
65312
64261
13420
24677
15429
1239
37520
37152
13980
44132
42952
65041
34294
55995
27336
2856
21505
55932
41518
41541
21348
16196
973
55351
11481
1466
37417
55427
36612
8391
30154
16575
49889
21756
50194
26894
56158
6643
15314
43377
22641
15041
11834
38773
39924
61638
16949
15882
60039
23549
42280
56625
18389
12125
58686
51092
9688
51346
27603
21765
34541
8398
46792
16562
4729
63597
38395
57871
38954
29333
39875
2477
47960
21120
1986
18364
53347
29462
1386
54556
15523
63226
35313
17692
40942
42858
48399
1808
62688
16171
33265
52010
58245
23314
61967
61162
18068
40882
21129
31709
5298
24443
54221
16730
22457
2296
59002
4470
13891
55246
60773
30668
27419
41559
45877
40238
38432
54832
54568
14145
64156
44166
42960
17809
41673
55886
27563
25592
33716
26552
30051
11947
13714
62596
19742
60387
46489
11861
50879
53714
20707
56305
39538
18744
7801
60805
32583
29138
33111
10015
40138
51182
6019
6186
20057
21277
58050
53758
32340
20583
50710
35692
11347
17409
15945
32374
26643
44650
63147
18412
11621
46940
7087
36919
49137
40668
36947
59205
65247
8403
1100
58685
4836
9964
23259
20717
38668
21698
15284
31311
35919
13429
51837
21615
21452
53976
27109
63780
34166
10988
24335
31294
10649
39700
36561
13162
40470
29220
15818
39010
51116
21943
23458
9699
29350
8322
34550
24333
33273
30684
53346
23576
53800
41903
43616
65012
65381
46023
13994
27037
48965
24190
23494
5831
8411
63905
8880
10335
12269
26418
3530
12695
38158
51250
27540
30570
15631
36012
2923
9792
50932
5073
41346
58078
33678
51895
29538
13359
26350
4453
58066
49280
24368
23741
56421
13510
27382
11731
41760
50034
11807
8665
14255
8250
26191
4271
31823
19183
33104
9061
40147
24264
23690
34667
17612
58087
52981
14707
58312
21207
5870
19243
50295
50568
36499
23325
26466
48113
64491
33502
21881
37639
63908
36533
45912
63030
28577
35895
11803
57614
14659
10967
53289
61939
36925
59154
17059
8231
14885
35118
130
23496
15604
42317
24239
45434
4161
42713
6321
39724
32150
13987
4165
37838
41450
53661
28754
7282
29983
24638
27759
16187
2629
47122
19972
28109
33286
13929
16055
14452
52868
62787
69
26679
10092
18263
37670
62854
42530
2789
15895
9464
64470
46377
4942
23088
65199
25020
9420
24302
17703
11152
26622
19054
2139
20659
30270
42520
62846
58623
3706
6260
51054
18274
57153
14156
14186
11898
51811
65104
10282
17451
33205
61982
39517
49877
16569
14872
26974
27918
6519
52408
41306
28566
61887
42219
2648
38576
9054
36527
23424
54851
55482
9332
18237
26655
24437
41623
44763
15339
43072
34026
15104
4641
65339
8619
1776
40173
32058
44154
12020
19451
49013
22981
8688
25607
2854
15082
15377
17936
58360
9461
47590
52354
27031
23094
45031
54927
34625
33429
20263
56724
5131
22996
8851
63096
16058
62229
22801
51607
56178
26384
38934
1700
50717
22405
26252
22919
34922
19182
40795
58278
57868
50786
60076
38207
39758
6328
51309
25941
10534
46059
63328
1996
53531
23219
24717
30429
18703
63551
44846
36780
25625
50758
44630
52586
21306
37378
21462
64253
42373
62532
65492
31722
48943
16821
47525
562
18673
34046
21421
21685
60050
23006
29606
4247
38869
25926
10680
33183
50294
2457
57715
47882
22329
29833
10688
43343
21119
57724
46835
3138
27334
5168
36963
60497
48091
20066
20638
23553
62061
18695
22968
15407
54930
17095
50340
15590
41793
62595
12012
1871
40599
168
48885
17173
58388
12237
21241
64300
39042
64263
31690
27075
37451
12687
63628
33538
54475
13481
32358
64490
50307
58581
29291
28689
18950
15374
64934
62063
61670
6324
37850
34711
12200
54877
29813
60440
30074
37889
13292
20634
33155
42539
49594
61365
41923
22627
23607
30115
43127
42551
16762
65136
31096
8308
63250
64949
15980
37551
38637
12045
36393
49651
54138
32781
39176
16697
45817
26424
49384
49432
2217
12018
64054
27925
53203
35646
38821
10720
54679
54947
17581
1677
30922
35154
13057
41046
24880
32248
3725
2979
35936
37431
60703
14527
30331
57208
54196
50367
34472
5757
64233
35356
57205
28944
63222
33677
23011
19648
33847
42828
18948
47050
29958
20285
21399
15246
37078
8278
39716
52041
38244
17367
18141
6595
55068
59961
46174
56097
31475
6246
47903
47508
34216
1691
59128
17008
44463
13037
18101
60721
18169
42950
46013
29063
34981
56265
55366
42834
8096
34459
46825
41702
51637
13590
57463
46474
12537
57806
20949
27908
42968
21707
35490
39491
868
34323
48175
19915
31194
51459
33893
20679
19309
4568
1084
22182
39636
56092
26744
32338
64236
31936
16624
17822
38356
26741
27684
44817
34416
39737
38537
16628
25007
45986
12683
12830
50908
9885
45470
23214
9320
29488
65501
4078
36348
12620
33516
50806
55320
18794
57962
16317
57667
61236
11639
7183
27935
42830
58284
49511
12803
60066
58096
63756
31290
33373
47771
8088
37917
48776
54536
40157
25473
30363
48770
59089
60856
33863
45518
26416
39352
25976
62012
45259
34973
36578
44477
27332
62942
43653
36234
39447
19861
26994
23268
39470
10646
61728
4958
41636
59242
48772
24574
19957
54676
56226
26115
41111
32329
52275
63706
47854
3070
17438
53031
24439
33354
29987
5025
13291
42878
25
23525
49519
6182
32258
26985
21961
61002
37436
27519
3372
36136
3383
43188
57018
11400
12419
25711
37400
40426
41888
19659
30436
4437
16199
1783
11161
15111
17648
48705
31879
36832
34071
33278
20974
15319
9400
14570
17239
47211
18348
50478
33436
9169
59942
55601
60655
61306
31005
8593
51621
4395
37249
36278
15112
35550
34969
62
43579
32300
328
35198
8710
2676
43518
56169
57863
5828
32914
38622
56440
44099
974
22681
41707
46061
15605
43481
51136
9690
14665
34949
10849
39721
4623
27190
19027
9360
50771
61696
18912
48576
43186
52708
19402
37027
3526
27132
36720
52668
23876
41896
13344
26083
3500
45379
38997
35141
47670
15445
34559
13820
22438
1186
13587
20972
48834
47236
14088
6413
59558
9216
7551
34318
7
29734
43540
38822
37618
59726
65323
58722
61615
12863
18072
27179
36627
14582
43963
37017
25753
63651
64722
5608
37137
64642
27858
16335
40323
15496
54128
12035
55878
16434
40262
29678
4792
49090
58617
47112
44584
41770
9656
63967
8211
3666
39940
39752
44767
41427
31922
8430
45863
55556
40383
54071
46076
25035
31286
2196
28935
25431
1841
37405
50046
14718
65157
23536
16307
40999
59829
11599
54950
63767
41994
39065
20172
30819
45400
39338
56495
62004
3994
42928
49647
55232
65028
36441
35331
65213
37293
4497
12252
22784
27105
18087
23016
46988
13689
3293
10611
13709
19710
22832
10708
56311
24299
1556
2134
58507
2396
10848
26733
27884
60166
19525
9634
27781
27465
22632
17917
60619
27615
39320
2972
61776
37227
40821
13076
51504
44888
55867
18980
10294
50762
10325
3059
3447
4752
63980
9702
33551
16461
16316
41169
50593
5696
18888
21922
49087
54457
34985
62709
12231
39045
20379
45412
52619
14009
35396
58690
13579
22854
25178
12489
37177
52807
31995
42395
44165
56988
63613
42132
18254
17160
40209
18207
29295
37040
32455
15797
54234
51650
14963
64944
41591
51464
38890
24702
53983
57514
24356
64794
27262
48264
53570
61818
60682
20681
54911
10666
2275
56586
22151
40060
14023
4422
22631
27461
12594
28568
58241
12662
28170
57070
23572
44115
49439
37269
38254
27156
20668
39110
45116
18415
49969
43943
30251
52137
35669
19765
23413
31321
14837
28616
12527
48154
61148
12699
24656
64291
55500
61505
35971
44515
10321
29160
6133
34191
26781
7444
16927
11865
59556
63968
9155
21252
11972
48816
44861
20689
32459
51263
52550
51529
22668
20210
751
48821
33475
893
4669
45828
12807
19139
14348
38436
8183
62988
20906
54907
18245
14442
30612
14802
39436
63547
1710
29860
59404
54756
11721
7128
16981
51941
44945
61440
61820
50624
38203
22113
12708
18535
39741
63236
11222
61902
28130
23182
37423
40543
22087
17554
16943
10357
40813
49593
20757
53249
60477
5219
49201
38112
38124
60386
52069
58645
43603
53799
10219
39717
42004
39948
19246
62506
45674
55113
52824
27633
57977
894
10422
32768
41927
39935
54324
49790
6544
55307
22005
61977
5171
30935
23947
9004
43754
21628
35875
35712
2697
5226
33210
21485
40983
58062
15899
2849
59706
47635
64330
57007
60614
14141
61649
12525
12146
65207
18683
15232
12058
60188
16806
56070
49784
3022
63650
40331
32932
1208
36294
60237
10194
49656
2844
3068
5551
8864
42576
19459
57810
8115
32367
35439
35508
39255
46249
23594
28391
43876
43967
5378
11007
47299
28325
32029
63868
31291
17
16408
17133
14794
5761
17938
46371
41255
41434
60158
48235
39685
9078
17422
30733
45311
63762
44335
31557
37975
64384
5224
14686
27896
56949
34789
32061
11166
7849
31460
19376
42876
65211
34502
25314
24331
58784
15624
34054
28228
45407
59595
44942
40265
41558
26966
41295
63389
21019
42955
22250
26135
6718
2975
57393
2362
42221
19397
40943
60706
1231
19125
53582
26037
21939
30931
2942
60642
47356
27128
750
30461
42841
35004
8783
47107
39719
59672
61155
44433
51213
32307
17395
1915
8524
59117
39444
30293
44373
3001
57349
36080
58894
25173
150
39788
21392
9319
6199
23358
32981
63269
65334
22982
8113
747
52322
8319
11772
49401
6647
20654
61811
39631
63027
27562
50311
30105
55524
52201
6376
1438
11852
47238
45921
22911
12435
42079
51610
57732
11036
42162
58239
9490
42887
44780
1760
5223
7372
5374
42538
31376
14993
61331
23179
30883
42715
50620
49916
15705
9651
9522
9658
13099
48490
39925
19705
61975
20301
49438
26877
37158
9423
51953
58497
20009
8155
38283
61396
4610
63345
46786
1329
40562
55278
34903
49033
15621
14360
2340
11435
25449
60675
32568
31487
1372
29551
13941
9058
4618
60624
28783
26119
26044
25210
61898
46954
43316
3705
55777
8006
27035
30508
50740
42573
15425
38839
44766
25959
28260
51907
53405
17414
38101
30288
55823
28058
42863
45744
41400
16662
2909
2987
20401
3047
24156
26800
26806
39289
47332
8008
23674
36562
31344
2375
49913
5098
36086
42445
44012
45431
20879
6845
24074
49059
65258
31329
46002
27499
7188
5623
23828
8745
1904
35844
60332
20326
25699
22269
17397
11971
52174
8368
17521
20024
8439
35260
27253
11652
45676
49725
36747
28009
13569
56046
26651
53029
65426
19074
20719
63629
14497
13253
54566
13544
18187
56689
61814
56313
1033
30914
47671
18631
47470
54254
41282
31360
59465
1075
3746
33583
4358
38809
17866
18699
16758
3543
12646
60711
36430
29039
17853
56230
51415
20352
13810
28763
15853
36001
49927
37648
17338
10265
3847
31261
63799
42237
13124
48713
44959
1043
49091
44383
7721
6204
59543
26721
16726
41520
32825
11010
51060
51205
27638
48572
26096
20257
27090
36225
25168
34171
44814
40906
8997
19036
22866
56715
27342
15632
57745
34439
3630
20393
47717
4800
29436
35223
24367
6457
10072
16464
2401
43520
58440
30957
64392
34279
7617
65150
6259
10209
37005
55624
18191
48817
63660
53358
56350
13692
5129
14499
35050
60190
14229
40479
34312
15122
27682
12512
64003
55628
20204
49869
2356
42527
28670
1107
55218
28005
55356
2277
19619
31590
45804
40410
30846
18546
1751
12023
48744
52200
25053
53091
47334
48750
8975
7219
23429
34654
48333
15406
28507
55104
13759
49063
51613
15138
18582
30351
55486
10573
54741
51634
22534
60868
21521
57713
25010
31093
40357
20921
36415
3627
22142
65367
51694
42022
807
38889
10660
51224
52382
9309
50602
46201
38625
24609
63583
48517
11990
18521
13021
8200
57273
35488
32811
9886
47872
11140
15209
53620
28124
26295
2602
29328
7400
61833
46450
18116
14674
27104
34248
58843
60372
50236
27432
55652
60494
45077
19293
29503
29313
32498
4923
37068
39466
44601
53603
373
31772
37892
56156
7860
20259
27880
19058
9681
39062
8495
24731
39489
12149
13984
18047
65508
35160
49436
47634
14475
4582
49237
52828
40346
18134
58252
25963
33839
51822
56568
64743
55334
31263
28037
16243
48319
38542
55976
1568
15215
60734
11175
48308
11561
40537
980
17413
47290
59827
47893
24713
26792
38289
43565
36730
18810
44017
43153
5722
23
63825
21722
9505
47090
11882
19037
45243
53638
16619
64327
38972
16454
17291
16703
7366
25469
11632
27350
56982
6740
58547
60207
17603
53656
54279
46808
22929
35401
6115
44278
38422
49946
49747
20579
56073
39400
14912
65333
24865
52178
22974
46668
19537
2666
38568
40652
50009
16980
6078
40935
12220
51474
23064
3820
10485
18602
17987
25640
38266
43715
25464
26528
18599
41374
44607
47347
56001
43423
32885
59076
37440
626
30636
14027
18040
59051
5841
5326
2505
13832
37459
24135
62622
37408
36033
59662
19788
34931
60333
37920
45666
41523
39544
52096
18971
31762
34395
21070
20092
11081
9436
42907
4516
8958
15603
5607
64031
4159
1457
12501
9476
22691
37090
36842
8294
42039
20967
62801
36019
64690
46836
32153
54322
10489
56948
22546
60808
12645
53904
15555
47067
3353
3903
47020
55360
45359
59798
13311
59700
2437
1741
7954
56671
63593
42061
50141
52373
18177
2851
48854
8509
61179
56286
1321
32705
10778
31003
25549
25840
28593
45771
57172
30162
36469
28392
50961
20690
19814
20088
11452
57736
37009
27055
45314
22492
2794
39248
6720
9139
45052
42633
13912
23746
29030
52123
49717
48852
46742
61958
47235
15530
57973
46877
4309
48561
29179
11778
63827
40227
48070
58523
30219
58369
48116
35864
42611
17840
30812
5655
33561
17011
38849
33433
22902
31566
57372
32977
16365
10793
4551
22209
49376
4486
38456
29302
10289
53901
6680
13728
22586
50746
53817
9817
33055
26692
63922
49056
15987
60319
47699
36706
3972
45428
63772
3877
55013
25293
29034
11737
33397
27642
53528
43066
4237
43220
59699
13061
29694
24645
1584
29675
47814
191
36336
23606
4307
6370
616
37606
43998
7266
36331
8093
42672
55730
1409
8452
39706
26067
58215
29701
14900
25316
26363
47675
28642
57366
25058
5599
42498
18308
58366
32114
47317
21964
54887
62786
31503
2259
22918
60806
4901
35638
53330
49997
43242
57594
30767
43095
17769
17501
31417
22619
1153
61612
42114
9823
36450
742
24084
6779
60173
15721
36716
19134
23287
27557
10899
22571
13789
9013
1332
36922
43761
38282
38484
9723
59513
2813
4504
5152
24874
21719
20377
31808
63162
44234
37636
60441
18938
9444
34842
48634
36828
40193
56939
26836
26990
38569
36690
16133
8934
9376
35185
51430
896
6671
13147
17515
42926
49458
5479
36302
24366
55181
38588
63956
45600
46944
55569
65271
55645
59364
46053
54502
1726
16148
17347
1559
18235
20276
18489
38641
59560
28227
3970
15961
64939
56648
25901
63342
2525
23529
22957
3990
12411
1401
59328
484
32601
13575
53283
59338
45180
62966
56525
15997
34500
24964
47936
53849
30110
26456
5966
52548
63692
31940
46536
30637
47325
43225
19849
38164
30858
26787
13221
37993
13981
64824
2254
47333
47424
29078
58202
27079
35177
54203
21949
50538
27915
47284
29083
24502
7113
36344
10450
8069
35174
22291
9573
2336
49846
17621
21021
25660
41684
24214
8468
10614
23404
4805
10779
32772
36353
60927
52321
4146
62561
57192
26492
21621
18638
33246
51286
12108
4442
3925
38074
64218
47078
26755
42904
12913
16911
18256
42033
17310
14804
65139
34341
3929
19350
62827
9631
30869
60263
24423
18404
40126
62185
19724
25219
63183
29779
54968
32215
48495
63171
42194
17850
11605
48654
32200
46420
38969
31492
59454
686
45146
25577
50948
20185
58880
61120
55420
41422
64259
157
62115
62892
54048
8351
12480
63657
15673
39269
18120
28947
32438
19357
49173
8220
8983
21525
47974
44330
16789
63586
57126
39575
64011
51391
175
41969
20558
13012
26381
30385
43067
11996
60671
47295
1343
36617
55770
43807
42572
53669
55088
45475
57225
60764
23408
40744
45409
44758
47869
35848
4044
63904
6337
3141
20745
36437
57065
22451
48583
24407
40984
11908
63923
57904
8741
49312
59146
15384
51589
65097
11937
35184
39266
34287
33799
65504
59924
34680
62494
7703
20213
46237
36333
7855
50489
35112
18002
5411
14219
64479
7764
26364
30432
45952
42787
22537
24343
18740
7633
33296
35169
40246
59400
45136
6183
31854
37384
50572
27430
15090
16314
3663
41780
11690
60044
40927
50229
41842
24937
3065
38387
23098
15527
15202
37630
55194
23110
517
55007
54860
51040
53327
44889
64681
41006
48271
49366
14435
3865
17935
1875
37312
58107
24659
16254
42697
5417
52945
7286
57462
62762
24660
4847
2675
31781
16432
59179
47726
19995
13887
8556
32848
8280
37477
59004
24990
6065
47820
40644
15340
26344
27950
49685
43722
61948
15288
23411
51476
7674
16218
64457
63941
7927
60104
21795
42862
57855
65481
13449
48970
46421
26131
147
57212
20574
9605
52596
552
56627
25798
55084
35371
64958
25551
31423
28847
37653
22369
3603
41170
10453
2968
59110
41586
55109
3419
6735
187
14331
15110
62729
42688
25143
40898
21681
20035
65348
43803
38649
29497
49015
5926
6644
23673
14158
56523
52464
2349
1940
28112
53324
5618
25960
65374
13775
46083
30016
20863
54770
46088
28261
47492
56652
24779
37372
25300
15380
21042
28501
50813
13765
61689
27845
54883
5418
25108
57852
15195
40897
19618
11618
65229
12021
62396
41126
25215
50268
36660
9764
2907
40623
38069
5028
3179
53687
41739
11394
59830
44564
47084
64971
261
41880
36442
15174
65285
64801
37968
58253
26193
44793
58320
24781
19775
22897
52767
4809
720
38385
36186
3841
53829
17072
24755
26338
57444
30207
60014
12899
18698
17103
26219
8356
51704
22274
65289
19193
10068
18709
49516
33398
36069
10755
7558
51944
59738
13538
52303
16663
9578
22833
43076
17842
44379
64711
43713
17499
52847
51797
45210
26515
63211
10545
36853
29314
61352
43112
35257
33478
23148
1642
64536
4892
32819
36638
5207
38882
14043
1874
30306
24837
44260
24408
44030
29591
42568
39660
3471
59111
5999
3380
49542
14370
8048
10557
39090
23498
40932
27817
50610
10796
56088
65197
61724
63124
20030
52748
44911
45907
26824
50616
25610
16381
57269
51904
24061
148
36534
55493
28312
31962
2765
46641
5143
62735
28605
65133
41273
44355
7809
50414
30394
29498
59129
58210
37001
23090
24512
8667
28150
9152
61453
26926
44208
31750
955
16759
1086
50462
49532
64348
31942
38081
22814
27474
39663
22940
26471
10641
13793
62926
55073
10726
38060
41082
10045
38504
58724
34535
42141
21889
39644
26420
52715
50644
7178
26633
2653
35291
59949
15065
60906
64504
37904
6981
7621
18448
38085
34175
52533
14529
16339
11234
39978
50626
9272
14857
34185
30904
36767
61112
60018
28926
28478
60426
21474
6494
8458
51501
63519
18686
40455
54296
62384
36888
31809
18097
45848
14531
45968
29621
16135
9373
26227
44038
7768
47892
23688
36470
48015
16250
18886
8437
39073
29237
8573
30981
64464
51555
6208
64946
30236
49420
36668
64582
16137
54233
22628
62628
16889
13321
38249
16272
46179
23027
47176
2108
49012
21652
38201
14053
56810
62292
28161
4124
52950
49336
28276
44529
21780
5940
5112
41602
2605
25777
6141
8239
20612
30009
48263
40597
1844
54499
18846
14424
62193
21620
2814
57544
58688
28523
64706
47728
4416
30714
47684
46837
9249
18795
10383
34349
969
13494
7968
15134
7214
39439
43050
49070
33070
65495
40085
22340
44777
52705
15475
59628
31518
40743
3582
48158
58809
24527
12101
32780
6608
45490
46646
23282
34412
59050
62090
26585
27442
38238
7998
17946
32633
63428
41171
17434
57467
59421
18532
43772
16529
1645
34763
50656
60740
24554
54649
14160
3193
34414
41970
62204
40313
43004
34865
33169
11946
41848
25845
264
34940
28596
12130
53611
28029
44149
42927
54023
58224
48581
4267
28017
25611
59434
44522
49253
53309
53882
58118
9675
22266
23661
9026
55567
19945
45882
23305
4081
55381
23656
46762
2895
3681
36299
9843
47088
37108
22727
42335
57039
19034
19896
43767
63477
28036
60143
35786
4615
62542
34566
23303
34112
33346
64155
15168
49825
33061
27472
58269
43617
28413
33961
16527
60168
46393
56944
65046
63264
563
39169
11679
41107
61996
15455
60665
30791
53337
17725
51155
62957
41581
14614
50202
39570
14555
1967
8473
55822
18469
56011
39371
29891
22667
65013
37775
16256
37213
38183
6923
57600
65276
10855
39201
63298
129
26886
48756
7619
54562
39705
64628
15440
432
17751
40251
32649
12779
56645
43002
50053
56407
38461
25278
41469
42850
57429
43848
62945
16057
5396
33160
52910
36868
3350
5835
65322
37162
8865
58510
37106
31946
4384
52194
55166
21283
64800
43555
54511
4208
51992
46022
13829
35134
959
46772
33741
58236
53905
41496
11242
53303
24528
17302
25299
10070
42300
6060
58428
32894
4364
53310
35619
7891
2512
18725
23489
55171
14170
58113
31966
32870
40197
17489
33017
5002
31387
62252
50427
12242
53114
39680
65352
12764
18272
5125
38818
26133
33682
34462
37955
42058
9398
18422
32301
19422
53072
19392
22860
43808
27835
24689
32106
60225
10792
48891
32377
47044
40210
51905
53010
4227
25735
20857
30833
30138
40515
10653
44859
6697
21862
11230
30779
30959
59316
24949
16325
48276
50002
33670
42456
31513
11694
18874
9240
25021
50623
48347
39022
11543
4594
22999
14045
64120
20854
19162
44616
40680
36215
18126
4813
25298
10647
28437
7402
24657
47053
33256
34483
15776
31641
31556
8291
21536
61711
7892
11476
16509
11292
16294
43577
30968
3702
41203
5295
48266
63296
31620
44272
60305
15093
16189
23988
54725
31624
32192
19464
64627
2925
29790
63334
16781
34772
12545
22105
59347
8046
62178
39775
23007
60522
20613
2339
45496
20582
36419
28480
12840
29
12909
8208
53134
3937
62617
12961
9919
18105
23253
53736
44954
25816
26745
52869
48179
12735
14824
61064
40788
33096
62865
50529
31998
8954
36584
9460
37974
6658
44546
50636
38977
16052
50659
54004
2798
39419
37911
30438
12183
39407
47102
17439
34590
20910
32973
59516
56902
59905
23565
9314
51164
4249
18178
19572
18401
44642
687
7800
64181
27608
41232
5589
18290
41383
31619
22530
54893
576
58705
22649
36707
11540
50388
3442
64150
42848
23552
53782
6868
8935
63676
60356
52679
36848
10114
4664
30911
62104
17660
45540
63517
3472
31589
32503
16602
14905
31811
14978
11254
53575
5022
45305
16971
60107
27584
48809
31752
59571
4741
30660
23635
50282
51981
47080
18109
39946
15282
7237
21445
41089
27721
3713
2711
56280
26825
40685
31861
25521
36653
53397
12163
35592
25263
52853
27373
44091
42524
55344
46858
32166
5054
35569
63824
24013
843
41439
1900
55021
60421
52616
28354
10862
57493
39879
29395
49014
40407
48606
20215
39977
12523
62727
46292
17373
28902
61688
3292
62796
39059
302
43015
61797
32911
48386
3186
63282
64312
18029
10323
25192
2705
42653
2292
62849
62774
16526
2239
18153
61893
52222
56547
28652
28169
4553
37496
39200
59553
13868
25048
43714
30626
36844
39404
54904
38348
56924
38008
4521
12113
45885
47808
56638
21113
12729
60823
28069
46425
47402
49859
24606
30651
7484
57219
58713
23167
27641
63381
47984
62938
15798
15851
38835
48567
15038
46494
10707
48227
47775
60394
33133
9553
35334
47060
59401
60507
65189
33231
3408
46672
46041
56768
27440
713
59795
13354
22273
25578
24687
7110
53463
172
35702
23347
9831
9610
26748
47766
57128
33616
29256
55300
43289
15013
7008
9371
33059
12889
22402
50735
64460
63779
15143
29729
38061
58898
8592
48199
4524
12065
32552
54999
57801
40648
20911
63063
20358
12673
16394
10997
57113
44741
62155
56791
48033
28361
59163
58504
26092
51548
49311
21494
51735
15490
24090
39381
38204
31358
44251
21481
4473
13894
40664
31106
21941
37416
4115
42636
65359
48570
6289
455
23814
9355
4086
23084
12727
36143
26256
44655
35329
34942
65268
53722
54390
56406
54084
938
31859
54383
8306
65002
9317
11615
52513
48506
20716
55803
63683
20828
49062
47953
6177
22404
58817
12037
8656
23627
64451
23954
18721
37812
34446
5795
37485
22101
11387
4629
15004
8990
40928
15819
53207
50990
15271
33073
34507
32227
53701
31664
27096
16745
23353
29499
46222
60609
1058
20568
30098
58654
30785
53607
51816
11211
53966
26852
17235
59417
35767
12160
28540
1271
45266
62970
42337
7126
15729
34615
56062
22864
26954
33177
62500
49175
37954
30640
33212
29007
23487
41701
2837
54953
19172
18620
46323
43322
22038
43367
58394
13456
15553
29365
18225
53034
4485
3797
29859
59457
59418
55121
56598
21433
36175
8680
9816
53854
15432
29206
8843
43551
16214
40998
2462
16437
29199
56370
49958
14988
57609
47324
56224
45820
60562
28104
61565
21663
62962
49186
44431
51866
10882
56688
9680
30728
34468
25680
62014
57251
56177
64099
53881
10001
7537
57778
10384
41756
7813
34939
33137
43117
32791
59008
52539
32051
30609
52316
26472
50066
30587
42308
48590
36285
26610
48780
59848
389
53410
44827
10574
38353
15887
51051
25609
1582
31229
10938
30319
62605
32259
33362
2982
25925
48042
56509
16420
1203
62610
49658
64307
62201
11533
42485
34331
45
65099
56181
57619
13769
55761
25193
30140
64615
2150
57661
1143
58940
61001
32022
5638
35700
15020
36325
4361
45682
17498
7995
27949
41266
26250
49559
53591
58406
50714
19949
48677
62997
59307
57067
22466
4555
56100
6064
28138
44361
56182
37268
22381
29458
26243
33085
31747
25188
58303
45572
59740
46960
48577
62949
3731
51467
185
5213
18949
12254
35578
60833
47857
1219
32853
19556
9727
9094
34509
44322
10360
7660
58265
46886
51721
9479
14075
55804
22339
56246
47557
35760
60472
43844
14663
2950
6096
33342
48767
50411
13447
23003
56210
22299
29356
3404
15741
17758
6277
13723
17228
51180
39571
205
330
7761
32866
3517
55033
55488
9929
43683
43233
9995
19462
54537
55332
13629
42020
33462
19445
49799
41491
34288
52085
61984
25693
34150
43286
40277
41118
16116
29998
41269
14777
4639
50011
21617
35379
658
45607
55173
49879
62256
15261
5555
64459
16178
17556
46073
13466
28853
29374
33365
25851
22870
55298
700
33330
51301
3954
38741
57492
27277
61341
46638
18871
33072
61999
42938
63023
41256
56373
57197
21230
53917
20551
11531
39897
49999
35840
47890
53297
38654
15587
11573
58518
6069
48279
53086
7337
53862
17635
38231
52987
22016
33704
17817
16489
52020
5863
60312
40508
37875
34418
37982
34848
6840
7797
33263
47909
24595
12817
28111
31578
49957
52630
5842
20772
37621
63609
34558
23762
14736
6200
26287
30232
24809
40501
13713
7710
739
10874
22700
27872
62964
25444
41500
28739
28255
1211
35052
29288
14717
33827
27840
15978
33082
12518
21411
25028
34438
54069
63114
54515
41612
14161
27263
40641
48591
37173
7230
58389
12121
51520
15634
22152
47817
3436
61198
16108
5548
24930
24055
52650
217
12299
59451
57495
19653
26343
7155
18479
61762
29731
8521
11932
4167
19038
52590
1640
3540
9990
52885
56114
11627
51485
51754
60774
12936
37739
47391
3146
14436
25257
26035
55629
57948
21165
48177
43333
32097
25590
132
9475
50091
39471
56335
19717
35912
23043
40750
63795
22846
29776
10651
28183
13735
36358
50168
39938
35935
33147
31646
23362
30618
39646
20311
4366
39357
36094
43348
36178
53587
19398
31651
65008
33217
10182
592
11247
6493
11707
63668
43794
4888
50631
37034
48855
38027
38035
6913
36632
329
18071
27025
59840
26189
44408
488
50913
59693
43218
44736
60684
51674
54185
39666
45956
45257
6895
41851
27647
13448
54687
49848
12457
25774
1495
6577
33293
42578
24189
11018
12416
42574
63483
320
50630
62546
53290
35662
8725
29964
46936
20805
21212
16701
49291
11063
52760
60471
29162
38838
28633
42364
29610
62371
25905
53420
63177
4325
61384
11258
6872
15524
26411
2917
33219
8491
57804
56876
32226
10206
23854
41436
10393
21214
19735
26211
131
6113
8867
558
16683
37430
1878
29371
40723
49938
8446
47870
51629
5594
50273
7563
12555
20320
45339
7109
18092
7291
28759
51921
26903
33213
5532
59638
15760
41967
61532
30347
1818
777
19319
61382
29015
15443
39474
58865
13843
61556
54209
20835
62981
59040
31855
14590
31955
17571
32128
39336
8629
16860
24159
24052
53890
35528
13189
3556
31644
5972
62733
33218
62069
9463
229
48514
39434
16059
9394
3412
27710
47715
12999
38717
54549
61487
13286
41477
57568
21134
62082
54171
21296
16593
15723
64139
63253
34499
15794
55706
53022
1214
2797
53617
64867
50344
52346
30096
3440
4116
55578
2202
54805
39095
13478
50969
62721
5309
10439
17547
49315
50199
19630
46086
23896
61875
46186
17157
25806
28376
39960
6804
33723
52143
1745
22379
28697
25860
53937
54402
44487
3846
56164
59204
54214
20658
23563
44254
26835
58839
9119
27803
46118
17541
4065
22898
7000
8348
57220
5989
35435
58978
61664
41774
18527
56675
51273
20031
42366
3088
49880
33811
36318
12136
5493
13743
29089
23189
64599
25894
7228
49895
55776
34869
27669
5004
51378
54717
53595
15582
1505
13732
7497
54993
37774
30071
45953
3615
17391
18894
26103
817
26798
50778
9161
57718
20523
5486
20382
17287
4558
35518
43098
46952
4512
25921
16402
65451
33044
14577
731
51966
5161
50182
10992
7922
61262
56455
30505
3766
37455
64870
3590
27077
64339
10599
42029
54662
48840
45634
15799
55943
53510
8476
42610
7163
38371
44214
59673
16082
49797
36369
29747
39078
17420
46659
54787
34375
33269
47672
37200
7477
30166
8763
10853
45012
15764
60247
22493
18318
45099
8553
46738
29861
14461
40026
18080
33504
30056
19373
25617
42468
42984
55496
63518
63654
11863
49608
53583
10957
3750
24752
35519
14773
46051
3781
64216
10396
20803
36560
23442
29414
28790
46014
3267
15193
37218
56125
28765
14672
48994
37054
61600
48166
53759
64677
60370
5452
30018
44703
18325
16404
39691
47315
34976
23276
37100
18030
10894
17013
3067
20231
22499
56222
35834
22171
57086
34305
26915
578
37045
2087
3107
17337
27583
61647
31954
45978
10170
464
19297
31389
27596
15397
7914
41917
45197
14097
38619
61114
11213
49000
529
18406
49041
58586
17760
13698
21023
10753
31681
30917
37210
22661
37516
4196
64226
65370
14466
12000
34775
20572
9186
3336
58781
35877
27354
55394
14242
8716
33615
21205
20480
22549
53125
47556
24227
24996
17776
15870
55079
33650
18766
32415
18090
52765
5387
42970
32969
15815
31356
49338
48290
6400
46524
56325
17741
35533
11001
6402
27551
41659
4464
33435
19253
54370
48082
48996
35463
3587
36156
28758
54713
29548
5169
61251
7340
61809
13182
14859
9998
63364
17352
16331
40741
57872
4722
35092
37174
54637
14026
34611
28350
33707
29934
31844
58651
56122
3272
7673
19914
33351
56558
45194
43721
64965
47061
24833
38597
24533
21544
58648
63051
40349
64818
9213
18933
42664
37163
32804
4896
58631
23809
48557
59402
49027
1171
523
56279
54106
286
1227
36202
19481
2728
57326
44396
46793
30736
53802
3529
30820
64338
62488
5490
50518
24725
65172
41263
9487
63658
33498
16694
15645
9638
49413
1016
22435
22807
58681
22219
48876
12055
14266
44206
20892
24924
57075
11968
14191
17056
3448
13040
50834
24588
31100
20191
48560
10086
8433
20541
28773
55858
30328
2953
30312
53143
61108
30128
46205
6722
28216
46613
46590
25355
2613
23056
58762
44935
61583
6818
48036
23765
60036
3782
32979
46404
5552
44239
29345
3280
5665
23422
44958
32324
23215
3222
15964
19577
46577
12291
29652
49961
52034
13228
16499
32612
55843
18616
41732
45723
64190
45317
4461
41568
64815
4539
26
33116
6198
23046
22228
35697
45345
32834
53872
36058
53860
22588
58356
27807
62600
5273
11631
23646
2371
28584
22872
49539
863
17020
55682
40538
35598
26280
49500
16574
25541
47991
63198
13123
15430
40171
63765
43731
25153
51768
43735
45096
8375
33945
63249
31563
13295
39446
45937
27661
57556
6057
6082
36244
32110
49199
33672
30231
54500
51651
4605
6268
60000
61337
60996
15528
40468
40838
10883
42210
59046
3651
54890
30189
32209
48542
59251
61790
24829
679
65022
23664
28921
25280
26205
46696
30370
64637
40634
615
8223
51070
25691
11840
28471
40245
29164
4221
64087
25327
17943
13169
949
40345
5886
11970
30467
11118
