46177
13475
41281
35824
37903
2557
60033
53270
19955
59745
65252
2687
43910
8718
53046
18110
58950
65127
8572
26702
28199
59214
18852
65188
19728
38404
4193
58761
40600
38776
4921
41763
53261
46567
17688
19818
56284
46228
48514
43136
52532
15811
61704
537
51603
48521
33540
39266
29369
45092
52527
51339
52774
60818
21196
690
36801
25133
50999
29370
5111
24748
51003
4034
63712
15006
3648
14001
129
50281
37064
14433
12643
45581
32247
37670
47938
98
44922
30632
43265
2543
44260
54831
46095
28208
45442
65060
41055
36734
35392
19982
17003
16195
5684
40808
3486
53866
32832
5012
44351
46593
38158
22362
28087
45709
391
31021
16794
29008
14187
39811
16358
62312
11743
58352
35959
6972
3132
5472
36501
45728
34970
11611
40259
4608
61981
28749
13983
24249
49286
23572
42037
43581
23173
63851
22335
23523
50039
61639
32109
44104
54560
24243
13980
54971
33304
29085
47521
4571
41719
54616
64777
21925
61188
45811
24570
28786
53420
13900
55683
16296
1050
4370
7122
46893
41304
1558
33491
186
11040
56026
34265
5501
15481
12391
65332
60683
48591
53915
57611
9196
56924
2057
24796
3151
48241
59434
6148
29844
17423
35452
59416
34670
32557
29076
45805
65346
17271
23632
29642
8149
44317
28362
5161
5930
26461
62832
59711
8533
51750
16864
40059
30929
40901
34787
35679
23087
1577
883
30309
12213
34034
39658
15207
62267
62475
12969
34853
9665
24632
5688
34219
22075
2164
9541
46173
46026
44442
34925
5894
8426
16265
36184
60847
65526
56163
32502
38597
425
45199
6576
13865
30618
5561
27600
54195
24382
19976
29402
18562
30955
24295
45056
42390
8155
63220
45704
1894
29750
26698
5201
28338
22198
12363
59824
53843
6147
5864
61357
57907
21731
26977
58278
8247
18436
18617
3583
56876
46267
28194
34936
19992
11973
47718
54003
14976
63459
6903
41793
2345
4482
27819
25095
42868
56756
25267
31831
53517
28763
51216
20450
1869
45513
4151
30961
55698
47368
14519
2754
5559
54612
63232
36233
44378
34589
45072
49577
26832
47167
55886
58990
42801
59334
50136
24412
6528
11119
33327
4225
29334
9466
34975
15303
4498
49499
34445
59455
34436
31917
6357
17135
6248
36263
34178
34627
3718
4270
20201
21567
59710
59830
51269
25203
36393
19946
50711
33689
1316
35870
15522
23698
7757
50237
23460
36050
41735
40432
53444
38899
61522
18980
4
36
20674
3079
55149
49273
58908
58928
55184
20057
59500
13403
37588
34312
32345
9026
7151
55781
11507
36726
15143
47327
25483
12481
10954
13052
46529
25215
29479
31398
55562
33317
36146
61928
5929
24362
687
35988
63989
29770
16465
50587
41381
31832
41680
26596
15917
10589
53307
56744
30708
47245
48775
8384
4348
60282
10415
19973
64480
39814
24857
20224
11855
35888
9176
25176
22185
13338
51394
52700
25860
61029
43635
7827
37788
28316
32818
8964
911
48393
13808
29080
30877
12447
23131
24575
34850
8702
286
31026
62221
55838
34671
58910
14393
9358
54073
31382
20728
15972
38385
49923
56423
42829
64650
4854
28282
54913
55356
9448
9718
33500
56295
39968
1788
8782
30318
59236
10528
59040
57326
10301
18030
12825
19440
28928
57198
14855
555
56726
33556
20480
30987
6702
18703
42590
44806
44382
14963
63866
53117
59548
60812
14888
61534
32896
40974
42298
43602
23833
50481
59507
25707
48178
60397
35626
25731
40139
64271
65170
38877
2785
48743
22939
64685
2221
52089
50978
30044
43441
56709
27510
46991
32527
42987
2405
35074
5818
48446
19406
21005
56640
45330
20572
64270
43662
64616
4553
49869
36332
11464
41516
23132
49294
1574
12434
45495
6107
43671
55276
57298
55151
3424
58072
53810
1865
4062
15310
7077
50277
55507
22026
265
29707
8226
46105
50201
22824
37819
9528
55948
43618
59279
19663
20490
57839
31042
38187
60165
29657
12373
51971
54594
9777
36631
8700
48302
22101
52025
61111
43295
49649
47937
26978
4728
9201
22445
64086
60263
21617
27421
8299
780
64720
58726
58607
39504
22179
13257
42686
32993
21885
54351
61247
4297
51029
15926
15890
1922
30926
4445
61451
24253
24033
26997
2939
5269
48825
2048
37669
11267
60809
63130
13253
52281
1543
22446
20641
65136
29290
57664
2770
11979
61059
58140
3390
62009
36182
51039
5425
22595
52124
35142
27305
8183
47193
47308
52565
43527
14534
16238
17389
65461
42430
39254
22865
9843
1648
16159
41139
36926
15236
46855
51410
64442
41413
27400
35691
31277
21055
14355
27657
52177
30705
47002
18468
51381
64172
54475
52620
24169
33733
54089
58245
61236
50533
11181
31080
23541
30021
38087
52728
42326
50814
49118
46527
58464
54058
42076
36463
13573
59191
45488
21631
40967
22801
22953
62810
20519
12359
13939
51860
56262
15287
57342
50309
24603
522
64438
55227
33939
45506
27152
8147
14366
46366
12189
65191
3740
34014
36252
37977
20689
42708
58955
7393
24481
39046
52725
953
18698
7978
15215
39729
3450
32271
1862
59806
1991
51149
51021
8537
39831
23998
56787
35545
40087
19888
19808
12961
61306
63251
38195
21570
31012
1714
26689
37335
11553
46839
16194
59849
4113
30736
55743
20667
4497
56847
51158
35207
62034
9748
2960
7514
59761
54203
49996
2545
55768
60539
43638
8304
45233
22200
36853
944
64872
42283
5360
5295
49290
16212
557
27318
6910
12805
49390
16039
16928
3298
20750
40388
17949
16389
27995
12517
37338
22345
33852
58777
44066
8233
51288
63677
34813
15674
36751
15951
2305
16308
10999
2540
40407
30905
5863
24010
44603
61279
20333
435
13301
441
30493
41603
16124
39365
12772
38338
17111
25962
277
33835
26627
39311
21698
26053
17197
60057
37192
54527
11076
37652
10847
44257
55309
14307
48061
61304
52125
21659
63484
8453
61182
64995
7305
1330
49563
46746
2517
34358
60730
28393
6362
59404
18136
22818
64545
18937
32195
37017
42325
59129
22369
40981
22498
39177
54742
18165
10885
64635
57931
11137
41804
23435
59150
19222
20252
14763
47212
1170
61851
51638
14207
62276
41378
31673
37484
19451
64638
17553
26701
46803
42755
18313
63815
10663
19234
5141
53282
23934
25297
58811
47811
22464
50429
52434
38437
38209
8481
419
51292
23614
39406
10015
52601
8932
41461
32773
62680
5506
7449
39979
65224
28159
25570
6045
273
6501
44886
25250
28805
40234
40443
41346
46086
38917
23527
55754
50517
23585
57676
57444
63367
37076
36905
1199
38165
21528
8193
17835
52409
36211
51816
33436
4640
50440
59622
50891
10753
4104
63120
39148
44139
24651
16367
3977
53368
58669
7880
18297
36190
13174
37085
59850
58865
61124
20707
18329
13677
4529
3087
30537
60206
14622
20198
60667
8949
11027
9407
2699
34284
49193
10056
24979
38431
28235
58041
2304
1635
30343
47440
55729
56462
17656
39651
49403
52860
3515
55091
30699
3954
3755
5674
27265
5625
41260
37594
32759
31712
450
36251
38800
8894
54401
42982
8808
12079
41057
32280
46365
22413
43897
47915
30081
26011
48211
4376
34527
14714
2308
50867
54433
12768
49376
58042
59577
25846
50709
57554
21355
24108
14878
30472
17261
23800
4577
50629
10950
56007
54969
60773
32239
4616
7538
56464
6139
38504
5014
26593
11124
27905
32930
11114
52504
37226
13597
43409
2248
14310
59686
45511
3131
51430
50500
10850
1196
51277
46273
41709
39241
18198
50102
11547
1704
59306
52630
64718
63184
58742
49314
4749
16325
43987
42996
20096
51105
42778
42128
44127
65295
14304
58205
7399
51946
18748
49789
13998
36687
23341
37766
17037
26007
646
14009
34461
7795
6623
18399
27832
47320
2657
34541
41655
38491
15987
57566
25105
58156
61369
44197
46410
40037
55041
2797
13679
27696
64658
23154
36094
23599
950
50402
64602
53691
62924
13797
54637
28811
4752
54100
2617
54807
63718
39375
49671
51924
48527
51754
63206
7397
41857
50161
37221
20145
24002
58667
37593
7802
43983
14286
60592
42021
45727
42612
35678
11874
3403
32590
34764
41561
18333
57162
45997
1853
34169
34987
6169
33266
589
30080
10714
2252
21265
42989
27104
15095
17760
31602
10342
61556
33269
20097
12797
23140
64387
50691
44040
63645
22875
32246
49557
1496
9712
50986
18537
40963
5236
63081
4502
18525
41408
41316
47007
7580
23129
6136
53088
61189
47690
29756
12060
28753
8131
59645
5885
1829
63839
31329
23670
22700
24062
40284
35290
62307
16534
3371
29983
57644
6689
35249
48882
24252
61077
6554
63845
48189
42356
4396
40433
11564
57841
64443
57225
65341
5545
14161
17187
34292
26020
62213
17543
31017
17437
35703
23851
50034
27714
45916
44879
61374
42720
37106
51046
5883
62614
3062
17028
29202
27114
11771
41792
36357
63729
7711
20571
26947
63403
14021
55675
34130
4044
2135
12627
18586
34149
25189
46957
15384
65069
8227
22024
50337
20250
14035
20488
65217
39277
54355
51190
57178
62840
22147
64903
19869
40415
27542
3122
15097
30403
4740
21050
59958
48213
55035
20905
54647
57027
3125
64987
23326
30387
14314
26327
65397
5745
26112
56663
39997
5570
63787
35032
47286
18705
55922
58639
39761
24440
46448
8456
62951
10761
1432
6862
10938
31297
4260
51939
13903
1978
39515
57525
11521
29459
62182
63847
34812
53207
20574
33006
6692
15105
33132
10692
56828
34174
17842
60018
20418
42092
50442
28628
57966
55165
49354
41415
49838
13226
21677
25311
44315
49434
29351
44070
30710
23784
63687
32625
23286
45293
32540
41500
7815
13137
24804
35269
1145
59956
44817
43976
55638
47189
33009
10147
52777
20343
39677
17194
51882
49962
40330
18043
16507
48806
62685
38147
25131
62349
57877
62947
19120
18713
23700
62549
3650
25306
19305
29563
55028
63338
59890
4622
15552
35564
59456
63748
52389
45615
12192
19935
21747
19424
12328
30303
46811
21432
4008
1248
39189
9864
27311
16208
25235
47331
39131
57312
40976
2634
9017
44304
31024
48069
48970
12040
37382
47661
10031
59131
48783
64682
47816
3528
23076
314
35435
58113
50856
387
5675
39233
21182
44619
46579
25177
31652
42159
45635
34028
48535
516
22731
21810
32583
735
53360
5732
13328
24475
21767
36047
12044
4578
28035
39610
8723
20226
4017
37254
52065
37357
52843
58290
40606
32546
18646
40441
54087
22434
46296
43721
2072
9077
33187
26959
19080
60896
43435
54444
4069
15936
55510
7911
10652
43242
18215
9283
21318
54795
41112
6853
10591
59435
54695
25867
3819
17879
40071
9396
463
60479
62527
31916
64813
5757
53686
57858
51551
24588
50271
21764
56797
27118
53167
27469
38425
53248
52021
3314
39005
17606
31465
6882
47794
59175
49533
52887
42494
57115
7143
26058
6020
27094
27415
50531
37441
57590
8112
53472
64642
20847
32734
5633
63758
27361
63366
15651
45351
43541
9221
52114
3208
6079
11136
27167
56254
37746
58075
63918
55571
41947
774
23891
24699
2978
16875
62003
33018
21958
50184
31857
55876
24182
32851
40565
2688
50696
30319
47637
8742
37624
29871
56508
48565
42302
16997
27122
52401
29582
37414
20761
54987
12072
1197
40873
64611
35549
7654
8888
1323
41185
25644
11282
47940
36451
37538
40034
2122
1193
62547
58033
25780
64707
19917
38830
50716
62114
28516
29245
7208
32016
54935
2029
3770
53658
50835
21614
35132
53158
53456
64927
48571
4228
7313
22799
44041
64879
51835
25871
45009
53160
602
41189
62935
62895
15490
20933
50015
60172
45978
26366
39781
14058
7295
32471
27001
7797
6547
29426
50081
57806
55517
43720
8266
60321
38068
7308
4525
17542
40281
49572
32933
36886
44424
41129
58029
19224
20150
53095
21979
44560
8430
31471
14203
19259
28660
52032
8881
38919
60216
29547
43975
22463
8644
7147
3085
16072
30667
34250
18266
62733
31506
46370
13418
53885
29225
19336
9275
55649
20059
41345
41369
61510
54050
59206
39042
6337
33832
43745
26232
50940
33944
37691
45362
13820
35480
60192
1776
32592
20160
17944
13755
13446
3876
44775
28063
57893
55805
7310
45396
54268
32903
45606
37760
9571
36632
36204
20501
34059
64646
65375
48157
23586
54313
23481
4595
65371
25410
5400
54561
12700
47243
18519
40736
12038
2505
10568
17671
22921
7404
40744
3503
56146
39371
8665
16966
4375
25607
27434
235
16982
40290
58002
15452
14929
55787
55531
32893
64316
39793
12204
50586
2522
32667
5101
11905
52819
52707
7137
63678
11392
7838
8281
42253
25328
19598
45777
39892
48501
41636
57867
83
38842
164
50286
23540
52329
6697
64801
16123
15366
38826
24336
25544
49953
25691
1582
61343
11403
5569
34400
18281
37692
39782
29230
12435
2514
55202
29959
45705
36141
18307
53395
59242
12070
7713
43226
61269
26195
33729
36220
26690
64042
17014
53099
4292
25064
48077
5970
39258
39123
16379
36256
39085
26159
13771
53996
11313
24238
41686
21946
54505
27109
34902
39926
38559
17355
63854
44397
61424
14415
46515
7724
39739
13648
63984
50113
46084
57073
3471
15262
34888
39501
30907
14844
4481
60394
55645
45597
7109
7186
57766
23496
24477
61957
21022
15759
15691
1356
21370
62509
22400
9908
1071
24184
29421
22319
56999
57667
49809
49165
31244
3451
55032
30720
39895
52499
37267
51950
33352
14584
43437
17910
35341
9255
59891
318
20768
17230
48537
48951
63301
64372
49001
58660
26942
30694
57898
28296
19177
43962
21798
59848
3164
25484
58790
28908
62484
15784
29082
21286
37000
56128
14327
56077
48457
42116
16019
7266
3381
26438
37498
36264
45833
836
50190
5321
33375
57311
26620
237
43194
57529
12922
44432
64472
48263
60090
30275
5229
56547
16882
9296
12182
64078
33112
11343
9312
57419
55626
50149
4264
43477
5738
7153
13082
35156
63731
14671
20048
19219
49397
53124
57647
16100
55283
50287
46614
12730
37216
48967
53638
2833
21460
56366
15982
52013
24548
48504
32104
33034
56453
46673
58252
63402
56819
19962
63355
3793
1124
56100
60892
55335
63564
62172
43246
20895
52448
4605
61972
42152
28138
19861
10055
10498
50425
1239
52481
63455
10063
28854
31452
16650
44165
29536
10314
20777
60798
44362
19479
20278
1998
6988
62717
21363
23959
3850
6053
17599
48380
43179
48089
60049
29797
39362
51416
15512
51093
53234
6926
57306
41821
6189
56794
63499
60755
2659
29302
6187
57685
2698
38215
18334
62028
11759
57098
6649
33035
52287
3317
11642
18014
34582
9122
49958
60718
23143
1962
14644
60501
18659
38674
57275
11161
49197
51574
40412
26454
37605
63560
59685
7451
60891
11082
15701
42850
6086
38508
9456
49386
11762
16205
64881
18857
49791
15878
7910
30061
54893
19483
38219
1470
7955
39753
26431
23722
38968
38104
39842
59059
13784
16945
24428
54823
3981
63275
40860
52891
18037
16569
13337
51755
53061
43716
19074
22221
46282
58409
26193
29855
10696
56092
44118
29406
22052
57694
61280
48434
59179
40207
6650
11148
45499
7042
44004
24056
34924
43108
41394
18410
23066
49289
64059
56177
36502
48239
58399
49500
42426
17168
8210
19192
42124
43420
35998
30611
58463
59991
55727
57777
11149
22662
37612
64841
39640
16198
60642
12930
53037
55513
46769
5982
13576
6054
62745
23147
49551
17096
19929
58565
5185
57577
31570
16803
44408
50445
16526
45899
41593
51849
53512
2381
56535
55506
19839
30255
59225
32095
15174
29923
60166
9263
9375
53633
39642
39617
55160
60476
7213
24943
53118
55691
57357
65307
6440
17272
46951
55171
4479
23164
3518
48036
24527
17043
1344
47076
47854
39553
61001
37098
8477
59359
62596
10888
41604
39098
38986
5875
54959
33131
4518
42815
43460
64483
52538
8231
64460
30703
37951
29623
55508
13181
20623
23333
31303
401
64266
5686
33430
59208
41907
1752
6783
60418
46323
29864
919
30741
21543
26422
26104
11046
50694
33208
17645
46348
30215
28972
12894
468
4321
6873
60258
58494
15266
38660
12736
16811
19021
49157
11246
10126
64312
18120
62736
55187
13114
45715
16777
55777
26783
34791
52511
17679
54441
35873
39339
13156
52575
10828
7678
688
57552
8513
3153
10780
45093
17281
23287
38413
50746
3867
35198
27054
18528
42091
8499
32555
35021
13718
30636
39321
23866
45315
34956
17006
38027
50552
11237
47856
32768
32111
39453
13342
8884
26782
52993
32159
53883
54827
44739
11767
16721
14346
56853
54085
16041
47841
43007
31011
21837
8301
38284
6253
7228
32234
18728
11740
30847
10991
19499
9637
18915
50060
33410
40616
18602
11283
2867
53174
43155
2143
4701
3308
45557
33121
57501
34849
31583
64490
11749
19051
9951
34271
62698
41462
45925
8609
35057
55780
40601
22946
1660
6594
43755
36457
10769
24507
28717
29570
35218
31596
1793
24911
46339
57400
26839
60389
44319
33732
43432
29019
32091
9937
5499
23351
48801
50055
54940
40782
3753
32084
28149
32238
47326
65311
63510
38524
10353
41589
41871
47225
56240
19472
49495
21014
61888
2747
6924
2183
64587
52693
20151
38925
39771
10746
27451
63551
21556
21586
34158
17563
44487
40196
11573
16312
24770
64303
5015
6948
37002
2951
9500
54882
7758
8270
10384
21906
43115
3077
27511
63031
45061
49985
536
36754
32951
37235
29433
45619
18914
13404
5782
30291
49427
41017
38351
47316
44712
40980
40170
35877
52154
41931
14351
49329
36136
17633
35168
42837
36366
19858
14039
27606
49338
27528
45375
26910
15233
13011
41631
47333
40312
49506
28801
4446
18704
57494
36162
7621
40393
18621
26841
47281
32486
467
19815
64479
45906
5855
35382
30901
12266
45350
3517
39874
38898
43232
42825
4669
5624
44011
9108
65367
57821
24836
32516
56515
53034
45558
48543
23502
42079
44810
23524
29912
4076
27426
51655
18421
43992
32594
38103
22366
33145
62874
20694
51927
30410
33984
58024
62812
13838
35281
54006
59791
30777
48311
57318
12248
59234
27944
12167
1541
23951
58
26009
42934
18572
775
25567
28875
40413
1571
16509
27337
15242
45114
15695
42636
40203
51714
53918
22432
29699
61913
97
8315
35903
28162
37933
7998
42173
34534
7131
56409
45963
39049
34447
63951
57767
21536
4842
62820
32461
17507
19726
49516
28005
50606
255
55391
44478
20507
60371
6612
42834
19056
29930
45897
63525
60523
11871
2938
36257
12527
53897
13821
9248
50111
43298
12146
53487
54032
18794
48507
55121
16788
50751
588
8722
26951
14612
29519
56014
6717
22093
11720
63853
32058
32891
56672
23318
50249
11467
34588
55110
8116
16991
16895
62595
57643
6558
51317
22312
36897
43130
60331
7440
45449
29342
16456
30405
9278
35173
39980
1106
37266
19127
64365
63936
49540
10551
46457
17765
9694
8843
36757
42174
42892
65222
55136
38110
48657
17995
20227
23393
41581
17306
33296
40556
12081
4756
32140
48509
48438
35134
28419
13411
61455
33571
35262
35386
57305
6304
7668
33821
30197
47973
36027
65066
25716
19176
41471
19639
55525
23629
11493
43408
23881
3359
18264
8544
30564
58208
14328
36785
50377
9118
29299
60698
35393
3327
31320
10758
53561
40607
55065
58403
56201
27698
41297
63164
19904
32013
25359
40231
11916
54382
53954
16611
15271
4215
49790
7104
5997
9086
681
5519
44235
48011
34027
50477
24667
48704
11753
13094
16793
19661
59796
6796
7653
40583
31443
30252
40892
46151
36108
26092
46935
48646
10019
53407
13673
31890
60951
6018
3955
54622
51166
43184
36745
62451
15025
37619
6730
28494
10413
34748
29205
35707
40825
12000
50595
57913
49678
30372
29247
4368
36520
37088
65289
6377
14381
6466
65337
17030
27625
8021
13420
23962
8082
61678
31126
22777
63486
42155
51431
9900
43514
40804
10728
63448
44247
45673
24350
28881
33573
20640
5577
41244
55536
1350
28810
25356
56786
30484
14527
4387
35781
43411
22194
55443
1135
46661
58803
40285
55410
50680
48402
12944
31785
22965
17257
12320
3052
1268
42099
23388
21589
4800
14724
21957
50713
9919
49452
65157
3372
32329
54096
30162
36593
49380
23239
40108
59659
62569
56981
1004
30587
457
48793
17896
50965
1389
8764
13267
48498
29529
20653
8184
30209
12341
9273
6224
40483
18848
8034
52223
50447
17300
38780
34224
12015
25876
62537
53636
10703
65522
65275
35237
51193
17129
8815
38401
52780
64227
43914
35316
63309
9402
48666
9400
58587
28148
48839
33078
32214
26382
35653
50623
15380
39237
10808
31776
16870
12720
31217
45044
38706
53688
21914
29514
22970
31582
44140
35827
38153
20677
52518
56777
44696
52529
58346
3569
22959
44746
13209
47120
62896
47742
36327
39425
38277
36465
32421
14989
36630
20742
45707
34777
12093
22710
39252
6615
49785
62584
16798
45907
27861
49583
7275
29747
552
22170
2800
57584
59440
51922
9950
59475
1426
51997
20231
53480
2626
27145
33626
52198
48327
55895
32365
21850
58032
31150
8057
55860
61741
52681
3684
37308
51145
748
41599
31501
34622
1027
42625
58787
15887
31054
46630
13877
32489
56731
47109
39494
39880
2603
58892
3709
60219
63620
47224
19792
44718
62331
62991
32942
64713
52040
14118
5215
210
16925
24213
47538
36833
62200
44206
38931
38518
61202
8520
37861
58059
34346
2835
6759
11054
6711
28309
36718
27188
55211
49854
41875
18094
55981
55239
64357
11624
38752
29054
1216
25957
47139
35795
8460
20017
12722
56480
29048
48203
63704
48953
36329
23339
5255
59938
33438
15084
27464
41949
65312
28663
13200
33345
22171
53806
1707
56493
4030
47822
46302
36898
56102
62248
32806
60969
27538
46053
30229
14426
22776
29140
41519
44838
9861
27705
34704
40462
45042
51417
32142
17501
44273
38692
15714
13950
29564
49374
21343
38981
12278
59975
18507
20864
12642
267
33471
57895
10966
30620
12932
1250
35272
53596
17449
32004
47344
19843
11747
3668
40608
50231
39274
61106
43161
8441
50897
64424
37278
19586
36480
9645
37012
18433
40559
51059
45156
27456
65248
36106
50522
6601
11967
59252
10862
52381
48260
54013
9516
51561
56692
1560
65282
44017
22145
44301
51143
59758
35306
61136
63608
31258
13437
12503
6885
55422
4537
6569
29884
932
60384
54899
17235
56601
50451
64756
24160
59081
7323
34364
29706
36137
50203
54383
14246
5114
26119
64851
41987
5301
6719
44081
63353
5076
228
12306
2984
15866
33907
60318
56514
48573
56024
36266
62390
62677
31516
65102
57838
7141
14024
428
47788
5196
63077
17393
28353
15431
29723
24187
1456
14243
40856
9210
12544
21
55949
28505
19285
13427
55245
34456
61203
26759
51298
30858
1227
22680
36824
20719
46585
55869
50624
50285
26819
10060
17992
46694
3617
1480
50469
65067
58860
51053
14741
13431
12941
2891
18208
25474
31116
21535
25963
62559
58244
1809
14281
58250
10187
54462
58062
46825
57264
46199
21605
45640
22118
24047
2002
35951
24483
64157
2130
23903
7567
49736
8331
52360
22377
34966
7684
10374
5100
9918
18142
22905
34923
17249
4647
6613
61370
36786
9963
61414
36372
17916
33246
19755
55478
13570
47110
63157
29773
58684
53675
35622
30317
61681
12876
50673
26300
62656
50509
43759
13002
55310
8715
42701
49691
51265
61531
11939
29887
20146
2324
7543
3564
19687
50221
51377
21728
17212
57214
29414
43334
11132
56098
28010
32438
8858
25406
51095
46456
2647
4772
20679
14147
5542
60125
48345
51540
55504
43791
49560
40315
23216
6817
25892
48290
4793
18768
47748
56658
40173
59155
3607
30546
137
3427
65048
21220
48167
56677
54431
7327
54370
17469
33504
56194
18693
35365
20444
16980
42
22828
33820
59900
6715
34547
30104
5620
54425
58053
19257
38767
25296
39833
15937
40899
21701
19803
25669
42739
54559
64334
61667
50850
64736
20953
63859
54188
38367
44038
35642
56680
40759
11603
50082
58437
34112
52635
65325
59478
55739
11477
59974
54996
46283
11156
52195
16200
61932
36168
27661
60778
42863
65240
43574
6846
29634
7620
20004
15427
7454
60528
38346
35396
42400
20180
47646
59362
58534
58601
18973
52546
36275
27826
25515
58847
3654
38200
51886
15178
64766
29659
15208
43131
59871
12789
23518
2944
29516
53111
2578
43383
20028
57301
9101
43832
56457
59950
46699
46038
43529
4326
48845
54276
45691
60625
4833
49
29268
52310
56036
8672
12679
57005
7230
27089
36739
23461
42397
12877
52584
53022
5969
38933
23770
49448
13349
24947
28170
15021
18108
19880
57037
32039
26762
55021
21309
31955
24156
14158
46584
58014
41160
56993
63458
23551
11271
23477
43092
43802
38444
41166
55757
31502
37775
58147
43539
15576
29111
62379
31575
18018
18184
43696
23188
22669
35399
4154
34101
23404
62994
59005
44106
46732
34414
1694
32357
32354
35055
34388
37281
37743
1309
60893
48481
22931
12063
9504
16161
21158
25643
41313
53217
14784
31790
30707
46244
38499
56458
24418
26146
10254
57141
29297
22572
4016
37576
42248
11320
29308
13635
13123
53684
39969
58572
12049
38622
8878
64044
57559
15777
11269
32695
34072
18785
9391
13779
53861
65137
37505
42048
51868
10121
38349
44392
53951
61121
4035
60662
23030
14522
2211
21959
62128
60749
39120
59469
40400
59691
11512
15086
16734
39734
36505
10064
45105
35114
14846
36399
59677
36586
52275
25323
37320
53275
17686
34329
16859
20156
54873
124
1276
2289
11649
20111
18740
8404
52311
15012
4758
39919
62216
24487
20683
30688
1289
20808
9790
57715
59722
55376
53869
5373
51332
21406
41287
17880
46978
9732
3571
38389
65107
4085
46253
46080
11581
33341
1818
48679
47274
25097
53995
37573
39602
38080
6190
45416
17215
5011
1062
59862
62202
31630
38838
64268
17824
32096
48437
12247
209
56015
19392
20517
25956
39659
61999
28869
58051
64749
63469
47444
9868
53443
53159
4311
24833
29645
27076
46921
60551
3828
32586
27398
24356
18337
63297
49243
50188
1122
32092
65532
57732
48475
58819
59696
2065
34699
239
870
26056
34864
12416
46826
20654
42168
14933
35982
37384
50970
1874
53648
22302
46343
50130
14050
38399
22754
14562
35740
44333
51
11583
48150
58055
282
52116
1780
36415
62739
3616
1132
5132
33427
10641
23050
11988
49509
22741
34026
61918
57800
57944
19047
254
23004
13217
5796
42204
5253
57044
16986
60177
22567
52445
4380
28789
14264
49343
47537
20491
33289
26960
46200
7562
26139
6402
18309
45374
50618
54182
42867
38025
42399
19332
47025
23894
16806
33222
11781
48060
20030
55355
18899
18623
14739
27044
4123
64198
4961
46654
63746
2103
29668
17574
52657
23807
34078
62560
52568
30826
18757
35625
278
36618
54093
57238
6262
53958
39228
31984
53316
63438
26255
2009
52986
24981
30027
40497
31997
44913
30182
36338
52684
31380
22629
5145
56721
12415
5263
56610
30716
6223
5700
51577
60335
48051
42889
12244
18775
51259
9570
3701
44556
15608
25889
11238
15703
8182
4856
14530
11458
35585
14525
64936
26467
55500
14124
61452
30917
35015
34636
22226
52269
24508
16535
19918
15192
37298
43338
62226
51615
13798
13851
35659
46246
40988
24867
34929
26156
31869
29949
22123
34781
30228
34637
58104
41586
23207
1540
37425
31793
37516
32215
43039
1929
2426
55286
27778
52937
48512
54298
25457
48930
57581
41549
50115
18121
53056
976
44184
50608
17153
54322
15550
54671
28773
62524
22616
46179
60048
27350
40425
62011
51809
33206
55140
60060
41215
12243
34462
59743
8779
44935
46182
64647
28910
38255
33046
9521
8944
5366
13307
18741
53489
17211
30526
10346
56372
42458
17102
46451
14748
21948
34732
65083
21389
19622
36882
48934
17075
30512
54853
10594
35745
47157
26694
25969
49204
59075
52303
38140
34799
25034
42872
21908
732
26488
55915
24786
24866
30890
20339
52750
20844
51511
31448
38502
9069
19621
22148
25682
65045
42627
17320
56790
31765
22214
55905
51387
65394
36521
65504
63174
49580
4621
854
9708
28815
43063
50825
8607
30132
44821
15560
964
7247
59839
23751
53719
33183
25720
21193
20129
26477
49669
33922
7119
25581
31250
19137
10455
16752
56207
27286
58748
18605
45231
24581
2975
12022
41688
65302
52046
11713
20874
11880
38085
20804
22182
17533
38224
37810
47393
37212
58944
20042
22974
51406
34084
49481
59542
5521
60987
24020
2144
28918
44700
12966
61244
30954
38269
3568
34104
36355
18128
36690
53140
17468
53391
29287
62270
24934
33094
21132
24663
11358
38271
36992
26070
48015
49171
35239
49413
194
40331
1564
27899
1909
17701
44477
7763
37181
56746
45481
47834
19695
28661
49387
20425
16819
8431
3444
63821
887
38784
7125
22422
46851
55569
19041
62619
61334
31994
39916
8701
33705
39443
4224
43858
51521
8773
40778
28418
46968
36285
58732
40099
16085
3513
54834
34470
29631
44404
41328
3404
3194
17213
50117
54259
44934
2247
46494
30063
61496
34602
33630
64893
5340
15077
59281
46447
50001
27151
19939
64700
31914
12981
17627
18237
21359
4002
10617
31631
1044
38273
24673
33885
62793
24719
48066
50044
60294
50043
14721
56164
40440
31120
5895
11829
18095
3551
55935
29143
37621
59692
1798
36255
11663
60093
17725
12334
49414
19121
28288
27598
35607
54456
59004
4143
1914
29690
50570
62274
13958
32772
17395
1214
65366
3877
8693
34095
25333
26069
26288
23402
8466
10839
19747
33170
15014
42192
46264
61288
34159
64195
41001
50101
20799
7306
15826
52919
11023
10306
10472
33088
54116
62480
63097
59265
9435
26708
22424
5030
7066
23197
59442
39441
30175
65166
41053
16648
1595
22758
49284
51148
7406
46611
61377
5781
52656
50553
34188
47
37733
37687
62348
18943
54420
28656
59260
58550
54870
22960
41203
9383
15589
7352
65091
51791
52755
48041
3623
27489
38253
22757
18761
4836
32030
57520
56305
20255
55020
29942
35656
47218
39160
65243
60160
34197
61360
37476
28130
51708
33968
49946
33698
19142
20981
10648
21254
14820
25702
52899
1430
13925
41828
49494
55402
63799
7560
43111
9513
12809
32496
44608
35206
31081
48670
29809
14462
2961
9783
47113
18250
58355
43950
34744
56362
43726
59254
36651
24236
29107
59253
16102
35502
56904
29134
49102
28581
40158
14998
8099
16498
60364
52261
18635
19665
38618
19105
54535
17737
31469
10453
5777
40962
42881
15802
36985
889
24423
64369
31528
51597
61138
33952
1113
35253
42479
2572
52241
37704
42290
33351
54316
31883
55183
33545
56359
58674
13662
14119
64678
54858
29837
15334
29488
50448
50035
31527
39326
28703
166
2016
27805
62419
12083
12927
42876
12171
7902
30256
46653
3432
63959
59834
46741
46268
57464
50759
62093
7516
26005
51503
63396
51066
3603
26830
52238
27052
17207
14988
10606
47210
514
51365
27174
59569
14815
51848
8652
63589
57013
19475
63724
34424
43247
32888
21463
60438
35029
3909
55290
20688
14045
59157
35409
44323
56902
55515
41362
24571
64980
53608
58019
3096
56309
31538
22522
64064
18354
42160
29546
18894
56257
62747
16786
16319
32102
60474
45910
384
31289
46959
24347
38965
29894
58506
49826
12107
6258
55660
58830
23972
40905
49292
609
41072
47892
50388
45381
58911
63109
15922
18750
15728
6446
11344
28487
16458
46695
20852
25199
8475
59311
57864
60441
16570
59531
19654
59708
43074
45386
14365
56222
47541
45942
24109
10293
52441
38812
45036
15785
62707
60740
55733
6406
7492
42030
41803
60058
29952
39424
13207
16841
56989
6074
36731
27748
44517
45771
39854
63068
14174
18686
2134
3143
35346
18486
54965
17301
46126
41085
28716
13486
41731
27744
46647
27982
1209
64814
27932
21218
40485
59286
50812
8037
47490
16632
18401
30762
45666
49713
58729
41577
49025
48656
10622
30385
25365
7149
64948
22717
45788
25901
34410
24949
40735
53680
34507
18882
54191
10638
5574
54078
60901
3119
49359
14661
36765
9575
4598
27860
25809
10609
861
13444
50797
63155
51169
25521
3969
6964
694
41078
1774
42032
23997
2643
62496
9339
7855
966
41074
62015
55253
4507
44237
30090
10635
57184
50269
18968
60199
32119
24702
4467
28695
17726
51802
51179
36677
40660
44322
30289
46635
50120
35444
15679
13268
51811
37870
40626
38719
24691
59937
1852
28474
17522
43675
60563
24107
37996
46455
32003
40350
63016
15930
40414
64745
13348
15730
26992
32904
60303
37931
10997
65379
56322
56426
12055
2056
31731
24459
4872
57177
38867
43045
16719
30608
29676
11882
4819
35797
32748
49468
24535
43495
48985
52794
53266
13165
63268
33339
28188
11393
62044
61954
11284
54631
12168
7259
53795
10148
63694
58020
14892
53013
59541
39144
16538
37268
23252
49715
48212
46224
5683
16564
39949
3621
1762
13231
49712
54694
62883
13256
18719
7726
45746
51396
30126
16981
19304
57226
14970
16284
12967
23135
30326
57367
43223
4439
50780
19534
17498
63653
58473
63919
15096
55914
6986
34221
31738
60584
53006
10200
50368
19271
10057
18292
52003
54030
2423
36101
18058
39788
12667
2004
33724
57792
35232
48146
28568
9801
1229
57846
26041
48669
60271
23096
1246
49047
11640
10260
31445
29067
3044
59876
3076
49382
37374
23640
20068
45336
41974
5200
53917
18243
47810
32197
8648
227
6432
62870
4808
55848
30789
6333
17390
15895
23068
50892
20726
65446
12666
57439
35872
58084
10304
50372
18756
5706
30852
7585
59322
13358
52094
2448
32643
47208
14667
55643
18370
17591
11810
41230
8798
19289
1502
10456
17728
1857
14926
43134
51032
54529
50894
63363
50490
60009
52893
34998
49205
9600
49544
45582
62986
62453
52300
56082
56025
4268
54459
53789
43326
56286
60596
7244
53580
20358
43025
20579
63312
30756
24686
48780
54240
40437
56909
35572
12811
36954
57069
20080
7437
49178
44465
9910
42567
53202
26851
388
46168
46396
40210
17621
20047
17041
12219
9256
58364
50611
49991
15259
49980
13809
25880
57585
57244
42100
26475
60557
47790
23123
55005
40338
56198
5798
45740
24032
13495
13433
53941
42164
46206
21099
48633
10402
45269
26674
64332
42647
48712
52059
16749
60043
40911
8819
40102
8108
42379
16758
35323
2767
34940
5107
63434
53075
9051
45931
10578
45198
30068
50411
64063
62032
1485
16224
36996
9223
11468
37657
59925
52256
23277
65072
11943
64337
44878
61523
63683
56469
38227
58168
28154
41157
36491
13229
35004
56307
63207
53457
58398
50684
58678
42525
6370
9429
4072
21791
33064
51478
6319
7026
1436
28086
53490
27662
5241
5233
48083
6030
41364
7671
21090
39525
33892
61592
62931
65152
3328
59277
2533
50661
52835
3501
45228
4157
44526
50031
31906
57879
56410
46594
22840
25708
61482
6655
6070
37417
38535
63810
8336
56513
55093
42185
35183
28961
33856
28758
10045
19275
14428
18610
55548
40389
1042
39522
59436
63627
54524
28902
16151
29517
27641
12008
54519
55099
12902
62204
10993
19970
17813
40190
30167
43268
21736
34685
39609
23080
17386
62293
2489
62253
54399
34768
3785
39022
62459
27495
35546
25696
51578
31775
22284
63360
24798
21645
22859
48947
28659
18909
35149
63963
45630
47828
21563
45535
63287
28115
25342
16578
48378
39010
58327
32746
57242
58839
11545
33631
21848
41648
35479
46154
22417
15286
10386
61448
27686
33346
42733
371
53920
8382
57648
35252
55819
52175
8968
13176
63038
61141
33306
56568
21181
13034
30524
19671
51641
42109
50355
50199
18384
3610
57894
26414
36922
35915
38118
34350
49221
9820
7089
26470
27547
11948
3524
22429
63257
24678
43257
35661
23185
64020
31403
24747
8445
26393
24583
2419
35064
34160
14477
58179
26251
31802
29193
63513
20712
45284
8721
61488
55405
27219
45067
32261
63985
40346
61649
8400
15971
48608
50193
24894
49884
48351
64870
37500
55910
23841
24225
55624
61251
10236
56565
59258
43699
33323
28490
56159
59256
29118
31422
49044
37494
31338
21256
46266
55469
21745
58624
11126
45029
12291
28666
15838
57401
2118
29569
18510
31849
19735
61984
1407
29130
53495
64231
16231
29677
30647
10976
36578
12111
1863
39613
22256
36477
24091
43456
42279
15145
40163
17181
62684
30827
38424
53404
13113
44602
26786
15865
8741
4822
1090
25547
35454
20680
50245
39846
41351
13080
26027
19419
44286
42886
60078
14679
620
13728
9036
2096
49327
40604
28862
6888
51571
52668
28848
64677
20575
24656
39040
38448
11802
3626
34361
1462
38292
31263
41266
20502
52833
711
15968
34491
38802
57111
2889
64738
57134
58066
62791
35500
42745
26551
24873
10420
8547
61727
20157
54916
22258
2898
54060
283
52762
21495
18253
45892
41031
46189
1
24523
36055
28742
46067
19531
27047
3744
21280
47979
9147
37984
48322
24049
35541
47049
22273
12116
38347
30643
56339
15435
65130
18789
56397
17205
53770
24516
45086
22760
44802
28331
41886
48152
53968
10601
25718
31214
5091
65246
63497
47885
42793
11388
48530
39827
10983
36965
37309
2471
64806
60994
15446
1612
50069
44577
12181
35746
56494
64061
55505
36345
38022
61355
32529
12567
33126
5199
56612
56877
47474
42796
55595
41136
56121
40187
43628
47998
35816
33883
63518
62613
51272
31807
34964
64261
42718
21316
65297
57127
63378
60407
39145
9423
35985
11448
18175
29667
20424
42950
29974
584
48637
52325
26173
38482
21650
34010
39587
62286
23948
4631
13643
24004
21207
60471
36566
2262
47709
46877
39598
53120
14252
5471
62915
46809
8343
48310
16137
11425
54663
32485
17278
56485
54910
16008
37258
27016
63443
26320
63006
51261
36900
28721
55600
52663
64541
62744
43367
48023
44094
18699
41457
28954
40772
33858
23761
42727
59908
15412
35854
30828
60203
30353
43371
2113
31180
61371
12138
10108
36829
26683
26538
30129
20154
2157
40488
11204
49863
53985
22100
1691
35828
59984
42477
16302
32708
59451
24008
17318
50352
45930
21512
30980
62351
58203
47671
63727
47354
18454
52688
48215
54925
5673
3237
32403
10419
19280
28905
33828
64594
14507
24430
62912
48462
27362
5957
31466
42208
14192
13480
29970
18781
49210
52748
43622
57172
11861
25748
35293
22558
47328
25346
53231
60905
48465
3497
26591
9814
15393
33714
12163
39894
52332
37713
10785
43839
30150
56324
51903
21788
53137
27717
57104
43536
7611
35394
51735
63167
62821
26280
60875
28842
56425
19524
20438
31036
54156
28582
9323
45758
47812
13503
62409
15112
57366
59280
52299
13889
34926
8705
31371
37247
62363
26533
24840
50301
24751
43267
47576
15570
42129
17245
55742
19378
32544
29908
41683
9519
55707
46420
47696
16921
53732
16510
59566
72
38672
9076
16581
13663
10944
65195
49903
28820
61500
680
51071
30625
15121
65100
22102
8295
40730
15513
17594
48620
33340
16553
55853
62502
39399
23964
3401
11413
51068
11580
31720
45593
54539
21899
45210
18949
11216
46879
52935
56479
1742
4006
1930
5783
14641
40381
63759
52558
11588
29838
35215
43512
56032
39672
10166
61653
11234
21539
22685
4962
17794
73
30113
28947
36459
7187
26650
22724
20963
50655
52928
40691
16568
678
17142
47511
29438
4974
5729
17076
40354
58577
10202
41206
61843
38708
42890
42377
50671
55546
28437
26582
56055
57487
24820
13373
37623
52077
16015
18500
17268
42225
47072
5897
6164
54479
9153
37315
16854
52666
22151
23850
59165
30381
64375
24750
29688
10791
47796
42558
28365
50385
56234
55609
16273
4645
30739
50396
25366
40060
32994
63972
41338
16107
42547
17978
36080
35305
6892
61403
46928
65075
13483
62540
1994
10142
44020
34106
48580
10720
20373
42689
21115
39335
44153
19193
45025
35244
38251
17489
29603
10613
46859
29104
37831
10269
64060
32112
31433
24503
34374
23613
57205
49503
52770
51072
1990
38214
48497
20485
26897
47978
13647
34356
39181
45864
35356
13302
30923
26409
41389
3777
43054
44508
36232
40629
9692
53377
42611
29175
63305
19889
31668
29726
64956
29925
2613
8880
24499
37856
26177
8522
5119
54619
51572
32645
61046
7657
63093
49254
38900
12933
44524
29224
24621
51474
25006
41213
20938
13341
27299
40671
30079
41702
3934
23092
37060
38164
41796
64696
29615
40672
45772
24297
41339
63001
27561
14103
43062
17143
1706
57697
20464
18575
40700
42994
28380
33492
39987
43505
43
2220
59994
54224
31561
57409
44291
32831
43068
2817
21234
19307
20849
20024
47958
24241
27634
57150
8625
56153
9888
38699
27502
20560
40678
62573
43070
34497
55366
57100
12908
2914
55438
15947
27031
4007
1255
47203
58353
48120
19276
30891
59022
45174
19253
40122
62779
62441
51525
24247
1102
45708
21710
31679
56982
4757
56997
12890
17771
47750
25238
32943
41564
59319
44019
48944
49804
15118
21515
62256
40689
42956
6751
57746
14555
30314
42373
40118
8838
47401
40787
4199
7328
4241
63376
18950
29229
31912
62269
62259
36544
58308
52598
51358
9664
51175
64304
28279
7554
29664
38523
1708
21198
56263
11377
20735
37208
56816
47058
27405
61633
8141
21187
23458
64961
14607
26281
12433
46789
20159
60115
33849
47017
13132
30247
23400
63902
13839
12348
18787
13561
15603
24315
60067
41768
11422
52695
39439
15457
46714
43264
10587
50218
58514
18192
13378
39369
54070
20891
18628
54174
44292
17078
1373
45068
31928
52187
36969
60586
19602
37028
17084
53078
57486
28791
56226
1451
36467
6105
45527
23385
39673
47168
1517
7433
42351
29312
47248
56941
7403
53525
64283
39202
53892
51790
13620
61716
31658
37739
5479
14194
35379
56944
15671
31368
12537
7036
35063
31170
18643
64476
11268
49173
13644
57131
64609
21271
19358
30752
33648
1705
15709
53581
55883
15643
24060
23144
7664
26743
15534
11294
60289
41533
33663
30184
23171
8107
43312
35485
4583
22686
50078
6828
49191
47465
12867
31002
3435
23716
4512
62649
54657
54840
24599
53530
41240
63894
49990
20294
28684
31691
37114
5812
58673
393
61982
42661
21632
55015
32526
16227
4683
36364
32802
61537
58012
17751
55203
31726
34750
13040
7770
26573
64495
57635
56291
14765
13237
6798
42053
38037
57725
44095
40232
58107
59674
60705
53591
13089
47997
40536
15411
34629
45178
15465
50603
5815
12594
7073
53757
19611
34214
37160
20645
44584
33220
1677
63726
18898
50389
3953
20559
45828
39508
56328
375
30928
63929
3802
2575
55704
33141
5266
3842
3910
33854
3105
11086
16343
58254
63537
20285
62075
1789
21183
18784
41876
61238
54577
29122
22829
48090
39616
18511
47784
53458
55382
28372
52070
39193
43494
25212
54497
15267
46258
57120
14869
31350
41726
19852
8284
54267
64755
62610
27035
61429
39690
63508
50242
10417
17093
58256
51295
32075
38526
47904
44476
56577
43583
33148
7887
60990
3634
2205
20405
36802
18891
55289
45189
47163
55542
64555
538
18616
49945
15705
33142
41679
29186
27776
64299
8624
18930
48466
16638
46359
6144
59153
64951
25350
47918
42138
51231
62405
61645
46497
17097
7318
45252
12826
3997
8869
5942
39267
6498
19837
45355
51581
30595
50152
49236
8778
11854
32260
63722
16740
27836
29648
30066
38829
13350
4886
56304
30711
48142
24533
64159
55767
49261
47605
33532
25601
15780
7932
7656
23371
25870
41661
45964
58522
32071
21991
1580
27656
55846
813
43588
33809
14629
36043
33829
32468
44416
31114
19092
26336
27884
40862
39635
33779
42969
17838
13317
40970
11384
5477
57087
52545
28942
15956
17060
36135
29683
17710
35636
21304
49834
43292
33356
8995
1760
54512
14805
64871
63926
33917
65271
62336
22691
39618
9006
31739
8818
26865
35214
3751
54154
12868
47942
43049
7206
29578
30819
20737
29526
34094
43782
22262
31106
8646
31109
58064
4317
15226
49829
42589
10745
24978
5308
26804
934
54366
63524
18906
30966
1405
49666
26213
11910
41903
27984
17260
9512
29780
30330
63166
27243
38726
31768
32317
36395
31313
1674
17283
38235
10367
34643
31123
41753
34340
49936
50092
30088
16394
64420
10313
47147
58155
11441
19359
36085
51622
33628
13007
31884
45322
10789
28573
58171
483
3854
45482
1912
47737
51722
34082
33823
12452
55870
25417
39503
17421
23594
26490
17478
29518
39466
31827
10143
16802
50267
41759
40798
12863
30083
5945
20070
58164
35010
53414
49337
54007
36857
41094
25480
10682
60975
9966
51362
50665
29543
8829
44225
31926
33087
7968
45986
5925
38989
40666
59082
655
44569
3022
28799
45314
43623
33697
27653
17472
59110
28031
31725
13233
48035
37040
60230
2738
27919
22211
45880
45923
46982
58608
44887
62083
63831
46109
2883
53260
29987
15510
30187
46933
36166
38126
6451
59111
34139
65429
49871
1392
434
46615
10918
58593
53416
22506
24275
42188
27943
49002
2
52354
34115
9168
22619
1303
10107
31773
42869
53439
1687
49182
47366
54792
18858
47805
58243
1151
64260
55578
5459
48341
18612
44193
8204
23273
31825
55144
35512
32509
54468
20262
37244
56365
14114
6413
4834
31885
17086
65459
50457
47065
57938
44551
35905
33801
35906
34313
9738
35442
26238
27789
58087
55490
24055
32577
47778
42149
8167
41401
58788
47101
55965
20818
28028
55970
58488
35698
26873
880
36067
21444
8726
15985
19376
44500
19272
61699
45733
25931
21990
56203
18076
55730
2794
56363
4041
9619
44535
3500
27370
30592
9164
62344
54400
11794
53465
9154
6229
31092
14821
43817
45453
53659
31851
28528
56710
22703
60097
16081
36074
26948
23582
19249
37440
6792
12611
56059
22133
8541
51392
56172
5976
30517
30095
28099
30979
38888
10242
34419
11542
51621
5742
3179
53021
32422
42250
7135
52740
23019
20053
50084
52142
40306
27364
55293
11804
41370
23925
35911
12087
37511
62415
6215
22683
31799
17798
45816
34000
42403
4990
34885
41241
42773
27896
27765
44250
48181
42195
12610
56093
15123
32212
59112
64394
859
45520
32416
16148
5337
39536
47198
21886
8070
20939
6688
33223
44972
35448
46947
16499
33250
2169
18691
63213
28576
31891
22751
54193
28933
50864
7754
24668
5385
2185
13693
59198
18099
37341
30349
32294
55037
10552
50724
13780
42421
65079
5691
5772
58898
36750
65511
62777
47258
53562
40445
3323
61205
27353
7045
47663
47727
6683
41715
49977
51357
63262
2332
15975
61166
16006
59633
55893
6103
65407
21323
30040
58609
17485
17012
3889
1401
45395
35655
21143
40786
49099
24203
60988
51558
28121
55864
31806
19679
48763
27906
29171
2608
50384
51757
63471
3353
6802
27695
27691
30412
12785
41657
19505
46744
1187
18013
45472
16447
15969
7402
18002
56878
4548
55753
44255
58717
14221
61051
42797
15877
17460
18608
58293
62245
4484
35225
22821
34121
37982
46055
58209
14834
58509
41823
1150
53353
41913
56885
55106
50123
57081
65185
50167
14695
449
50042
17383
61576
14866
41066
64282
17653
59644
14951
61944
19371
17912
38438
35980
50378
19348
32132
50741
9979
50413
48394
1489
22128
24839
46718
38955
51061
15340
37609
56487
48365
40530
60023
28879
22983
12113
28645
29494
10565
18690
39248
42319
23111
61372
20228
43187
46508
596
49670
47965
58628
15596
46548
28432
32716
30570
15260
57683
24788
412
18622
51241
1940
14495
36202
5778
54614
8852
45538
22056
5677
30986
26078
18483
19666
45344
16860
65490
56867
64209
20850
31108
13962
9917
422
62446
47301
55050
56132
55429
22042
58039
14902
61053
43385
19769
49811
62220
29555
1398
62535
15421
6636
48053
25464
18603
46990
24679
46650
65512
39299
52363
44151
27823
38525
14982
36227
12767
56634
53477
53047
62939
10637
43317
18478
60906
16030
54664
18351
35913
13158
2109
24907
56980
65457
17837
47061
63925
58400
57692
32747
36472
50122
22447
54536
22095
63026
13856
32712
12971
28959
24209
16035
24734
6785
52547
31714
19930
56378
38299
18245
55913
38930
37749
15327
50720
32877
44405
60820
10739
231
29980
13127
40545
52873
10784
4549
51792
58670
33488
13527
55556
60445
32790
44707
22896
42006
55809
21414
1165
32203
216
27847
44308
39109
14769
25947
40655
21160
8933
26248
64723
10837
51630
26558
46252
28366
38967
36053
12706
59586
39047
17333
1664
6412
28739
45340
26774
39203
17342
13120
52369
52830
25732
9656
46071
6267
37253
21211
50898
64659
29851
54458
14241
18962
21358
56394
19261
21062
31033
39923
18481
64156
10167
22734
58899
57078
28388
25062
50410
52309
15687
31976
9091
51593
43805
38264
28633
44015
5109
4206
62950
38893
58112
37845
51098
35333
40309
44310
62186
19669
4057
10892
23702
6982
30935
49595
25891
24968
36611
50000
23261
20245
58117
26899
63807
11122
18526
55059
20052
64450
31716
18265
37918
26315
37548
46557
10152
32868
63976
53229
57660
40926
29300
58407
38038
27375
7512
24969
41883
40270
29628
6178
41620
58226
56054
23717
54923
49665
1491
25113
15689
23270
18987
39068
50910
24207
24015
11599
29711
19988
57229
23334
55722
54144
46116
52408
45926
1784
37250
60848
23989
56500
47229
30609
44488
14648
24273
55210
64397
63872
44783
17777
11636
57874
36241
48726
34466
51454
55016
36167
39221
28770
31314
59709
30004
46857
45623
20877
64486
4065
54166
24278
2188
8139
15932
34866
22901
61468
16354
50925
64185
28409
42566
33159
55029
12513
59717
41785
40797
18485
39821
16359
15731
37346
52015
42932
49124
46334
25290
17629
27294
4923
63060
19911
12344
28164
56478
33616
10644
64624
44422
47909
64321
33225
28931
40042
56852
11211
19893
3490
52226
44469
26310
17644
57741
40340
31490
38453
49599
59942
7085
18071
37379
17106
19834
19148
7652
40670
30347
14636
32158
35460
27525
37360
49518
36038
18227
2664
28529
49673
31478
55916
50829
50817
26859
43404
13738
59779
30116
62398
41752
57980
1235
1860
53245
30510
19901
46837
29941
64389
32578
4474
59300
44218
53026
9361
45663
39870
3051
43780
1340
30606
7561
53087
10177
55440
30398
33983
27818
1620
3534
6297
47559
37362
32865
2842
12993
14909
15301
30693
4222
28858
38392
63147
47893
5311
9138
28793
45519
7421
38428
33389
20190
53669
17140
17593
60143
38497
59034
12336
44888
19748
11026
43087
31568
28769
57020
28746
2553
13224
43826
37203
29209
52166
59819
35548
52337
28482
26677
23686
51024
8327
27442
46021
45403
45941
49306
9135
26061
36117
61386
59931
3747
29079
17466
63829
34767
14303
24642
29732
43208
28577
3396
28067
21540
11742
62510
59953
53514
53004
52934
22947
48816
40929
918
17730
3001
27084
26645
45215
12129
3233
11214
48495
62008
16963
33985
27093
47763
9837
27480
10090
9792
7371
8146
50948
42740
79
64946
6834
33600
61873
44851
1672
51031
23993
4717
62861
9565
36641
34407
54860
3872
50714
32647
30500
56850
15196
5692
20995
26227
776
11172
41163
11893
39774
29842
28618
11816
38473
7169
5840
47697
22191
53162
54020
59180
29006
30092
32318
42685
34865
13466
9932
37801
15315
4295
6330
33155
29502
21829
35345
31161
33445
52611
34951
6946
29768
53196
52419
64773
56148
39346
27755
11856
56422
64666
57960
36070
11417
40852
17885
43212
5589
21173
54630
32524
3183
53193
9039
29816
44043
19133
42057
26612
16090
35977
18029
35005
30898
50554
44618
31736
38950
24338
793
20887
62888
42269
14871
14139
54269
28800
2850
23245
43023
30715
3775
8649
20051
56381
57040
21057
2846
49350
54603
62382
31565
14733
34355
45644
53488
24606
56823
44454
26277
63849
27558
50293
59109
21666
3579
36584
35146
11192
33203
61032
2333
20926
3707
44833
17640
21275
49433
25085
4183
51210
21447
31546
38957
57816
18146
38443
1296
61886
1138
61992
9561
17059
2518
28144
27913
16335
40035
33662
24269
19560
45838
24080
47818
33130
6749
41194
8424
630
21032
35518
12616
41528
26915
23235
54153
45363
11908
55586
30085
53676
12395
12738
11919
16005
38228
29481
15499
64527
54811
22050
35441
38406
30236
8165
36946
22152
28839
12832
5749
27752
63957
63800
26317
15563
31281
8972
540
59681
55877
672
62377
18843
31322
31574
17035
64281
17173
63663
20617
59793
29966
44174
5046
34826
5054
28955
60468
48852
63292
2600
39229
49031
18393
51635
61508
28750
24517
62618
5613
40647
9828
58805
2630
12663
61063
41774
23223
41390
42295
49420
62456
20025
41182
6592
50106
31196
62852
9085
27146
62522
10813
9299
1815
217
52168
19134
65528
7253
28114
25593
26794
44513
44178
18778
1964
60655
39001
62199
47687
799
31993
48658
30706
29137
24834
28923
42844
24653
27741
27034
18233
36549
45953
48940
797
2242
2253
34134
56851
6596
33396
50220
40652
50485
63825
45678
25774
8115
63172
28550
26822
64716
3756
39645
15726
709
22313
706
4097
29033
29960
24987
36932
51128
50893
32847
13879
17839
44189
12149
3741
19339
1907
28461
44389
12928
17381
13795
20123
37880
6868
40235
56415
22385
27348
33441
60279
11182
54423
60846
40392
11452
30850
58095
1521
36997
42623
34761
44288
9825
26403
46651
37080
61190
45334
56117
43028
53187
11118
6325
30960
25802
19506
12430
24436
44349
7685
4221
7533
62773
47594
33901
21186
47660
23475
38332
50209
46156
19269
49317
31587
53060
38139
15799
31572
33
46145
51201
8587
65257
30873
39565
6008
57474
58736
58896
53623
50213
46979
15402
15716
22387
38643
24323
12088
14337
47165
40405
54773
48785
52019
14712
35462
62455
45414
21066
38691
13439
38764
8330
19410
24217
50958
31145
17482
13288
64100
26589
52227
17056
60307
54178
316
29779
40105
44565
57813
37673
2957
33770
5252
28510
14596
40733
39309
17746
6019
46514
49662
6967
4059
43775
36509
8317
45924
10067
27027
6919
4478
17434
23346
39746
5746
42267
41300
49937
32232
35234
562
22707
34185
26763
565
3600
49724
34307
2594
57641
36794
590
47051
16516
10161
29897
60037
15942
44796
20592
41269
27928
12420
22803
11302
16726
23574
54019
11962
8110
53371
13428
4174
39859
52646
47418
29617
16017
65486
6539
51881
22961
61577
23708
15700
54051
62225
58135
40818
29212
29318
22487
4180
10936
45719
36132
59914
52763
43686
51359
49755
20979
57526
13984
30680
27677
43703
30959
7687
6149
64528
54001
28514
65456
5639
29446
15300
25503
48973
14463
24992
62763
5804
27366
62797
24714
29787
35811
51401
17549
54868
52302
15633
14853
38173
12279
22117
3966
58338
43192
20005
34138
51813
31359
39493
48144
23294
6281
2806
51637
21919
27030
53262
62346
14330
16941
1290
31970
22895
44498
12350
50009
32644
29096
16040
46421
29066
55365
60255
55401
48379
41267
1148
31835
29627
373
36288
36654
6423
9269
28098
26304
7210
64900
30947
31381
59476
55256
18221
38576
38372
1723
19151
49899
5070
9113
51165
28269
46703
59013
9598
42905
35109
18888
28855
24068
53081
60264
22750
58886
27060
52742
55806
40650
33636
15057
60865
26214
40228
59539
9633
10555
42414
11559
60804
882
35314
59660
28648
43101
11029
11921
12315
9690
53605
3866
448
58567
3869
53179
39483
8793
21061
15813
14197
43973
9433
32550
894
5167
11306
22534
10286
14651
21593
25948
54079
20105
54476
52213
53570
29417
424
6082
456
47976
12604
39456
12963
3883
43299
43727
5486
26990
27297
8314
27727
56606
16511
39276
55431
12071
31688
36495
34858
20351
44991
39736
3232
12166
4636
10382
6854
34967
29718
61492
208
8931
60687
14670
41617
54894
1786
7343
16415
871
27619
27728
35719
15792
564
63230
45323
15053
54305
8836
3827
65333
2879
43462
51544
22591
48866
64831
23367
51964
57281
4233
7415
32921
35966
59661
16816
37156
31710
55345
54352
4771
34879
41995
10390
56945
24573
40420
7997
7258
55606
6399
8377
53899
18985
36308
36151
35455
39360
50591
54576
23426
46446
2693
60714
10700
52679
44338
37592
9503
28729
45696
49550
21546
38319
12519
61115
2751
46313
11875
52100
60038
52474
34378
19949
11831
31483
9594
21476
41469
55223
29277
34373
22844
40941
33105
41976
5606
53093
34725
22702
4191
19443
5773
35647
63033
48688
59579
42678
11007
3295
61085
55473
56039
49311
28605
9403
673
27520
9941
31383
12739
46657
20075
29540
53662
14529
52557
51183
5005
48367
36619
63721
1321
18216
41411
57109
63349
57522
11278
23734
36177
19842
42428
51554
16246
27903
65254
26383
6884
56057
10681
29910
52086
6723
61073
35309
1634
28767
6541
63088
26419
8990
35447
47528
45647
31156
3337
12653
33506
2127
23849
65135
21497
42386
22885
65320
13816
47857
62727
54361
56986
32226
20340
59409
24119
3933
19344
45741
33681
61750
10643
54376
13812
48840
6604
7115
29651
6220
15304
41773
57300
11526
21629
19323
14719
14581
39235
13280
47608
4169
50210
6487
20470
39847
23138
25617
10741
39121
3766
33690
33405
10842
13792
50061
35277
62338
62554
18661
44541
42478
9856
33955
31075
3357
52850
63333
34408
63832
64359
38260
44940
25039
9028
41492
47178
7300
58632
58234
15239
2090
49706
48028
32857
63755
44085
42575
17873
51249
36200
24931
59489
46542
57432
20173
4117
17846
34123
61055
28543
63105
42355
31467
63086
51723
30437
36531
43672
266
58739
32873
1341
65531
40086
53052
53936
11732
1353
39643
144
39437
37025
5799
4351
17619
22234
53401
62478
21630
32063
52516
33090
17540
17239
46472
57784
51874
61557
10919
17337
23256
26765
61049
17741
49454
5488
5981
551
9914
31208
44772
53827
58070
38820
50760
34782
31979
44749
57453
46937
64216
37570
29777
30122
28378
10247
45136
65088
19072
19195
29951
18244
38735
47636
36944
9498
36659
46880
58615
54046
19079
60851
32779
22679
18951
51877
38176
62174
7824
22173
32668
36396
2784
18735
43518
52012
21147
62020
33251
58815
44656
4569
33496
9648
58115
49553
61110
23624
63625
42316
27783
19309
52957
50786
59353
54494
13128
61822
23378
1703
6865
6678
9002
63461
52743
14706
8235
12735
54520
18203
18038
14448
21324
59065
59210
984
16240
3392
40370
1357
5115
60784
20302
35312
21149
37761
41459
54531
43658
28756
8006
26654
38885
28129
12938
57070
54390
61299
27343
27763
39801
62490
16518
7618
51391
8212
63229
52927
63797
50176
28165
37079
5649
64967
39418
37910
9671
12921
2527
38799
49964
13733
7574
50489
35652
38272
40398
62604
26428
34871
44328
32436
20355
39888
13077
60608
19729
205
49664
21893
50265
49472
37898
32425
43515
1957
33951
47175
19740
6109
5657
20576
60400
43081
22193
1670
26628
15645
35784
25093
2159
26437
40986
9282
5931
19078
65028
20210
22396
65101
41347
19387
10929
33639
32662
10757
64890
43236
58445
20174
34577
11080
58007
26002
50756
11738
20602
60174
58648
5666
60789
39091
5667
37773
21178
56212
28275
58314
64247
13747
22795
45889
32935
13891
18234
4579
11083
33510
57058
60028
35864
38884
45945
32479
46756
16977
60783
38519
25091
33963
38207
12066
48293
34309
60708
4544
47094
32406
4499
15753
63870
13847
38725
2431
28174
1368
10961
45539
60576
36790
3935
50139
11233
15690
23061
26542
33970
43743
46400
306
50774
15655
56029
52053
15592
51671
23591
33180
48425
4115
65319
53192
32803
37681
36342
41546
55067
5580
14083
379
23691
37178
8577
25072
40066
62981
24509
62193
6598
22451
4235
29390
37369
17446
47363
56892
63241
36163
23184
48110
23973
2055
19948
34512
9842
37750
11300
65143
44848
27792
26665
16062
48326
865
39869
15583
23936
53448
49523
60839
9934
48811
49752
13291
4324
20219
54463
33882
21576
20696
18503
47711
5869
29355
2919
56704
5298
19220
30505
7665
37795
54132
16630
38198
25460
10697
61435
39807
38122
7938
25653
20881
18257
42948
49619
61090
5032
63441
63566
62100
16165
49824
48279
4119
42986
21023
5273
2364
20624
46338
49571
60036
59869
48693
44604
3157
22212
59098
38471
10992
18497
41183
16662
49169
37134
52359
34288
35944
31273
888
45761
22290
50557
57563
25690
54655
21457
200
31944
6895
37694
57021
8746
21012
23603
18317
45952
40061
62996
64501
18263
48769
45354
25907
430
27712
1412
38552
27732
39785
28317
9360
56650
37191
37096
45870
19883
1179
52194
30887
42272
38419
34304
11857
2075
20967
61131
45580
61285
60336
16071
48634
36369
41187
34695
41644
31865
31913
26550
6593
47043
8861
50841
36621
61960
53173
47587
31610
31462
27981
20886
11839
60411
61142
26471
61938
52785
31496
20587
14751
41249
7956
61920
42750
10213
17716
61892
36144
55270
58852
22353
39213
64853
33197
10586
41994
54242
39353
52593
28667
48628
32024
41035
24322
34110
56897
26134
62992
14155
36993
49119
18283
24787
11063
51129
17922
49729
28056
39596
44044
42528
60277
27729
24549
3065
1190
61613
6340
27820
6408
11570
48232
23269
1523
58227
64941
58764
39865
17681
42396
38081
10288
26857
20165
2679
28501
46720
34406
7226
39101
17045
60290
17968
23363
34363
1920
9304
39855
12795
13883
1676
5117
33143
4653
52006
6241
19061
46767
4776
15454
41742
52555
30212
37078
28390
43690
33912
31814
36673
58571
53566
43382
58231
3591
21491
8238
52960
8935
48720
18496
65173
45179
6145
19405
58312
5852
38050
58808
63047
7303
49179
8928
59422
40107
6949
15346
34551
43215
8418
24925
3759
8386
9300
31820
36674
42743
55980
34270
627
22711
37658
3149
16832
43971
19921
34153
48097
3529
57142
37564
30282
45999
13000
16000
39822
36176
32231
34928
51313
29320
59335
34405
34377
1157
49006
36185
2937
51316
49686
7347
35495
64079
47672
13683
38573
33417
62631
36125
36682
22266
45987
36028
47117
10523
53826
43764
9483
54606
60161
47641
12597
38625
49610
22403
10257
30139
43691
54179
39922
55866
38607
40621
2344
19013
37643
41592
3833
33580
57905
27563
1313
4748
44650
2115
44918
30037
62454
35926
38041
48803
45783
51228
61824
13709
40766
10870
34136
40233
12976
34979
14184
16695
51360
38049
52564
36107
20279
51966
44340
24928
806
28163
52108
37287
46572
59809
35176
14731
39691
1945
21876
54750
47012
37163
31463
10553
59159
30698
47449
9117
47262
55013
35053
31290
65113
8410
34832
62914
11308
31427
55608
31500
60141
56549
47545
36188
63352
11449
24011
16933
48087
2045
55843
30774
20331
4939
39516
15188
38677
600
19103
2544
38422
29238
24274
63027
2064
10797
63319
64673
43329
11872
50336
5256
41496
39491
43083
39920
4166
19532
37089
57433
5254
17565
11676
50180
61183
56065
7528
2819
330
45070
60612
56187
27308
60607
61033
49034
14877
52510
19347
43907
7906
13125
34066
18474
37270
31188
46174
29296
43534
41357
47547
58747
22639
9983
18565
11434
5537
64399
24935
16560
48905
4014
20382
1652
6465
42375
65160
28272
52973
15980
30308
55241
30868
11853
27128
41744
17190
26190
58672
21585
19018
2357
26097
21500
48392
45270
13633
22623
7113
4837
48984
17534
1876
18872
39700
61458
4625
15772
36906
23292
4277
19402
22263
59913
63468
25453
63840
33781
30239
50739
34452
46232
45191
56306
27055
22627
54139
14390
49763
46755
1186
11964
49141
44586
36797
62853
61161
20466
46834
36942
52454
60262
59826
40204
34676
40520
51993
12308
33999
39951
4280
39036
53330
12579
61832
9462
16751
39606
54118
41869
40191
65450
24611
11186
12471
23022
2511
8059
22365
40213
44769
62122
37001
61089
10926
38718
22285
31396
15882
29975
22184
64051
42971
49368
46958
55233
43119
48286
53828
54282
31246
64255
17247
21091
40341
53163
59387
10282
11913
21104
15757
40286
28883
21102
33711
20194
34369
17033
64590
11220
40418
8939
23620
34740
18506
34225
41687
60828
26042
33072
48671
22805
59481
6675
61388
23623
20338
28191
25719
162
4751
40254
19383
29282
25790
3661
37737
64099
8062
992
39482
56502
64784
35662
47924
34140
32043
9915
54727
21952
41873
56501
47481
63941
32996
57834
57510
47329
65388
45751
33264
9721
43405
41787
31526
52972
60246
2439
1293
39368
7502
9823
51144
37988
4902
28847
2742
22231
1845
58005
56330
4718
18311
48334
64350
14873
53791
25407
