17601
18131
60006
23272
31623
4344
45367
22082
37023
58256
17816
27636
16329
1569
19157
58666
64996
24512
32872
33172
41179
35098
3261
2829
21406
50251
6840
6161
18215
8835
41152
63543
22521
29723
2854
23991
38766
23948
61659
10885
509
20173
1785
64490
10992
63413
4901
46640
26051
36378
26789
57070
47750
669
28241
13011
17962
55941
54200
57952
19028
48759
30813
35188
50489
10183
14390
23131
14364
51895
14292
28546
35352
33783
32873
36443
31939
65113
45457
26266
25876
40092
23886
33557
47445
47859
5330
26610
33678
35844
20733
54738
52494
21181
4646
7589
62432
44642
49721
46694
27350
31204
43255
25586
21637
34601
21067
17987
17635
42000
43509
41003
4288
23509
24605
55209
13759
61499
10910
42395
57568
56487
64670
34505
19104
5067
60946
6801
39433
63479
44733
6724
48069
24065
16157
45997
57837
31785
57301
60572
57493
45090
8764
5173
63613
57812
28511
3526
48320
48787
13967
22456
20636
30335
29379
54262
49805
64596
5571
12305
31655
20256
51524
39664
42519
48184
20193
2463
47162
12573
47738
5161
59144
3797
18508
14927
13712
33442
44593
59391
50309
35152
24889
57256
6631
58011
640
13194
14048
23615
33963
60709
16858
26649
46320
52944
4819
2327
36018
11470
33992
53071
7517
22112
58298
57182
18461
42623
26937
54897
44544
14967
8893
42177
7831
26767
12504
26856
25352
23000
43071
23226
35703
53306
56494
21762
52227
47875
50598
59941
30696
7573
63493
45970
44563
2746
8619
9094
59800
59734
49157
36796
51108
4959
34326
44670
51523
49735
46395
47221
51114
14531
45913
20929
24594
11428
34412
47081
53674
25714
37555
13227
50474
9450
7776
8294
41503
37475
933
9514
54123
62011
45719
43416
47804
7797
22144
11348
54335
19200
58909
36053
1086
65045
42029
47244
51095
65473
15675
12901
25306
55503
24241
33490
25188
15641
28110
31958
62177
41690
52456
56258
64146
14431
40074
25609
38954
38266
10845
15622
8355
26810
40889
53016
2043
38898
13321
12648
64949
15540
18746
14679
55703
27640
804
34175
17437
11773
36132
40979
32825
27983
15782
61004
23951
12662
55387
36695
25939
28785
19045
61170
27594
10603
2818
58695
5338
16292
5483
27415
32143
63778
53180
44449
63168
18996
36502
46783
45151
40039
59040
5405
8178
805
19986
20363
17095
18932
36951
36093
11994
12736
22161
49541
8641
43953
23136
34684
33036
20276
15265
52144
27654
11418
41296
62965
18563
27085
2114
17337
31228
27481
20902
26540
52956
10352
15308
57719
29707
1580
33595
44652
42951
4493
5409
15201
33407
1083
30212
59323
37822
19392
39914
29240
49403
28216
40272
40231
13173
29691
34141
61155
26727
17194
15601
61218
61877
40954
41500
57760
29569
52320
50902
18607
37935
32526
18497
38251
6604
11987
58061
39314
31491
29770
41949
60056
57801
55563
53466
31632
23984
10576
42574
63343
17068
12013
59328
64276
65145
17562
24221
7674
39091
43954
45599
26791
21369
63717
25177
33704
14769
1389
62897
16941
13955
25175
27556
6666
55840
7370
8194
56740
29369
45607
18614
5190
33031
56743
396
46771
10757
43139
2012
52497
13717
56507
25683
42751
35849
7100
3030
36745
53996
30149
39545
33800
28413
58108
17407
6188
17874
1856
32854
35126
8340
54030
46793
61287
30216
17306
58378
4421
40127
47784
58693
62843
53414
73
59357
26400
5883
28967
26884
31323
61803
59522
31163
3552
21341
21741
1831
45169
14726
25870
16187
14710
33624
63976
44423
34521
35249
51962
62061
34011
40291
53719
7849
34103
58948
57570
37078
56385
63222
5873
10761
35012
15972
23004
9708
27012
64624
37704
65237
64614
14881
35612
38589
28873
38378
18485
33128
169
34800
25969
58744
56360
38768
12424
35104
61248
35206
27477
36250
49229
38154
62288
59904
20637
367
60146
48435
45448
16474
5367
30120
45213
56902
57193
34182
25722
11712
5648
57980
46520
22280
49238
41335
15720
53221
39616
24285
6643
44535
48897
9706
49580
63412
1818
9284
25425
23046
53885
2527
31851
26358
19488
12998
142
46953
46815
32145
51228
40161
15784
14989
55680
20752
53605
8696
43519
63335
10586
54125
7169
7152
26431
5634
15799
7717
35336
5079
60605
19568
7731
33912
52222
7130
15559
28137
51385
63779
54076
62184
17423
53784
30862
68
30296
34328
62909
12973
7264
19606
61290
7929
58886
59764
54992
55580
8085
11329
10375
61253
64970
60784
63980
47345
62380
59329
20458
12091
2394
18851
59685
39582
26172
53421
23189
54976
62902
27053
17329
47866
63417
46032
9625
20572
20303
59016
13228
19066
47667
28225
28577
7508
27916
57533
3577
20290
27737
26888
39677
3023
27057
36473
34552
36125
27249
48529
20532
22512
8609
7232
35115
48717
62828
18650
53746
23865
2941
37181
54640
28031
61240
32718
21481
63373
8045
16305
55179
61187
57488
54947
46787
26552
1632
63103
33040
928
5104
3956
25934
4489
5647
63181
27940
24210
11360
40855
40708
28524
56662
35123
15482
27442
4290
2900
10283
1800
32376
28166
1911
51422
119
17463
32978
58976
63799
27510
52395
13171
21114
35860
12545
49137
45
64906
137
47266
33245
15225
36661
63238
5889
15203
26930
34031
27123
2610
7123
30073
62658
44156
21231
14092
34394
11809
7477
7962
17703
34035
13009
28889
64656
32217
654
19714
29601
7720
54538
20177
262
62630
6871
17305
33702
23845
42511
4479
2308
64259
27942
42469
29826
58982
8288
58724
36433
36538
33984
16888
54433
13453
44715
60652
15366
46260
18584
1344
3599
23798
42351
6388
54135
38502
59862
60428
21142
62045
16196
18267
24069
55736
39243
33379
55760
18285
11738
36562
9859
36875
5738
7483
10617
23824
36829
17991
27282
11347
60554
48650
56859
13926
15199
42284
37351
61097
58880
29860
6042
13219
53014
18772
56744
28727
45704
30051
5674
23676
48159
11277
59214
36422
31600
34302
58546
62762
19359
5233
13191
28197
23067
21952
38032
50809
23658
37483
54763
49942
36499
12631
55779
24876
15341
40804
27745
3746
30068
11985
60342
56085
9764
18893
32
58526
42273
35243
17140
26270
52256
56389
46688
62621
52068
25295
63414
31714
1308
8196
36785
51074
11921
46183
28192
13901
55529
1498
61159
793
18182
59635
12969
20017
13765
19985
51598
26623
58361
37501
24599
42465
27417
35145
51553
50191
13725
19727
15213
17137
4746
27700
42361
26429
4340
34045
43738
57793
29413
20856
61018
61615
20675
50662
56657
19030
43374
47539
22643
38454
4744
11797
36252
24821
48128
43169
19858
22464
46047
20934
13512
61557
4373
46794
46583
4538
32885
25432
10752
22935
41211
45556
38664
31083
16357
25836
6793
52243
59130
58239
57889
47978
4004
4947
65043
61252
24357
60969
5959
52557
18217
42765
15538
25911
5756
30217
34432
25404
42337
22705
45573
50895
6754
38206
35048
46988
41430
14830
20332
5801
60295
9990
25692
60904
27845
53765
57355
24340
38361
7388
53240
28659
35222
467
14467
38087
19082
38434
1471
6548
21554
4204
20559
59607
34780
27303
40192
5487
46001
48106
56526
24914
58070
52674
49001
33541
5783
33665
4794
1531
22083
42064
34017
52458
21879
60002
2355
15502
52862
49959
39614
63560
55031
3207
65026
38649
24247
24690
57047
23040
33215
38574
7770
64222
50194
28100
51824
28543
38911
13026
43242
41120
22880
16548
42716
43856
42981
62095
1558
65279
60124
34036
61279
40256
32969
29348
29269
58875
25972
21090
42117
51539
55878
29608
17964
17695
18836
55443
46364
47227
39011
44732
49793
58964
26248
57552
41496
35530
18206
20893
31678
33701
60231
41419
14184
29295
13048
358
18416
64966
28341
30992
22297
47057
27708
16185
22668
65266
31576
49933
53778
13736
49442
3569
61168
22889
37178
37198
33192
15723
57080
3038
27902
52218
65082
708
34890
23111
22094
48264
41131
22365
50862
62377
27371
42797
59740
26711
15132
51540
49542
14781
629
43112
57997
17798
41995
52075
5284
43613
182
24847
21368
34933
9116
34359
37121
18665
53324
32777
32773
35448
4623
35633
60346
39951
48011
7418
24979
49397
1063
38423
58086
38066
46331
15662
48197
22397
59305
46876
11165
40086
19552
40017
11702
52714
56286
3032
59269
18618
8281
50182
59438
50595
54269
24061
11336
25329
61166
32496
6878
60194
7337
6740
21808
7524
34305
37103
17351
8279
36015
12768
13821
59676
38120
43860
4870
26142
44521
57602
19541
34146
9771
1715
25332
47880
63954
20447
25598
47717
2318
60598
20031
24262
26786
39886
62475
23030
37128
13896
11495
19863
46246
48141
23627
51637
38697
926
24502
45874
35627
62356
12655
55252
63149
33658
57072
35852
62628
1015
52109
14713
57909
45263
58271
29811
28964
13491
19543
37356
6068
10030
58725
51072
10420
59591
5934
48344
18806
65021
59161
1484
54217
35943
60694
51140
32081
14527
54488
12257
24659
64371
24450
41004
26569
9001
21709
55665
40390
24890
27471
64436
7181
48258
875
22092
64500
32744
8952
30135
26678
3017
10644
3451
10539
16637
37195
13733
41608
15390
6745
31403
18238
53004
47789
19377
5362
17967
24461
38644
36700
56985
12170
18377
38556
38360
33285
64780
25019
15267
32889
2021
15118
18214
51152
20050
64577
56555
4629
13509
19869
33464
9049
58122
31420
18351
27741
5761
60060
31549
9229
27346
31171
6417
38319
38013
11887
8395
59803
47947
34498
32597
22594
21160
17726
34664
3459
60838
59266
61071
52462
31421
22118
7448
18765
15108
17893
12224
54388
55180
23227
52742
10234
16125
16069
62531
65293
40027
1972
3866
13597
32829
62482
24774
20601
38700
1675
20859
25090
52875
35365
63382
28488
37834
3022
58429
42808
35478
12775
14167
54531
22470
5992
48208
17554
42537
34645
4135
20275
51872
9766
24021
63206
24174
59559
47580
29398
61066
52667
37329
11544
43235
55830
64325
12467
59681
58343
2080
41291
30134
37591
63006
47014
34225
20768
13829
51902
60893
11585
21165
46888
50347
53501
61318
29194
37220
33602
40006
40969
27382
41204
7330
41677
11999
59095
3626
8843
60689
64992
1667
23299
7029
32208
35587
31752
25709
3406
20319
10119
17977
56708
1332
32114
42201
48814
32388
27588
10982
44230
37668
8398
27220
4103
28369
330
55734
10497
59234
10736
30481
31096
35288
33239
31686
53734
26076
64210
31471
5871
31004
5665
14106
61791
65501
32923
31638
55659
32308
55771
58592
1996
25479
51238
35316
61292
6006
30809
44740
59015
37231
45426
30309
60025
13601
35409
60940
44044
49892
22802
41025
21926
19454
37968
21103
37923
50433
52819
57196
59301
48511
23407
41773
44825
19090
47313
58550
34593
61234
3966
3869
58951
50556
38474
15464
58905
11938
21527
44694
546
20473
62795
35407
8611
59363
48985
360
53930
7022
57131
15629
60597
2587
4590
50521
37723
50270
20217
27025
22212
22781
4915
54429
24212
14816
64453
42969
821
48144
63869
31174
8816
22725
61029
31173
28526
14815
32525
5565
52964
62855
30883
50354
59602
40337
58141
1457
12002
29979
53888
26746
16448
64517
11264
13834
19327
28178
1170
53434
53345
24047
22399
23549
16555
44625
16009
20884
40568
46595
38831
44398
39480
60907
43703
38825
57462
62506
63956
43117
32294
22022
59618
3319
23801
7294
34161
53921
11331
46603
9317
55863
36706
23947
20035
21244
60869
4535
61432
29392
61879
26840
39551
62112
36626
36116
30412
40740
24620
38762
58466
14183
61909
60423
65019
20185
35394
60951
38646
13292
60127
11077
13591
52688
10172
35156
34244
29938
54283
61503
22016
9889
27846
47480
59636
62807
57274
50816
65030
50747
41009
27619
22187
12172
16721
51781
47890
11280
44766
22045
60378
47544
7032
49874
1356
53068
26098
24110
28797
32555
12374
19074
27529
15919
32238
11015
20139
57911
35832
7785
53737
54359
63088
17756
23027
39161
6134
3304
44381
24148
353
61133
45606
39200
21602
50821
16070
25164
46012
32068
4398
11888
19808
6701
45398
1040
31417
61353
38365
43789
40405
53564
5069
62796
33561
49076
30720
35333
56063
41678
20975
17755
21262
39939
42338
6033
42992
9110
53138
55937
20987
58473
7737
39149
61984
59496
14320
63403
43278
16911
58754
16163
53569
34470
15493
36023
27656
26348
17705
14073
14378
62384
40064
37954
38504
7426
41470
7114
55458
12761
64912
5899
55842
52998
23750
30494
60375
52415
60303
17784
44748
43717
56904
13929
16020
55208
11157
36684
32705
38287
14186
40345
3858
50606
23075
33231
43797
3816
32221
53277
38146
62267
64692
34415
59815
8077
49002
61260
18036
53052
36335
50800
57878
24580
64337
56295
57766
25673
33426
35231
61230
24097
26798
39670
34442
64581
40044
34168
20631
42215
5133
18533
20042
45165
14768
2219
46283
61885
37754
59429
35018
4893
46480
40178
13640
42013
6469
39228
15813
4477
55622
7125
30995
13639
12141
56637
12708
48936
30589
18149
54816
65289
62417
32447
49412
1971
51183
57495
34520
7864
22843
46954
4678
37390
12749
52971
30929
9385
59205
40445
18268
39444
35340
4896
30541
52683
42927
27841
10187
4930
37224
21158
3386
33339
44313
53347
12536
47053
14024
47639
38456
44818
33497
22766
47428
38876
46148
40533
33208
37485
27136
64169
65007
10981
3800
49903
55722
12486
825
63989
55249
9447
52421
20427
58529
53775
50951
27646
34069
20244
62947
30122
25323
12952
56818
46830
13109
7089
8674
14272
37971
11335
26464
38648
16818
27989
34349
37588
2564
45688
59350
7505
16471
12077
25448
15010
33408
5991
8147
53952
11477
47204
61931
47005
574
42859
42176
40416
13470
17850
63277
38491
3196
15883
1812
28775
20697
45921
30987
51943
45873
19176
52705
10315
50027
28254
33985
14087
38210
11628
26833
5228
32585
33351
32211
46300
18022
39889
58795
27269
3945
33962
65350
37929
49634
23414
7733
18331
26895
61419
38030
60452
48164
24676
64721
4093
18927
23920
40517
47304
5303
8524
7833
64786
54950
36573
50181
35809
59765
24158
8055
61132
61717
44629
65315
50795
41810
826
51116
53054
10145
41135
9929
18640
4515
58352
33849
1023
37247
12500
62429
47307
23978
51927
4632
9105
1755
47489
59910
3329
20405
55681
52531
34278
47038
27365
7059
21116
19854
43182
63216
14736
38761
28467
62984
56762
39943
53107
3355
50879
7671
57788
35752
20440
48327
42004
26558
25546
23723
2240
27216
25768
14854
39581
56997
23756
56128
51670
60821
39976
58913
62749
63699
53759
811
60879
55980
36340
28733
61985
14609
38114
53706
10310
19266
15833
61456
4189
35525
457
65241
57559
50372
28101
48325
42503
29135
46234
4487
4611
32700
26360
8756
60721
15317
29528
63176
14314
36990
28740
42790
6645
44039
9120
58018
34724
15557
17301
41961
14660
46121
27298
35306
60834
38350
21870
29876
36401
16370
37937
43126
59180
27301
45319
10856
853
17606
60336
52903
4057
57468
28719
19520
28629
30805
42502
14808
42949
25869
52686
9686
44557
23142
10933
61772
38593
49010
1452
55059
3878
21972
49149
26003
16753
3504
32847
20809
63033
6201
47662
52341
18386
18905
51891
59977
17818
2794
62819
23990
4242
40201
44094
60790
55487
36747
41897
36461
34961
30896
64003
848
9249
39201
43183
27580
63109
25409
46172
11790
46169
20573
55672
3817
56359
46840
35320
2538
13801
23995
52704
47152
53913
55398
36192
57026
53831
63171
55652
35083
14278
58738
11062
61156
44278
23602
19207
36940
38661
62077
61291
64908
58169
56096
59030
37832
15543
39903
51833
58894
57066
59222
53370
8308
28063
31892
6976
32259
18070
55314
31750
65147
37309
63094
44317
23949
49565
58682
53359
54348
27532
12310
2880
53197
6461
59481
31954
57305
23408
22472
55723
21345
41522
52604
14857
20497
16772
5080
38386
20410
46150
35815
31337
27573
5587
44252
51025
19684
44262
32345
22154
23660
14601
506
44180
50295
24487
23499
61466
16111
53348
32528
41885
59094
45746
41128
46088
19531
14631
58362
29801
9624
41231
47861
9334
37845
62550
17998
27936
64688
56300
20128
11366
10972
25198
39181
62882
16996
34007
30963
284
61183
31774
41573
49021
32644
13599
42085
21991
34776
64639
30532
34902
63170
63994
28690
22380
1623
47085
52584
17665
54762
43442
7783
29469
18056
4630
38838
29324
32367
24924
65391
24922
24128
59174
51630
6953
40400
59334
14800
16701
50392
50706
12476
20183
29893
54734
21175
56644
23553
22985
62170
9631
57724
38957
24000
13550
19923
20280
36107
58110
51196
19981
5225
26110
53941
16290
14641
25242
34160
20674
47524
11465
44965
35677
58109
27389
30414
40465
46037
34914
2901
30262
48891
50122
31001
28525
39576
26702
1646
42495
53279
20294
26246
484
51003
55795
19147
26875
54778
54176
42855
5722
37999
48036
36397
3712
59431
65089
33814
5361
22506
17380
17556
49696
4058
59491
26980
1188
26365
31033
54543
9074
14355
581
23862
34402
58729
18016
56726
21179
7000
34523
23213
8171
35529
35513
30991
51394
52043
20383
27977
3026
9802
44630
61800
59846
61906
58479
36553
7990
38102
52196
36869
44526
16663
8959
3919
16758
46131
7697
54216
49424
36837
30231
19650
25161
59148
48303
55688
8547
12567
13613
43719
6996
39106
33941
54104
65286
38857
18783
29555
27411
9814
60733
11170
20172
28323
24591
49594
29094
16820
34314
59255
46576
4301
34885
53924
36704
31729
28094
31383
34950
33926
5660
26883
40054
47669
51067
33054
40714
29110
30338
54770
30131
61709
47687
29978
5550
14884
8945
7383
25237
36680
47771
16441
59418
56851
63427
32755
23379
52813
65300
44637
31380
40188
56404
15609
58544
47378
31751
41585
56127
57601
60548
11382
19132
36512
52030
6679
44674
15411
2546
61098
15141
48709
57061
63555
31529
53779
294
23547
28567
17835
33789
7350
19774
12104
5855
13862
29177
1749
42219
30713
53246
1832
34395
46355
18156
56720
49764
41111
8851
31667
7887
14413
35269
31934
9844
18220
28761
55749
4143
26642
35264
51018
56663
56545
65465
63383
46025
14528
24981
60334
49574
24985
49771
59239
56054
39493
14803
477
62582
32052
29271
20513
40269
63661
49948
19424
33398
11487
3069
46414
33418
47107
12117
1550
7813
65312
55402
1969
7366
14919
52169
19879
50101
8601
5406
19989
53663
43858
8420
28293
64141
60965
14479
15252
36997
17255
21410
61900
7120
63211
14877
44316
29045
9772
19461
63749
54809
46652
2404
52772
40252
30054
33478
55358
30769
46410
27546
53594
25137
20335
124
29586
53576
47572
19566
22164
30245
42995
7827
31945
53481
63153
3693
1958
3994
52162
41689
49129
4782
7581
36907
50674
5688
18800
45060
10311
6455
11473
2492
40380
2930
55537
50475
23109
51455
2723
20039
7442
36950
23443
18272
6133
25943
15597
17009
57067
18336
57385
2040
60413
63165
32192
9425
58246
21008
28957
35946
38668
55245
54285
5426
52393
31342
57975
33479
33734
31130
3570
64192
48312
44380
3494
30523
63581
4341
36405
3331
16581
38672
47636
60851
48091
4496
28081
12730
64508
49262
40046
8842
40681
763
251
58802
1658
49912
40396
36884
2334
8894
11586
63239
9787
57081
46820
59270
29403
47353
21740
41625
65328
44425
20586
2845
46541
11758
47919
58296
12818
15851
27805
9995
10704
36059
48542
42375
49091
12381
32231
5817
15453
9345
43199
57534
12330
31145
47725
57547
55014
32190
14700
39519
24808
36228
62311
2135
39464
49706
39600
10999
35684
34241
30539
58120
38729
34294
44243
870
840
1767
33879
13586
32210
24406
46635
6290
22822
23923
1576
26760
61351
4639
18553
29715
8442
38311
51740
22325
7199
14264
58712
46337
64163
55069
24046
45271
41266
19467
60407
40415
17078
2810
57238
13719
21769
14900
4784
8413
62939
6544
60246
1137
51071
54483
21320
45157
55057
26511
41776
31933
50249
18183
58170
12630
34067
65222
65433
4011
18541
37525
40998
45532
54565
45293
39324
60294
60840
16531
30895
16363
13104
40688
3422
28267
6281
22068
55124
19446
34224
8917
7036
11646
41754
30499
41197
3698
25254
63349
63535
1331
56364
17387
31893
11795
3083
13530
16384
40702
8093
63154
50067
32875
2062
7568
41467
38065
50607
52484
53774
55347
2444
24752
28974
5144
33946
47093
57903
37188
4451
4880
54886
57273
932
49798
5273
3258
4671
3172
44227
22317
45845
12268
55772
64475
43520
31160
47408
33889
49101
55384
36042
19622
24829
50300
5547
56480
19558
44591
46456
32621
56699
36279
57616
60923
8860
53762
20855
5903
54662
16760
14203
3242
35523
38759
26470
52391
63174
45796
13492
43222
40085
51851
21474
38822
32776
862
43721
21964
28787
12187
1314
63017
2378
15433
43835
27119
19580
33900
2584
27247
25607
32341
58044
35762
38035
12075
54298
43156
15631
12944
55495
21742
9112
26857
46021
53724
46633
22366
47917
25534
42871
11599
24687
14793
45468
63305
54912
25719
10636
51866
30515
20632
53657
25455
45409
12383
62075
9190
37524
61226
18467
54291
51617
2259
25665
5407
21494
54490
6975
25166
21021
53540
42382
33369
430
38578
29244
63353
32676
34696
16182
46798
61340
53559
32118
62342
16391
48438
4931
56624
49087
33220
2063
17248
9322
16325
9316
49060
1549
39008
26578
14327
386
9873
56496
17862
23646
33455
7323
57386
15008
18643
20985
3245
43009
44772
21404
58202
26090
9020
14199
28217
64642
52405
19088
36879
52279
42455
4356
27790
34768
53361
45324
51908
7044
38945
33908
59686
29972
4663
36985
52661
59760
17891
14491
38417
52539
36854
43368
27599
50982
33469
19323
42645
22537
4424
35078
21351
25619
18364
34702
16789
52806
34554
64659
15725
50217
1591
43449
36862
24208
35326
24479
28346
50518
50830
19690
52208
29005
65011
30610
24417
62228
39934
30427
5456
28291
18337
52706
42494
25953
31439
48056
18841
45531
6090
58575
27970
62322
7605
56260
48747
26321
3709
51676
30455
46085
49812
40520
41848
43958
64630
22647
60906
48908
28297
4322
25610
34111
46961
7583
21144
15888
59626
51301
23327
29351
12664
9670
63344
40090
54360
17187
40082
25538
46740
49567
56199
26280
33988
47571
32601
16205
12795
89
5844
28521
20297
31946
7857
63441
24179
9874
60394
13268
22855
34814
1862
59407
43883
2248
5274
36487
51091
14471
17064
45936
42087
1579
24545
40391
42474
48729
54248
50098
38355
36039
20919
1951
13272
10080
39524
58963
2515
38002
5209
59585
26335
65038
64096
54184
44299
11393
5659
45446
55002
59376
33615
25947
60153
16903
7726
9397
61819
58625
25649
54660
8624
15893
22375
47559
13808
40670
57775
23972
33767
4526
5516
29205
33806
31049
50362
26254
55579
9589
51679
29259
1097
33182
21904
22264
1467
6280
57990
57759
32949
50001
8780
26865
60000
47758
57012
5576
29093
49604
25368
13890
26275
44026
9971
6939
64070
32261
19920
5549
15575
5363
26122
41057
18126
53614
20222
34785
33717
39620
57989
48509
21817
65283
53673
6135
62306
18162
7467
30038
44892
15339
25033
38232
679
45604
45632
4072
37444
27491
10869
3900
956
35865
37951
63640
7275
25017
48170
37715
6051
36215
58483
50091
62087
58677
57232
4390
37092
10967
21815
19278
57335
35229
49345
47774
466
22632
60240
15432
634
49851
18548
21908
6443
32849
30039
55065
64753
24059
39625
15024
59141
24268
33173
34937
29851
27721
52675
41247
14244
25798
50584
24793
57391
34878
9161
43365
22422
48954
33395
30496
7906
34569
24592
53726
51276
45881
2530
52078
45232
54747
53854
58312
44064
30613
20453
9621
16415
42460
26594
33316
60666
42354
33043
59975
18685
50312
24358
49398
57415
7856
39385
5029
38418
39575
27542
49895
55516
47334
42157
61806
6354
36184
23454
38094
44681
47115
52206
12351
60297
30447
29121
44584
17318
36588
29252
51578
3928
41411
54021
49173
26036
63395
23975
36474
19013
47350
43760
16543
33474
26340
43635
6676
49756
48119
50847
57626
59338
41461
44296
42925
13312
20517
20984
58064
12794
30198
2363
65186
61058
28310
53998
18345
23831
60539
23095
4615
47616
25564
8347
60661
15333
26518
3271
2578
51958
38219
12979
4965
59028
56093
38078
64838
25612
64719
55296
46280
8778
28676
57063
31424
47012
30921
27957
38339
49661
61512
33942
12180
60244
23191
60038
41831
14460
25029
43875
31142
24334
48545
44847
53090
48553
36508
46428
44934
46727
22145
16184
8439
45774
39032
4505
17211
63787
41955
11940
10613
12063
32729
15726
31852
44885
9724
59170
55925
13244
5995
43431
33242
22519
39579
55435
27667
29814
31361
20125
64107
15133
27051
33007
35466
27424
50522
16983
60272
3547
19596
13213
24755
63004
11863
41588
60934
37453
40373
12151
1807
24835
60791
31408
23020
6463
6788
31264
23002
24320
59008
19481
18390
34430
6089
3943
57229
31064
12245
49609
14187
8161
38275
11224
6082
5177
39970
13200
43105
41660
60486
34930
11440
47475
51435
60656
22216
56482
4383
9979
38046
61184
24575
50685
54276
6266
57767
36056
5213
5588
25898
48792
5131
60699
39639
18789
241
8689
45742
47388
42135
52774
12527
22733
39986
51772
39316
12442
57049
28518
61505
18626
6386
51220
5509
48551
44413
18466
51415
4403
50078
31271
32059
48351
26817
44129
23690
3208
35642
30936
53411
29095
20840
33995
60814
1601
1901
5055
44114
34038
59150
31778
14955
46307
18939
50886
14792
37199
62405
26648
32819
42729
9999
20380
47547
61488
25056
9091
60830
19332
36976
53963
22645
41799
62152
18759
55838
54322
9374
30864
47907
47865
21563
47482
43700
5596
42600
50168
19659
29456
62269
26909
17471
43534
24151
27620
44226
13824
13201
21656
18678
28537
62797
65063
38969
60441
27214
59244
15792
5189
18244
8244
14182
19685
25025
44021
58764
51300
29360
36146
61761
43902
23538
50397
15115
1521
55119
37349
8636
22267
35101
27294
11677
33559
64691
3310
2469
28067
47091
39559
11302
36599
35704
40742
39489
6637
60356
55987
16530
27367
20098
65074
30329
48997
23799
22789
36705
26214
7564
61122
63982
18579
58586
55717
50803
13133
56289
1528
24638
61526
57749
24692
2694
832
37133
47363
58336
23644
26644
56846
24997
42764
8871
59311
45289
38471
23432
15546
62995
41388
49462
43477
41650
54481
12688
11210
29354
51717
24236
43794
40916
25881
15763
6287
48934
20600
7137
8738
54190
36438
60093
59474
37365
64740
21528
18361
16113
53911
53591
58675
30041
9080
54962
6833
57129
53033
44997
5337
42532
46155
19054
57686
58692
32074
39146
2138
42517
18945
22084
9552
33809
41697
26394
18959
32939
7541
44297
40475
51100
50231
41101
50462
57785
38199
55390
47956
11099
14588
1450
25005
34075
40275
62149
59455
51721
13045
17997
57480
55505
28401
61134
58854
48837
43616
39795
53474
10398
8576
46532
24732
16405
64359
16929
18459
21750
21371
42676
45306
42518
47843
57004
59487
37112
36690
10635
12659
46475
23650
59385
30550
37741
18160
60559
65226
9173
19131
51354
52258
5560
36044
48446
49376
10899
14031
18598
16007
58965
34750
14302
44332
29515
64364
19797
34272
54689
59034
14999
1339
24527
33818
48323
23394
3673
8360
61779
54937
2133
51289
52015
34240
37932
10159
17824
43475
42489
62116
45511
45751
55368
54274
48220
16074
35994
20308
19471
30697
22214
21283
554
55596
52138
15853
58403
29754
24642
19773
46389
4147
15054
36426
28244
64977
48686
32994
28481
14094
44865
23351
12587
3923
48783
5897
19550
11002
10580
25731
57123
38277
6424
28840
38063
12501
53660
16524
57625
31324
63105
15606
48586
20867
63228
37081
49815
62537
4219
572
37352
12449
403
41006
35992
61371
44790
46826
64138
44686
44533
445
17225
38025
24478
11622
63177
57726
34247
37044
750
64166
14576
27688
23630
5028
42126
15226
12646
32102
34072
17503
12004
12547
4227
57151
33021
29365
11141
55021
1318
129
41541
30791
666
39513
38099
77
62718
58043
64314
32929
32977
62123
1174
17573
43780
19516
43175
22294
49932
31366
39880
43329
34928
47754
30153
31831
46957
39285
4317
31349
34676
37780
45054
56553
887
16623
6567
644
47678
5894
51907
63064
38776
26255
61266
42350
15426
28842
4460
35708
49162
53452
52294
55699
2885
12654
10532
22714
59499
6321
63860
60227
21472
48200
2285
12760
60238
64747
43922
5076
19645
48801
27270
15373
64150
27080
32796
42533
46289
57575
4049
45387
56466
50112
41310
31267
2194
42066
62926
9863
30251
4418
30090
14856
29942
20954
599
15172
28313
13833
61433
29996
63985
24300
20429
12943
56900
30694
38175
40427
24452
12448
33494
55640
59922
65282
29622
35907
42105
43261
13172
48696
17892
31258
35652
27290
41555
40111
40393
14797
58552
48043
30457
12046
51542
41718
56736
43115
47476
36248
26135
39988
17979
26655
63665
22169
24609
61727
5197
44093
39656
46351
47493
30630
2707
32732
2409
24598
61852
64568
3011
54256
46321
800
59106
64549
10715
25483
32061
13411
26154
48964
47795
56087
49284
48030
37835
46110
21218
31812
15674
23126
38781
28256
12037
49206
49695
28910
47852
64288
22845
22090
56205
36895
32580
48547
57880
28700
40959
40948
24928
61826
65318
30950
18657
35277
63118
26105
11229
37038
6359
27055
64722
33396
49492
65380
3077
55969
44117
63658
7793
27807
8632
47095
1794
62925
53344
42953
58212
44334
53099
39810
48763
4218
12462
34511
29584
15009
25539
46440
55810
65262
19874
27318
61872
53621
26620
49433
34652
53313
16695
16542
32652
28227
24937
51520
64807
5184
21507
5679
35753
18728
33617
49212
19381
1520
35485
46482
30422
26747
26951
63785
6519
53785
12560
210
43622
37910
59003
46542
25356
31280
24169
52589
55161
9412
26504
50371
5975
35624
18435
31828
62175
20967
39364
47888
32366
32229
46379
51745
21238
21584
35314
58806
62517
21800
33813
22401
23832
16250
37931
49799
31396
23158
9936
1359
61171
54394
36977
41416
46539
14896
49998
9093
24561
62586
13949
62512
18373
27678
26851
46523
9671
51365
41712
20763
25878
43326
13443
32424
28861
20732
39429
51194
54583
19110
21537
34945
3445
51601
34127
166
36909
27528
60070
17540
27332
1548
16453
6785
41592
9342
16645
17206
13035
4392
45730
51527
42190
5191
54469
30945
10058
58659
9658
65291
40324
58478
41501
45150
34518
60111
58472
14765
62079
43035
48899
17509
21402
56181
25376
41643
1594
31065
34610
15991
26542
42659
56534
36217
52976
38524
48163
10914
50552
54371
22211
16243
60305
52085
29099
51543
51465
18200
54766
17081
5356
64697
43779
52508
63959
3470
6907
15902
6462
27500
28347
47209
45870
58901
41133
41494
44065
16608
16472
49020
19204
19648
32688
57117
56427
48576
33061
53237
7372
39983
45160
18181
58398
61552
20560
56146
56601
10883
42178
16322
54566
21961
44738
17129
50352
9917
39222
15989
34006
47354
19930
16591
8337
51643
57258
25623
19385
15667
53584
57672
37793
48315
25920
62893
36292
11787
38665
22192
15820
33839
54534
34301
59552
23649
44037
27276
53280
41653
62379
51970
50751
57530
50158
64728
17619
63547
21366
27071
52620
37252
21898
23246
64442
38207
40011
59412
2270
18248
49625
7305
11238
36811
4751
23924
4083
35604
43864
63803
38089
39501
54250
10259
60707
45262
21261
11824
29894
17182
29653
17982
27875
42298
23818
40463
63794
17813
48055
10697
17733
64447
20657
6113
20943
32522
1614
54065
14463
47585
15800
41641
46159
39607
29522
33241
8882
61823
26409
11054
31089
47533
22870
3591
56269
59579
7375
32406
37813
38851
5570
30662
46658
15240
11729
35661
35954
8019
11081
64159
64102
33096
30097
56029
34366
53960
22393
23435
19633
58789
38868
11793
23491
47270
39478
10054
20022
21190
25570
21681
42092
34901
36999
19047
60155
15243
25656
3336
818
63606
29300
59243
28779
37008
64193
40750
30830
20072
40481
64723
20152
30814
46942
46503
37587
51038
34486
55321
30012
24718
3771
63591
64967
33895
40513
986
33902
54495
29527
48047
4080
18495
46897
28782
43324
42278
17851
21883
11263
20075
29047
40882
20155
6087
8373
43350
2822
18667
42173
65120
43446
41112
20093
1625
49738
58435
41127
22008
29091
26694
3113
19286
23300
8555
17789
64486
43144
1198
30767
12315
3731
14814
16378
23368
57264
57873
59454
23188
21517
40727
56674
22269
54613
10356
30802
21672
32303
59168
31737
52012
57378
29284
18546
55322
29563
716
34530
12200
24111
15846
64324
1312
2753
46533
45945
11983
562
16213
8375
19748
41485
36711
16422
53187
59124
40935
3939
24093
57428
6117
42597
33597
57184
14892
26183
24696
62946
36600
7237
22915
39251
28465
5234
9106
37701
44826
22030
28366
58181
40348
7461
15867
21921
29742
36145
12731
34686
13953
6536
19776
37942
50702
51801
18699
42002
58814
63200
46424
729
29127
29512
39521
19746
9367
57553
31365
22199
31989
49280
6961
162
3747
37875
40087
15481
25474
43674
39059
2143
12719
65264
30519
27972
59548
45689
59614
31468
64171
31286
20389
24994
6019
47661
58349
61732
22974
16267
48306
9780
26752
8643
57205
18116
32386
58138
56849
9058
6368
17743
37535
21947
33421
35020
51620
34826
5536
1181
44224
32478
18705
461
19579
34348
55617
12288
10574
46521
28265
44862
45469
24631
64418
59759
17071
43168
59206
3974
49079
26195
6970
3186
17837
14744
53278
54055
61991
1855
32232
34650
34300
46591
53261
47030
59210
48466
49669
40562
46117
8141
61317
17783
16334
32809
17451
13135
51999
2019
4563
52505
33186
41693
32841
22404
46722
12196
53782
32515
30537
21336
39628
20142
39854
31521
62378
62324
48811
53436
49011
34181
9193
34651
49526
8295
2243
24750
19604
54511
26477
21137
63825
29587
1838
9391
16808
20684
58327
4359
4075
32641
28007
23777
12119
52713
60395
64492
51536
38072
58740
20264
33852
47355
43580
56564
10830
43526
15136
6106
17966
45159
25624
39897
31087
56212
47349
11796
63141
35209
36135
52895
13223
60972
30226
45042
3861
62330
6835
24444
30288
35487
49028
51012
31866
46923
54713
12368
30194
32356
51335
41786
45275
40946
50003
13020
45864
60528
62536
7008
23353
13325
38650
17658
57614
57265
57152
17609
4014
50235
24286
3850
10208
54
507
45101
27187
812
28505
18163
60218
46664
29213
10052
8877
54596
56753
2265
23770
42513
28360
9246
52268
64757
63274
50115
62444
60967
7098
47567
56729
12432
12706
10149
6448
1001
53773
2839
60202
3787
33458
46526
31011
14677
38533
24182
48518
245
11741
51118
15057
2299
45480
60523
18692
38137
3885
20788
54505
1690
29911
53038
2331
2091
10345
34062
31407
13584
26619
32790
21424
49055
27763
39547
7869
28652
32263
7141
37197
54192
11426
17473
65310
46967
23397
50458
46921
59634
28973
64456
54280
62872
2776
22462
34325
60393
518
2186
1620
23129
55793
11044
60054
43884
3036
45851
36762
33228
2011
31931
56738
5725
62547
43620
33739
61994
575
16603
45706
17564
45465
47813
54975
19602
18463
20020
42578
14954
3474
15589
27563
42224
28699
64464
28985
52433
14653
56754
18890
35758
32480
14634
34065
59714
56957
16036
30108
6339
23262
6524
55210
57688
2146
6712
44105
18595
30011
28276
55962
16896
64477
16845
13276
61847
38949
23243
54657
42033
25783
30538
46515
58326
25508
57617
24602
15522
22903
47229
52770
10285
7728
11988
8382
27137
36263
18166
19915
9039
738
44542
22684
5435
57276
40659
45726
16624
13452
60826
18537
1689
4528
28086
34219
20137
10441
220
54857
34461
47675
53978
14507
55815
39080
4783
59131
41226
47794
36268
18668
46504
33439
19331
28391
54636
12247
26291
57192
5527
44573
35775
28445
58311
5572
55642
53351
11501
29967
24391
4813
1454
51547
38605
1705
25766
56665
62936
62400
65467
62791
5414
54836
36021
20242
34226
54098
50739
13021
43980
37370
8857
47881
4379
34907
1008
25864
63326
30463
10835
40073
40680
346
64792
24316
478
24056
54003
30741
63316
30001
23631
17389
36948
58644
38863
57830
49000
20027
46730
197
56648
24313
12700
45466
42946
30479
53650
17976
7701
37622
12678
29773
2057
20895
15561
25577
34636
25672
19555
62564
33271
14280
49158
65443
27774
33886
528
8594
22488
17309
18224
52117
4182
29447
27098
60870
31882
64345
52116
61373
1061
16713
52912
5037
32881
39426
56557
53946
38126
40370
3515
51513
27669
36082
60591
22312
897
50909
56034
17418
44247
34866
25941
38952
29869
12033
65230
53131
33774
2986
55307
15751
27691
4787
33066
65235
39333
48689
43529
26236
40848
30133
60494
15716
33761
26175
11193
63513
58972
26510
11384
24398
44947
17460
19438
6205
15708
41991
58454
22490
9851
20030
22414
40327
16377
21938
21666
51097
10284
16148
53495
50253
45617
7497
36258
21675
48705
56218
8381
18400
57796
19926
11700
48195
56871
27285
2722
31795
51734
49474
31250
63583
34646
28941
22806
54342
54427
54344
62817
50846
3749
56921
53515
24810
8353
2033
29169
55638
41667
54470
45633
12236
14731
32332
11217
36939
16736
50120
15942
5749
59875
54631
1262
7911
19971
63955
45714
65184
7801
19415
9257
58563
61756
44613
50912
20950
19864
18735
27738
7386
25187
21035
34144
37510
47339
46048
9339
35406
48082
62737
19978
16101
53332
38165
16382
4863
33216
37386
21492
22955
19317
43479
27527
61393
23808
36257
46858
22500
4426
51416
4892
49943
25098
31281
18882
18865
38475
59184
23694
29761
34606
57839
22289
31457
43277
9964
46748
48490
35170
14544
8715
3911
15355
1464
34971
30527
1929
60818
4255
19077
39474
63685
60912
8007
44758
42214
16385
51430
50052
3428
18437
46993
33859
42798
44657
26603
49792
26479
25433
49052
23431
56503
53285
55701
25392
26139
37496
3857
64332
63420
65024
27775
7193
36694
27643
7820
49470
28322
21565
37553
5350
2140
59153
2061
10442
32156
31606
39265
32588
29825
17376
35913
50502
43439
15754
25682
40628
56208
50201
64892
3392
8081
35100
27717
36351
27797
64820
31743
47064
21662
1833
22050
62174
42820
59382
32662
36585
3217
4431
14109
4193
3398
61189
38391
36406
11943
24324
41835
17350
8940
13439
23870
18109
61695
24778
19588
63418
19086
28139
17030
11330
20003
30951
62312
1998
42021
47996
47940
11600
30284
43434
61176
42181
57571
23236
23017
24168
38332
40219
60499
44612
18776
5619
1272
8059
35664
8944
28152
30854
37170
5310
61515
18078
49378
16851
31719
37118
30665
28282
62127
56513
5747
13454
19757
431
53067
60975
2805
61210
22942
55043
14567
24387
42968
25062
45087
34834
35290
33308
61561
61522
49503
37166
11483
20466
37007
50228
32866
8627
48177
39006
2393
43743
33435
19345
44872
53283
34889
55418
46884
1552
54056
22110
22228
14515
33146
30650
65031
64370
58632
40779
25654
53343
31068
57681
45803
2632
49758
47672
5813
47893
28764
49182
19439
4033
35456
45694
56779
1997
45119
48067
41195
46479
44265
21219
19429
10436
13906
27658
27027
55075
24514
31210
42349
46149
48781
55587
15748
9627
21625
585
34864
38214
60300
329
43189
18143
36765
19695
57715
43608
51639
21026
48588
26047
23844
28552
14099
58679
63101
14285
18734
40936
55707
35931
58475
52681
8020
65118
16154
54889
47414
43402
58019
2260
52808
9970
36275
26963
9326
7714
24759
54409
38042
35043
28903
28135
11976
1264
24754
44011
63922
48652
27572
22160
36411
54503
34846
23281
13401
30771
25312
43252
15869
55944
37547
43279
56256
1263
15998
18123
45078
52843
44807
63888
36030
21707
23892
25789
9266
30797
56916
1981
58780
49036
40602
42701
49411
25615
58523
31728
32697
3489
38371
9832
64990
41292
37055
27007
44490
53024
43336
47740
62880
47120
61345
59091
12446
64864
39469
55325
18809
7694
60984
4861
35573
46465
17793
62766
5410
20063
26039
15694
2733
28056
1436
15266
23871
19199
4525
41227
40695
7230
20804
12327
12905
63312
49179
56001
60952
56164
58273
40886
38364
41544
45761
57967
46556
30595
47677
6325
25771
61434
52872
8915
36293
57342
54119
60595
56988
11321
56449
5459
18326
36789
23719
53838
60757
51626
41447
43150
25145
25181
31640
34250
14542
20832
47869
59627
23555
36725
64638
16024
41983
56840
38871
32779
51436
62594
57326
33823
48366
45877
59748
63530
9410
39850
34883
4550
42874
26815
10253
33116
29923
52586
37056
7828
62846
51983
34660
33417
30313
11567
33177
37611
37897
765
16150
1540
24525
18339
60810
29262
16079
45030
10237
3101
32576
28860
40343
52545
50017
61932
20720
62026
32666
48380
22405
33948
43938
56040
10793
46263
60944
60783
25891
5242
39587
29386
53715
32144
58520
58320
12350
36506
22758
19619
47541
26079
35701
53386
15852
9704
3497
53229
65290
36194
28235
13013
45113
14039
12914
51234
60643
35985
56511
10995
5720
61484
15207
9639
26451
1883
58555
53871
9205
38937
20816
4031
36374
32254
6811
64044
42960
3959
6069
35694
37876
2160
5317
3122
9486
45477
49088
1599
3233
62916
1082
31995
48364
37413
31299
62348
24780
47374
8127
18221
4977
39421
63469
8800
53127
1234
47156
22252
42983
16958
31551
4582
2699
11731
33080
36229
63502
45433
54971
6786
58031
59335
2395
43568
27131
25616
39921
47548
55644
1661
47457
11219
1248
34032
26907
18744
18512
51111
37415
62663
27789
58868
23656
44256
57998
17547
16316
50867
41834
63748
13578
31078
44723
34947
35578
6221
19473
42473
6814
32205
38624
49983
38608
16708
19341
62942
22039
65224
12764
25516
41857
46344
57778
54374
9591
41481
26557
53298
49385
37380
33795
42829
20886
44548
16246
33883
36343
61101
52992
62303
48080
40763
11706
62574
15231
16528
60198
8021
60024
58797
15318
25388
23703
47517
16343
49493
32132
27711
43591
54785
134
31134
21533
43331
4006
21927
43033
12526
41019
61851
216
38879
59619
4249
44939
32558
8009
34678
24950
38703
40
6822
60270
38987
55258
11872
54232
61474
25342
33689
8467
11486
5543
34732
52197
43567
22141
49853
8354
53211
10832
8205
32358
44019
43722
41704
55283
18445
3450
10013
36459
14798
7284
23917
43024
17749
6129
43921
28608
1003
3519
24012
27434
17597
17602
1029
34594
36645
64389
61346
21409
16041
29247
44988
51563
49632
2598
10115
25430
42959
37949
32630
44751
5216
40125
25913
48746
19459
45731
35327
63654
42880
56632
873
64360
36754
11084
46822
64893
39409
51066
60774
63504
43553
13693
2793
26483
59949
21764
52517
57696
43361
41424
1919
38591
38791
10040
26935
42172
53204
48611
17839
31032
6444
30700
52226
50916
56788
63272
6031
41998
33209
48262
47074
51979
46883
25874
45735
48291
20691
65461
54858
50446
13777
24330
42180
3327
55027
40365
3798
3075
21953
32374
4669
53041
4953
46400
48102
37961
7862
52567
6672
24850
24968
42095
12309
47922
11434
29125
24915
49552
50740
33610
18004
53119
62255
16922
3882
24105
47790
50827
11369
63662
11546
57349
18731
37867
13625
54906
30708
39944
5176
55048
24596
63162
53740
41631
25173
57476
29189
13376
39216
10705
48422
31353
55332
55856
58512
5610
47656
35917
56790
55677
9865
60445
59625
38828
32554
18574
35983
43367
63363
37304
54186
22922
64463
49884
45679
2870
4257
10031
20095
21535
17848
18234
64497
41454
48387
55267
63075
8144
25232
4518
48268
43994
32396
65127
8907
6101
27064
6009
51257
63673
52540
33466
30493
49428
18081
24614
36117
16814
14358
34382
14074
47513
50975
12229
2903
19080
46489
30681
55748
31017
53148
472
54939
24517
8393
25059
5751
49585
39739
51261
23033
7882
54815
29401
30716
61810
40905
25004
27979
33656
35452
61059
56730
55
1123
45502
53934
45812
25250
46746
25917
48608
1733
7723
56376
56419
39035
34472
25712
9949
46038
52631
6492
30931
47870
57545
35163
64434
19097
55266
46964
34695
41271
8873
51906
35585
59733
18995
21073
34915
60071
39869
31334
26064
22357
34515
46662
47108
14516
60391
34361
48347
41633
53228
16600
19188
41236
32646
53539
15176
27222
45243
48114
3829
56671
24352
55932
64175
61532
65424
47421
48192
4845
25301
63687
11878
64700
55865
56426
8092
16842
688
39150
33452
31355
36259
55141
4856
54028
28283
35548
48233
26387
35148
50359
53451
45673
50090
41134
13107
60684
53183
31584
47939
8436
15628
34507
5365
6163
43996
43250
33821
63871
894
28208
427
39554
29258
3334
7397
26433
4598
46670
4432
59843
63471
61845
51293
54147
28212
65521
25399
32011
45240
45493
200
60919
54788
60023
2485
58714
56035
47042
12821
43605
8213
41425
56318
63048
33204
5595
23348
11617
5835
496
49686
5066
53393
45960
39112
50261
52572
20565
64654
9133
32798
16188
4943
3095
21759
57036
18288
25255
1982
59405
39748
22136
17181
19268
10536
15174
4724
45459
39391
21501
50286
12447
7235
64466
36009
23771
41568
40094
64209
12936
50514
9954
32667
28831
41094
8949
41790
53399
46929
36101
57554
6025
55784
26342
54671
60207
59599
36281
8011
46220
49048
15351
44176
55476
36938
8950
51390
45820
32832
15823
38198
45342
12976
1503
56101
58786
14833
25775
6540
8905
9673
58492
2490
8056
56493
10909
54361
46453
23636
5352
63580
25562
56823
57065
5925
49402
41892
26947
33321
64253
54674
4106
36260
22541
14968
44139
32618
14766
56229
10190
8309
16685
65167
52209
61723
44486
60237
14069
21828
37977
52867
21928
47693
36718
29730
63743
39089
54562
622
1703
21277
29196
26539
55379
57178
26084
24271
41759
1819
54746
64207
5947
2122
57475
35130
7028
36445
33989
30162
59182
7725
6981
53815
12633
6283
1180
11230
19495
52189
54574
13644
27244
9132
56021
55269
3312
28645
6917
26346
51232
49274
53143
36667
23180
38297
152
46829
7516
12243
13099
46930
15030
24658
27508
45322
22424
7279
55205
702
14709
17926
50199
49839
3534
20051
8679
20944
63065
4007
21936
49919
11090
62296
39115
25801
60556
13263
65504
19450
24049
28737
57490
14721
8606
39636
37361
52343
24672
34936
26670
56400
39234
12285
58394
34833
48767
17264
42353
50496
29924
36691
41972
34403
28095
57248
60571
58165
48199
9018
39377
47802
14076
61255
32519
57920
7283
37289
46422
3082
61585
10323
3964
5678
52543
25965
28489
55420
16578
24662
6686
55656
24004
64651
43847
6289
13220
45656
50526
43401
48932
38234
56583
65016
43190
8265
8116
32290
13198
25660
43388
43850
42439
23326
19813
45228
41583
15293
41979
6678
57007
28029
16689
45043
38368
30770
3833
37117
44219
46863
20868
30143
60249
36164
43312
47681
32440
2426
2757
23541
50984
33854
46606
44254
11573
42100
65216
5845
14346
17127
54691
44184
27153
5400
2462
4950
10769
39727
40340
40321
22343
19253
16767
39671
17914
57971
19444
34082
57284
13445
859
61560
31397
36484
31486
4067
33433
28343
49379
45548
6214
2705
52919
26031
47442
17154
43647
59799
3769
33829
25666
53487
2084
63263
64178
2341
20524
23596
7972
34108
9820
7829
62473
13475
53402
29570
7913
32335
14972
46253
36779
6778
48161
22271
25674
22233
49506
62060
29786
24786
2351
1375
37966
26503
4012
23849
57247
60566
5652
17066
23332
29502
1205
28603
37333
51584
28387
32105
50721
15595
2868
44983
914
16387
57071
3807
20328
57300
21872
14043
1342
37916
26080
61435
64468
5907
14340
22331
2117
16386
6728
49445
1438
34927
4757
59332
59181
49311
2698
21757
30449
34640
7311
47889
3114
44705
37978
26776
51241
59974
7002
20676
57932
42216
20595
49727
33890
57183
11670
25773
62592
28119
29607
37158
36454
11128
29878
35569
50678
48844
52676
57683
1707
34781
65170
65487
21865
433
41847
15875
63783
18482
38095
50341
53947
35096
32148
65090
31646
41714
52701
3975
4447
37927
31098
40516
45634
22877
38405
40040
34044
56367
1223
28419
42664
59493
56882
32252
1357
57456
7851
21309
35345
8512
1073
46092
63610
34466
4002
46178
42112
38603
19238
14036
50492
28536
64771
3931
17440
37596
61102
47367
7652
37211
35970
28742
50807
8183
47899
24254
60285
37595
18300
33587
59188
52081
41649
9835
34047
21551
28044
37460
45389
48571
43766
63490
29593
53533
5746
40525
37686
5625
21572
50335
22912
186
6473
59881
43104
57267
52495
12574
17942
34991
57869
19139
2370
52923
14670
28210
19219
11447
56597
37458
41715
65122
28531
41356
4767
37573
3554
17011
15235
27837
38088
6826
51166
40457
1861
11069
65202
54905
5195
50985
49975
3284
61645
55339
6505
23255
5716
34417
51997
15773
27455
6464
15181
52786
194
55022
4284
43977
38563
25447
33352
30124
24711
25663
29950
46199
22226
48640
42756
33893
62696
20206
6736
43992
28767
41863
28878
30524
16335
52799
48337
56091
5513
37020
44857
33773
32277
51797
38288
49327
40352
62659
53538
18289
9647
3967
17734
43981
53193
29961
28097
61009
24695
24084
35584
49916
63332
28571
64200
16032
28315
12026
15380
1380
54496
7341
19875
18207
20375
28753
17353
19477
62633
39401
46665
27684
8553
47189
27898
9041
39867
28040
41209
5136
64362
17104
13610
13050
12562
50891
42446
61751
13287
58050
40551
42231
42624
33263
62367
42633
19140
34538
50572
45447
23916
31656
2085
44485
762
22024
34871
7718
61856
60606
53581
27075
62406
58028
6434
64448
18831
7975
4095
6179
51934
62117
22305
56872
8291
13127
25466
29953
43881
24106
17959
47536
43788
63648
16360
8862
37928
61316
55671
63076
34707
41994
20418
16901
34396
38894
19386
55064
53172
21310
32799
40778
12835
39906
6165
18179
38462
32157
27634
13629
38544
21754
1815
25505
5147
10537
16838
17146
4626
23217
36759
41742
36727
57955
26582
15428
46097
29117
1720
56335
21665
65220
2089
42253
46517
42239
21043
7595
39804
17105
57220
23094
25901
4115
37805
57207
19242
41312
59485
21594
21704
25349
7395
16943
53732
37271
12826
41239
61551
38018
25597
7425
20296
30440
36126
1582
60287
10553
34869
2257
43153
27831
58660
25601
40903
60175
7748
40060
35572
55424
47347
15753
48665
50405
37984
24263
47943
46113
24607
63603
5803
23996
44161
7514
20253
14275
60106
3496
10426
6667
47729
56523
16077
43832
44538
42232
16332
52413
26289
11188
26686
25249
7038
24413
28566
13156
21729
61416
55881
14638
39241
26899
62711
50243
54575
10363
58380
32338
6232
29839
32322
56187
22534
980
38893
59720
13113
23012
19357
15298
883
6062
12496
40132
53752
54753
14949
37129
178
16870
15971
7126
19780
19448
34784
11137
13119
56285
18740
50772
41777
56438
38135
9605
47288
37990
62202
438
54242
14751
25067
1907
39049
16359
2990
64140
34256
44931
26682
28915
38651
8626
8042
15396
15209
20827
9126
19788
14011
55308
65496
16333
61311
46566
18604
6535
39801
22258
47126
14555
64473
40482
53155
22247
56581
17377
28093
33094
10318
63397
63912
45273
13243
33323
1499
27866
34076
11410
53382
52177
33236
19995
9384
21400
17361
63365
29791
32326
397
44643
57769
27929
23900
26617
55469
23256
60683
22967
33322
64091
35200
60195
59049
48898
22286
5629
32313
35131
44750
49858
57629
45722
1753
8134
8397
13037
6687
41069
11518
47471
46236
1618
44608
59932
18353
7297
28994
8786
16580
41032
48206
30292
34921
44921
48512
11458
56378
56240
9500
3660
30890
20519
15939
52588
43068
15469
4247
3455
26624
61908
17209
65308
25419
14914
28722
34939
50062
14168
46020
27242
56386
27587
35797
3621
6739
30878
35842
18714
65156
64262
61493
54712
20029
16874
62694
62578
2896
2704
3729
22823
26984
63022
57996
6498
48700
13928
56137
11311
17947
3868
61673
33828
16898
16479
63503
61983
36079
18329
12712
40336
11896
44647
28689
7874
47301
28682
18600
19187
55729
5906
24279
31069
5984
57510
13912
63688
30831
36120
40263
30167
25779
40941
53881
32012
25084
48975
38845
58612
13523
43173
40777
41421
16215
24715
27388
22651
30604
4490
22830
61117
17777
17432
21037
19739
45512
41186
36245
42442
13585
54313
48265
54046
1676
8044
1042
26618
18301
16562
11659
12978
39924
31126
13536
11835
46119
236
31157
28438
59025
18047
12376
37248
17969
42110
36051
62612
24721
22811
42910
8557
9405
42121
32857
42890
22352
12651
42220
39548
18750
40662
14046
34266
17954
33753
34243
51817
56771
48558
35502
45190
46233
21968
10402
49566
48456
59628
26386
25746
5754
35141
61310
61967
27608
63483
11971
31111
28581
36337
24988
19583
10673
13234
60466
20790
26013
29585
57876
26800
63561
30058
15552
60109
59151
62647
11159
56913
1220
36185
19787
49568
55345
35258
16572
31649
65071
9944
57041
8729
18792
42528
48809
17519
33619
18014
19651
52696
53894
46538
6613
8136
62569
43340
48762
49113
29725
56951
46377
5268
6819
2220
45124
7354
1143
48309
54658
25554
24708
532
28723
53314
2214
45655
10941
24248
23430
28440
39930
47216
46549
51831
51324
32009
42440
10759
57037
38688
36231
28376
4334
10529
32475
43213
62092
39964
55006
18129
61686
32696
24644
12277
36901
27286
14209
30409
26946
64458
5860
31948
3321
13836
63880
40593
9681
47702
33741
52482
45526
33861
16972
26748
44148
41342
64504
28743
39989
55413
51661
27003
40168
4483
56413
64883
40303
34377
46910
12140
33048
7490
23257
29485
8645
16504
43130
3588
61093
375
6076
48345
3244
32988
12090
37491
38994
5592
21465
51373
43859
50226
28378
6533
54909
64243
15911
28111
4409
19983
45696
62358
24653
8603
36783
30715
25381
9243
18087
51211
52780
26301
21835
39701
46614
65161
57572
55168
41251
17571
31452
48860
52565
50260
64223
5707
3803
64750
25350
58943
4736
55085
55662
28724
23496
40812
46880
9928
33553
50547
55359
4823
40950
6152
38836
44962
5306
29818
11547
22669
36749
30319
39358
61312
35659
47372
31368
8730
22443
4853
39381
469
39946
33448
62684
28883
42719
15814
28885
975
5465
61509
38113
56244
34099
25567
37532
25434
55998
44242
3977
25581
38026
45252
4684
49427
22939
65519
56453
2614
22479
20493
47835
11843
62626
21303
6124
42593
11176
22302
10287
50776
54492
27458
63707
25287
3166
47336
2659
13755
1874
10737
53045
59466
20901
43070
8613
14195
51975
54868
37223
27461
3190
64823
21155
61469
37293
2851
55903
24380
60792
59478
40402
28421
31057
16338
56833
6323
38827
21453
58522
37042
35402
29553
8922
54207
5018
23769
44810
30185
10270
57319
20077
14066
13024
40229
45875
16935
32598
34013
3475
17335
17552
20214
31354
1021
30513
45405
38617
52369
49082
21605
18082
17865
595
50963
19334
16349
8157
10782
56263
19708
3485
43551
7782
59434
9037
53821
62757
42014
39652
52553
27446
23677
64068
23010
11996
22805
4184
57478
13913
3350
55316
52454
23265
32669
8902
29303
12528
64814
22182
39723
35544
7803
57118
2718
6074
36055
41363
41655
9890
58959
23121
5243
34228
14193
8667
19004
3763
35830
1734
59070
65096
44543
55396
10916
12546
55858
19365
11191
63401
1952
4244
6110
2207
2881
47748
61592
9424
59001
29115
53046
62448
44925
60680
40575
25013
6992
32787
40165
23308
39846
21386
46011
46596
60113
11597
28059
40843
14616
47879
5345
50170
48049
27108
37688
54540
41733
65040
6478
6430
47280
20611
54254
21359
34874
50624
50167
60379
37184
34763
50594
62812
30853
41333
43677
58053
53010
58685
28981
57514
53607
43801
21688
43748
65494
65058
20953
43281
29910
14842
62369
18252
26736
46663
30967
18389
26904
2682
10749
43708
32657
64851
62867
32605
21621
42884
58299
14568
15817
8580
49999
40349
56960
8419
36580
45886
26485
3211
18606
34704
2293
18677
13965
2625
29404
17174
721
7176
35588
60659
42984
29207
27732
62905
38186
63768
27161
32913
32975
37769
55092
45693
62204
6915
23290
21131
37673
20053
13242
613
8737
19465
14061
59572
46982
12338
13487
27933
48676
37972
23953
63875
42971
1046
63611
45577
46367
4587
14049
33484
54898
32946
50983
54318
6103
12635
41509
47552
51402
35993
14223
21254
42355
3328
55990
30311
39267
36266
62750
36664
60402
4820
51265
32453
5071
60651
15292
18063
19125
4995
1451
29901
51680
40589
63122
35348
52468
18644
28239
30939
11436
61841
13701
44216
39681
37060
52129
45246
6646
40536
45083
41161
32888
36339
30196
32795
65253
19836
61333
47460
44596
29116
23743
17762
29956
46699
58584
65205
8872
23156
35393
51554
20364
28035
13209
136
22926
49384
44383
57331
34512
35351
25218
16549
17138
44639
17961
44377
38638
43777
63903
40174
42462
44719
58602
53586
9896
34764
17082
22910
2474
37669
31832
21013
17711
37812
1983
26604
49512
35219
9356
31314
5941
14007
57030
62820
54701
60084
43438
29291
49672
2298
8683
9164
45184
62747
65361
11550
5187
1991
10347
12970
61195
3941
24348
49295
33594
53834
38006
53258
44970
50166
24969
65093
59069
36147
51564
17810
4303
45149
41028
49062
5296
46537
60804
10091
1628
61271
17193
57551
38787
32995
727
65351
681
19301
43869
52997
32960
53015
10631
14707
23725
6010
2136
10847
56750
37500
34741
58667
33659
6131
30389
35570
43952
42329
46678
46237
44597
43868
3097
31620
20564
52745
12683
24812
15023
15044
59831
48238
57981
2684
32187
51451
16270
29518
56330
19398
11801
29221
53800
62366
20034
23190
62923
31430
38344
31974
11841
11601
20746
15242
58558
28801
31052
39466
52940
62048
35343
9230
49303
20770
45804
19687
12561
41732
30026
13010
27838
16496
42795
46187
54415
55300
47733
39768
3827
64718
982
27765
3162
57734
48158
35172
27421
25163
34353
39029
44024
25243
17847
59566
39787
10362
54593
61076
60276
45752
62461
21508
18516
5939
50497
59241
26072
65044
58030
41557
51806
61693
52156
41395
34115
12843
37517
15656
171
62486
54767
35589
22545
40710
25573
14871
26905
6495
40203
25468
22379
64540
43404
52853
12371
55193
19374
36362
30683
55581
31807
31915
26721
54063
54239
61204
33520
27353
4873
59784
25104
51227
26896
36091
32637
51452
52991
29780
43090
55825
51953
27888
15274
28068
7668
37409
12739
46196
12223
13721
57366
54459
17348
18424
6932
14843
14619
26534
32684
39102
5311
64825
26598
22251
47319
24674
47897
51202
25131
47591
52205
12051
5583
1567
26698
1989
31779
46522
31137
12109
56167
27225
30175
47165
17840
14450
19932
41153
27019
33682
27603
16771
34954
64305
17951
34558
6625
40103
37344
43615
59389
4824
43609
24205
42715
39344
29235
47622
31177
56757
17504
15343
51632
63840
3854
1225
5795
48724
21097
65252
47934
1798
3067
12386
13034
29393
58870
48614
60036
61831
7812
2904
57819
61174
31574
43383
273
44113
47079
26708
35076
24256
60918
18305
26724
1797
56299
43251
10269
8588
2099
26762
25662
33790
9661
40786
40793
17625
879
61768
23052
47494
16095
64989
27063
20843
3405
40423
58834
48807
30076
2433
49183
34710
59220
46816
37240
25620
4572
21945
6235
57883
11024
5241
29417
53123
59551
48923
13146
42269
35498
61547
13887
24230
50426
20194
27742
15158
62341
46324
13951
43792
10413
64298
63534
11096
7191
32370
15563
11183
30341
18225
29170
28623
24408
25206
16556
30340
62157
62831
37795
38545
26820
21526
8425
8080
1943
38579
57563
3289
20373
2158
52032
37632
49802
39341
2932
2303
41373
33470
24510
41788
19789
26445
39074
46673
42524
503
33364
1110
39919
13306
24734
58832
25622
52365
58013
53086
16769
52762
24966
51473
14867
155
48485
52621
50006
36868
17713
3845
4122
14305
61365
22218
28535
17328
55952
26435
3537
52139
39432
49422
60147
28913
31981
35403
36870
3764
44620
14692
34248
40558
55087
34953
46062
64532
41702
15387
39814
56442
38741
54760
27638
6836
11035
8070
64754
37109
64529
5319
32899
44273
632
19288
5222
47905
28087
46055
23295
50280
51835
17860
44476
9826
55664
18838
51823
48539
37959
22918
39738
38312
15412
35161
34751
61151
29153
19057
28403
1455
2958
53293
52814
58758
8005
20505
19231
44373
12590
39107
20420
15345
26416
22481
12299
47851
36310
23665
39898
17872
64252
36170
18889
21893
63900
56549
51582
55823
18760
6041
62064
42579
59134
64834
45350
59598
62539
44598
7220
25931
21305
45922
54874
12892
4697
59479
24414
33566
56354
35657
58223
4003
35795
7549
29310
47521
38254
24682
40657
46693
35477
64403
6040
40257
58136
36141
63913
30529
3311
51555
5614
1160
64679
61386
60742
18260
46579
13622
30269
59226
64031
3177
12050
32762
49670
53083
51976
57714
18547
53788
31185
8197
12564
28922
15668
42967
17242
18825
51960
63358
14918
53844
34262
25733
36917
63189
56607
56374
29329
16136
29987
24584
31527
31663
43556
19917
37589
48448
54558
61715
44863
42221
57307
7424
22485
55500
33904
19425
48835
30298
47497
37976
35122
44217
52645
63278
568
6963
24288
15272
25658
56467
33887
54832
50138
37297
12992
50580
51231
55247
20
15200
41681
51980
52234
57086
39718
3425
27456
62389
39302
5979
15567
63284
56255
32508
56866
38599
42229
62529
58504
18974
42367
5961
1487
58470
5862
17694
30400
38123
28971
55414
28000
33331
715
14407
14675
25236
11715
15029
33669
8571
3064
63646
7134
23730
2655
59866
9004
59794
31947
42211
56681
35882
953
56504
16633
39598
58517
1235
62273
12814
58580
27006
56434
20662
65344
51338
55666
38292
59201
26168
2713
23591
22337
52003
50934
63384
65311
32500
22333
64081
36203
21888
22695
47832
56926
41361
28019
21884
35307
46711
57050
6735
45672
41928
54369
59972
1394
12958
26844
33126
62501
54041
7930
26975
47753
13349
44829
32385
61472
40193
37621
11294
44710
32051
61299
3863
63292
33606
5639
16212
64707
54934
19961
24733
39301
41083
24432
7262
38765
33091
30203
3371
39695
24425
235
61523
59761
9195
44534
16672
40955
78
27683
50499
65374
35284
51029
62136
40595
5168
13634
28999
40170
5141
52794
52184
50590
61227
32592
32840
3148
50680
48742
14279
43121
5956
17622
40754
19505
54382
36891
17075
38979
46878
26732
13367
1397
53904
60172
21258
52934
46073
14132
27533
47468
10403
31531
51055
51378
42075
11608
63739
27261
34974
30882
51192
50854
35319
26705
62396
22848
21545
28314
35660
26771
41370
7071
31138
17950
1203
24862
44967
13675
50375
14377
37494
30062
64413
59
8670
18997
23390
35988
57479
15924
2743
711
7800
43630
10069
6416
20680
64794
12558
11748
24224
15248
62128
56641
22001
49171
45988
44237
10730
65140
8251
7579
6409
30509
10987
38321
36908
61289
53475
54855
27782
20160
23942
1495
23089
44512
25890
23357
57370
51973
11968
17764
7063
13623
13049
63539
19502
828
55172
19226
10776
12226
65270
37168
7599
29630
19667
50770
19880
20979
37026
21145
62355
62877
18366
51812
29464
14729
64930
30897
23915
44668
47078
58505
37232
18094
35472
22973
27666
60872
60578
12679
18264
39101
4982
51464
55313
49290
16727
50184
23311
22354
11297
4962
35583
33621
15954
46458
14859
49834
31709
47642
26709
65500
47286
4810
59805
12175
8770
57977
7917
46881
43502
65320
9903
61808
51016
57723
44785
48423
57580
11607
34298
24204
22194
43171
23747
22702
635
837
20136
50227
50699
29678
9101
19375
11898
43489
1842
38331
52832
36084
64597
10486
21849
64365
3395
14840
31119
14120
21348
22254
37779
21586
48464
37202
39696
20121
33593
41114
11202
47496
5590
15556
9946
31094
53686
56585
62960
9158
56537
64516
17679
26268
33328
60696
59013
55467
6909
42363
38562
1426
63544
10396
37824
8474
5567
15154
42059
25849
52470
38181
15863
45792
22962
55994
22489
13476
63988
20911
64299
32754
46744
19443
55277
44103
27316
51605
21642
53661
54146
57532
15730
27772
51367
56435
38789
43821
8428
42051
47200
6055
14645
11891
59781
40574
15903
8148
37316
43418
28464
6911
31689
6972
10965
12862
18320
