15957
16659
43079
28863
36981
62700
54790
30059
7547
61806
13801
33176
56013
14489
5869
36946
21304
63591
50226
35079
53831
13510
40155
37068
39065
5459
8665
41727
57278
50234
48085
47228
24628
7278
211
62381
28824
62879
60674
42246
13722
21932
7708
32369
52442
31100
60029
7597
30586
46732
11681
33450
25649
30374
45518
33829
34952
13121
58130
17883
15984
47683
6677
51432
9054
20777
23273
42997
48261
26667
13034
56202
52016
3162
35929
49072
6394
12153
9826
18807
56391
7239
53156
55676
29597
43290
38183
45641
24070
14204
14472
46560
23222
24797
64472
11023
30093
59672
48716
54287
6413
33047
11659
44833
28214
27086
42011
45487
58293
3379
18341
6329
14754
23610
41016
4217
3022
11795
45979
18172
10953
52135
56360
5253
8623
60971
52693
26541
61651
19574
29902
54282
2215
8737
21123
8748
41566
30015
60457
27433
9215
53321
20291
27011
58471
27085
3028
65432
7190
43754
30719
6891
47819
18824
18779
56775
56521
60279
58175
18827
47108
22155
41386
17326
16010
28093
30163
65254
11974
16005
59490
3133
62201
25587
31112
58651
12028
21381
4686
42042
47747
28144
55627
8861
24391
46162
26867
53763
36267
48666
34201
24224
10982
28604
53811
48331
13147
24510
33638
35167
11363
58719
10551
25140
14682
5387
15431
7800
58290
51074
42509
10133
1898
21657
56232
47022
59473
22452
57257
7617
61296
59
26859
11327
9032
5073
23577
57711
11640
33403
5287
46057
21972
46367
18257
45239
2710
5289
47301
20440
41579
21200
58388
33714
55173
21699
64864
58236
6339
39086
36020
344
5582
31669
55946
38479
11356
33873
20749
35379
51052
47360
8096
50456
47442
30470
35768
53766
6537
28321
20662
35622
4237
43610
7560
56338
10292
24838
33391
63142
33891
16286
49293
27459
17462
55775
64825
10616
11731
1909
61061
63910
3392
13911
49750
3498
25930
34704
48481
42058
45561
56275
20902
19441
47173
59619
39275
3602
54354
47492
26392
48960
10302
59938
39314
55485
48994
39638
11870
31228
45415
41999
36450
52635
32399
65133
42243
1036
52221
23899
20091
44917
58214
56622
21519
61692
19208
48440
34846
63456
56011
12740
25456
54803
48494
6923
54691
25919
52750
20411
4366
7254
15338
52029
34308
43423
57089
45212
32854
63946
25564
30853
58009
16237
56701
36030
1554
20553
14327
58880
39845
3512
1486
9031
56439
31835
6144
21188
46090
39750
23430
58732
46710
33971
16388
5067
44063
4240
21363
30544
38877
64746
60206
6507
52310
49552
46951
4013
21191
12199
55347
48054
29749
54240
26251
55145
35731
51732
7458
52637
22214
42281
35869
22537
26825
45856
22966
19283
13106
1344
19220
34435
52156
24137
37739
21090
42238
41228
18742
54486
61687
49698
52319
36252
47179
6496
31793
28298
38610
57827
59838
42323
54132
60313
9413
37705
62169
35798
55679
64776
26620
21409
54144
61995
6074
44446
37646
27611
34403
64829
41373
28462
51304
3069
2077
46860
38869
61304
60382
2770
5716
40975
48446
41681
2845
33984
47988
21777
2825
19017
30184
18086
57503
38780
43486
6434
35780
34095
50090
44284
141
3329
16348
17478
9442
27623
27198
20599
37089
44889
16181
52307
26158
17385
49994
28883
26430
57644
9612
29955
8055
50018
61437
43178
21339
2909
46791
18187
40234
56813
18835
11783
9972
15895
50324
6769
58304
19334
11838
45428
34225
59533
19306
16907
63328
10212
20233
54373
40011
36733
19720
41083
53839
18055
1351
26313
4713
18620
34468
33715
57526
57524
52461
60756
12672
39651
29055
22848
40145
4949
63141
938
59560
28231
3817
40808
62506
21877
61060
55689
5985
60066
46735
15608
14022
46238
55375
46850
38842
48545
25705
40862
51543
50370
35123
55410
44228
16668
26596
13552
739
41960
38868
4653
18254
33486
8025
7208
43463
27039
46151
62348
18251
49646
56570
49334
60960
15870
5559
45340
1641
31624
54674
31565
55606
49120
57385
63340
55371
26696
7824
6492
15831
29518
9276
4717
22988
23332
42918
41791
17499
19881
27375
22180
11238
49992
27699
18369
60655
47969
6959
64100
33173
38244
18624
8432
2659
25399
39765
26561
52291
2564
13916
38441
25226
28773
27078
14928
35303
64885
26772
36349
9975
85
31338
65265
63791
45148
47040
32219
50539
29881
31103
46000
40464
27485
28849
16072
26126
57823
1390
16157
59649
22644
21210
31909
34483
56198
13009
61263
4892
31686
29789
7312
39528
59553
14382
22170
19066
44226
55318
3772
52076
27660
52742
28500
22770
5502
51721
63119
17251
33201
9471
24097
18264
43238
57552
54337
57555
52351
57048
61101
23397
9635
2535
29673
6240
30720
60473
62583
13457
688
24873
48429
1715
60884
1201
56990
30574
60498
51974
26689
24917
13362
259
31186
53980
43272
51778
11889
32206
59451
59849
4202
30912
41911
34635
4163
57010
1921
34926
29025
23704
44878
1187
31570
57932
8075
27472
30464
57825
13240
17153
56286
38055
15871
55795
31675
42902
61397
17106
13712
9516
27473
5234
23848
60901
4689
34702
47483
64237
7539
28983
24657
20904
10765
49909
28841
33793
20109
37892
31203
4951
6070
59893
40013
27193
8256
29175
19531
10716
59931
54464
38892
32385
33586
40243
4748
50268
30896
41885
30458
56171
64264
8801
25453
46815
19180
9895
17895
58278
65418
64799
4566
33759
52840
43199
60351
63331
27026
56790
46303
62072
16618
55496
32792
57060
26005
47772
31139
56626
51475
45425
42938
47086
61200
53767
4029
57225
20263
14694
41179
27045
14232
55952
40117
40203
52346
31381
6697
28593
6966
20824
23181
42543
11163
25361
41006
46896
21799
16401
62064
11837
11843
45817
45532
503
42737
49329
3714
38885
54754
1210
54448
33746
26220
29076
33635
38163
6784
61998
5146
5614
8520
49896
29369
40323
39142
28502
48012
61142
39628
11692
52529
58624
35933
21483
46195
4426
643
26782
60693
46254
51059
39419
46218
18358
25308
21441
47965
64191
48600
58799
3466
48855
40762
15294
627
10566
5101
7548
20943
5938
57182
1044
40942
60938
35806
19967
43040
3413
37159
14961
18176
45789
47549
56630
58080
55722
49507
35509
29188
40766
29077
42620
36182
27776
19762
42445
56053
17964
47872
32193
36428
31843
1184
14201
12111
30284
17754
44158
18131
13413
56396
11789
7621
44117
16614
2838
18215
37186
17516
40839
10394
62587
46835
55778
3539
53101
3761
13734
60600
30225
4916
35944
21005
10283
56355
47977
39157
38459
36431
34964
39205
24374
35330
63411
53857
39747
1794
215
47888
55140
51899
12567
19669
26094
16851
39850
49139
38151
13630
56333
40597
15347
31859
47042
9062
18726
14366
27229
54556
34479
7756
54587
5361
26059
51379
57414
26632
1575
19076
55313
53962
49905
4672
30715
51768
22014
22093
54589
34265
49008
7295
48791
51699
52366
56556
21258
17452
37728
44039
46076
62400
28788
47157
36091
38706
15885
45852
24879
18022
17878
27268
3313
8117
46065
54402
30043
21724
59621
4444
18286
13596
16284
52382
3789
664
52065
26653
7020
44749
56868
37694
3203
51633
22157
43155
1403
37586
41191
3576
58575
32652
48270
2785
4678
21314
11836
55033
44815
26512
8833
25166
510
7552
25060
16018
52925
37916
28583
59207
29219
63855
17761
34844
34535
590
18605
28311
23823
59857
59825
42511
28822
54992
48260
32999
41464
1542
36249
11767
64063
53581
8963
40423
63526
4513
50259
20416
53444
65487
4570
51320
43932
37031
8149
48562
16667
52526
44535
16354
13807
30949
64371
7402
19618
28637
35653
28456
30630
60506
5130
32526
60850
24059
28543
61285
3322
1508
17052
30965
3658
7140
47627
46343
58672
18951
48375
1658
31088
55345
5007
41041
62308
52577
34526
13132
45403
37598
50891
1045
10901
12864
23182
38754
35090
58005
10531
19022
62474
40690
38231
60995
25062
34402
57167
61428
5294
29080
23202
16775
43071
43084
12916
3876
54824
43563
10337
32350
29817
43898
8657
47464
31118
15986
24888
46147
62558
21270
25630
25477
29458
34593
15687
27120
28510
59616
18223
64446
23871
53601
55078
63173
8911
28660
8904
28408
58568
55841
13368
45831
56577
31155
4878
28633
25988
37804
55116
14064
31940
45493
39043
32959
34977
19719
62138
11313
14617
31653
53832
22627
58667
50037
27995
50702
62159
10881
30587
38343
3922
3311
44704
60613
63459
15843
33196
59898
8879
48712
32053
15021
12172
64716
31713
55114
15188
7377
27395
4549
29313
42391
57372
9074
60170
19276
14684
19129
60769
10122
24058
60436
21949
1329
3096
37977
41706
50651
18266
21738
34191
12259
25804
7912
29638
43504
15271
42456
59631
11547
60582
25947
4760
32552
20333
14747
51013
65267
24984
62483
11709
30090
7836
57535
5712
62884
27235
65465
29705
56518
10885
6720
57213
27070
60778
33470
28123
39880
51510
31156
19107
23808
5629
18992
53663
31019
41528
23574
55833
32861
57456
55482
37497
56124
7386
28467
64485
24267
10951
64813
53578
39338
5140
34276
43121
4746
56222
35733
7865
20970
21648
22912
12667
57583
59615
10774
3401
53150
55531
6055
21311
62816
5492
10070
63772
35112
50752
33703
23005
30523
14251
57431
45137
52477
23118
17475
31506
13382
35801
53570
56560
9240
32926
39165
35451
55944
23282
61653
8953
17037
53976
17775
39822
57269
3485
15119
49740
53775
43209
27455
40279
19325
30984
28509
23650
59309
13157
969
40783
3973
14819
10025
59577
52191
29686
51193
6061
25647
55060
1704
25893
27783
43114
26994
19600
41881
8238
30609
19512
59070
20968
56081
5104
22287
59097
42137
42822
35228
22120
40143
32445
5836
51244
5115
7923
40895
6243
55286
28104
50837
3154
2063
33160
63362
6424
57174
8485
42673
39287
64230
29647
20121
49091
12922
59019
62533
57218
63888
33632
54209
6780
17121
30588
26149
22349
7780
17976
38737
62217
41997
38080
21751
54147
7973
50405
60548
23038
50361
59037
52611
30745
52226
14581
11734
54705
43154
31522
43887
20804
55176
47948
25518
57573
11720
49433
23470
14848
49913
16035
42722
55754
15458
34707
23000
58308
57012
50107
56476
35154
45055
39620
24273
5866
45052
43979
54630
7919
2632
11493
27032
49279
25998
19690
37109
22534
9194
32425
23814
64860
19605
14904
54525
5184
63831
10635
57245
45816
62870
42911
60440
7421
39761
57670
18213
3439
60552
22574
35243
57581
54169
17990
9644
56374
36583
46258
12444
58155
18428
16942
55817
10763
37202
50313
50348
35102
26761
58690
23071
51645
26935
36276
10074
61095
51197
21585
583
9753
57400
58163
5928
36507
34835
28099
38852
10406
44085
35818
44289
32115
61674
8404
60640
48696
35824
6124
17644
37067
19404
33419
31033
56860
29228
22895
65248
28019
36483
59526
47799
30526
61439
44594
45504
27518
34750
11409
30542
55150
49603
47447
29059
40889
41779
32481
30550
763
47497
18152
54744
11162
7947
12642
49554
42555
45709
2943
44323
34196
60422
43419
8798
33115
17324
27418
20241
30813
14431
59209
25924
12799
57785
15697
56117
27850
10059
37452
51605
25674
34300
5406
32658
53483
50101
60977
9913
58251
53692
50953
3268
64675
12144
1279
32363
11345
49160
12754
21144
54900
42889
63767
50476
22525
2036
4880
8686
21656
52475
6738
61916
1023
44683
57135
32710
62209
43274
15902
53164
62334
64528
61182
34051
4083
59678
45580
6224
25602
14611
38560
47667
51915
42829
10114
31365
29640
38989
56532
57239
25154
28538
65203
25297
60303
53388
58245
33945
56429
24440
51208
1740
54914
20211
25319
55508
47672
41654
61332
20836
44471
49087
30606
4636
48700
31380
57478
53385
15190
7534
64671
27304
6364
22136
16329
33297
26119
52972
16582
40417
19901
36787
60680
51675
29083
21939
43745
48464
4125
43089
41612
21544
37266
8695
49520
50714
26073
31219
4714
15979
47849
63186
4394
46183
58269
24954
7976
40702
48435
30731
51956
8272
10203
39177
18991
36699
32100
22030
18906
18387
36393
44196
28210
49674
23123
4613
30564
14085
7899
27842
15754
31630
23901
56278
58337
53934
11703
27052
22230
47548
43495
35578
49204
48007
46425
43692
54617
57504
54463
22808
10675
26682
9633
49162
10378
21631
27410
52910
45735
8279
14423
30364
51051
63524
356
22946
12071
33812
50724
26328
23681
33267
32532
37529
43757
51399
59601
10180
6102
29051
15048
8450
21052
14212
53658
62320
58013
5883
7016
6789
48275
61730
5333
61266
47826
46331
53789
6510
20267
54184
51943
63422
14329
24913
5859
29514
3638
60248
28377
55774
47832
4592
28584
25648
24231
2911
22838
42647
37639
60198
15383
12326
43870
42937
3880
24506
29450
36321
9934
15662
64665
20908
11034
41669
21717
57267
24556
18376
44579
5029
26693
44280
50146
49582
57902
21974
430
3629
42203
28951
54234
49572
24959
6299
23570
58136
5232
33093
3355
45067
12839
10975
59880
23259
32808
61772
45314
11928
52154
29797
26552
17984
50911
61108
9769
62301
41536
3826
8610
42129
34816
2576
35574
57354
13876
14590
15734
20349
46204
14691
22414
62747
10848
37885
31016
13273
10897
16281
19169
45347
50883
47431
14206
19993
63410
61560
17027
1070
40701
33301
600
34121
37070
27234
59587
13216
20377
59919
62049
12468
21118
43065
9709
50946
57107
17627
7163
63596
65327
6609
25836
21783
41616
57399
15230
61173
61349
35690
34802
8668
35729
63643
33428
20238
15249
34539
55728
23735
1611
65105
36980
34913
62940
37019
57994
28009
62448
56741
275
39174
26215
6048
16579
41466
28970
49532
44618
50384
39856
10910
50039
61363
34340
65384
20040
56908
62037
17648
43333
34423
27368
2348
29667
21922
37934
3042
35324
55720
3143
5662
61763
24767
61156
59523
27203
46450
60521
57592
12786
52792
49609
54409
54515
50813
35822
54405
19087
61362
24658
24212
31253
57021
17911
34462
52814
25107
48687
56923
40069
22856
21947
60808
10143
17946
54014
51643
24851
41677
48212
35743
32920
11771
29899
15998
33399
44941
15964
23394
41957
52634
35532
28218
16375
12113
34920
61480
30316
46243
686
38912
24151
4002
44665
2166
19785
15131
48514
25342
64330
4047
31941
19171
43962
54738
39597
59327
33261
36550
31132
11953
52037
53167
61976
13933
23482
41321
46435
9870
56181
4154
32414
61795
9048
58014
32486
34631
48209
41211
6640
40216
24421
39522
25660
62203
34760
9804
28602
34366
8261
22782
23627
3421
2185
37352
547
23003
28676
35799
38948
756
42273
45362
60804
44501
6093
47322
21306
13489
49908
10288
61209
18864
24452
25423
12140
3870
8307
42378
24904
44766
16417
45050
5138
16869
12208
13591
43087
52158
21622
58102
36681
43063
39020
49381
6239
53241
26549
60110
14080
31473
54246
26511
15323
26625
28867
59642
60464
56418
25435
8130
52696
54866
27779
15344
17661
22692
14285
29390
63963
62649
26879
26834
30139
28256
26124
46029
19295
57315
45235
3776
64895
829
35114
63786
52473
28563
46792
31564
59242
27270
47333
22728
59712
55025
56828
12481
21779
50019
11537
50229
51916
62712
51422
18616
34566
31818
48072
31143
49320
59936
39350
56673
59968
63021
28917
1987
2262
57679
28586
47054
54338
41152
64848
56884
40290
19700
47421
55403
2509
22928
44939
34285
54289
42436
26961
16642
34659
51730
58007
22269
50653
13909
52839
36061
37869
29255
62608
7655
52443
61226
49177
65238
27599
25203
15661
3454
40748
42479
42872
62819
25102
34628
55127
17270
5255
46286
59413
25096
6436
46280
1809
20510
23007
10421
34078
15918
4265
58394
31146
42805
20154
57283
60869
4263
43796
23996
53454
54206
22807
27153
26609
18219
8311
61164
40397
39685
27987
53941
17023
51310
36203
52196
4598
44940
35490
33405
33131
22978
51255
47392
17642
1470
4929
48988
8026
54440
46673
26245
65368
21948
21095
44521
49858
45727
5314
43196
45199
35127
6115
11155
20816
46712
63112
21880
55386
21774
21806
29700
46924
19223
61315
29222
11713
58281
26762
53948
13695
30083
23322
22444
5239
34660
2151
62767
65314
26631
26715
8052
24108
4960
57604
28599
55453
45774
7293
7290
64095
63319
23069
22244
43655
6177
8676
26522
63900
7860
46079
27409
32859
20885
35471
16878
4362
33552
42685
48868
47356
43880
57346
18925
64955
2532
45045
44725
1338
57348
28086
22803
40571
64481
38206
64054
2507
15849
38339
21440
39077
32244
29357
55112
61596
55807
60903
39328
48418
41808
28730
5872
65047
6489
34355
22854
32494
41212
5724
20548
29230
35124
8839
24889
59546
59058
14836
7006
27265
23944
37414
3200
4429
17806
36361
20789
30871
7232
25161
32098
52646
21429
18621
43872
61299
5252
23020
50308
60625
52671
9024
14593
54842
40865
55505
31640
45392
47828
19957
16760
40615
40635
29054
52139
42329
1482
3862
21497
4208
1245
47267
5424
7471
5971
23894
28880
47258
43573
46176
55356
11119
45332
50893
20501
32550
30046
56339
26955
37588
3346
3639
53368
21395
50305
52186
59957
25624
26162
8495
8158
4700
10458
49632
52924
23672
24905
37313
34004
46335
5952
57444
63949
60379
42538
6773
56327
33792
17239
12517
29739
34378
57331
6232
47802
42251
20005
31302
24567
23631
44729
30882
59231
12193
16631
24538
49726
17155
40533
5813
31120
4702
49246
1280
49283
50021
13243
44192
6552
32154
12296
32633
48409
1923
53860
26613
17659
29490
27243
12084
54189
59847
57554
1816
52058
47459
52557
27411
32175
39051
22973
49062
56965
1233
54982
57295
14348
52144
41445
13937
55564
854
62058
19673
35389
38149
42578
9418
29966
37025
24549
16500
27604
23455
56461
18330
63378
42959
37703
43713
11782
6691
30412
30168
37766
19157
15212
43513
10767
3543
52066
42645
61396
165
50472
59332
44510
40590
24568
23378
14026
41930
31904
11548
33803
42364
33596
38075
207
53310
19535
39299
4252
3682
19001
23889
35163
29215
61274
19523
34662
39729
1946
56061
22275
27914
1866
48730
25665
5751
3438
7086
20329
45274
6411
58788
55117
36064
62935
42049
37957
38473
46591
22791
10013
9097
33185
5792
23389
56710
19647
2273
11957
7172
23965
52467
51464
51386
40877
64512
48006
47729
31833
15405
64291
45370
42023
43174
33182
23464
61378
50923
44615
58578
60282
33329
10104
8293
61939
13390
16082
49411
51807
35833
9397
22649
38613
5310
8286
39427
63175
48237
62682
40500
33857
58836
1179
26969
3179
63965
36464
30048
19546
34469
2954
15728
58489
18856
61625
41287
51420
36117
31846
11732
38683
24186
44658
57538
64387
43770
32406
52035
29042
5604
37846
45422
32448
37948
25682
2827
49159
43270
63846
4514
33936
3123
24712
43928
5466
21520
59833
34228
61051
49040
52272
3735
8654
59360
43381
30873
54280
22963
35160
41292
53
4160
22306
20966
62280
9239
33054
3030
44410
31086
10858
15956
53208
27649
62604
42380
42646
17110
22126
6743
21016
3210
5625
45359
17966
51348
10824
43935
16627
13462
50540
18803
5557
38982
43859
45608
5615
56616
5050
56969
21249
12407
4931
52385
25926
54519
47427
9041
4144
41574
64890
25779
31710
63968
52061
41609
63352
20017
61217
35979
12635
31707
60192
45470
63712
35825
7046
23536
16307
15456
17422
6294
17126
20807
13152
28216
17721
8648
47381
50177
56600
59343
25011
24678
6575
51228
50644
50699
5457
6483
33435
56841
48334
26886
23785
9232
42336
19726
37094
46935
33985
52253
18847
2183
25761
61690
5858
47955
56434
26607
6296
49925
1663
24392
12327
4001
24460
11013
52830
7786
260
46804
54136
39326
28854
15098
50392
57611
58182
8694
10534
37741
18833
21192
51447
33086
55361
26783
7931
6246
61891
29549
20085
12465
38945
38148
9161
23632
60166
32011
63156
32006
54710
55954
49768
22086
31921
45147
17603
7454
45631
9344
27469
17432
38127
27900
60870
35159
40822
18504
61365
46082
17805
36495
5055
37802
37772
55279
46681
62003
35889
20480
32033
13318
36871
5469
59963
54675
6916
51300
6180
58372
40552
46723
24030
7066
50958
37724
50281
53735
41459
12316
40468
34451
61868
32902
43047
63250
30816
30164
19091
29697
17740
12654
53387
63880
7941
46740
1136
24847
46829
57749
4515
63022
8099
51981
30802
51407
36966
1858
7510
52667
50447
3405
27526
9192
50985
12613
20094
14014
34671
59310
13325
17241
31056
3253
26666
57455
29953
22816
28452
22546
423
4551
39958
38729
50684
32083
62423
57717
17666
8762
54357
51020
11149
27094
1446
42739
51978
49042
8001
44697
15326
17695
15378
24918
52599
44895
36498
30699
53991
10995
8849
53393
62425
22740
36218
16518
4584
43371
15105
13057
2829
37315
14869
4026
45936
1899
30572
24541
20254
41266
46432
17157
15121
60342
42405
21990
40880
28918
54414
6804
43302
891
4410
52232
39391
38800
59989
52700
45054
7240
54524
62119
51819
61569
20999
15182
17092
36615
35670
2073
53481
24001
49143
14039
54637
5953
6659
6527
40179
58036
4277
32397
33765
39759
34721
53318
58476
45796
56285
9811
13015
45158
51602
65421
52681
28650
5977
53405
35925
44458
10168
8714
63554
5725
18422
53135
33055
17161
34406
45197
58608
39727
15829
54009
2256
719
43051
20528
35380
25818
1195
47752
40686
18380
16040
52422
40289
20309
9548
42457
19928
24534
27321
60985
39704
18233
26600
35738
36487
1492
22556
17141
56939
28567
21691
7346
18334
63166
41880
50518
61247
9799
49898
59367
49126
30421
59410
50248
45718
7640
42103
35496
50635
18345
49077
39206
20465
8923
45190
24983
31303
39899
11938
37419
46221
53155
18919
48923
12072
2130
6125
60578
60980
53672
39894
9182
32326
494
54278
46592
13491
19278
7701
25079
62677
4826
32273
48084
53826
12809
49061
13293
44619
56387
47970
42532
35642
36518
57971
53220
29370
25852
13110
36086
22674
14044
59255
50602
939
48200
51408
24928
52178
37335
42764
21009
58737
28061
21710
15261
46292
24945
47857
17035
53819
44668
16177
59264
46040
48601
7470
54854
9766
40769
1739
29841
13389
31985
54933
60959
43554
2953
35322
10279
15631
51942
22388
56636
53485
3037
13113
220
16236
9351
17101
3483
43309
26352
60989
879
48499
19920
36502
37000
31797
26441
15952
10088
45542
23424
12584
39375
13587
2037
31549
26202
64545
45940
11376
3671
7486
63346
45637
19198
9450
62336
47449
41345
37674
49765
32639
36217
7710
16428
4772
20001
29454
49049
41107
64333
53841
6620
19878
18323
4634
14643
62593
61716
29412
36999
24963
5352
63454
36118
40663
920
63086
6865
17797
28255
49350
1474
34454
34065
9929
9171
59433
9878
11360
10574
41033
9003
40181
64352
38881
29921
31718
1929
15653
34175
29348
50719
11575
33647
50190
58985
4989
46725
14024
36345
13255
56047
6185
61129
59422
38469
47117
3850
32023
51203
41965
17729
8024
802
32030
10220
1607
19817
16555
4325
3125
48240
64164
20478
32135
59901
35669
27397
18594
64868
24581
12674
32965
13486
60471
5649
17206
12531
4054
17991
53109
29815
18401
65277
39634
24858
40654
12999
26067
19830
31495
39592
19879
29120
4865
13517
46087
47704
32689
17001
53346
9452
17525
6410
8164
51642
36415
35804
65080
42393
15269
28700
33570
22521
50829
46544
22369
20711
37840
23004
9529
60753
8444
15404
22202
18216
40557
42976
9431
32218
61230
26383
59068
10609
34813
21788
40229
18954
25010
59617
9623
14052
33910
50515
55769
42241
28196
21937
54143
16183
21166
697
17940
17315
35086
2209
54320
43346
1433
37264
21606
47887
4587
27195
1707
60275
42582
18892
46180
46834
62106
2201
12440
32138
30000
14071
25007
41843
25053
15255
6248
1771
4982
18681
33582
61154
23387
8874
49076
23398
18860
15961
5433
32996
58842
59834
13333
44064
45537
53459
28984
59015
31214
55195
62891
13204
60150
11392
22733
11213
22101
58593
36740
55424
49181
55050
20562
4998
24481
35212
60223
5125
46211
25012
21824
4404
49954
58817
29491
18023
55519
26878
46691
50154
19340
50353
21400
22696
11576
60253
44194
34505
3095
64969
34623
47133
51834
58717
14103
22043
11187
60301
35109
26828
35056
35559
59322
36342
42812
7233
64913
44249
16447
22366
60384
22788
57888
48413
21063
43634
37854
102
61636
7017
2146
6584
1396
48910
16629
30277
17011
16249
20139
43365
46579
8918
50007
1872
34289
19745
62973
45030
16025
35742
46889
46721
8908
61320
57411
6549
65121
63316
11519
35180
63568
62850
6819
33366
32454
32278
64767
33373
29915
19080
30831
24819
41478
36395
51108
63168
63540
13305
25499
5522
34901
439
27529
63781
38739
36421
1103
31869
45640
32178
2907
65362
57353
23629
11737
62047
65106
3482
51019
17314
63827
6161
54362
54925
14967
62868
6397
4777
677
40744
35549
45162
25489
587
6701
21154
48643
64153
19761
28485
42798
61536
49271
18039
43060
59851
26282
17678
6190
17223
59604
24533
5630
315
54034
2447
59841
8072
30977
47973
10076
32520
57477
10336
43073
51674
7388
4919
58974
58493
60694
38397
43312
24600
16544
58472
52902
5398
17808
32766
26402
2129
8355
60064
60575
8229
8719
5182
48104
55843
45611
12843
3923
1903
17044
18274
32057
8420
1757
19466
17225
17501
45216
24763
22227
30223
6729
40897
49511
41052
41042
41395
47372
19954
55305
10352
25160
29603
53113
53725
19675
27261
42406
42953
52791
25939
43575
38527
11850
18258
52798
26678
64896
1450
37932
14812
19770
39353
64145
43579
30658
4249
7898
53194
11000
57669
28338
52100
54476
19028
12293
45364
25812
15014
22532
3243
7422
54351
2725
54976
55963
17416
3916
23905
43410
12679
39120
40493
34392
53894
35055
1436
63292
9246
51093
16752
612
58465
35705
53970
44869
17532
1685
55333
58770
41434
8997
14058
8784
39940
43571
43032
45337
33694
4854
3284
14020
26465
36010
16070
15175
30994
27576
62357
59994
10179
20983
37409
61984
1415
4641
5542
41798
12396
30905
47194
464
12914
58834
45619
56854
16433
7744
9974
29611
52984
52115
46466
5077
23381
21835
42816
31282
10041
46323
11186
29552
50621
45636
45287
48126
19772
22523
46099
28336
22628
50227
9903
19192
51044
30203
63281
62015
9745
29823
27175
60465
22231
38458
38766
47066
30356
52954
51832
7025
53239
44176
38099
10211
37077
39860
22718
52320
52192
32089
6997
7015
6134
1762
17348
9801
51804
31314
5475
51084
11005
2702
35488
6815
64571
33001
58722
2551
37975
7164
28313
27569
29993
14625
26269
32745
19357
2387
47596
47545
6559
46434
14635
8881
36471
65193
14353
29981
39426
20324
21613
782
18017
14257
2319
19549
52766
14651
46402
27955
48208
13958
2434
44380
9708
23283
18909
58686
59420
33037
28964
44221
48251
59724
45367
4261
37923
37800
9890
63884
39556
5485
24388
53288
45732
24662
62409
60187
24900
49015
60606
65461
36508
50845
8277
16109
62939
14457
39559
52826
61836
9140
17769
31627
24375
23763
23568
64725
19071
17734
14073
44372
20302
13524
62385
49958
14853
54275
25922
55364
25267
62068
38430
13397
39033
38313
13012
2222
16081
4422
44795
19689
10400
35357
25644
13247
5286
61201
23571
17677
5263
26887
333
47236
11230
40731
16371
14384
65495
35187
36433
272
23942
24027
11442
55977
22609
31117
22315
57901
15059
42624
16488
10680
2628
57832
57521
54301
13824
58875
46420
59306
17456
65210
26401
41192
24571
4910
21632
51728
11495
53183
478
64818
30669
14179
48020
29715
11853
56345
41694
8137
41982
5229
36023
229
30874
7050
8377
1176
28212
22670
7812
31594
16972
6212
49766
23427
34151
36922
18975
64106
36084
23975
30308
56930
32077
3986
1382
5830
36135
29173
6980
28882
40873
12933
43909
37241
36028
13702
52479
11908
32095
18392
12659
9820
15521
54052
10863
16291
8683
23257
32080
58126
14906
10416
2046
40421
60298
59723
37585
11827
45086
35072
33736
27113
33216
41514
6971
2656
48793
40706
43109
38480
42046
56876
5795
54613
55891
11069
9201
16057
19746
8081
4797
58768
41614
37560
7882
42748
16633
5267
8458
56974
34102
64766
40249
33625
63498
56772
22291
16473
18084
27430
17701
28177
63294
32199
9794
15723
53132
56987
8021
16437
12979
61034
36606
17156
1367
35993
26054
1969
1285
61639
1644
54115
16589
56599
60172
8747
2499
59099
30757
30033
30263
40352
43429
17302
60845
19828
38461
6597
32631
37431
41220
19366
20229
56909
53246
18676
16441
34034
21924
44495
23759
42078
63669
5670
61798
27957
32256
38273
26583
4467
40812
50703
39513
43949
28752
16224
60333
49007
47160
28944
26912
61635
15489
20141
1092
39036
1502
9815
37863
61422
13740
46188
48028
10048
65004
16073
60114
15763
32757
56705
17682
44541
2508
28844
8019
57241
40849
2603
63406
44952
25143
39926
16824
15366
38561
29746
60227
1708
60020
60915
30601
48894
30226
11532
22681
41419
31
6825
61921
37958
15145
12406
63272
60230
63477
52012
53134
45830
55683
7321
9415
38516
62906
5429
4953
9513
50665
33843
29979
12390
49561
40523
41448
9967
64964
39881
33889
30370
32509
64976
30376
8387
42064
63481
18395
44715
41541
230
48871
16158
40859
12052
15587
36865
14118
48707
29687
37561
9487
13095
14831
56123
9333
28124
47593
15337
47161
61585
17329
2721
31201
6229
51820
2346
13031
14532
25044
38257
398
21299
40169
55765
15473
32725
47365
13676
23411
27105
16186
36868
64912
48686
38041
34622
11571
33590
50414
1671
54767
14935
63279
8391
62158
51397
17735
17986
65519
30016
44015
23815
27096
59888
27331
57465
12830
64163
46758
44427
17414
45791
50337
50706
56427
19281
63679
52845
62014
52278
54385
61626
30189
32434
30703
48656
57129
4988
18221
7083
27101
12165
17727
30232
34131
27882
44994
30103
29279
1038
12285
51354
35177
52876
16932
40967
55296
27866
1255
44050
58440
19112
35125
24238
64224
25504
10475
8381
48864
35636
15782
39039
18449
43960
3537
7158
17291
41995
27601
15755
29504
31510
13962
18851
8905
58912
18426
64842
12310
36998
63267
35624
35439
48603
8438
45062
10778
1544
34664
9253
16261
39539
55373
22448
57647
62784
11344
49512
13344
26163
55909
37632
37183
9424
60185
43230
48174
61746
1591
59891
18548
16700
33404
20127
27287
502
40602
46986
40946
58270
43217
5153
42597
34665
49607
51531
29092
64891
5531
28040
7300
55647
30707
55559
19303
7763
5902
15407
61597
39862
23462
14110
57967
34160
9851
51826
48594
6227
54950
59543
6774
19462
54567
62231
51066
24251
9793
62713
44022
45220
28738
26502
35707
14403
53129
38308
4736
39610
62895
21458
11531
44146
7748
12663
49722
26454
60112
55691
6941
16690
47398
55561
38962
12189
30872
34063
3725
24370
44438
48866
39789
2301
42826
53781
22938
14768
62748
4509
42676
6603
17746
26568
25279
50199
55442
29195
43798
57812
34807
55283
20446
61820
21186
9328
26967
13616
49704
35665
22878
35748
4214
15482
42956
45922
28989
13194
13431
29811
53938
22630
50786
29346
7341
58939
26498
7830
56706
3318
29469
52534
5515
29295
63675
55534
42734
21142
5042
55184
30162
17993
19353
58791
40270
5283
48002
8530
63973
35628
20228
18332
23204
8670
4420
45638
63254
17520
3514
10948
37927
30436
20436
63478
53508
37999
30646
46316
51667
1264
41023
32943
57890
41161
606
7582
53646
25320
307
15402
14837
54927
64428
63443
56700
61501
10190
40544
36538
5525
47675
24483
57869
51525
64974
36512
50186
34930
8033
44491
3998
64246
56424
36392
20849
35280
34589
9079
2424
48511
30944
50949
13803
60092
58449
34950
39430
30843
46406
43831
11161
61942
31804
29407
13049
34862
39887
39585
28208
35810
33678
47655
64497
28220
58346
58557
47636
13082
44107
9005
40278
36547
60136
26587
51402
29419
55316
52998
18994
57733
21679
57446
4052
64652
14919
36116
57015
46553
4834
18598
9756
57238
8550
29063
29497
20065
34520
28383
21744
17075
51423
44949
25014
42796
65155
38498
23914
9523
9983
26749
58663
23297
15514
4697
32664
36893
25439
61677
49355
55268
24531
47341
48405
25104
54011
9454
37205
27104
48501
29542
42059
22215
25815
31401
46184
62573
21766
18662
39722
39489
22677
63382
24786
16914
9703
35422
42379
1700
11004
28245
30063
27486
31532
39048
61032
11478
14045
46831
56206
22004
58065
31321
44796
42396
21831
44174
7051
58341
57643
41622
36001
56597
57743
41499
25646
40022
51196
57327
21201
43671
34699
53367
23506
28956
49218
14934
35943
27279
30068
17852
3864
42092
58761
36580
36289
8973
49525
28407
27063
13385
11031
58192
51283
21001
40135
5993
48931
51282
27221
47913
46643
40157
47278
48963
550
42417
22826
32883
41418
19714
54190
3126
45462
3336
62766
45880
21185
21662
13904
14143
6859
46502
23226
39593
6414
52295
12561
64052
14017
33408
49681
4146
35882
31911
34328
39136
50461
44681
4842
35909
18393
19244
6084
6626
17131
34278
22538
48778
1986
8443
17396
19813
20379
24003
34897
8825
39732
60699
40012
5695
20148
21502
31130
15195
64667
30739
37481
17686
38854
42709
32518
14890
48129
32001
65329
46208
53140
7897
47170
62292
9558
2423
25516
47172
52618
5372
42369
23866
16533
45654
38511
50149
9517
28568
47666
27831
20960
11603
48218
38445
11157
10977
57054
46867
20014
44474
36455
19632
55865
9225
35912
35398
18870
14154
47724
64669
48862
53897
2474
43521
27594
20754
13822
31484
62214
21711
3542
45525
32971
64934
59460
10814
11429
32659
2625
37221
26972
31385
54241
60448
61198
17006
24203
33518
31849
39886
28003
40153
17283
31467
40080
58947
31528
60861
29181
40269
60836
64983
48941
4018
41420
31154
57550
9128
11822
61025
9933
26569
5060
21784
53743
39851
33755
24208
13099
12017
44601
46762
63815
64792
50244
793
22825
38253
15307
19468
35992
32676
64599
6562
9771
57441
44140
9507
7500
63297
41795
29177
53476
31266
20072
5701
6685
42899
52687
12495
37375
12795
17232
42547
64770
15613
61771
14418
32014
10822
35908
22297
45666
15215
59817
35932
65299
899
61153
56309
64900
10158
22750
44634
32692
35326
24796
37962
22127
8442
57684
2192
31546
40673
56787
64144
5316
49220
32117
55404
25207
15228
52336
65466
18306
24736
60635
51789
62779
39931
15568
28712
51206
60512
6694
44349
58353
13275
61884
57311
38509
805
6598
1933
45786
54225
11595
37576
10645
4755
597
64033
33433
57300
16196
28459
17629
37083
10684
1412
27627
38995
56906
59378
41783
53166
19253
37873
54557
8893
6742
19496
6127
14356
12200
23342
63573
55798
1702
2105
46508
52438
61919
65391
18137
2161
16990
59052
16815
17539
61513
52594
5810
29163
5794
41129
58613
11343
817
43929
35417
10460
39705
28667
49128
46917
35131
49785
53158
44632
57065
35913
21133
40955
54384
38105
4043
54030
34857
16006
21430
17460
3351
23476
47430
36052
26389
58194
35894
59056
6810
5012
20779
27481
15466
43482
8023
64067
27314
48154
58197
43508
45215
20204
34488
60586
21614
44571
46267
31811
60438
65010
28066
12687
44231
12398
29939
34400
57893
49702
48739
14216
20489
667
65158
46493
1121
17408
29481
13137
58179
43937
2454
9228
41084
16014
8594
5161
42253
14048
6355
44330
55335
3910
35774
63329
42504
21684
2237
21682
43105
38282
20529
44385
58911
62794
52375
24344
29226
22570
4491
35128
35132
55645
28134
12985
12064
38283
45797
64734
9289
63105
15630
35133
42337
31406
62383
37562
13173
23537
13677
46705
59703
13516
48373
21712
43120
6964
27181
18107
19461
23635
61627
41210
5235
36045
20964
37329
16714
43143
11911
63804
35463
32888
32475
35385
32049
7972
5367
16708
57390
3955
63839
40543
8166
26763
28215
5806
10991
53057
52079
13392
44849
32746
4031
22373
39009
31838
50342
43257
14828
50095
7031
1065
27967
34106
7243
21006
24588
42028
14302
14546
21049
1827
19394
60364
3561
38786
38784
4564
42223
41624
23752
39504
49802
43852
30442
6506
786
25785
29094
15515
19733
30462
11503
44813
65001
64017
63895
13556
19236
61474
21642
52274
21944
26052
47106
55219
56440
43457
6389
46429
45556
8486
40791
57044
53979
22087
22272
25184
42939
43999
55686
55823
216
25938
61584
44361
20344
28056
42006
39915
52481
48863
64297
35450
27619
52586
10459
10175
33729
63552
28039
15729
50811
48502
46421
26201
9803
23251
41401
31511
53682
28087
62817
52934
16870
51370
60340
14047
24536
43838
45721
50682
56342
38104
38838
6114
39590
19308
14200
59294
63805
26675
19428
16656
65484
48879
64376
32059
4649
50687
22950
45457
22818
41455
18144
12436
53096
56152
24132
21834
60873
30160
48754
19031
30235
18372
5276
24696
54578
22925
11497
44959
33461
52860
35383
8764
31731
34477
19040
54436
42719
57103
58432
36200
53688
42293
39403
8342
10218
44160
25264
8891
45439
13547
16780
25600
10438
41516
6082
958
43534
40448
40531
196
26308
29352
23891
24404
62281
41350
28555
42931
30767
38775
29018
26764
20786
39382
7794
39944
19849
23277
62324
8490
35400
33050
40920
57055
7414
60868
48882
57757
44092
43783
32484
53846
12278
16662
40729
6359
1505
47714
46641
50955
32015
62896
16749
7695
29907
41140
11948
46304
63560
46492
27774
6734
57329
44483
32116
25270
35986
26167
62961
51707
38203
58350
58091
25680
53944
51181
59171
22974
62505
38334
37458
10661
36092
12813
62929
37103
57660
52441
59010
701
32625
51621
2274
53945
33000
50605
15778
13745
44811
30567
32524
24496
37308
15852
50963
3786
14112
22837
59179
31449
28696
308
37680
60897
31796
46186
47845
38136
16232
28327
48145
57323
47352
41343
61582
11840
63677
59331
61484
56384
36736
28421
47592
1696
39226
49699
37784
58829
772
48661
6022
29197
598
30310
10331
36253
56561
37207
4388
9847
8815
52913
63287
34686
16717
45112
15114
62661
34374
24499
55399
62351
61426
43819
4522
29620
13563
28855
34216
17197
20611
25073
63358
27097
47567
61542
31391
31841
44784
32615
46265
38272
49505
15174
60632
61114
34949
57949
8269
53235
21988
62407
46143
14395
20375
25448
25756
4645
34522
24464
52509
51336
57125
3225
47062
54620
4789
37826
41598
50306
21012
9350
39212
63397
29268
23109
22885
5741
19222
25863
52523
8416
24623
41135
62026
31258
38673
24863
51515
13893
41217
52027
12007
30347
9939
30099
29034
22964
58697
45004
42413
42753
6108
32668
39006
25227
23274
24846
19844
3596
8559
49534
41256
61760
64013
18312
4461
55387
39645
24066
23244
7453
22714
34791
32829
795
51157
54127
17165
61532
28644
16941
29022
58377
45847
43291
44153
3992
34882
13738
40919
10314
6334
33459
27059
21235
28843
59295
51922
48457
46096
57525
63107
22319
27315
49700
58932
49720
35355
50391
9994
4603
47452
59014
54894
26490
23198
49590
27067
41570
57408
11403
4392
12875
61691
61257
61828
61279
46877
63683
53594
64405
37645
7714
18828
19749
28063
22542
4829
40287
11652
15446
42085
50390
48821
13953
64783
51493
41470
42894
10714
58492
21205
57577
21290
40017
36692
23041
34805
34542
46900
724
2058
64654
34714
59118
63012
21302
49845
5301
46308
33578
63832
23102
50048
29838
9200
56157
46241
64597
9417
38358
22167
40401
50881
20641
15486
63490
17916
45819
33389
45839
923
32768
53337
18674
25390
12265
50362
9164
36279
35497
17294
45751
23908
34636
51215
26855
2341
29656
62367
17924
40478
64321
61443
28150
491
8592
57275
62762
45467
56175
9112
16275
28686
61493
36945
12691
62705
35036
35817
62136
16032
31437
56620
58555
89
62488
20673
87
31163
12389
36226
48576
10320
36968
11678
19776
16828
44011
49166
18026
47506
18834
10595
24451
57199
34250
2646
26780
15083
16147
28857
12194
9628
6471
58467
53526
30758
2816
57358
18642
8084
5726
56656
3347
65041
51993
19568
9776
5814
13936
51507
32464
19501
14368
45855
17099
12646
22105
16165
41171
26852
60905
29479
53909
25201
36916
146
41035
60459
32720
13626
48622
6938
45863
39325
17376
7675
47302
32387
11956
15044
2565
8524
52299
21862
16164
45858
51693
29734
39418
36895
369
37122
41639
31577
62966
24209
22984
52039
9160
36539
62574
21113
294
32279
52931
28413
44382
54568
44620
41683
45024
23296
54424
2939
19383
56708
58731
53999
46140
48266
14461
61169
13836
26723
30175
25966
42493
16838
64185
11656
63006
27090
5157
53610
41394
36758
27631
38040
65125
25791
22599
55330
18687
53787
4082
44052
30643
65182
65220
25765
42385
17943
14986
45795
8836
1839
63025
60389
37538
28290
37430
33260
48140
54968
34039
64708
49321
42277
8249
35874
43310
14351
1220
13613
22106
57862
17200
32531
18461
52089
21913
55242
37274
27060
20798
58302
1426
48303
62532
785
12010
53577
27733
17063
50240
25772
14321
23592
2872
23188
17051
29130
34342
5779
22933
22589
4682
47002
17748
46506
61640
19996
48335
6447
1237
29207
30355
35065
24174
8020
31896
36932
45672
22194
41250
4607
47386
3925
42110
18120
28493
42199
34782
37901
49665
26332
49464
44746
36782
3637
24507
44359
42412
41392
22652
1817
17437
53664
63057
42537
18739
5085
36055
47963
52333
20353
46289
58876
2258
58241
5014
22042
47225
32665
30025
7405
65018
5148
46370
4498
21737
54840
63670
41539
3751
27320
17435
63098
25940
46160
8785
1348
28436
16151
39133
21804
42267
52900
50553
42987
64474
8063
22507
2976
34740
38367
62597
37592
45731
55432
37042
63295
23668
33124
46733
38904
7000
12098
42362
6806
52553
46551
57515
54711
2240
65101
16427
38793
7760
45827
21998
44142
479
31567
5305
36029
15066
25252
16138
61734
20924
42449
59263
14261
18049
5405
366
58466
64634
57616
27971
18299
58066
4806
10795
27950
19056
30253
44652
53965
47342
10255
24513
11342
18167
19488
51249
16386
42858
58131
14417
40626
6565
6464
30946
36949
37147
506
35088
34352
34512
22758
64816
36712
1418
30941
32835
30098
21377
4414
29635
1043
47500
13778
55699
51945
49767
52420
50155
47253
19268
58121
46320
14018
30921
10515
27143
23970
45820
7793
14806
57739
40306
7519
41814
29035
16719
13546
9688
16759
29396
50763
12527
6886
50072
45387
7516
16843
40122
35040
52763
14286
10681
6358
63201
3174
41813
22954
64217
37391
64021
22322
22920
33514
40074
1073
25394
57516
8380
12378
353
34715
20772
58633
832
49703
28122
52423
30990
13107
8716
1750
16897
36190
13379
56682
58809
1088
19336
36679
55
20116
34909
54075
17963
18090
40141
46431
6016
17853
28697
45765
60009
613
26329
27346
8127
52160
43499
55794
64814
806
61177
34948
53141
34459
20287
42111
15167
37478
60489
11680
10779
55552
58627
60052
62063
41095
7703
10676
15198
59493
59576
63486
28761
56453
17839
26492
26766
4103
17925
31226
7291
223
865
15194
18874
12640
35520
14415
32992
29691
20300
43558
19685
64198
38834
18424
54158
27428
52779
8655
60242
9114
19450
51926
62616
39992
2084
26901
25635
59620
31404
29765
40361
58201
62620
20633
16492
60782
40588
18439
33709
1248
11691
43350
31110
43010
10808
33644
16622
56743
37961
44086
33615
7294
64858
3723
54632
35044
30577
8946
11183
44717
58665
24160
62924
42885
25614
41215
3113
43000
8964
8170
30397
26351
11894
15732
51151
9555
63769
37847
53602
36227
56576
31807
45463
19447
22310
43477
1638
59245
31959
46983
56834
32372
58355
518
3787
60607
6654
34790
19961
35453
42487
51392
4696
52989
34159
29333
14840
11215
14712
11266
37363
4272
24731
11878
53489
41223
62633
39953
61235
45715
59085
15362
41976
17102
15720
16450
47291
11018
61017
29860
29846
31128
33682
45980
25914
37231
16462
65355
55788
47462
60022
30003
2441
11686
57846
5822
35333
7162
11329
38125
9219
19241
40573
11138
7227
21714
16038
6902
35054
60196
49445
60563
64171
54963
11364
24798
4025
40097
61111
7209
5665
49853
213
52230
40086
56917
21455
22135
37717
63226
12242
10998
64841
1391
6400
52050
15773
28831
27841
51688
52227
9621
64853
57490
58490
44904
57492
12133
55254
60138
43197
33092
8239
55079
20368
5411
19984
34769
38174
62181
33592
35531
55444
58074
39777
46122
28921
10899
19509
4528
11993
64521
3771
38890
29760
12184
17204
11561
7320
32874
56496
9879
19653
10646
24443
30035
60538
51883
58518
16043
44212
33134
9949
15888
10846
64379
34439
7654
63745
64296
16495
50680
933
35946
50970
30815
19983
23606
27976
14718
28993
43147
36376
5291
33291
16574
15503
19387
50867
39714
57206
23287
52471
59702
14645
59385
2304
19774
29005
12781
47373
38769
1746
60134
43227
36559
48
11227
50543
11772
57587
55831
61812
24706
62865
39545
1527
15275
61054
31902
18651
53851
32185
57584
56822
20655
52063
28755
32344
7574
64456
39214
53881
32739
44628
47901
24380
10447
41126
36664
33424
44786
47836
59894
20791
40205
40088
32000
7517
16754
46495
31071
49895
53507
27080
34430
34819
65370
62790
35395
54815
3357
57005
48519
16987
56912
7246
27167
40376
40576
24589
38296
49834
39021
32973
46729
25335
40736
21037
14679
21071
61055
48118
11715
24740
58191
61037
13731
17227
44376
47024
15677
18982
3505
19706
3934
42127
20159
60720
58525
54563
28550
17926
37994
22779
54916
53697
39787
35997
57433
7150
55675
25440
48468
46476
13727
34878
63814
55430
61756
33344
59667
11240
25762
3659
8883
23485
29141
4445
34199
20388
19658
13682
6045
27076
46312
11930
9013
37556
35171
21403
5410
11621
49148
17265
20074
62153
28542
39093
65235
8100
43282
15122
36841
21322
38821
29882
5390
26088
28913
47599
35841
2061
16011
31706
9806
52802
44635
46828
5992
58458
11891
15156
39648
20948
49082
12166
32958
41319
20077
31672
16573
46854
64484
63634
36237
39390
16245
32563
19536
61273
39606
22240
16630
44970
3083
62515
50103
17237
43011
1536
27391
25678
36659
8983
36356
54572
5521
15148
54185
48527
41910
64569
63541
29754
54336
64980
56104
47191
44842
17014
39667
553
32620
1587
52595
36340
25955
28819
5919
64196
19870
25316
33263
38791
4294
42900
40242
6521
46974
36357
62147
4935
49931
55436
7721
26399
63134
39976
4869
1636
40160
10788
60212
41332
53670
52220
60151
18117
57344
58183
35760
24330
57334
32490
19452
29593
18091
43747
39672
36352
18147
36982
35392
33559
40527
20463
11302
24093
45208
19695
50332
40087
60839
2336
10338
7506
41886
24951
10110
26644
3017
2399
4873
45879
25729
53145
49347
23922
31153
28020
2406
14575
19903
15931
12443
6473
2087
7023
42932
39987
13718
19411
20246
15325
11567
34245
49245
7380
24402
24978
34082
33215
44082
2901
39917
3015
239
31954
20544
31367
39269
53836
16295
61924
53425
29574
19267
20406
41591
16298
22594
13659
17567
47308
61072
22302
30058
30028
49867
27873
14566
38530
59029
36902
33491
27425
2664
48810
2782
36016
3265
1417
31520
26922
2053
2560
32849
15137
57027
63616
18408
36384
20438
4309
3287
45453
31661
2137
21999
14678
49613
63361
4195
54119
61782
29187
53872
19350
21828
12899
41789
9475
42693
44390
31026
17489
63007
19197
727
44161
51563
45870
58708
54214
42754
43701
53261
16420
63527
62681
23644
21721
25820
41975
38859
20313
53025
44567
7945
22015
52409
43727
32034
11045
9807
21134
32851
61248
25554
30803
54867
8182
53324
60542
35364
19052
21575
50777
51831
24617
8064
47511
5120
5044
37321
26801
32769
31615
49730
45673
23400
48493
21460
56276
7324
62522
47079
45950
53880
32836
13568
15285
53616
39904
48408
20009
50799
27690
29509
31786
19701
16773
41406
10830
56837
57013
52997
46225
56886
16902
20748
15978
13294
21816
5667
20930
976
16940
53384
30645
51582
64364
6895
39019
64232
20169
31402
12474
26300
14973
25263
46382
14512
30113
11646
48312
8409
25343
52532
50316
42727
25186
8562
42033
30425
62432
26278
2104
4794
60857
21056
1905
30115
7795
61616
36898
47958
9367
44847
35770
35744
13016
59158
31897
14171
28744
34943
19181
18265
16522
62108
3291
39069
61445
49976
33142
12811
61589
60449
60385
7993
4010
20417
29284
19611
15696
23355
38767
36243
62061
45683
44757
7040
52572
21624
18101
59822
59535
12722
28656
4912
10677
56404
32493
61094
55111
23494
8634
31195
8586
17517
39830
51311
31871
62412
41726
51344
39511
16178
15884
7829
4981
41371
41628
34853
63636
52698
15628
1150
32212
10777
6740
28034
16062
30112
4690
41480
23161
61414
27676
25902
23531
2548
12732
6667
54779
64055
1506
10970
15666
49438
41845
35637
28320
13899
41702
44243
2321
53773
30349
15253
1313
3981
49594
11402
25724
4464
4629
6009
25560
48883
19006
35415
21727
54983
12880
43150
63964
15393
10468
8434
49476
56758
59811
50514
21115
40101
48453
34135
3190
8917
22328
38587
61030
63488
49330
51448
21042
49550
5833
56010
46332
27301
32499
13335
1272
33445
58156
60165
27027
7661
43986
59566
47183
23654
44121
30500
5107
15049
60904
7507
49839
32702
45327
5187
63958
61631
45320
59176
16140
62466
58780
29642
6155
63962
13671
60926
36783
64549
15124
34484
6814
41787
42231
58666
62250
12308
33192
15169
29814
56744
4691
58524
21745
33540
47673
43548
31238
10148
18289
63015
40150
11700
53031
64977
33541
47778
17833
52302
11319
33689
34072
40393
36369
11064
20323
635
15318
35923
33098
44058
45042
61816
61521
51356
17514
15149
16345
54299
51846
648
44868
59364
8237
36735
1160
43709
60088
9195
37734
51608
47221
31759
16124
29807
5946
41656
65236
9009
59986
20604
41825
31269
30629
58527
15516
37215
53268
4730
15179
19124
50570
11165
62188
34396
43840
56871
17906
62820
9089
15479
26016
29148
22863
4271
49344
15641
620
49153
36646
41460
13737
15263
32395
11110
25087
22792
532
51152
61663
13608
41770
8494
40800
56668
27421
46614
37931
22679
1318
54706
46384
11373
19304
23180
8009
4885
6619
43281
25147
11176
12677
23643
3957
10260
37279
13600
38770
35211
24855
49018
63645
39813
28664
39140
61968
54000
36315
25903
38372
56979
51880
33531
41063
52306
59025
4692
50164
37848
47424
6276
6746
10129
6247
12907
16569
23578
29940
56089
39129
48428
37810
63170
12168
10192
38668
21091
21072
18596
41329
19725
15115
64414
32637
20393
36462
15141
42999
21911
15357
54592
38730
61472
20206
14817
56208
8192
48097
39493
60390
38994
7656
54651
29252
21875
46006
54066
5319
51457
15616
31418
53110
4310
29172
48822
38837
64529
24640
58572
2470
48422
43080
64577
60520
15769
46662
15571
13977
56495
45986
46355
24739
42782
13278
7410
9828
22144
40089
5828
5306
44775
1747
53012
61003
27427
30418
37906
42057
65498
39861
46491
29800
53332
45449
55797
6415
33923
33203
36650
8258
53988
38140
23488
39075
53357
50219
42955
35457
48304
51419
48079
40893
24154
35011
28090
1268
50633
63493
33332
62071
39469
64838
33938
39345
22288
22518
2905
1294
4257
16144
1098
61793
39096
65346
23017
60682
36240
48009
10367
44790
59330
37996
65296
11779
10100
56341
723
23143
4131
54695
37667
53931
34608
11480
32929
44528
22365
59657
36038
59000
8830
53628
39315
5931
19672
42476
25451
18965
47533
9273
46607
690
29409
4076
44044
6209
5503
18464
1203
48676
60408
48834
11303
16047
16713
19526
27949
8152
47367
19595
31123
26906
7944
63010
50067
53424
6442
14574
47495
43253
30465
48103
47016
48220
64001
34678
44703
26784
12426
61673
16808
27587
18028
17224
15015
64048
52284
18664
47858
44536
10017
26697
51908
18209
37929
30989
20996
42212
39097
20545
50277
6312
22359
204
7676
6820
53795
55065
26517
37946
45780
37813
47648
48617
5128
5632
3614
19788
7494
37236
42958
7326
1980
30430
14764
41148
15330
14861
56874
40148
38985
43278
8749
17944
6666
13741
17543
25992
31578
59243
18053
41299
23572
55346
28345
23595
47317
62262
54609
62959
4232
22115
13298
45901
6698
40694
52985
26862
55156
36492
8979
35990
57177
29904
15821
32061
63849
20590
39637
29725
36769
24524
63585
59925
62206
56863
29291
25654
15739
4070
32420
44408
63081
7383
45264
1242
881
12649
22446
43632
347
40898
46640
8264
30920
63563
45741
19219
64859
31478
33993
1147
22579
19049
64259
40677
62694
63876
37947
29777
45728
40230
7371
63129
48533
9119
63164
12731
6120
49106
43106
13048
24178
44186
12737
37364
1792
12798
14563
25256
35631
29024
47649
1307
47033
21885
20173
23874
39022
50984
59084
27854
33875
38559
15411
4679
60595
25584
25755
11151
58610
35843
19571
65300
8817
59628
42365
31286
56998
17009
30142
62679
5851
1341
39216
46067
38745
39204
2752
36813
1983
22313
58435
15786
31263
4279
28933
3376
24355
64176
24637
23835
49869
61091
50494
9070
9198
52294
42065
22256
32602
36073
64615
21374
53971
50355
44239
5093
62900
44148
27068
34596
45629
62141
7299
17300
52378
13126
6254
29659
42609
39587
15707
19074
1927
30088
754
48159
51058
58515
792
7790
15709
11494
46709
6870
59905
6683
2597
4664
23770
54266
61455
42326
48548
10542
57173
17654
63775
32546
8985
65462
36519
50917
2450
54175
21957
20117
43546
44661
19626
52323
28088
31855
42351
17140
19986
39324
55168
12087
10510
51988
8092
48479
63631
21869
3450
37600
59539
22544
53625
39149
1027
12765
16148
50612
25257
13198
41586
3594
38297
21929
14749
6877
35575
42843
60558
56728
28791
49013
27768
58554
24325
17552
31673
11404
62210
63184
39273
4652
26243
8928
24622
7009
26206
63083
21773
30167
2517
61076
13002
38783
55837
27333
27816
35001
45908
30476
59876
42688
62795
18805
16202
62081
25305
4385
35493
58510
35961
19959
11348
29594
62501
38121
9674
38085
13573
666
43418
25696
10703
52701
57244
892
30750
61151
6075
37165
42864
41467
28105
53687
40206
26372
32761
22451
16280
5268
38434
64952
40515
9735
46164
46059
46485
39733
21528
25100
23436
17220
37306
52446
19012
42950
43778
6857
58381
37870
24289
10112
65180
38804
24970
34291
20928
972
17899
40070
43107
25395
46412
16125
33213
10717
62289
46380
5832
34386
35149
32598
59746
5901
11581
51595
370
32575
50502
2147
3301
33027
47791
39166
15178
63635
19119
57969
63821
593
46647
19752
48928
18656
17736
17399
57908
12624
13919
2929
39566
54296
40466
54663
1654
3201
27021
40382
20431
64578
12725
48273
61102
41265
53219
47825
26611
11206
12115
51149
59892
36988
55705
50079
2298
5551
57514
49111
584
27664
57468
12458
20189
21578
33550
36430
43126
31136
2937
52706
54673
2384
29461
16812
4647
13689
51702
6879
37710
17289
3048
54934
19781
36808
7999
8717
41144
18764
26469
18588
26274
10010
29567
7403
13544
37248
18765
5654
14820
46746
6000
25468
6590
33457
60630
31448
2751
40351
44170
15469
26605
64019
5711
61975
33602
61940
45576
25824
4688
18723
10384
15252
52454
62771
40830
3388
33576
21305
37762
30197
62774
7971
54656
59400
29123
57191
21987
46415
60826
21419
43161
43360
41357
18337
22701
28156
39535
23790
47877
15865
37777
27019
64595
12223
21353
12432
12818
33619
20563
30478
21000
16193
32106
55082
3560
44255
3931
5288
23409
55580
62787
23043
64305
2884
469
30479
33598
46593
31150
55599
17873
40869
41601
2773
19637
59235
49911
64748
6682
8792
2370
35650
4015
13643
4313
18744
7992
60072
3661
23868
59256
60735
44924
53593
24784
54722
7504
55593
19216
4535
46294
63275
46685
1041
41058
58920
47486
64877
65427
41939
10629
3395
64010
3142
11417
23698
3348
49544
39754
46892
8606
27675
61714
51452
45967
3090
43643
33608
35204
5041
38939
47097
49251
4069
16283
26096
32860
6525
59835
9448
58601
26058
11040
39855
43896
17856
57917
4343
50285
3009
44155
14992
27570
12227
58314
63976
39135
48804
36748
20151
22258
42917
45656
56337
20335
8868
16806
27941
14100
50198
47345
60648
45186
4596
8622
24655
58953
1649
26110
57403
10366
58699
25769
37627
12956
26304
28254
56657
3305
52546
7107
56746
38750
51761
25716
35717
57049
28329
46077
22651
10117
48917
29099
58096
18582
30325
50774
63966
56032
5735
47201
18550
29682
28713
11123
9900
52638
7347
54641
17350
12768
56836
63349
15384
53445
53471
25505
12558
62538
44958
36336
31310
23746
16379
16335
64789
47575
9056
22592
48708
53466
64288
64904
13365
9835
30754
53400
46548
28871
6375
13324
32393
21768
16320
51958
56090
12284
49337
37063
32035
46413
56617
7690
1174
41379
46212
2066
36884
15953
31498
58176
53730
36298
40325
34989
15086
29057
31009
3620
43551
43529
55464
7705
32556
48067
741
35736
10926
17819
6315
43637
27271
58580
27670
21978
6122
13319
43861
26320
15605
31819
18371
21399
13604
40628
32317
12881
44059
34861
26028
21931
28051
30481
25128
41089
3094
26540
40773
12120
37783
9
18534
20163
47740
62333
41713
40387
58756
49498
26924
13602
40596
33143
26193
42410
51520
16039
57612
2771
53440
26760
11769
47630
14401
9534
36994
33355
62552
3843
23778
12169
59273
2313
44637
35792
46276
54123
25084
37517
54654
15028
43886
58507
57875
2350
39893
3683
63610
55896
44545
9404
49288
25415
45100
52293
49890
22132
17512
21259
42355
34663
20675
46580
41763
41805
10377
2149
6150
58386
56618
23364
43246
1076
9695
52935
63918
20738
52364
40381
36761
56509
20868
13220
20667
24096
1067
50185
45605
16304
7564
13724
65264
15826
11173
29448
10775
8567
24138
51663
19893
65325
61717
34940
37832
58389
4300
59659
23252
53472
59742
52880
63321
32163
212
48308
30402
22422
65279
17260
54048
22799
4519
55659
63078
6457
41508
38396
29214
41588
24726
43540
55045
56639
25595
58368
7937
47934
20498
19722
27726
29850
64438
48789
23386
1821
57058
35448
40274
30085
38522
22224
12828
2635
34161
28276
28453
64700
42278
38154
16362
57181
48119
19018
13450
18391
14054
42166
44787
8304
19027
8797
58108
40999
44439
35335
52373
35226
52354
28733
28350
30737
11366
60546
35301
14253
35958
44854
6231
43514
46677
48701
22393
26599
20629
39408
55320
20519
18924
56948
46561
63741
29696
50548
26330
65179
31063
23112
1760
54319
53090
46114
40316
51676
662
33763
42453
57849
5002
14197
15380
57227
56346
6157
25295
36122
53068
34420
43966
17834
8403
21332
25250
51889
39497
7148
36746
51042
31972
48698
9357
4580
21398
13248
10750
21505
38623
10231
36680
40355
35941
43864
20255
41985
2616
11522
17900
49472
18281
19065
42019
38596
36986
40364
10845
54918
20432
42088
588
35849
22678
23154
59329
29604
8959
13889
17166
50052
7391
9889
29554
24141
39884
14429
9512
29695
27384
37051
10572
34552
5577
58542
38589
53474
59374
54103
35542
36780
44329
33463
50828
10887
41437
38452
64193
19841
25414
51263
53684
42397
20330
45260
15671
33894
61214
55270
34020
14795
45662
30008
23124
12395
24686
32426
25801
8157
43415
21202
37448
62208
10332
50573
27460
59827
32415
13019
63819
55102
1603
33536
65480
51662
54986
7217
60284
47967
22184
27574
20864
3230
8618
31378
46231
31168
17732
143
24553
9578
54171
18499
54780
36596
65414
60217
14288
60195
3278
61236
26295
51116
26008
62307
30205
2756
28783
33082
60070
59923
23787
25514
38851
54203
56548
7317
47831
18553
6044
45566
18429
21705
52453
23776
26657
63813
47276
1163
2766
9661
54007
4774
45648
46583
5694
35141
53818
28257
10176
6238
12868
42448
39796
54473
27805
15343
9168
6481
28678
13915
54396
50420
41242
41053
54166
40558
20933
59556
61358
6178
9071
43787
64007
5192
44554
46371
55194
16328
3102
35276
21636
796
21172
36153
64307
5331
44209
19951
36553
48742
45471
24699
55972
34503
44605
16531
16431
49427
29028
21414
58484
34979
23706
61394
2899
61026
51838
36885
42454
22715
5568
17505
47644
54138
29498
19740
36109
61081
36419
21759
33501
24749
9186
25492
47487
42353
30042
38426
35837
2312
45579
55499
17608
47678
61168
6059
39598
42780
52542
43288
15808
26827
52247
30569
17000
9416
27147
25913
54423
714
4123
46458
9127
58887
1354
35458
50583
62910
13334
15946
51995
2978
64623
64373
51243
19161
23771
52379
40679
1516
49005
62634
22116
7329
61245
62839
40716
57539
23179
15913
26216
30591
30778
52927
47153
65486
1454
49306
20055
11815
61889
10581
10615
31070
42590
27184
19378
7230
62330
50582
2760
36527
41663
43066
33306
56000
27075
11899
64287
64926
47045
17981
18194
33837
826
6534
56658
50672
11244
22505
39250
9920
29074
56392
1537
60144
23896
6484
49377
5129
27128
44609
860
40492
52205
22704
52352
14057
17768
39483
34152
37768
65398
59299
44294
38603
60467
40481
12329
62079
42311
40912
2944
47505
42916
1512
19923
38940
13251
61696
51406
49298
33349
6678
63525
5159
28182
58958
53523
58577
47226
9800
34696
62855
59788
16434
26152
19908
11204
64441
28572
52712
3368
52424
29655
47792
56508
4317
10350
18958
6860
18496
9220
987
27855
39409
44655
10898
9860
59669
1054
55975
64919
30455
62770
64556
57219
60651
41931
65050
31777
19187
64083
19613
4020
13014
18308
7100
16042
3320
45848
48201
16244
59311
38572
15758
35891
8056
38404
5956
47512
46898
11820
51574
21349
13129
38304
36102
64028
7052
43611
27077
24747
50469
24489
24629
64189
14413
63823
40130
51524
12490
21043
11735
43498
49771
37149
49254
57361
23703
63603
38619
8172
32934
49394
8345
8413
24303
47440
58116
25289
19188
47285
10499
22298
15464
23781
44122
64118
40257
14851
46132
37136
15010
58954
2679
58566
50492
32265
48400
38476
41320
19457
35470
1476
17340
22484
46272
63375
48911
62093
19764
60305
51486
17707
18627
27839
39557
9457
22064
32569
23772
31650
62671
6873
60428
852
31733
37323
15944
7657
28340
28157
32111
53450
31778
34736
58915
5933
17866
54652
10412
31583
59412
60080
38403
40072
35307
28501
50783
46101
25481
38933
48933
23881
2598
50073
55558
62867
64135
57951
48144
21466
52204
28323
20363
33443
27449
62588
23605
63890
23049
51337
59639
60611
46870
10958
34649
61997
11991
40613
60714
55227
19832
6347
6833
16844
19796
6056
22459
9179
37834
26305
24811
19021
59836
8061
61312
52710
48011
13906
28381
29513
58833
26038
13283
40828
56301
15703
33545
6192
6164
60002
10002
10575
10894
2357
42652
8954
38814
50817
30875
53604
44269
10072
27223
55244
65340
32096
57545
34536
55639
35640
57835
39231
24825
59044
26040
34293
61912
33174
61565
25521
45023
48431
41563
21840
42852
21829
2562
166
47859
20713
40268
51260
16486
1822
33537
60566
4523
12804
37684
27878
54485
11925
26042
16063
37437
338
46621
9213
11753
40490
36890
17370
65140
31509
46645
47622
25870
33150
3554
50997
33503
51092
40284
59386
55299
2749
15545
57989
62220
14297
55668
33427
13188
29648
13211
43744
6398
63601
3878
5364
17745
48183
37605
16136
43718
38061
57750
46928
53146
55210
49078
35020
38836
19848
3378
43027
63429
49480
61452
7663
37501
64444
10451
11140
33337
10066
63257
54546
45181
37288
54883
38863
32208
63662
36587
59716
46970
29626
54599
46389
45811
31803
7392
16068
63659
39158
60207
27711
9073
57426
3476
51963
48567
32986
53902
54595
9061
61541
52083
62168
8660
6128
36466
1738
51170
20322
63496
10106
12277
63163
19709
55759
42142
46783
49158
42732
10670
8285
24565
25463
44997
5069
9365
53434
52426
9966
55796
12324
32222
31723
35525
53919
63681
17362
24941
28140
26257
57416
60643
20012
38798
29052
16065
60717
54877
31783
34801
16945
22785
4562
13141
45142
46747
59131
58681
21450
17794
40924
63310
42978
65103
33386
23784
27049
29277
23459
39255
17864
13870
3844
14944
36725
54201
5072
38353
6001
33956
42921
3101
56591
3460
10528
27615
12059
26548
11301
