25548
3343
39215
41434
29430
63572
36084
3942
4532
49449
24029
12097
63700
19788
28601
40402
422
20061
26419
46811
23143
5875
61268
56733
58747
26671
41110
3738
46879
3114
60135
59665
62265
30345
11635
9122
22014
49072
16669
41849
64905
52238
46361
53311
37789
41694
17341
42838
5312
56608
4716
41203
42650
59990
23491
10881
57410
15807
37076
27423
48555
57500
52476
41020
26115
23277
46001
15319
41861
6168
40705
28137
28463
46833
2130
38819
62815
7247
62874
52732
53044
7244
12711
40908
34422
50944
63602
10435
34949
54514
36474
5266
45082
29628
696
55194
25197
46887
46517
9281
19872
34738
47569
57476
59381
38505
50863
65179
46976
3136
46537
41336
45537
1121
18277
24154
30377
52680
27142
2634
19581
8223
7759
3934
6573
18853
16457
48359
17669
17817
63625
30386
29013
40337
41428
56430
61282
46905
62807
18353
17419
533
590
65366
54954
38292
44157
62986
43375
60726
22263
5738
62619
18464
38281
16136
57318
30384
54552
632
43737
32141
10865
15494
59070
28401
54601
53775
52212
25174
55787
56900
60375
14138
15402
47011
60486
6632
30269
18322
8882
50915
34004
40615
60890
7960
44183
19793
18463
31534
42563
38912
24487
1934
53697
18685
2638
15141
18197
3006
8631
19903
41835
19687
14443
45400
62331
37034
56093
3226
49140
47662
51497
51653
35780
38224
60779
42914
34032
36206
41383
59621
56709
51496
7872
62261
55740
60685
32472
4386
46091
39154
11309
57974
21039
40613
12995
42592
17196
58669
56416
7913
29753
62565
16018
36258
5826
38692
58187
24514
59910
5634
37746
750
37045
63976
59311
2333
14958
307
63448
9236
9224
458
37383
13492
1456
49484
43536
32982
106
53712
65461
46088
45134
32335
5007
53816
1193
12492
46437
32198
45202
45689
32920
35697
1924
24936
18544
62641
1674
24982
24123
246
21842
48495
65291
61242
56869
61966
23536
60470
19140
39680
48817
13045
40121
1668
26252
32103
44454
34789
55176
30969
15439
21345
48025
43234
9028
46036
56453
15436
19414
29161
34809
51612
7306
42729
39202
45216
32971
20847
1669
46231
58658
21387
44162
7359
33108
37995
58105
45914
4132
35373
60644
45898
37039
38629
52826
56934
5638
62470
10741
24111
51181
46080
21187
17643
23211
2631
23139
13165
35853
54085
60751
33493
38779
17451
39651
60637
56390
42924
27765
8137
9649
46774
58542
47714
31515
29602
29147
47518
60456
65526
63014
47146
12061
13708
40789
60238
46762
16277
21256
51564
9230
17136
31525
59703
695
9660
7129
46489
50709
6712
4200
23310
11035
18533
12265
63131
28857
23296
51586
11275
31821
40876
36169
32204
52634
10202
42812
50156
28751
32305
42586
103
33284
63357
18109
62210
51439
23309
11801
3291
954
64038
46190
13283
59163
62566
57784
54959
17819
22214
5272
29168
36636
25964
6446
21027
6360
31275
9280
29948
48516
45957
40149
59225
12868
50379
49035
12834
38109
5352
42026
14290
56814
43465
22818
16847
18012
41679
56676
38616
28613
17723
26820
2720
56301
30793
52330
31833
43488
43421
63658
54627
55756
65443
917
61223
48016
56992
11369
41743
61318
30383
31793
48428
60181
41315
6005
39207
1129
44614
3565
31028
35074
41106
50161
2791
13163
17929
10109
17450
56663
45252
4899
5076
53666
32671
7604
31451
23018
20759
48664
29163
4321
14775
14774
28531
28802
20187
46951
22320
20137
59614
48648
6695
2663
31170
53172
65464
25333
15454
47179
35396
48603
13153
25842
45563
40000
35975
28048
4295
36848
50632
62738
37495
33240
3522
44812
46134
34500
110
56938
12186
1894
44432
22488
47105
9430
625
59535
7813
26455
23895
53545
57971
10456
677
31958
30633
53449
4047
65469
59654
37447
27417
40857
5515
31609
63879
39415
27385
28022
57276
56515
39703
53057
47887
6345
1022
27538
39638
45055
60444
63464
35659
64458
32642
54283
61489
56443
34930
22975
65046
16517
40457
21230
20347
47348
45471
27425
35878
2951
2335
8220
22301
28809
10453
33054
57428
39734
56967
49034
33352
3472
7289
12860
32889
2674
23963
13027
8575
6864
48916
35698
928
14925
7429
65325
3975
35705
62345
8664
59600
20516
253
59578
832
7929
29603
18199
63989
39890
51188
39282
24896
4714
8413
14199
5599
59508
35209
12223
47156
39858
64721
53061
63524
17703
18691
39095
63101
23864
22995
26741
43980
59583
32441
31
56265
25116
36259
1316
59965
41032
45773
19779
19410
55971
23859
38560
38160
37122
2292
35158
38006
24289
18212
28387
37557
21663
56198
18827
11909
52306
58785
64848
28687
18619
64799
36378
41993
11610
26370
4293
52909
41082
7902
46306
57303
29268
43907
57600
59276
5557
24366
59648
46706
29633
27356
50902
52594
37948
54281
14988
62717
20782
18310
45044
32172
20084
34068
26144
24634
36304
62687
46968
34427
50759
6742
34327
50040
35572
12165
47071
4787
47231
12595
32921
14212
3982
61095
22403
6688
16512
38386
22519
36793
36286
49941
28273
19789
55872
20623
40002
56154
24264
4004
42559
5458
38740
62201
53670
32524
56851
32845
23568
57716
46794
13222
11866
10090
44411
48519
15815
37865
34846
13806
5626
41379
52430
60770
24549
9644
31612
29892
43861
18148
32870
18207
3919
35042
18590
17191
20090
52227
52215
21382
19008
21823
24619
25455
43870
44027
23861
11388
57849
31201
57310
12394
37091
9293
24666
51546
25471
59744
21755
56710
57636
30067
32783
40562
58579
16885
60821
24483
22585
62571
35594
34692
29031
32097
17806
8097
30322
54980
4294
46856
16147
17994
35775
48042
37049
29500
15535
2712
27983
17436
56527
3197
27879
5597
3963
8680
18686
3792
15766
36581
38129
7428
1425
14049
5736
9792
60229
10281
35690
56745
22904
64470
24237
41245
28452
28679
36350
63297
21101
3526
5672
19306
9113
32778
19826
17483
35907
65101
45777
21289
36904
22947
24608
29261
8519
2091
5728
21878
51057
35254
60511
19680
31537
2476
48665
31207
10742
35708
2310
46927
53672
14148
30951
13197
5472
40416
52545
47503
27677
12809
36759
12521
23190
45146
27588
56821
50994
61490
11306
33512
218
4636
60453
57534
4849
42557
7181
16083
14980
6309
41935
22520
4152
47699
52426
40764
33393
58099
36663
9751
34977
37519
13181
26781
21786
54336
34384
59077
31572
59607
20749
34754
352
35517
4840
30745
42049
1264
30634
24334
28766
57865
39494
39897
11660
11062
36851
49016
63938
27333
59976
64927
25004
46226
64815
38441
20481
18057
33628
65359
55473
32394
30026
12063
12602
64032
47108
53379
57649
60692
59051
2999
59326
34508
5914
43511
53
26466
12294
24231
32224
54720
61035
16594
47042
55773
51000
44101
26421
29457
52370
37253
22393
32451
62824
53229
22799
5755
29316
60358
27777
50181
23028
54783
11805
64218
23141
26789
5721
52066
53412
42558
1900
49384
50151
26123
58311
61907
762
38948
45731
47169
44236
14015
44350
42535
52358
39466
14909
45099
42081
47862
14432
42776
7556
46772
12254
7430
37295
52478
63600
13682
10603
57648
35035
4655
40987
1586
29731
63566
13452
19861
6206
17324
46478
28869
63481
9967
27708
38478
43927
5521
4296
63725
13172
12725
35978
54454
6841
36364
54390
29306
43171
16065
63533
41114
32298
7190
40933
13573
64258
44368
53343
15477
14240
65333
36969
44662
19743
3667
64674
61871
43770
45244
59273
53416
8636
55813
63992
46272
19152
51048
24380
40661
50538
32702
59493
31761
39707
11559
19291
59158
13510
2942
48574
24799
3112
38162
41619
11324
27603
23085
48559
54777
55223
19480
44524
55762
16153
45670
15208
409
26148
29091
22269
47382
9611
23991
26740
45798
41
36532
45112
59695
42194
14785
19593
2601
58911
46290
41360
24716
48633
60247
12812
16359
26606
2703
37669
5109
8864
24381
43569
52218
16070
44917
21166
34116
49765
62495
30776
27360
15178
55064
6855
23771
52788
27126
56963
44496
12774
41262
48863
8342
12385
15202
6001
15528
34204
55256
63376
61266
19732
32826
12775
42200
11991
40500
12538
2706
16397
58069
63051
11928
42335
48087
13466
29055
12560
46336
10626
17454
51016
47553
37695
39112
31321
1502
20025
10427
37717
53690
19833
11034
61474
25280
11114
31128
11679
27870
26192
42617
53194
48343
37070
11768
5213
7894
59301
43866
25773
13574
25669
37813
35896
47931
52652
3210
55036
64637
60553
8350
40905
2250
3000
4450
55989
47908
35637
55896
35356
35429
3788
49806
1357
48350
37845
31137
8716
5520
45644
53071
27013
52745
27783
27772
57739
50922
22986
9729
9670
8466
52549
59555
43856
24564
46999
63047
64700
63470
56864
45453
7233
23106
51888
37694
61037
56338
11970
41226
6498
42488
14531
15805
63943
28023
52000
40948
50501
29234
30875
22891
40312
33560
64968
2617
43695
12730
1317
58407
53261
27251
51483
54437
11839
45253
32348
5289
62917
35854
42128
44817
44573
42757
28966
52217
31185
32014
45192
40729
51669
52782
56532
55579
64207
49158
17801
16675
5868
29011
1564
8630
64559
37021
23095
6138
59792
17336
17198
14949
16356
28649
33390
5179
53055
451
18516
58176
41623
7049
22005
41386
36658
1097
44318
5589
42887
815
45742
30077
23935
7931
47821
2159
38520
23218
41276
62273
16567
31540
37620
5209
13454
15481
45242
60718
19062
7514
64716
9750
54440
11761
53247
62540
10746
17624
59764
21184
2454
885
45735
4541
15338
26444
35879
4458
23528
22477
41899
58855
21285
39618
42760
40980
35328
42361
53414
54889
12445
20996
34812
30422
58809
7184
29197
53330
47402
51385
23546
36099
28615
1567
11351
22723
18502
24772
27121
52627
15821
43658
904
46479
52606
36063
7196
59870
32950
2742
46799
30164
41690
42187
60981
49372
53741
12920
7484
14781
59107
3523
43253
53054
32076
63000
18136
63428
63098
46038
56787
11786
5717
76
29987
800
59104
20524
64755
2487
47546
21070
12462
34087
23363
48083
10592
25122
24463
12303
65182
55368
34474
37708
29148
12119
1116
40942
6580
50909
27161
36417
56712
15884
9867
48600
30963
53452
59960
7925
26868
20795
27952
28740
33469
15385
42482
64382
5616
1972
33854
4438
23209
35414
34312
17824
9633
14473
46555
53579
34986
62558
52781
64373
662
14809
29250
42969
65017
1573
43897
41772
32455
28041
22554
22172
41158
10406
21573
43292
44273
18034
64611
36335
31459
64325
21141
56526
37281
23775
64351
1501
6390
2010
60165
8799
16694
9921
39935
52136
39450
18508
56661
5804
53380
39255
6754
14109
25866
39579
44709
40859
12741
3734
28954
60417
27890
9905
1911
57058
31993
51319
54365
4682
29747
52855
47855
5850
21114
8998
35887
6900
26872
53171
12245
54968
21997
7304
38775
57659
16978
20666
29275
17746
35972
43490
42704
60903
4590
25237
30563
14933
56944
10451
31877
6587
60441
23933
5897
29231
5299
890
13534
25982
46423
37040
30428
33648
52653
45916
19159
51084
33984
47196
28979
2354
21366
61018
63739
3927
36260
54883
23070
65232
40506
48274
243
10812
50394
63715
42761
62556
1847
3319
6062
8785
60017
30703
29942
54104
64527
2838
28700
8930
34387
43008
49337
9057
41785
37472
14527
3503
39373
10880
26574
35353
34566
31452
51118
32430
57870
12818
42878
56002
20033
20144
44510
54008
65206
16009
8200
8683
58437
21521
35395
18735
4196
48518
33448
1257
24114
27664
2778
31413
35613
59365
24054
43627
39281
36324
7033
52925
13212
10023
59867
46880
5878
37660
17938
59603
13154
27659
59731
17097
53426
31712
12980
38588
20733
14604
45057
31992
43726
42047
14733
12375
63947
12938
17610
14091
35836
41773
16201
32753
46638
58174
60586
56007
60961
13925
62028
24816
6515
14751
53789
39073
41905
64870
2970
30278
44457
47733
47784
36511
19245
31986
24137
20182
42588
61366
39253
3722
61250
52300
57810
21734
43159
43004
31851
39318
2323
9773
6916
41925
5400
36970
49340
63372
28973
65049
36200
57431
61547
55343
62830
25713
29932
33600
945
52157
42302
56476
11300
14379
22678
44729
14827
24624
32515
17803
61111
30382
19866
54942
60557
47832
6443
13877
34230
35548
3761
22546
25410
51643
43187
32679
17182
61941
52514
13509
24470
10748
12762
32111
42806
54140
57224
27470
49122
18707
17776
37737
21319
49076
36683
28737
22876
16058
5257
47520
2871
41019
28915
36967
48872
37846
45413
65158
50077
55184
30967
11291
51757
42317
50200
56566
35238
53146
26057
26340
6540
43974
4567
7101
25366
5661
58466
26295
13788
13537
49826
42262
48869
57384
28958
6857
32545
39259
51162
105
56479
57890
19808
21056
58681
8201
27827
14036
819
8422
28103
19729
27700
15158
4615
6259
62863
50312
53444
26003
8234
53563
2361
52266
30806
48144
22272
55299
42398
45140
16494
9156
55017
56406
4715
58218
56066
2921
41136
7494
10676
26602
25327
53186
57018
12961
5684
42045
35026
55769
48530
56062
18385
58787
15457
29153
32321
52244
55267
14077
53289
24988
59247
52394
31304
15375
24863
23705
22092
46004
43026
19934
35685
31669
25462
11360
54754
44600
12276
10684
45886
27135
33428
12379
47248
46623
52803
27672
40541
51145
39589
30647
43526
16074
10809
30459
20923
5563
55157
12625
9986
40472
28276
2169
19040
41525
23145
24959
33488
1951
56133
63084
61690
19629
51378
59720
50220
53987
3868
37223
6915
18459
57856
29573
56500
3377
63138
1700
24810
53450
38188
40517
60598
40393
51159
4222
13425
43324
12852
19156
24476
40979
4080
22397
46736
65441
21190
43895
21736
42713
28558
39377
16401
39987
21304
36205
29476
44853
9771
42790
12770
8573
51167
3914
1431
45386
45866
57813
39896
54079
56162
28821
8642
49307
33386
10770
29971
41806
52442
21763
35162
64319
16662
63851
47377
39702
29470
60732
49796
16322
24202
57835
54478
18982
506
44303
14558
43018
12078
52246
43148
2594
22171
43015
22422
58720
8931
65446
6117
1626
26062
57261
22221
55160
19956
13648
28936
10889
56136
6186
20829
10130
27932
1401
20888
12132
8771
53689
59981
51553
24050
29658
56345
29314
27554
7315
44848
43700
47552
24573
60273
36991
4264
7879
11613
56525
46597
62156
38658
6755
9955
46176
49780
51766
50132
55130
39684
42822
43718
61614
47570
1125
22052
7419
45343
9190
23925
28709
44566
15914
53250
29861
9496
32649
5305
25272
62994
14451
43390
29003
52324
47525
30167
21220
25647
58394
25489
15589
6860
16197
3978
34536
6344
52753
22283
40265
28719
47886
24466
32031
48713
38196
13103
4689
22162
45475
46583
20576
57816
22704
62683
33026
56278
64379
39079
27625
41398
17584
53410
24283
53802
41091
13064
22757
38221
22442
27694
20013
7763
61753
15264
34197
49404
54001
10972
5428
60898
25176
58808
59322
41015
7954
53253
37360
10790
2213
55364
41580
13457
25236
2399
16042
43014
16327
58382
51892
39317
59831
17472
42212
4760
51834
31397
54975
49943
12691
58836
52554
19776
1215
42151
52885
45541
16041
44145
40721
51498
36036
52059
28990
21523
40309
31668
19544
25032
16868
19753
32624
31521
39339
50073
48754
10334
49018
14642
2801
51731
25888
8678
57250
34434
25812
17524
10930
18810
31510
49019
43707
25075
21950
57039
56380
3236
30850
44485
61868
19919
32651
48997
33487
56897
23150
18195
17589
20172
52776
57346
19031
40188
45751
29249
63933
59716
52681
14285
50608
51878
44446
56998
37992
27407
3951
36906
23800
22964
15407
1778
39105
683
21064
15288
28150
30073
63463
1688
26170
44315
20588
12945
11230
14092
64210
20807
53665
60564
37401
44965
4754
55374
53713
34946
55663
9927
15615
22163
57889
34123
30984
31710
17825
32959
11278
63260
33896
19230
32304
1034
11852
37333
34595
16818
51397
11787
52671
22854
25961
26369
57776
377
14829
16154
4907
19484
34742
65364
53462
38319
25775
13178
43894
42892
46941
33828
44313
39522
30319
3754
51895
60173
10359
19719
14935
13967
44565
55257
34339
23292
6194
21034
19758
40929
45378
34893
32196
41574
60571
23308
54863
25046
23093
42313
59762
25451
24294
5730
4621
16912
12878
8079
5020
19555
3443
4804
48500
20585
27400
21305
35112
1909
52762
309
39088
32311
31475
20264
26624
24606
54258
4893
33810
57805
14335
53017
42771
58152
49771
37071
26496
39141
35372
63931
59416
4283
28968
940
37316
26788
9185
46965
38144
63186
8738
52725
34629
41242
25901
29911
41354
5019
52312
6597
54868
38240
23731
12970
58742
9384
4887
5010
5691
25884
54484
36616
44622
56634
30887
31994
124
55556
64169
60107
38425
35361
12847
16332
41887
18280
55456
64883
14299
61078
32082
17130
18947
50958
29879
33978
54265
24345
60083
45225
40957
33359
40367
14430
3650
47996
54239
50762
43204
15231
27969
55028
45171
60611
57369
48012
12957
46291
43482
63152
131
12469
33351
57547
62884
59657
19917
4706
26051
26422
27894
63060
60962
43626
17266
30741
9807
6119
47002
17538
48725
49003
31908
46104
64188
227
37493
43880
40761
38537
20109
58204
53973
56915
27479
9170
22590
34799
13847
52443
30128
29627
30569
9799
13858
9371
58498
47004
52322
8830
38921
55464
62312
16795
2485
45109
61209
29447
50751
16483
58171
16146
60871
1528
6509
61457
56424
39017
9385
46608
59830
13971
12091
60801
41303
12226
50697
5587
37188
30534
29527
44391
41182
26077
18952
29985
60481
27455
28583
29929
37961
54312
59903
59220
45266
31648
15725
21164
41370
45187
57884
15519
3906
21017
28694
46491
46841
6704
19975
5156
28720
28907
33062
60671
36318
63737
60307
59283
38655
16175
41412
36781
39598
53123
17914
23428
51184
43315
37658
63974
60818
50923
63772
44555
8277
36935
11770
22616
60004
56852
41068
60665
32534
52766
44951
7833
48605
16971
14790
46252
43408
38212
4382
49554
40655
34607
28367
51451
911
398
35748
30202
57235
12133
15433
50533
53008
60897
30443
40468
39861
61522
3349
9401
62434
37509
14931
48816
40276
56743
41748
58802
62706
36468
7451
16482
2610
4226
9210
49316
33124
32661
36624
50363
43181
21378
52844
3791
20643
3098
2608
46411
29805
37883
14293
29176
53493
29709
60970
11341
18176
36102
33006
3113
32718
44765
15695
56358
52668
605
35630
7492
47076
60597
61952
33106
53348
45606
226
22988
31244
36934
53268
614
17092
21672
5835
57394
50065
9597
35082
48545
39296
22614
27330
13049
20758
23017
21517
25322
40111
41174
15602
40496
35363
36598
10993
12722
12013
5881
49642
25334
31123
20653
50295
38015
16574
26995
26228
25015
48434
48524
29247
29544
54779
44231
21670
35081
22573
40200
59791
54357
33756
54555
63741
52666
45010
59813
33309
28669
50940
13987
27024
36588
16625
30872
44966
7757
36268
51684
41472
50022
30827
16916
37490
50062
35764
49455
23623
56385
22620
33554
51134
10695
5410
10351
36579
12764
26131
3993
44207
8779
1701
18688
2073
549
59136
55805
5843
31809
12503
43741
24515
9088
25364
21115
34300
49727
61115
61132
55027
56599
20488
60849
5923
11255
51331
45597
45299
21168
189
54050
23875
6808
20079
30260
1845
14296
42201
35514
2730
10631
45881
56329
452
38916
26039
37662
31972
841
35564
46313
15854
22295
10717
13092
50166
31945
62204
55916
52507
27761
21582
14470
42340
12814
38888
21513
6067
41486
219
52667
12100
51232
20593
9411
35728
37641
29440
53433
34071
64125
58639
64707
19897
29725
18601
23801
43821
61403
15334
41630
29723
24986
54409
23372
39368
50276
23818
39323
12170
34067
49275
46419
45570
26396
31334
13997
45106
5874
64548
16305
14176
62328
37510
3985
48954
13935
1980
31273
50009
53737
45511
40025
37630
2696
20830
12090
29297
43985
10675
44658
31522
151
3874
15431
15946
43113
62
36773
27852
44326
21807
59782
62461
4499
963
6328
31016
50894
61050
22933
58813
24331
65477
56560
30265
34993
15640
2693
53161
23061
23599
13411
23489
64275
36629
514
59758
26038
4876
27193
34229
29070
2475
1575
17115
16022
55108
11651
27629
56756
48114
7836
3893
62372
55790
64375
22821
34031
23181
65094
9822
23187
45723
15728
24398
40608
44756
33955
41676
23326
50892
738
34133
12802
30651
43952
1443
2844
31695
18858
30952
28818
65394
29811
53279
9159
15111
13164
48262
49954
43758
52740
13297
63292
18872
42736
10303
35827
47016
61087
3846
22047
42032
22072
64209
56782
13953
47516
52232
16461
29417
56994
33023
40251
53945
16341
28605
5828
57876
16749
27676
58351
26246
50585
39799
43118
45340
20497
50480
5662
39802
4594
59809
13186
12942
23699
48593
55976
65103
18767
50654
10217
39115
34727
36672
62012
60240
38190
63474
41313
51697
24310
64016
44486
48585
17404
37745
53700
57286
7529
52466
44448
17934
47811
56632
6716
50232
25613
2201
43343
15911
19964
37786
6160
15114
52949
35148
10176
50534
62018
26667
1156
62504
42908
34392
39735
12905
65038
29364
19443
43441
2383
18964
20636
17687
44425
46777
41636
13302
34073
64164
53312
32493
56681
50529
50197
863
37500
31839
56540
51989
19381
12069
27817
4830
47119
40185
6304
771
38381
63127
45287
47947
19382
5756
49751
52689
11358
62554
47384
4260
17792
2453
30897
12156
34882
18371
35926
53083
30072
15096
42460
32766
41363
10826
32608
44239
14798
22351
44283
56678
17756
26005
23700
27673
53275
38705
13853
35962
14748
45020
51787
52895
58443
46969
60047
34447
29575
57949
60351
20045
29807
10769
56723
5445
47991
19486
53392
24280
12478
4749
6307
4710
14222
1047
20131
9030
65054
19368
6863
15243
11055
14152
26329
17509
64673
64486
10099
39521
55370
13386
18274
217
28174
36375
13837
21396
29455
8521
31405
63919
29700
26281
33598
1290
49364
21037
58568
36228
39800
23890
60507
32863
57705
56463
22294
35139
30286
24179
7525
8994
21906
7841
4526
7573
9362
40353
64369
43645
54114
24839
32387
29715
46077
56177
10712
14486
16424
45574
36751
54583
51580
38146
43925
28117
12216
15732
62768
36945
32873
52511
63392
57560
13770
24248
61028
28681
32405
797
21635
12644
45568
8492
11426
36163
14184
21397
11932
32770
26389
16163
41022
33687
35682
8921
56005
32468
40550
39746
4027
2981
23037
6454
16595
34001
12355
42003
30635
54946
57205
6312
41021
20628
260
15908
24540
20390
52051
27537
12025
31403
303
44999
37600
39464
48034
31818
51193
41083
33263
4771
26041
32884
7440
22455
54132
382
25722
37053
62923
11470
3941
37328
21197
61909
23596
56362
57506
4502
518
63030
54339
4708
30429
52965
25051
16779
53278
59227
6512
28381
63271
12200
58662
6016
14986
25945
50685
38997
26270
24432
21075
27791
38770
60661
64305
54563
26214
34249
26118
41942
7715
5388
43179
17112
25615
36042
52130
53335
55445
3229
14202
25727
36597
5697
9562
9205
45359
49251
62589
58178
1946
33595
18608
2242
62514
13819
28323
16519
14702
48928
35740
48008
55630
22659
19290
19814
58100
21719
9309
6824
38142
61754
23778
44780
22261
22953
447
35154
20215
22503
57946
229
43837
53510
888
25644
2473
51006
60978
30359
42966
34008
47762
62882
37341
31165
31237
46792
9992
35563
37533
55912
13396
58532
21393
42432
44902
18112
30399
39421
35533
24396
32156
37411
44762
53140
64221
40690
52914
2881
15401
42813
34552
26407
8472
12150
62582
12949
33666
19677
9859
5608
33114
60280
28026
17173
3998
1890
46889
3660
52558
39309
267
27901
19836
5628
1406
36762
51724
26746
16080
11015
12966
58227
28231
16648
5288
33233
35161
2321
37400
11178
6273
51770
45754
25560
57806
32751
9673
45620
50526
3278
1724
2081
31017
52525
7668
34419
36985
4688
7153
15176
41642
1617
31532
64047
43860
53418
13647
61951
31764
39152
39232
16589
51975
56325
42147
46277
33580
45980
30125
18145
31509
65022
17960
3131
36108
61611
16447
49980
19483
51400
56595
32799
22017
51263
16351
58501
48700
1810
29765
38638
53039
23281
25054
11653
49609
26219
1916
22683
46382
55759
31960
9675
13905
34970
34270
7891
49254
5729
5811
63699
7067
2554
15412
15049
47045
58943
56833
39893
41197
15909
39726
65106
50549
43992
31642
32297
41347
11548
25067
59083
147
31242
26433
26674
32897
42367
13641
15121
34297
35402
6967
55102
48609
12999
43214
950
230
6939
59217
18245
20788
56602
13685
38737
40577
30637
28885
54021
19135
4102
54343
18642
11316
32933
8819
53573
40235
64711
34576
29463
20469
41605
65180
60018
63167
2042
5621
9752
43032
38903
30109
24073
41420
33992
61880
18862
29295
15304
59304
6314
46334
26027
9377
21529
18690
33012
55902
6167
2538
16459
9154
31912
51844
51812
37826
48471
7606
25424
11402
21665
48686
64432
13340
10661
42189
40317
8267
12845
13012
45835
2984
9043
4553
52285
64014
21685
1017
12136
30861
31110
50113
50076
9048
49167
37763
36790
21962
28567
4192
7226
54458
29502
53687
5818
64732
21594
11259
64410
7004
17797
17873
41306
21122
23987
40607
20564
63613
43567
28736
56922
24690
56504
47674
32758
36984
8887
9308
8560
38933
2028
11050
29526
27315
23749
23980
29116
63303
17552
53216
6095
10597
1025
54341
61002
25571
6422
39981
27474
38571
39459
6756
15709
62208
9066
15001
5280
41344
25481
49638
64329
29104
20110
380
11251
56621
31188
9531
41797
14939
39630
33685
41617
36930
62796
6506
23268
18441
44820
1708
37222
37358
23937
57864
4259
33123
9886
46698
8518
23777
34416
21429
4178
45834
38577
25935
20904
6828
60493
55754
65476
13752
26812
45237
54272
4281
61988
35670
49834
47218
53834
49198
11537
25776
13557
49283
15241
29219
45871
52700
63418
21227
14242
21273
6402
29989
24933
36936
37269
25058
48280
10164
60120
23454
56187
37078
33028
3897
49330
65382
4292
34496
23743
33943
39978
6796
29591
50901
62357
63555
11349
4404
65378
19174
37967
27359
63668
55216
58020
64604
60632
41200
39910
29396
6946
27764
25271
9258
57931
9387
26386
62900
55972
34850
31296
56360
21399
40575
49964
28727
28039
50257
24015
52735
13063
55833
9179
22722
4377
33116
13637
20948
57687
9487
22075
6758
3159
3130
34495
3931
40049
63951
45584
37297
58528
7219
62544
34932
23117
18965
33886
19462
2615
11199
19691
7162
48356
23188
40120
47793
64018
39148
52027
25420
14655
27683
57986
28498
38887
8549
19049
45497
4821
63718
25431
38861
63248
58567
9219
30932
7059
6381
34751
6389
30413
48088
40415
33894
35744
31246
56673
37832
40301
2988
39449
57484
26727
24087
5433
14768
45628
28952
44210
57956
40116
62609
24402
15687
17900
37101
53742
63736
5407
59239
41880
29445
39511
30238
58411
51778
49288
63768
18200
43642
54439
30350
50900
54715
62229
44182
5313
58091
18104
4925
64089
7647
11283
29786
61099
33714
42772
42386
9433
1053
45901
45391
60834
46140
3430
44424
18578
30926
64994
28445
39706
32990
19309
16256
46211
43423
5611
6392
8120
38573
4745
22632
18762
1435
15059
49289
65203
45842
9032
48899
21307
9703
5419
24055
11714
30144
52233
7921
32735
11617
23597
10538
3182
35867
47547
50941
27314
59444
6342
13157
6427
17417
27943
39994
63640
55225
47989
38211
58347
31665
28208
36085
63645
23434
37277
62612
14550
6973
37006
34766
17973
35573
11810
44371
16783
62740
60527
5320
29120
27950
8765
33981
41396
5200
52284
4362
22375
52329
41024
26638
11263
25685
27156
5909
42440
63731
47371
58920
40072
1164
40916
7947
51736
7075
55975
61119
26155
42579
10771
34943
38198
34239
55121
48367
34132
6015
64448
15891
62611
55310
13527
12258
42270
3994
26437
8370
58320
3572
32773
17599
6306
9503
36998
54935
61063
7132
57785
2422
9277
19104
59837
42213
26084
54651
36703
6189
6056
65329
50744
42370
40882
60204
8999
8849
1956
25278
17216
47770
62015
8338
54991
17151
37354
58156
48113
39234
32418
19525
3355
44059
53843
26882
38185
27573
40639
59944
38986
60584
61471
44816
52371
4692
14956
43055
19834
59722
31657
2189
45695
59924
13731
57842
19703
62433
57322
53881
167
16379
60809
639
6819
17816
65256
27046
55063
37857
47211
4981
10394
55042
57241
10534
57249
6101
48751
8750
12787
22654
18504
48927
20528
4159
45786
8055
51375
55383
24985
20016
16850
27289
64122
21808
20553
42638
51663
45924
50199
25834
18585
43163
4587
55358
48651
52210
27548
21131
25762
14565
60835
37705
3245
10166
50727
24105
31335
25138
45423
43067
54638
14009
14646
32617
15916
22560
62111
52302
11590
49145
7258
30135
37779
49380
53538
48742
2754
55853
1430
32588
48186
19221
46208
34869
5567
32557
4799
51125
37780
53621
44942
61326
7868
35447
31874
33009
5651
20054
62907
63535
28705
64243
28201
42014
49885
46383
44433
6324
7425
62705
47856
47706
62955
52020
4128
28850
60971
17406
39161
40425
22902
61906
15313
60162
39230
23355
16032
20665
52434
15614
21296
61306
41769
941
37785
25656
18485
38938
52255
28861
40694
52343
65515
14229
15240
17908
22326
42765
52415
9926
22909
53643
25642
33844
8328
49344
231
15910
11542
52274
16205
47007
15593
1550
20603
55521
30928
41401
2092
34787
11890
54338
47181
58648
13062
36572
9627
51976
25077
55338
54901
27247
64279
27617
38829
49597
37007
64132
33051
10222
9163
65370
15659
63815
5723
6964
35599
43438
58366
48053
34785
21360
47921
29927
34783
60852
39692
52373
43271
54142
23903
9574
40637
850
5004
25092
8675
50345
10200
50131
42968
23517
26629
63636
11410
62004
33930
55533
58232
60758
44166
25707
57982
20381
21984
23561
33982
884
13985
61288
23786
11791
59799
16830
38359
62168
1007
8362
32714
29159
35123
11334
11142
58260
55869
64023
10973
55523
53080
2260
49305
36007
27188
60931
56982
50642
65043
12895
28847
62656
16467
60214
64194
59656
26393
61279
61977
49970
53585
30078
32318
42683
62866
64585
45017
8971
17548
32731
52823
37366
48046
60791
31653
44311
17631
1922
1913
9507
29907
37965
12892
44844
57700
6371
16085
16635
3700
49390
32107
18719
23151
30712
50597
25013
9011
871
9803
10751
2015
43373
10005
18166
538
28711
51670
5405
51657
57268
20490
31791
63690
19456
42221
25324
50356
33705
49498
21613
46953
53447
45054
59027
62839
21223
11797
61501
3122
14590
7376
9418
39863
63623
20704
46196
56303
47106
59776
9216
63226
40157
64764
22188
48602
1703
43869
61487
7211
42222
10472
45383
21358
32373
34236
22549
1201
16299
62805
33632
23912
11337
23557
23371
4145
32675
35011
32712
2878
496
36269
29897
22139
28390
60977
8038
10915
8853
12222
38983
25090
3519
51395
26912
46855
34780
21733
56744
61744
55169
31841
54288
18728
60072
23969
43337
28139
49947
61986
19289
6844
20939
63027
27269
2382
12151
36279
47896
2946
48162
5052
7349
55347
13613
23627
47167
33757
59117
4785
3649
30838
19716
17924
39159
5315
54982
43692
53149
56959
22256
60116
15675
22996
19072
17414
13344
10104
61263
36510
40452
32485
57815
40277
49460
56097
35321
51224
54648
56716
45827
3902
37138
30513
28437
11110
11237
40322
30333
62124
42306
47203
24217
39062
60788
59902
54243
49683
52662
38047
15289
11319
38593
54700
13390
17489
64574
26379
30586
3831
11498
55618
61233
52655
17113
39639
5709
60033
41571
10292
2686
7785
19322
21870
11121
61660
35723
34656
45583
63145
59698
49422
22106
40039
56461
64278
33759
16867
31282
7980
20179
54839
18270
39020
27747
50846
31326
54047
29462
4442
63746
12318
55493
18131
30577
39559
39143
20484
61409
7776
54932
34669
26816
29341
51471
7361
4736
23300
41140
50488
15934
21258
18929
31348
64729
14214
25302
15155
54226
17845
54693
25947
37551
42953
44480
33874
62365
18962
55045
31328
14446
9370
41847
31153
15897
46453
24787
16192
62162
52258
56017
26938
7283
20041
47251
23565
5443
25594
19976
19627
5218
39008
21052
48289
41053
33178
34040
19810
37013
40671
28692
7137
8522
59016
59726
39170
54979
65510
35790
26213
37310
64744
653
41787
52339
2038
30059
3216
15166
52017
19380
52770
26689
42239
34324
31341
778
52239
57012
34865
15350
49741
13906
23791
37438
34465
56080
49183
57110
29018
47336
23637
54247
57727
11135
16266
13825
62752
18997
15651
21080
60440
60150
54732
45176
22327
59262
13960
12444
40286
30765
49061
5448
38480
26784
47758
46210
36288
23247
123
55396
48504
8248
61258
25123
63293
65147
34513
8474
6692
35741
61482
60062
10546
47925
52018
57116
3470
5655
63834
44404
27576
25404
54280
43938
28913
48101
53217
52819
1656
22117
54090
47454
13810
39609
33317
7916
2129
34574
43754
9117
21863
60093
36471
1455
28468
17271
46671
50061
18954
37345
12470
21899
50021
56691
45721
8007
50497
5129
30048
38826
40059
47986
56069
37466
16576
45595
54040
1983
20195
49955
61652
29582
57161
59970
27241
26557
9874
2503
28909
11566
63220
57926
37572
43886
34129
27073
59407
19962
57934
60854
60378
30455
57854
65248
39937
10563
20473
3012
3178
16444
63088
64634
35763
22478
15275
19874
53984
45719
19004
23505
27171
57958
27312
13434
21233
4109
11634
11157
25082
8512
19667
52497
30300
21002
18054
50052
27291
62974
19229
52930
44319
30893
61449
48819
17957
29621
62862
38640
29610
57436
38208
34219
40256
28265
14287
2899
30058
5024
16148
56674
39715
49070
55044
3823
28619
2209
36517
51140
32589
49582
37010
54329
671
15193
2190
2620
2998
58014
31996
37394
54113
58323
7015
4103
47232
44912
350
41038
11511
41792
16925
65268
56388
20981
60805
41985
61150
20460
51699
9726
56029
6277
43298
4049
7455
52676
12268
36784
45830
18560
59642
960
56860
20162
55545
28355
20828
25419
1177
48102
1200
60302
7640
44347
36713
21321
7457
33342
32355
65478
15886
9184
24725
43995
9394
21846
53089
64682
34079
2415
54175
7203
36523
29103
20739
17260
52044
28193
1644
22924
3532
26033
51977
17311
10242
49441
23812
27102
17961
44464
36313
55457
18564
59636
22015
10679
59759
9073
32253
17616
8158
39752
4015
27759
25635
18869
1618
6329
49740
37278
48959
7186
51565
52568
5668
1265
51402
28164
38972
52249
20465
4089
14904
833
18934
63194
2377
11386
63593
5146
2228
61114
14016
62404
48334
27911
31224
42142
63822
37642
22729
39356
19653
37966
44943
2715
35636
27449
1218
607
57766
48308
51065
41417
24321
1363
36958
60281
53306
7036
36823
41214
22073
28992
34518
37236
59200
65435
11489
45145
24096
32532
35816
9012
44569
31681
17359
42647
38782
35874
58429
26376
42360
8993
18073
29184
43806
39451
46239
58552
60733
62160
7248
2490
19910
52898
28515
38720
27970
13447
6710
50665
47159
19251
6377
57627
17093
54712
25666
60960
15086
18472
55993
6248
48580
55156
13792
64592
12612
12148
41723
14754
25407
10525
57439
12748
59049
52124
42961
55407
39843
22041
59241
60336
26717
12453
25430
33247
48689
44133
40363
29882
50118
15199
20848
21576
3427
9015
21025
29490
54186
19151
32693
18085
10581
45860
52861
44885
53864
35020
29198
10350
47214
18089
9366
22624
13460
39616
39076
25650
41065
62366
29922
21020
20789
52247
43145
8111
12561
36881
21290
43205
40325
13890
33733
36693
41270
62913
18
30370
47303
2995
4783
64737
42132
1280
33725
50771
47197
24744
18773
33718
16414
59202
23862
27397
29550
32189
24098
11499
48567
11325
23087
61833
60585
43751
21556
36423
32060
28577
44593
30986
27462
22633
23367
23231
46714
59906
9922
28887
43096
60015
19271
47234
5614
39566
13544
30303
41876
17016
56875
4477
48066
2902
13400
49739
1303
60760
47420
32162
47668
12908
21745
62139
64720
46327
7485
19924
6050
26037
19204
28575
51010
20677
58862
50998
43344
20523
33017
56988
28153
16748
25429
21848
44305
45841
60261
29775
33933
35657
57758
2394
32999
50334
37970
18640
33625
12209
23108
8629
10523
793
55161
42651
57819
49407
65335
58837
39061
9494
11505
24328
24467
63453
58033
33949
20927
56775
35824
26593
10255
10407
19780
28868
48168
60400
2763
42337
35629
36706
9645
34405
33899
7566
12142
24445
44126
3535
50177
11070
50867
53490
19747
701
46267
52175
18566
50014
11412
201
44981
38049
56131
16692
11581
41351
53900
57071
25796
12808
16770
49341
64213
21961
8721
32561
24465
57922
6400
6013
31025
32061
63445
46911
12389
13880
13221
55235
52061
55777
27203
57399
14812
55887
14235
727
7714
65410
60880
44045
8532
28753
22383
39165
24448
12309
10604
60119
28247
31755
50060
56893
23759
50346
51581
4370
7328
37041
1791
30624
33795
22526
15090
10205
58962
14204
26932
46421
64641
26449
30985
10867
62144
23215
1244
26361
12805
32543
43263
30302
53533
47182
42606
35374
2036
33856
47557
11111
42886
48506
63644
45282
62263
56983
40522
50016
45131
15326
4606
48207
61290
60497
35550
54745
61523
8240
57786
50547
37841
60717
53547
40830
8867
16701
13633
51988
40667
1971
22672
40858
45430
37943
33126
25542
22937
9713
3056
10615
22619
8927
10475
5504
37012
16124
8274
43945
59999
454
3703
10432
55222
1256
3437
31349
3237
31844
34406
64395
22235
8558
51672
50134
43201
65296
43132
17674
49897
31050
41567
24393
14614
50768
37927
42584
10562
22977
6928
58932
25397
62287
40756
8959
11571
30512
50096
42565
7062
6746
39313
58416
62400
55551
9917
25716
38741
26036
44664
10119
11508
27231
50324
3531
25260
55892
23162
53108
7023
62532
49833
50826
23077
621
40220
53115
63994
53350
29293
27439
61271
24148
17375
49958
36860
14454
45602
19247
59093
36537
20640
54373
28830
16249
27331
48341
38552
24089
48324
62579
29429
38450
2939
2501
22025
3580
39229
23353
61298
50120
34448
15839
49880
49512
7054
47700
29548
37863
30998
50263
30271
37688
56487
61980
9207
7611
47957
4143
56374
54041
1512
883
18710
53944
38493
20241
42599
8962
57603
24191
62102
21359
12192
24126
9262
29136
23373
3466
10049
34358
40258
3441
18023
35258
21533
50386
7118
30521
44873
30531
41389
2006
31947
10671
24095
28483
43451
32428
63207
23146
30781
37801
17681
43679
13586
36689
43709
29659
58799
40869
24208
12969
39004
1468
50838
39398
30533
16258
6871
53796
55942
36373
62660
62522
18893
45210
33046
43934
29754
37367
29118
14653
24090
27183
29576
35554
50906
14201
64027
44735
65099
41489
39767
57213
25618
1855
23585
41064
62244
12134
30980
1824
23124
14227
53211
51826
32582
27684
40435
37092
3494
23223
23129
53609
42264
65445
21944
11910
37216
43347
62243
50657
10665
59320
60815
52978
36441
3839
20806
19558
61355
3423
6995
34588
27294
36542
25920
6521
29253
23092
55100
41381
36745
40346
15174
60048
30118
8963
21809
63211
31915
13864
37311
7065
28471
32462
3695
35507
9970
39037
4507
5903
55140
62545
35140
19654
14288
61732
4826
47283
57101
46711
50699
3397
278
13917
56690
50865
52344
47575
46146
4288
28886
28465
57843
58032
27302
1340
58815
37280
12822
54129
26824
5222
16964
28804
15222
46943
17769
7077
44803
46194
39338
58440
39491
28496
51577
62526
24471
34278
17118
38551
23601
19686
8442
16367
1955
1279
42433
40854
43935
20882
63787
37518
36090
61616
13067
62973
1106
17962
55642
32846
23173
45717
64465
42877
39917
15072
56149
61040
36370
58359
54896
50071
62887
9339
37590
39047
20430
42108
59873
7700
21701
12673
52404
27201
6281
44666
13601
63855
15406
57995
12073
20312
60501
6287
37804
47332
36933
39686
27768
2719
60117
27906
20741
17942
43109
46130
32750
43044
8555
59897
61131
11217
18008
11784
61507
34456
57768
44400
41085
51454
48488
28165
9189
3821
16878
1745
43650
27296
58551
58405
23808
33188
10777
52030
33373
46490
5612
32013
37591
188
21996
29605
26309
4250
46691
22978
29909
49491
40657
41006
64450
34096
17203
3824
14344
30817
51797
12325
8940
35719
2221
50999
1907
25574
24411
63536
52576
8902
36675
30930
43784
20999
55195
12219
23526
58202
6957
59164
45409
44526
21448
57558
4514
64695
17287
2434
48305
53821
34698
31125
11046
61226
48617
14389
28742
60104
61107
64899
19979
58970
51802
51583
42466
20986
24138
6074
48100
3840
24847
63116
53124
44306
46164
20181
48894
32506
59148
62175
6815
18797
18201
9985
19900
13218
52432
26625
59285
31001
17565
31404
35456
14612
21557
58745
53308
14615
61210
24588
18361
23931
40186
59066
13692
13700
10356
29565
2808
1940
19196
2965
56931
44466
3262
18468
23382
1344
61330
2040
30324
2100
4999
59638
37399
59684
29654
11607
5376
4129
42359
48793
26303
47605
35322
55600
2116
37294
15124
58233
40970
52516
10761
36371
11256
15607
27810
44280
64938
57551
27806
58482
9993
9908
40048
62861
17154
63339
38649
7956
10252
16314
36393
665
52401
953
14597
25879
27012
25387
22698
52086
14196
27222
32174
3446
58726
40521
52084
41728
10532
28225
30010
61669
15588
20176
11545
45298
60217
5982
30241
24968
36615
12124
19171
20455
45207
30796
41301
38026
64657
6581
39833
2828
20650
18265
21057
38318
53276
50311
25558
1432
8643
34856
38387
1772
6143
56871
16735
19478
59145
45771
29800
807
46232
31693
7756
10230
9444
3479
30325
50580
52202
40709
8646
46963
53734
14836
9455
63783
17239
6021
15420
51886
34594
8257
64134
62916
34060
52016
23351
5124
44629
49246
55186
12582
40458
26884
23767
54493
51221
43023
7930
3085
4135
63261
7691
63584
39764
24558
5144
18994
11247
60660
16803
23116
65339
1523
21243
10743
43245
33610
45277
57780
7207
19613
21451
46165
3271
54731
46515
9564
35991
5696
969
511
45864
41965
767
2003
27252
64723
40939
57398
8141
49468
42467
28810
53591
58877
1761
38763
6444
1950
31194
32904
31416
50012
24259
8916
58391
44300
54403
1749
34968
62942
48797
25133
49444
37921
6769
53908
37287
10411
60115
60457
21985
19709
47824
16597
36246
21510
24442
35817
22825
19155
29739
28399
25114
29809
10543
30766
49298
5812
26636
45877
46916
59487
34772
20862
25442
63962
42369
30911
55029
17302
36096
27143
48729
50137
2020
40066
8987
62480
34744
17477
7407
63187
1203
63648
49017
58935
23622
17760
41423
37778
38007
19875
53536
34965
751
47820
50871
36248
17456
55684
20764
8818
12568
9655
2329
19825
42275
59540
33295
65005
43637
54033
23642
55012
64834
58015
16207
59741
53570
51327
15119
9212
50171
3973
14105
41036
25347
63627
4369
53066
40211
10153
23593
26935
50429
4400
44178
42170
28924
1905
8919
14660
44788
63553
59834
44625
38300
47774
53980
46089
63488
50225
38790
6562
63771
65355
22523
8957
11608
62833
48364
56736
40267
51467
13463
52881
3258
24898
19412
901
39109
11419
33125
60944
39623
38400
38037
7550
43757
11113
22191
60792
1969
6657
5348
46122
34793
11338
3003
56237
10994
50743
57115
10681
17149
45922
58027
41644
32945
60830
64502
65190
20482
44385
14820
48970
45762
3324
62485
44495
403
5548
28377
34818
4239
52235
5224
14444
7276
52207
27268
27953
9381
63961
6911
62512
60372
38656
60793
18854
15818
19531
12005
19020
37675
57928
61756
26082
23330
16780
9989
14094
4134
17731
25602
43188
31061
63988
38411
40903
6670
50369
52112
35641
29073
35362
9854
42532
14953
13865
60778
1923
37356
1540
5216
11754
38670
32812
37933
36825
34919
45944
11521
26334
19642
25753
21349
29022
37256
47033
49415
38168
20077
61811
57630
54375
22885
48035
29693
50479
53626
63773
21421
8412
16860
55850
11753
60562
14502
9239
18659
30525
9537
26227
60857
43492
24724
48810
5863
28854
57903
28431
36995
50140
23250
59303
5231
57387
56654
10460
55656
36834
39057
5998
52758
8255
32252
7955
43802
52765
4318
29704
32600
6132
18840
31378
30565
36944
58119
59874
11517
33394
25809
31976
63338
15135
36072
9389
59019
23463
21965
14588
40302
32529
11482
28874
12319
9456
20611
18028
6655
75
14679
49477
32885
61070
49193
19154
6426
28010
15404
19052
15478
28832
25868
9098
13720
12786
52236
43401
4230
42315
15859
65534
23774
34139
60256
34883
52368
28003
1379
19529
49733
9654
33641
57444
11586
52817
21728
5039
12106
1205
40479
36988
8108
18416
24082
44661
5245
15894
15847
30617
44497
50165
42456
10542
1466
38526
27026
62903
58034
14051
18397
50859
56656
12694
20277
50861
55372
62513
6856
56973
57969
41445
43955
38409
63057
29713
5279
32022
64770
20519
58635
4520
15786
16476
52665
28009
59054
48761
36289
17255
12262
55969
12937
36942
15398
16816
25954
64334
4133
56937
41490
14206
31918
58977
19142
60872
21431
535
12048
22900
3383
53264
61567
36695
7569
14713
32496
29875
61824
43396
8377
56422
57685
33103
24362
9702
44445
64546
20555
47936
63034
62626
20271
14439
65342
18084
23350
48859
51426
23429
52699
18956
21822
35888
13878
14547
19517
4218
29667
63774
7643
18841
47950
29327
34712
29902
1092
40630
35802
392
25530
36617
29613
22846
26753
6630
53087
37279
33422
49539
13944
5297
53190
23413
43827
6834
3401
17131
57181
11343
57055
10290
18299
61293
33637
60613
17000
58752
22739
23913
57359
30529
41286
39204
14559
24134
59370
10774
43586
44438
14464
36413
24460
35170
44874
55409
23473
57200
8060
15362
21347
59513
26239
59050
13964
149
26971
28914
43614
8772
55586
21185
31730
25849
37757
14192
31856
18004
24452
29837
33764
6184
57132
52752
18845
48070
48201
61717
31434
9446
16837
15490
50141
16750
50583
29668
754
26204
15831
492
57583
54550
62957
25983
57042
44005
62984
19127
26817
41129
11125
53657
50091
13441
21662
8436
52282
32648
7333
3537
19827
8276
39614
39290
2961
29930
20258
30444
23498
41055
24085
32522
3118
53137
27789
24370
59869
55855
8432
31012
5064
46592
63282
22412
17901
28578
42287
12045
54379
17470
49887
23594
49550
54310
22098
43170
22024
62878
7935
58618
28697
22010
1526
43076
36167
61505
10368
4741
57287
56810
55900
34543
12279
4748
4557
17346
20425
38764
34460
32580
32733
62332
18843
31074
32239
20012
17399
59835
28964
29265
28314
1910
1234
44974
41115
50619
30094
40137
5972
64431
9592
7775
5319
49770
22824
52015
5353
11974
36402
60398
44904
6459
2254
17550
30618
1716
29437
2466
57732
52499
35929
59195
29274
51800
58131
28607
51746
43100
51598
29495
14725
50373
30036
4547
52444
33548
3365
52198
6177
2177
27594
32641
61135
45007
27108
33581
51387
62743
62083
13389
60716
55561
52933
50628
6347
28360
51773
53388
17947
13433
10985
13624
24429
45801
26173
4469
55948
17546
58738
62037
47488
57423
54576
45776
10373
40569
52304
53106
39075
37581
64923
116
24757
21880
4901
63075
42135
32991
59827
27045
28895
49881
40473
35863
49875
15487
4034
51369
13833
849
23010
25956
2482
25605
32207
57102
29458
42129
48479
19186
10802
896
59777
16330
13483
22501
37097
39578
64231
24664
49695
1609
2859
11771
24181
28236
16440
30318
22873
43793
38973
32257
25928
43964
40871
19244
51254
18160
16672
4403
46218
46257
4674
35222
44131
54416
36153
4190
1157
45616
54235
13881
337
2396
64055
56016
61987
43584
37562
24472
54105
58794
16001
53141
7770
63860
28930
64389
53942
31303
13941
46883
45554
63345
8694
8400
513
23604
49209
61075
15580
39481
39991
25852
23653
59964
60359
53574
21927
4872
59231
40551
41479
31564
10652
16215
61428
24401
64244
48653
13292
54386
51704
38176
1601
16508
30946
52504
34241
57863
40160
53468
22498
15432
31481
35401
31370
50372
44988
12750
13747
5683
65459
3088
34790
63512
40246
18178
58266
63727
46403
43418
47084
36711
23352
48503
57088
41050
59523
24535
53883
8932
63172
41610
57988
65159
30252
5220
42810
54088
2562
49311
11899
34755
5809
1814
40020
56169
35446
15220
28337
24036
33906
41752
26876
33720
15283
16556
13252
19908
2975
31644
37535
42304
50645
15496
26257
5547
63616
29655
64265
28430
18949
34240
6937
49937
43448
21981
34580
26797
52569
30400
21410
49170
49507
47265
7148
44405
54544
4317
32422
25760
28633
28778
26738
56238
6669
20669
28629
49021
52559
1718
5439
16882
52728
24135
4857
17479
17403
483
19066
22208
39717
59472
3286
64022
36994
39817
44067
36442
48804
35784
17628
19996
43979
44328
23380
33948
33571
60376
41891
28696
35954
32686
39221
59131
65305
3121
35272
42807
57846
22991
13241
12297
11993
561
31477
2193
13932
27978
36143
52268
37555
28560
5580
17507
57615
36568
59111
38942
62736
83
2697
47753
33197
42834
21811
38812
62084
18675
44184
53197
4480
38402
46422
15125
17027
14887
49310
17048
39881
22008
14338
11765
29086
34088
27323
8322
6038
52572
9594
33333
822
49997
23514
65439
52092
28983
10091
61563
34444
13403
56529
12651
5917
48172
20629
12532
26097
60932
37619
62125
41998
33737
33754
47448
52805
50652
2559
53020
50530
27871
36895
44155
7269
4346
27663
13840
47220
8832
47997
54037
1
49472
54195
51530
22883
30143
10775
30900
13333
49831
21103
50111
42685
55412
43158
42920
50713
12824
18733
27980
18232
45429
54686
54137
56575
17496
18180
16395
62135
5162
38137
15480
1619
34238
15590
11181
53966
16778
18572
38768
22065
63868
26190
30999
12189
57910
44520
46370
21175
3550
11039
49912
8746
13026
62174
19607
1743
26927
55908
53859
59440
63222
59866
13005
38044
30517
6208
323
38375
46709
57891
55174
14018
26411
41650
5379
19021
19081
60422
64099
42610
24778
18025
21015
57580
30348
30883
4969
19032
6859
60408
4582
16704
25774
2803
13184
18058
57151
12390
4603
13130
6914
12266
62270
1050
44331
48764
4544
29461
8037
3050
16438
24669
57637
12473
13305
15581
22244
52063
52944
53782
54647
40487
53437
33356
54273
33816
43406
16202
26479
19927
4765
8085
10795
56834
20217
14294
56387
51095
63598
52997
50133
16014
58317
7076
63550
52148
22606
61617
50792
49165
19249
24048
21598
965
39226
57125
56513
39919
2655
32169
61102
64666
22100
3277
4118
13983
5412
26377
51482
4623
12328
35813
40643
38223
34678
29084
18752
7473
56547
18986
25427
5572
50367
54358
15763
31453
57452
15683
32539
13617
22751
32080
10541
22116
41950
10463
46544
38784
5384
1376
23829
46803
8910
33852
14141
60121
35278
13821
50160
62951
14111
53822
1458
41346
40096
49392
26892
57273
1194
46814
34873
14735
37783
39867
58330
60460
17614
8014
23186
44416
15389
2504
30178
7526
8698
29269
13849
2624
38760
45807
18624
49929
30933
3682
4426
62382
29625
27386
52811
54219
63157
65438
18607
39049
64653
27382
36457
52729
60403
9738
57189
31604
25512
63487
56910
17164
49925
24878
38219
16270
32227
12982
20234
62849
53199
10900
55867
32729
37564
8489
23035
55729
27000
64747
41945
14329
18167
21857
57296
19200
50741
13444
6340
27139
60287
61168
18155
16017
2822
50548
15271
25478
17050
30493
57643
58974
28189
19218
56340
14142
1628
58686
30486
57230
7479
23338
49724
28182
19862
46035
58994
59706
2815
32385
5249
57335
37836
50489
41621
64295
38414
45671
57314
39678
48906
38506
39053
14373
8346
35792
49391
17184
27949
13891
61120
30057
35343
528
29032
27767
37664
59699
12700
9328
60592
10757
8218
56377
351
9111
16165
24225
26616
49605
24056
42011
51225
29883
19260
17777
42468
9648
5281
29563
15095
10555
44601
18609
40216
18562
4097
1323
25321
51458
54183
9344
30763
20385
14644
50128
24527
63209
22837
2685
734
2222
47330
12667
17369
7060
33612
27661
21982
49968
14380
35188
43459
42353
13612
9646
58143
59839
55263
25652
28728
2043
19739
29365
48441
8929
38445
33773
1450
36262
11
25380
39041
53234
63684
39631
30831
3953
50048
41513
62479
20570
40159
30116
2219
41284
10335
49636
28045
45185
57621
37517
4110
40586
41793
15092
45280
62447
58689
55150
27609
62523
32351
60709
18577
53457
7009
38495
27238
46269
39879
61332
45741
43872
28897
46075
31279
41547
57321
51320
41888
55331
27999
44888
5551
1482
51522
46333
46389
84
48767
56590
53784
54572
40805
17172
21683
42282
19994
38321
10258
48215
33703
51660
42960
11438
45468
48745
53188
46463
30210
29383
12844
61829
12631
17296
63328
32237
20432
37165
54717
33842
24392
55483
10249
50678
55518
3001
63424
8540
62557
12536
25198
25939
10568
12368
21892
30418
62642
1414
11878
46922
33631
13167
9286
9261
54707
24012
42622
13800
53144
10839
45448
60160
32463
31149
50976
28299
43070
61354
58820
47663
55248
58318
22966
45493
41171
46189
14626
48336
32092
57772
6318
13048
17256
60177
1131
43543
52584
54856
62857
49863
26959
21727
20259
36276
17038
13190
55054
43528
9663
60998
21471
39342
37771
29409
13988
36964
38831
54045
28831
62786
31147
42681
30811
9234
22204
22357
59576
32570
27745
35290
51590
52489
57566
60876
23055
18306
5295
30033
35501
34867
32065
9454
58810
14688
23704
24257
46716
17061
43319
43152
5753
27493
64060
4045
57909
28278
47148
31606
2065
64726
18359
50227
15006
3361
32201
16590
44219
19313
12384
34847
65035
19474
3856
28860
59238
47456
28406
37735
18030
22925
36029
22293
47086
28221
24281
12510
30018
22215
64460
7035
21260
4931
16828
34365
39825
12836
61148
36281
49889
17654
29757
51309
44171
42190
7418
51732
26322
3620
60575
52001
52562
14564
47044
46853
5483
7522
3936
19235
32949
20406
10837
27854
28675
42861
58687
2077
50566
55443
44725
28590
33222
48404
30935
46347
29436
57331
59243
21318
9651
63759
1246
18603
23886
6734
31476
26130
16037
65200
18546
23529
32701
45869
29821
39599
54042
12085
7245
49071
19858
23016
52195
26045
60101
52237
33802
51151
14029
48176
13137
50653
55485
2805
17285
12706
16763
27807
18718
5625
61963
61716
8894
44205
58115
36207
16221
19554
29820
42737
30133
60629
54232
44823
42544
5633
42411
41014
40888
5101
52582
46488
59701
54676
21453
12059
24523
40227
39960
25832
25991
49483
28356
17645
47241
16176
49526
51015
27133
30268
36659
63850
48640
57505
45992
56099
62381
314
16667
23220
54084
16545
2441
46891
26819
8733
40355
52431
53852
35369
18042
50791
54147
52214
41504
368
37877
41212
58357
47625
13166
8737
65433
41299
4412
14340
65531
1712
60969
3957
44245
57514
27169
34307
17155
19179
442
55797
25214
28716
26617
42046
47486
43320
50758
17639
50972
31215
34699
25500
21180
28814
35600
39488
17069
23844
14895
13378
65414
64053
47235
53562
34177
15043
63437
43552
50375
48716
64048
36073
2737
63710
18476
6467
41882
24693
58958
35493
40240
44541
49202
49671
55201
9897
26793
25822
50202
26695
46573
65197
52438
984
1242
28919
53145
12230
29014
27497
36320
56813
63236
65222
40848
52194
43101
31256
52213
63326
57904
9017
19530
59312
44471
60167
45024
35993
14838
60679
27534
15629
30063
35338
6652
56124
25705
11449
53897
7135
61160
46569
47801
65347
1288
49447
51640
33389
62093
44029
61815
17135
36138
27058
28976
45817
42374
16443
2766
6711
62325
49043
4496
3244
51949
8608
17004
50740
61499
6545
52589
11076
50587
12311
28917
10736
18015
3612
8143
43135
56173
7426
59450
14573
1090
8171
5507
32849
48462
20124
12082
8424
43958
876
45976
25390
54800
35143
64081
1953
37624
45587
56456
45110
7466
63391
26102
7563
53116
55056
59023
10786
34105
27146
50397
2046
11162
18811
52707
5074
8012
29612
54419
38202
47870
41744
51728
28772
46476
47189
39762
55286
54511
55924
32313
3482
19972
30802
26627
28507
42470
19660
34681
56561
53322
43237
61984
31113
10198
13713
52684
61421
60690
14680
35684
11364
27465
8952
2549
22364
3334
2070
5416
60020
38474
19117
4108
42981
18576
42805
44209
63901
48798
6741
20281
16199
30401
31561
5437
40456
28967
37545
36596
59485
13757
42093
16823
34623
36756
27878
42658
50667
12989
51930
11268
49144
21806
30331
26768
3366
4020
34191
60323
10384
6543
24528
49798
45782
25709
30285
16707
47922
15729
10168
51421
34044
5894
1453
58199
53193
345
36497
22675
6611
44314
12121
47981
46994
26757
42755
10178
58128
64881
23679
53923
51624
34028
17517
31085
13
30452
49262
23755
13718
44460
49753
6958
51931
22381
26888
1530
14383
64404
56974
52512
61549
19933
56293
55016
25525
55862
42715
21675
46693
41561
29851
34347
42786
24595
2589
15798
22185
13398
24651
47854
60817
14058
38232
39185
8482
61622
62774
58511
702
60249
14586
33174
15471
1840
37218
63849
28866
60476
41741
10980
44717
328
39633
6203
5613
47933
25648
65125
4577
16809
10323
26446
43683
52132
56721
21804
27707
57539
35731
27509
48473
44669
29350
11685
33735
51623
57779
41257
17259
847
40036
9427
28760
18556
62199
37894
40310
13096
13010
58018
35985
41475
259
60966
35465
5695
34235
42103
39797
5931
42724
54068
42580
52364
51558
17030
26739
60418
14042
62804
24024
54934
9962
18286
53507
56957
14333
23443
24712
13895
25883
30746
31795
39092
37585
52085
40349
35746
32193
64619
54742
17056
43327
62375
37955
16647
35826
43175
14123
54692
33421
60220
22046
39723
59617
14425
17959
3192
25844
63308
7210
925
40976
63840
65104
1179
12339
43150
26024
61336
23572
2192
39447
9302
35365
11806
47403
21434
12144
63952
20618
29631
43265
43673
33932
4583
6970
36118
17073
3567
26711
12885
7411
9123
60001
42994
11249
65036
62679
49531
16608
46456
17037
6848
20548
4717
54249
25229
61138
54282
47221
10800
49959
27016
51680
49051
61869
8455
19582
22961
32988
64722
62944
36394
2964
63175
61832
3891
21334
24405
10148
6790
15209
42646
49996
6572
11190
38880
36528
40314
2365
36363
43771
569
34242
64137
56718
25061
60242
20960
54850
58655
22155
62617
58068
6778
9157
24562
63291
28316
50796
17717
61537
64323
42379
64919
28268
56588
70
57838
62615
18605
28722
64192
11946
59549
30441
9901
11553
13709
32020
49375
62161
11738
62293
2708
30405
36146
52398
64246
4280
58895
28749
14819
4125
8542
55480
24368
30407
58554
40715
48774
63137
39056
61488
16584
58484
20383
62599
23492
30616
56068
21083
55772
61146
32278
59196
50690
35279
60199
7805
44728
25570
50711
28248
7742
35640
23290
14499
33762
46201
32002
9953
4139
24312
46072
36640
35676
38902
2632
1478
48213
23114
46863
23412
42998
61573
63032
30051
16699
65085
29488
20048
37820
25276
13532
26185
63828
58295
44330
51520
52902
63246
52117
17715
63232
41195
57416
43244
45935
18478
52350
65280
432
27177
24038
43779
5887
40295
29052
34810
59562
53235
43013
31479
28107
59763
44627
49197
55613
293
17761
60519
52155
8438
42363
13058
48469
16282
987
21362
12060
34502
40818
19168
57502
14891
24189
11066
47571
26234
38020
40358
49233
41454
6998
16242
29680
16880
3030
44419
9635
4533
65026
63531
39114
63723
15347
10459
39065
13134
49448
3035
53006
49438
64513
42893
8934
5977
13670
60077
30219
10348
47496
29097
56471
2281
22252
37957
46296
80
17352
33455
60362
16984
47585
31576
27487
57174
52966
27257
36937
17804
56186
21332
48945
57695
710
64208
40809
28965
36712
61639
39926
15814
24883
26348
4453
54940
32646
41922
46288
54108
38172
2414
63726
27422
24027
60228
45209
60862
60087
17134
52726
22473
57960
62438
41453
39604
30719
47795
24597
37905
5374
64488
8283
23387
8116
48122
45127
28115
54833
21257
33671
64186
2956
5104
58776
27365
45285
36729
39658
25636
24626
670
9187
26492
28985
6606
1641
59674
45730
2645
65269
27006
33481
58114
43926
44887
1852
50409
47673
63367
37700
17658
15822
61965
21914
63927
60831
26271
1505
6006
17378
23795
27935
65432
30542
26588
13516
16643
59354
35147
49252
38502
51758
65133
32841
50142
50414
51044
20198
63942
65297
52999
29078
32294
35833
52131
52712
60025
19755
18336
9774
31745
8740
19599
361
41712
45472
3847
34426
15390
21838
45151
27938
46124
65146
63923
53814
44134
22059
26383
38308
56909
41664
41488
36414
10579
5454
45781
37605
56369
44797
61560
28302
4908
25268
61955
10093
56507
27015
5519
8420
20644
46368
126
3876
5234
18094
4207
47541
27556
40287
2407
25274
2296
38463
56410
20244
21201
43653
30564
55575
40542
41932
5513
31124
39286
6228
57887
62463
10174
36922
51114
43846
52031
5085
34884
10441
25903
49240
16069
51772
27940
14572
23334
31053
1171
2270
53520
6757
29192
11091
58675
9492
14336
54049
33476
44202
54182
27516
13660
16088
31166
62644
19675
58789
46796
14113
27404
58707
51900
25814
11940
45573
15782
37314
19901
44353
4586
41429
26186
28510
61402
1677
9890
3879
29165
22682
1020
43888
59993
61861
20361
4204
58858
50024
43455
32290
18894
1777
15705
21544
3702
14265
6349
39193
27545
59350
4423
4048
63409
36047
52169
36478
9717
45932
7634
33177
32127
53282
54869
17718
15974
15710
38857
18742
29387
44375
19685
57669
34817
14127
16603
55313
7726
33271
62716
32762
26425
52889
23381
43916
48346
62997
6744
59624
33853
13337
11021
1190
23258
46734
12831
28791
28388
24980
28144
9202
44108
39945
11507
48512
24771
3052
32746
30509
33077
50757
21853
46590
24023
16557
11428
10944
48820
31738
56577
14771
13564
17851
59183
58569
32563
39948
54985
57429
57545
27248
40872
40136
35818
2795
44963
3803
49662
35702
25301
27198
36218
28718
11137
40139
47463
35417
26296
41218
29726
59512
18870
3857
33119
13651
23313
54192
43199
3593
32075
12054
61012
25639
47955
44881
55325
6764
20066
26184
18744
15116
30546
2237
58461
14831
65348
10992
60868
25000
41921
18443
6364
51476
45011
1113
65142
11204
38194
15995
8620
5872
13975
25575
24071
10476
5100
6622
3988
61823
61982
3528
18261
54619
15902
64540
22533
8562
32665
39335
57190
10564
52834
44895
57111
4822
52067
52626
12932
15942
49002
46613
47791
26886
6618
62388
46247
58755
49495
8048
41560
57970
58358
56088
24322
54726
49180
58453
45363
7450
41287
65287
63377
878
57203
65170
46775
53542
39563
7825
4481
54529
59445
16896
44846
42410
40359
42065
46572
22145
55863
18826
2264
49552
18469
48212
41496
59116
35351
54776
38182
28467
24732
33257
57312
45090
30528
61636
20872
30968
19157
46751
54004
11813
30277
32099
30803
36739
51365
60556
31778
46348
27077
3918
38666
52828
31896
2682
17123
58212
9591
60723
18194
568
39532
37268
36082
11425
30218
52850
54237
37231
4328
2733
47738
8565
40429
43890
48184
4679
28455
15287
30183
58782
1841
59260
59680
51818
37910
35696
2614
13561
28283
56919
16570
29028
38165
2500
7506
12321
604
3078
3255
39504
36728
53752
52789
63902
3009
23271
43402
57396
42162
55207
46824
6055
11401
52021
50277
45460
52913
60246
4897
47212
6905
40668
45683
36849
46645
53528
17537
1433
48672
42280
21127
42404
57082
17383
20781
50476
58200
23690
19763
63115
41828
53285
54347
43833
57334
13290
43618
47472
39293
51105
43804
34567
10765
26567
35303
28007
51836
61708
63871
41476
48319
50095
48331
53411
59601
19721
38691
59201
51474
20421
40862
9379
52208
11464
61905
933
51021
62080
36198
48194
33444
44815
23737
16537
56859
36028
18774
21837
20020
23754
28788
41482
9267
25506
43385
47732
55213
28412
42937
18377
33168
9050
58978
45692
31617
36891
9083
20424
1102
65499
55185
64936
40269
39549
6960
30159
9587
35976
20776
65403
7082
13046
28517
29072
8728
42872
57127
13394
32636
5757
46579
35269
47495
11112
61645
44637
53467
55789
12122
56735
59424
13668
32438
45482
51214
54292
38248
41256
12799
27881
40971
25736
64745
16434
44113
58132
41274
49201
10140
58743
50443
24333
43792
42338
17527
55603
55553
41805
63981
