37406
33892
47712
59338
24517
2359
55624
36550
30605
40742
58584
55311
51611
3681
16753
13492
64717
26927
17618
42039
14713
12573
54072
9267
23222
48802
15521
45365
9016
21300
59925
59321
12315
2424
16789
48570
25359
21110
49584
49328
27966
740
57274
20745
56967
36116
58120
36577
26293
9637
5714
55450
56396
40035
5448
27251
32192
7570
63658
9332
28896
368
5220
26138
57008
3487
24067
18935
33809
631
26882
3485
12551
65501
31615
52757
44773
58748
5102
52860
37028
61394
56756
61760
41392
13690
45948
58824
33391
1039
13951
10832
37134
40356
63475
27693
60126
8797
8831
55007
63189
62219
9951
11614
60329
33750
7395
46172
62451
416
63177
32392
15496
45737
37744
21729
30126
4882
58593
21302
41992
35976
28751
61018
58422
34691
21297
30094
40084
24430
52140
12411
27970
40276
46484
25899
49950
37530
5470
3714
15627
38804
32772
64599
61047
62850
63257
26116
61536
65351
46596
31614
26219
57129
21746
7086
3176
1657
54483
62839
36745
53541
23487
44163
10517
14892
37675
24779
42283
52619
36333
50564
31874
22554
55708
1092
38622
44782
17804
33075
20328
16862
3189
41077
65480
34734
12493
47081
45894
48157
37038
19027
32574
42647
10025
14202
11148
40540
57746
42290
33674
41877
33049
44232
8935
608
11631
24527
4157
43931
47784
43113
36312
14093
3722
30826
12976
46904
70
60648
3690
961
36954
63272
54944
40904
48349
52253
26847
53673
6858
64784
65068
25868
61456
26848
8636
58951
51072
11270
32834
20932
1889
43126
23074
13703
42974
1327
39703
42866
47004
58054
46067
45079
3343
7060
42544
15813
29477
38910
49394
43928
40745
21585
15193
34667
44378
5218
23595
12279
13820
58097
511
29622
9950
6110
31834
37411
9554
41473
63068
56444
21351
43542
55687
21241
6112
64514
21805
45651
30041
31192
32653
50318
37670
10332
4815
19654
25466
19292
50131
46019
24568
10646
1615
50129
17601
62477
46116
37557
13609
65239
11674
31720
15440
22219
4061
36703
62293
25707
20410
6643
3138
14810
10753
36638
36350
58372
25839
18937
7142
33296
18045
33032
42934
11804
24460
43152
50495
43248
29815
48996
16208
62418
37465
47385
25086
23080
65246
53042
20537
1307
1954
21998
22979
30218
15457
15279
41134
41542
38582
51085
5384
41716
19495
19835
26548
46015
65517
30348
8791
49536
57873
1642
25886
9083
47336
11059
23105
57841
59604
19679
28813
11899
26232
64344
32303
12791
8038
1658
31646
27230
62371
16949
2849
27039
43691
24231
41207
63956
32022
50857
30865
61845
7744
31405
57192
27535
49221
5385
20949
23221
8910
34230
40340
9112
5287
50759
53310
25566
5171
64372
13117
25351
17385
24288
47595
35914
65071
5410
60846
44309
49580
44381
22248
17288
2616
59866
36626
55809
51213
33672
58410
6535
8971
33122
37674
42046
56369
24259
20779
21064
29222
47349
40503
45299
11833
33016
11103
44678
5845
15515
36406
39549
19051
35209
44874
23124
50865
13940
48155
31489
21063
37881
33058
59655
60540
64056
40818
27463
17136
45025
25239
36366
52398
17749
13628
17113
483
46212
31042
2150
50562
12017
54308
39911
22048
10975
20971
11504
50341
30768
16369
51633
14926
16635
52555
2778
30468
36200
52034
2328
51798
63830
58352
44737
47601
52784
21140
656
57508
39451
41926
38567
43408
55969
57000
30617
47335
32946
48219
36076
36690
47602
64899
48992
47033
31340
32053
11073
37172
64907
17188
47344
45695
42300
61407
28632
51393
50772
41932
60687
5542
12291
48605
63988
56499
34516
49642
20683
20267
3378
41162
24835
12722
44432
4841
6705
24760
269
3390
48441
44284
29110
50701
54446
30770
27121
36863
12148
19741
7097
15501
40876
55577
42714
1911
21629
45689
8695
8694
11282
50968
15333
45818
43200
27131
54084
32659
41169
59805
23657
9215
45626
3016
59062
3907
30900
60554
26187
54053
40554
4788
17568
1962
52411
55542
10228
24874
51792
455
55932
6918
4609
57162
31023
52397
831
27356
25831
26417
14544
48088
10816
14348
60388
23174
58700
1480
27552
23679
27257
10326
43997
1053
9605
34058
34312
64919
42207
14070
3859
28409
47863
17187
6885
31263
51969
53990
43189
20642
24654
53663
49242
47233
64394
8142
7073
55284
59780
12881
109
56904
27988
15398
48411
62991
32871
18999
11683
4649
22732
28901
57565
20191
50879
9149
36424
10015
40432
62601
9587
36880
38652
37734
50934
56329
47762
32149
12145
63493
57271
42241
4886
59731
31339
17862
25667
38906
19242
55970
59773
11102
56292
52376
61762
5306
63377
49178
11934
18191
47417
58641
35905
34727
62093
38454
1445
37178
31425
53
59912
28844
47735
6979
38792
26969
11240
57158
49657
46657
15111
9447
4794
24573
3195
37140
42336
17914
40535
33957
42977
47095
470
39160
64089
28083
7575
5473
64671
58833
61546
61343
17851
56931
34919
1044
47632
62448
39925
64851
33331
65178
18789
32812
41105
52068
44544
31578
58842
57478
64715
51398
47566
54435
49008
798
49278
51386
5924
35428
52134
39858
59545
3125
55264
63876
50390
13835
28829
17047
43030
1280
46853
5817
59612
55661
50378
32114
879
33276
30318
42069
10212
21741
5527
9295
37011
47523
44801
43133
26985
37468
56953
13377
16577
22516
12982
25615
13422
56562
36089
7283
3272
53488
49378
54115
21626
1855
55980
34242
60282
34913
8246
63927
18218
46706
51634
6294
37506
9896
12952
47714
47956
59349
31747
38393
34631
3219
52160
19968
31388
23113
19400
24670
59305
5513
48750
63244
60661
47628
25887
10830
23975
11782
47966
58658
63215
26698
39980
33321
41437
53424
18301
13709
11619
27462
47250
47
58565
41343
22701
60715
8093
859
2892
107
29558
46577
44488
19436
16229
690
21523
64959
35179
32096
30621
49089
1704
27705
19434
4211
19289
27406
52496
5813
31661
38274
25194
38137
64009
24854
28622
58212
56435
33941
61682
59975
19859
57840
22426
45562
27446
43505
61543
21948
17615
40864
18723
57409
49906
9210
40256
49917
59201
55900
2067
49944
51847
50150
62698
42533
46864
34950
39780
56477
47220
1797
8423
18162
17313
40573
16289
59178
17021
55348
26868
28883
56571
46966
18456
56694
54341
18226
15100
43665
28462
20256
3360
60761
96
24913
56806
39321
13722
34798
55274
51108
38380
28226
3849
5893
50637
38741
20030
25764
62715
25750
65499
3747
5350
5489
39986
3884
39699
9471
24771
43981
54893
35653
62838
9170
17206
3192
10198
60912
61847
54931
3813
11332
61114
18229
33637
16385
26235
40302
15180
53221
61800
25454
37441
54106
674
43540
19189
23549
719
17374
64946
7590
22606
5986
44729
264
20667
50418
5640
55433
55604
19296
50581
54477
37964
51995
32531
14875
27717
37980
53209
34739
58942
65122
17578
38314
5863
40977
45491
14622
8105
2291
27319
45099
55963
30930
18602
9689
60956
59868
42115
61130
24966
17792
1512
64199
225
56774
29327
57854
2886
56448
35410
58587
3954
40361
35737
31697
55392
52657
30161
7156
41531
18246
57507
3991
49303
46958
19943
7998
30995
13357
34986
54234
41930
44065
36191
10984
15335
25140
4475
44356
15391
31521
52750
60295
36179
62653
12865
34461
13973
21774
35573
45620
22885
42103
45675
50456
42754
60882
49168
12412
36218
49930
16022
28361
22702
47127
57879
55841
62347
15893
28160
53316
2513
65076
28765
32419
18214
54844
59371
54708
26214
1496
5589
10102
52322
26277
58874
52502
31262
35093
57443
52838
46964
61171
39143
2065
20189
43566
7099
30963
56857
5308
14761
19588
41684
39014
15617
54359
5837
55299
44233
45359
40482
47636
64076
7496
3043
64017
63176
25085
41901
11563
39635
28017
57199
64314
13549
38610
1331
63361
17463
25777
6205
14375
45171
23626
16878
38478
2011
23961
34066
49696
18256
36175
57874
34071
19737
61965
9806
15163
63970
14394
15918
6944
6513
48004
14140
63479
61857
2668
45164
19200
37915
5139
58439
47390
10327
15381
7957
55243
41258
45428
46862
11492
19369
32353
9596
54153
50750
43264
3271
64399
12482
26441
32171
11608
56893
44526
48780
57117
20366
38862
58789
31160
58912
36233
7164
30345
44963
27132
14529
32657
19221
45579
34380
30713
50847
39527
44251
51131
43721
4740
16318
63979
14723
22002
41520
41788
18253
5630
53867
16121
34887
9733
31536
23362
26867
10196
13682
23522
1504
42657
54963
23972
9797
1635
63211
55068
31751
5905
43462
27569
54278
41233
40467
16000
26989
32229
48580
16002
61782
37247
24124
12439
38908
42223
62407
37780
38385
1215
39510
34729
59418
34360
60963
6032
8291
22416
27770
17831
52044
23591
23977
12302
16550
40839
14078
46868
33301
41327
17124
29247
44339
6058
20484
8624
40722
59134
22682
25652
38885
60676
3312
19992
16558
51957
17009
61327
44361
7482
43409
6966
56501
49325
680
8309
11378
37608
15265
32167
12312
2385
32933
22634
1381
40625
22668
9879
28909
456
18540
446
275
38289
55136
7054
15745
50159
36601
43829
1383
15943
42983
37442
50535
48112
7691
6100
22479
50661
52281
8249
36002
61834
31518
28711
65103
6414
17817
36917
62851
24655
14752
1148
51604
28706
60894
15149
64857
60269
26494
49570
6403
57476
2054
22974
37529
4342
38990
17461
43905
53831
37182
28326
29445
34438
2973
49431
44448
62769
64002
65002
56377
7080
36996
50070
6770
22528
47505
54623
57650
23996
19317
11912
20586
8975
34424
19134
65253
36389
2739
7524
62817
11338
39836
16621
15756
32984
9011
16014
30966
9448
62782
43752
49635
59230
3943
58171
13201
29626
41888
65363
21307
48035
56853
45107
12269
16917
53299
2147
53256
46650
62057
12683
13411
43328
44581
11672
3686
17291
16937
39611
29435
55745
18829
39316
55335
49803
11851
63358
11314
18119
5423
6510
40917
49547
30810
47135
13391
5574
44170
7830
11329
2791
28390
16123
49754
44972
60743
41227
43627
1912
40568
59434
44153
8925
49834
10170
53023
55699
3399
60773
24571
45065
47132
26645
31752
35076
20938
29391
16972
54301
21980
49912
21190
42955
44821
45448
31602
43896
4316
33807
24541
12816
4323
34576
4888
3762
49838
27491
26173
18192
9901
59675
30322
37452
32920
64276
28446
58246
55310
64524
39814
6528
4766
39154
11153
46990
31574
60833
57861
62976
31415
54806
17846
31842
55474
59347
37181
47128
30541
54794
5005
46781
30174
29125
6640
4079
23763
6783
9146
50813
51209
49879
14535
27156
60613
23741
20347
11088
32841
7147
32986
29234
49759
45312
54763
47731
54079
6339
64473
32609
59707
49825
61225
10573
43418
24632
11705
56261
53763
45284
16336
24932
57906
3926
4359
38514
25572
60173
22037
54745
29941
13017
5568
45377
29265
17055
53668
58250
29424
20099
43574
20625
53848
32925
47282
5360
52002
33147
40461
50885
11187
18570
48784
58746
13992
17167
1467
19290
813
19728
27656
46936
51570
7999
43903
17637
36738
48213
23308
9401
41458
13994
6842
38924
64901
51810
44532
47283
34556
47334
10466
5428
11798
31202
49623
60190
24475
3096
34055
62636
58027
30372
34713
13466
46893
56663
7368
52136
2967
4246
21955
41439
4324
2358
39024
63790
47456
34922
31304
39297
58979
492
50024
10942
46808
6691
62268
29141
32210
36177
37373
8030
25396
37490
28418
2219
30301
3718
22817
42652
15035
31577
1934
58076
49173
41174
41241
52529
41342
54208
11404
9420
28805
37941
61271
28671
41137
13328
37245
38621
53913
971
55951
34251
23115
52758
60076
64137
33834
35519
19149
4738
210
39684
59561
17326
65055
14785
47718
1693
43490
36074
61429
30138
14853
55692
64323
2698
5025
5600
14612
38605
12866
16176
22604
62980
51923
59468
48270
54054
14930
53654
18271
28946
17306
27634
18370
8859
1580
7662
46275
62941
47423
45315
3311
43452
38909
1035
10163
12694
43283
7477
29707
43396
32216
24416
59590
4972
17708
52236
41478
52076
17504
54969
36653
44206
4483
65402
21143
40218
363
17210
15544
350
33420
49059
34613
54256
48837
24604
48732
39183
33192
21712
28530
5689
1570
35253
43110
21997
31371
52833
1006
35072
53776
62638
46548
23843
28667
49062
36674
27942
33047
1433
29798
43032
47527
865
11245
55722
51306
45235
30069
43114
42142
60063
20058
63776
35964
32742
15115
42649
45461
34052
36206
47792
26361
713
59951
48839
52226
44245
5094
61163
43830
2772
20844
31739
64404
60010
29368
20593
2875
52669
17661
47486
43651
23340
15949
57050
26134
60084
59809
8606
24671
27931
3806
54010
27005
8932
43389
28100
43647
250
61751
38005
15024
4210
36965
4659
6561
49153
23594
36924
60671
29860
22906
12134
43021
18395
35859
38794
35305
43365
53346
37101
4502
52031
29081
28779
1840
21322
44081
41015
19768
39123
5357
10079
53999
52961
21154
41266
62532
35910
14260
7663
29024
26718
32
2582
65025
452
2833
5844
54973
65153
19601
30118
34807
8697
36498
62683
7347
20248
20269
2190
64222
48399
9499
14479
37999
52012
2975
41789
19164
127
48080
53866
48409
42535
18643
2825
18997
38864
3413
50681
58970
45942
20052
62609
5095
59801
65249
39725
30849
31569
61655
23228
47320
40965
36001
65073
36729
5050
50806
51118
32441
55108
39087
32164
31292
31584
61213
61550
32853
13927
41690
35090
34144
61604
40877
31317
63766
56993
4835
55081
10136
20197
3109
30748
7673
11462
27691
26168
13243
4263
64973
1751
28511
28925
43539
6908
24002
42403
41103
18687
45466
13333
26573
54553
19208
7370
61833
63921
64219
32484
6456
44879
60714
34353
33987
27246
19997
6900
21601
22760
40617
29398
36436
38163
47960
57461
4050
57255
42584
13386
47967
23514
52706
40979
48728
24740
49607
51409
45939
32491
47955
63719
52480
11189
22240
3232
32932
12115
10487
52915
3207
35470
25905
12035
15563
35302
12022
41491
44573
20453
42274
8999
56479
1402
54770
54547
30462
26065
28089
58168
44481
62828
24800
11043
60394
47221
27458
60088
45892
22251
61771
10499
7723
1808
25655
9656
56462
53103
38398
37305
54031
28400
10964
5744
24250
30767
42308
62998
64158
36486
64889
59397
48835
1775
17864
36780
6589
18700
59668
64417
35103
43631
55592
13933
3483
52722
30164
33466
63218
64989
62210
48268
42392
46048
60758
34534
26610
11163
39829
54851
64977
10945
24560
23343
38271
51248
55712
45134
35453
16920
51542
20298
39525
37316
43039
35096
24042
5686
37288
55798
1707
49277
18912
7018
56202
27290
46348
1376
58122
19034
41193
38933
55975
56825
57580
43750
26877
8138
34504
28323
13224
15029
59458
25939
40510
41235
44105
55120
60077
47633
19579
45701
16424
13413
59854
52468
37138
43399
60531
15570
11641
31836
30032
61216
23032
30822
26567
47975
23529
19146
50240
52852
55366
55559
12568
53740
36850
30433
5768
11521
28294
21556
49216
59047
9187
60055
20851
35996
1225
61034
21739
12504
24204
20181
50878
54323
30521
6523
36046
56097
50791
46118
51734
12379
9247
25604
21065
45320
13431
52798
30922
33646
59743
58237
28208
41245
15807
30872
37671
4043
14286
17609
6257
26169
32596
58858
22720
47624
33500
60827
33180
26622
47138
45661
36635
60049
38354
5676
26097
62809
16331
32814
26505
18919
36848
28404
19215
30368
59285
24858
3233
22970
62213
9074
13206
8696
38784
46276
20651
10226
46061
26391
39936
61008
25830
63786
64042
13641
42710
63955
35268
47257
35198
32693
60799
42166
44116
2901
9443
39713
22599
54248
11392
52266
12068
42388
53878
56980
34779
21915
3482
878
41743
28478
64615
26166
3114
3394
2658
31427
2584
48624
61542
45851
39654
61036
24172
58612
22132
54710
50767
32755
17583
39847
4799
49004
42475
58557
18131
17753
5720
157
21636
38202
13573
59596
47152
61797
4546
64504
21373
39981
50394
26029
5286
24665
62103
756
50864
24772
49083
35918
36392
14451
661
4048
64389
25670
42384
17771
52229
37778
22497
31575
56070
21540
34765
37731
19708
54661
18437
35596
2874
24390
8623
36253
42930
29204
7463
28880
62548
6795
5992
29894
44365
54945
32364
24829
39192
50018
21581
23319
29713
15827
13817
2987
55207
2154
647
2249
17685
20047
58794
20464
47539
65022
38410
1698
62876
65519
45063
19074
44985
49477
2464
56744
42629
38533
6306
8929
31816
26640
64358
13989
50910
11931
38186
39387
10371
16948
34916
48455
43513
18180
21809
57676
60972
29330
44185
65171
997
56426
40619
21286
53076
31736
36391
59426
47690
19924
41003
34265
17002
56871
18017
6307
57353
29749
38444
19026
42964
57371
46363
54154
15016
4383
59395
8085
16555
47224
20272
23807
48776
19803
63940
24154
56411
43661
25295
40296
55710
16069
34569
4878
9292
11555
61687
48806
41519
6316
16272
6701
63369
35796
65047
34610
64705
40138
5894
58119
52486
2477
11502
65503
23305
29208
55675
49731
60504
4392
36379
3451
17731
53699
47534
18061
48920
9574
4568
38237
28782
21550
53157
13504
30675
38653
28683
47045
27381
44345
28793
21207
44545
10623
24996
30869
142
29472
22457
33570
18233
46793
36093
61302
53919
42020
13497
62657
48500
51607
4175
35865
57369
61956
27687
18990
8890
63605
36855
392
40571
58980
15126
26993
34825
59101
39144
25788
49495
42482
40269
13488
3923
1204
31336
15129
45819
63148
6774
62608
51302
61415
34062
31771
13164
3777
45556
20935
26496
38854
61825
58583
11747
18276
28777
57499
34047
63884
39299
49383
14549
28220
28943
31009
21174
57630
7270
48734
53639
48537
10863
60651
63842
23695
17694
43157
7393
35941
57641
10872
20354
36376
48009
48591
51370
20242
14498
6270
61128
24049
20193
36224
11710
44646
4222
25087
34608
4191
50460
38165
34663
24673
753
114
51766
56685
17735
23436
8157
34415
40688
61374
65417
57521
17046
57198
7656
15466
43043
34557
2177
30077
42067
8722
41288
51725
4034
35329
28544
39113
35754
21680
38568
45462
63233
54212
26286
34078
7161
50397
62262
65082
5989
42506
36750
31781
477
52470
43929
41160
65472
271
53577
13104
64874
20751
19892
43541
27346
7728
9281
46257
11445
1521
17381
62358
34717
47190
55022
49773
60431
40939
2709
60256
43207
18298
19203
38981
46779
41384
42163
18864
24375
42339
16910
63025
12006
30579
38964
10048
10700
20419
38953
1669
59872
29769
54137
25532
9557
45259
17806
18250
59816
34350
36794
60954
17794
24175
800
8729
57494
31775
37464
58973
10565
56184
14240
56734
11016
27898
33543
380
11323
52124
48254
51443
8605
39955
7562
37243
53197
13293
57524
10322
27348
12309
23136
43262
22398
49611
28569
44441
9855
33133
45925
55939
41475
26659
10018
9712
9250
10050
8304
6074
18888
11429
21234
62481
15736
26722
36187
37982
47088
22201
47554
31970
44059
47988
115
6947
18900
35749
59915
6322
50410
65229
53997
39515
42204
40024
11817
6746
39193
64402
41069
5930
39277
53890
32644
14077
32581
24041
36777
37758
7592
45849
31780
20659
36320
3244
25679
7091
36024
2931
57107
65128
40676
16881
15290
844
44001
20676
59947
20375
34585
46673
894
58752
9058
18313
25616
3723
41696
26182
47350
32435
34444
39651
64007
63676
46222
61031
49369
60160
61795
40345
47014
42109
42387
24867
45605
43188
22613
26113
56968
46249
46655
7041
31236
56966
20445
56174
28744
24496
41391
36754
62625
55982
47328
35898
54797
36748
8731
2919
33498
396
7762
36364
48899
4887
65113
29844
65223
9529
46481
43025
45035
10440
52028
22010
22183
40981
27655
27194
60039
64500
25353
48092
46937
2206
28389
37527
7058
25444
19603
25443
27284
51081
54081
19156
34287
64988
15704
24955
62438
47196
6393
47281
61881
42869
34029
47590
59442
54082
47560
43083
2585
15931
64003
12191
35205
52211
43636
16523
64289
30058
47537
29059
43271
56619
9010
26566
8737
26457
41632
16970
28344
2161
33194
20550
41085
50676
35813
20554
63295
44215
31864
47295
47253
10359
31928
31867
54522
38238
45722
39720
32281
30586
39548
35623
37636
39383
26223
15776
64132
54784
61332
31093
23584
38206
26380
53870
57866
19318
39849
60356
49093
36637
48541
63282
44887
31581
11753
39472
33584
11346
1667
50949
48474
55545
53191
48525
22754
29620
11717
4620
53295
39674
4459
48150
61674
57459
47046
40441
35670
10383
25583
42907
43699
2367
48477
57954
28157
12850
3837
33483
26517
31418
16148
60428
45585
59187
61205
15534
30819
7870
21272
16293
39085
1824
52877
64127
13665
50599
4354
38255
52840
59681
32230
20451
53813
46870
29867
19808
31533
1607
40223
8489
14879
6725
9337
27267
31529
65475
34945
40701
49301
64797
28159
31939
61623
31451
39743
39500
23527
53251
14571
1183
15199
21414
6078
1177
16632
23756
30507
46417
50362
8941
62513
20777
30801
47214
63267
61028
61435
24661
4332
1498
58471
46819
50513
50823
21477
23786
2587
27911
46572
26834
22717
65147
63828
63050
9510
19643
56576
51797
11473
55134
52592
54505
31853
46239
26154
40506
10003
18190
22455
12839
43656
36852
11984
22905
45175
54393
495
35251
10280
34454
52929
15296
40105
28359
31737
63193
55315
8166
43510
44616
12925
16210
65467
9923
5743
56057
7183
48405
16716
21329
30706
39228
14955
42144
8627
1423
15048
56611
19767
10270
9794
63271
29732
29837
34658
14496
33149
6714
33131
30755
63427
42119
44989
52934
55562
3741
28553
64855
32433
10812
2070
5252
58323
9612
20278
17818
49533
61362
16699
29164
60090
11175
31399
52460
43509
34511
15426
64174
54060
50542
12501
53933
32795
46843
30877
59642
4646
37793
9324
6165
28666
47008
2655
39593
19197
5683
35391
42515
19662
35126
22061
31567
51752
13493
50777
6392
64143
34755
36466
37059
62614
55715
13256
50365
5348
22941
35267
30076
58379
33422
17365
64193
37765
45798
52414
20761
38692
5449
20850
58375
39850
48978
37798
14296
30884
18008
15038
44750
28124
22321
51720
61671
47858
44856
52704
31718
2246
28578
43709
30918
57336
46202
3531
57140
15992
33125
53024
3255
17094
49853
30144
2173
35087
23520
22359
47145
22114
49733
20993
37912
50709
13826
38677
26997
43242
59037
46625
50734
17020
31990
53322
20236
64021
19470
45984
1715
37838
4522
10782
13324
32801
30752
2389
47267
27882
46104
3576
48188
37190
49629
28103
60031
3110
3160
27808
44173
44872
14056
36506
26393
51328
23546
52978
59844
31354
63256
29828
55334
17347
56933
27627
42922
61728
61344
33450
26024
12326
5156
17348
30129
55814
38554
32564
3956
38552
41360
52688
6457
22643
7664
4832
45213
23507
25505
5636
182
32169
59759
33015
15837
11336
43001
5236
29968
45526
28286
19615
63612
7008
51955
5843
47996
45374
2253
47287
57533
8997
30377
8549
57680
12917
44610
45293
5073
33749
15401
26864
41287
54491
43859
64249
38527
64065
17103
57537
49626
45096
36905
7390
58079
51297
37119
6953
44673
54062
26978
38281
61856
15300
9678
1348
22221
14577
24992
43206
40469
46274
46164
54484
23949
23813
4780
5172
40289
4807
43038
22142
62693
53758
7910
46634
34851
17471
56468
43247
22681
51070
50809
45006
1600
4074
60786
48843
6321
14670
33633
24314
38814
51848
17182
5326
35761
41230
24316
54617
54340
17352
2525
4618
7068
52359
10822
8911
12832
16199
42609
16618
18270
31860
44606
33609
41627
21469
22050
35602
20947
55304
37739
28306
50014
36357
29847
46916
26783
47171
51210
39057
18581
21954
31740
27465
30168
58630
25149
28504
56398
45643
12380
65400
16500
52658
36051
48975
11860
47470
19915
59177
1639
28121
25066
55762
27920
2640
141
53109
42665
63534
10687
38880
28964
32355
21408
1294
59073
4389
20579
45665
59765
58216
23252
42684
21379
12071
25222
8009
38521
63018
3870
8357
2422
50979
919
1676
12192
57670
48231
53338
20806
34001
2442
29957
23380
10503
45442
63341
64255
49440
7679
26996
5973
1543
16411
61896
13978
28787
47371
32259
39394
57684
18030
19636
46899
44008
43782
9466
2340
59027
35821
52074
37334
62283
13808
54356
15236
37475
46430
48849
36452
22180
10489
3877
20068
56914
57039
37933
512
45296
24448
19135
6738
34555
62808
4056
63636
22637
21914
34477
17216
9373
3274
14592
36131
35423
48829
50086
18955
50283
47981
20868
11871
14236
56143
47183
63637
10815
14035
30998
36139
47937
32688
57963
60740
4307
29668
24022
6066
53058
51414
50377
14818
46148
20073
53849
15152
31505
50368
43793
9331
59243
2273
23182
27233
56941
48339
24264
26043
64351
15249
57852
36115
36544
59587
41149
14716
9242
16815
57967
16907
30467
51577
24421
52554
22052
24223
6826
18179
20364
13251
47059
15025
46589
37817
13025
1349
48658
22572
984
42203
29029
52459
58150
25365
12581
16177
30415
34508
64205
25256
32781
39469
50324
53297
52077
47001
8924
52429
45348
16751
20241
23544
17836
15345
37777
24596
29666
55776
25796
7648
49555
40087
64574
14090
24092
46406
39543
40538
13074
4670
21907
3952
53939
30366
11239
27161
30040
34629
11950
57074
588
42240
47552
24691
4892
21406
60824
13232
27220
20827
29027
7229
58591
39398
675
4008
48048
46507
13871
35605
3429
64259
43938
56159
42321
48361
63163
23915
29535
49284
4737
27177
56654
62251
44183
30101
52333
32242
47908
27547
55127
36212
19611
9260
52955
40858
2949
18219
16940
28303
13919
12846
20380
27901
62784
33189
62825
1541
33581
65387
37975
10843
26211
16382
17257
20883
36737
34540
26675
40212
61691
43431
61404
51545
15566
61973
11936
57813
30449
31710
17673
56921
40425
46357
29088
1358
13158
30321
22290
39367
27099
46565
2682
25547
42066
63097
38413
44037
9144
36214
15966
37425
40936
39385
17562
28631
44973
61941
2653
10420
37447
20280
9570
13939
4148
46052
1920
58618
20521
1401
14369
33014
37453
50592
2905
43848
35022
52446
35609
49778
56745
6948
35615
6150
62032
54504
27500
52126
58603
8762
8146
21476
10957
15234
58420
35599
59312
48010
28393
49766
31448
51217
30509
37682
48481
18152
24198
40307
37886
10029
36894
32057
57987
56308
22964
32344
26977
39019
58092
5307
57588
32030
37187
37071
47525
31153
42016
24374
56809
3027
28832
61358
39982
3101
27638
59437
64194
64762
29819
52180
53934
47747
27316
42548
8835
48367
13768
36901
5217
7915
33635
57361
17957
49034
10056
3383
48138
2645
1501
34096
45706
3934
65170
15302
1950
63490
30225
42470
13997
32352
48446
29466
65099
36876
3457
20014
25439
13861
42858
17246
51555
8953
46898
59729
23224
27416
20674
57225
17166
53589
9771
57159
62285
10471
97
47686
11704
53276
16638
37540
32048
28171
4080
14267
35746
27245
63630
24489
42077
52834
55531
8741
21886
59520
65051
2326
51206
12305
54565
23416
65133
45263
4055
1876
31243
57404
26881
54426
46493
59063
7215
50072
64665
32642
1299
45070
6917
16671
562
30718
57482
41848
31555
23525
42774
45702
64376
49025
35766
34866
44359
49030
60362
61440
3218
7902
56923
25810
21352
14841
31839
30378
27916
42805
39910
45066
4165
37874
61391
15030
2448
63730
28059
13884
48986
41018
49439
18922
37327
44272
49072
38878
8261
40194
65345
57422
63688
42346
1303
37033
50382
56222
8211
52907
28760
6324
23951
51327
64887
40929
49763
65271
2130
38974
9412
24304
29600
41692
62752
1922
10633
28043
46299
48
61599
32725
41361
664
42023
45732
55640
21450
28036
42495
64948
34384
62905
47907
33104
57173
23631
57574
14563
27654
706
6631
38949
11514
209
15204
21437
35279
53607
33185
33731
8735
45371
26866
56046
58491
58009
16154
49870
10091
5406
49348
20573
10278
22049
17692
54029
45179
2229
47322
37973
32189
248
28391
14748
3411
5993
33874
44849
60060
32840
38661
4592
45285
60406
27030
6124
44788
52030
1778
31835
9254
53714
57761
42611
12582
16066
1866
17357
5882
10486
12515
31844
31072
13862
61617
28858
3530
28032
40808
49295
20723
20360
47460
45584
23845
39401
11487
20740
47704
48974
30300
47814
4144
20166
25884
6546
48076
12709
15093
30707
16254
50546
15883
43056
38987
24426
38068
22555
50812
27418
11732
23285
8882
48448
47303
59343
31708
35429
55824
28566
22500
15523
46138
6050
51317
13570
39485
6785
10298
56447
55789
64379
10476
47692
60003
17647
41326
377
35471
20840
29160
47902
48568
26896
19387
37347
37965
28780
59185
31537
37640
1896
63772
21904
24060
27357
54285
17883
60359
35287
4150
23922
54886
6183
31089
7033
9830
8739
9041
3526
44211
46638
58742
64817
3388
29834
47136
7933
51037
908
44366
9315
17969
9091
54408
1162
9352
42147
29804
49732
8894
10630
8886
23385
12365
9857
32013
9395
26982
1422
7473
55649
6645
15313
28560
38081
9059
29142
9064
29546
1132
49550
54120
52614
29580
19833
7861
31906
36868
29578
51876
54371
13771
54436
20077
47116
29299
52557
1192
9285
2635
33200
25591
21360
34478
15157
24490
56101
44393
34492
24713
29287
6196
12137
43226
47766
48158
42763
18470
61040
3534
63831
57212
53464
33936
22724
3293
47409
1250
42494
45300
47898
2769
34827
33108
59588
43161
24344
24267
23187
1952
1161
57357
17642
17118
20867
60976
11836
51288
40752
61789
23176
56892
45181
25943
39653
48564
1384
46309
42239
3169
6037
19641
23755
37851
31259
61256
47732
14516
36008
23292
59309
35648
46934
8830
26745
50555
19727
33197
21512
27055
25948
33060
25297
42064
47879
51265
62414
31998
18848
21458
64926
36441
46269
60890
22512
20251
38029
20428
50183
3772
23997
56625
12877
39507
37292
2637
50041
60802
39427
58681
33827
62018
44189
53141
45430
40162
38002
62300
34439
43204
55473
18364
15414
11334
59335
34243
58208
32888
40724
62149
31412
43265
13727
46300
26530
13199
23295
56360
11493
10239
8056
59698
20725
19954
5887
47294
59714
47288
20531
57860
33250
60975
1858
8780
40174
55833
43245
9983
9330
50121
48590
54526
48552
62554
7855
43963
28743
12908
49445
31539
37790
17734
35608
33865
43202
24879
49600
50909
29829
13582
14402
49373
7151
6692
62022
62444
32683
41700
31507
8572
14360
56376
37097
50722
51032
41368
33859
2821
6226
18527
9101
17354
24782
32055
19613
30717
8884
11420
47133
35550
64770
9565
12058
22109
1038
26369
3299
3380
41534
26476
61264
46346
39927
60546
63607
47635
12219
8811
12039
47558
41381
54111
12045
37700
10310
47676
55881
11466
44200
51790
41847
55015
63052
41066
55006
10837
40561
13275
24324
52513
8980
60807
51760
35936
58989
3415
34481
35720
27120
57799
57350
15561
34445
48278
50612
29522
13932
19535
50461
4809
34172
54130
18924
4207
8187
19949
54769
15217
13928
63920
58781
13271
30484
54201
34542
37836
41121
26308
47719
55988
3273
55923
34402
56802
33230
37663
11522
57291
53054
4732
39904
48236
2435
57325
546
49926
64748
42688
49798
61876
18210
21465
43164
22104
37580
62597
3495
53411
25316
34356
54385
64814
58440
17678
19951
18781
27947
45959
55590
18962
51422
53107
46783
40729
65226
6168
38991
6369
52561
7824
4917
10030
2783
33062
60789
38059
8927
21057
43694
22157
12757
36225
18279
59318
63252
8885
45347
4509
45974
27335
59246
4977
56257
5554
27650
38026
38311
62243
13705
22013
31845
17689
60465
35917
27148
44940
16639
35835
8443
62396
7426
62321
47249
15069
17147
31773
64697
31326
57231
34987
38018
56610
9067
9098
41657
18343
33134
22294
53833
14065
47589
28861
39410
60690
37061
3797
64103
23373
55886
38639
24718
60315
1142
41302
42037
31493
43559
31591
24271
26599
41704
58657
11276
27760
22847
10391
47571
31025
29877
19702
17192
586
29176
42120
7850
43010
9099
34669
12174
13853
47348
750
9597
49574
55740
40783
10787
64487
20302
45221
14994
35794
24649
25762
45044
13845
19410
14855
14333
47455
9369
20290
1534
18577
11390
25186
30249
3902
32280
65256
64877
51310
9379
31125
3466
27949
56594
7165
37631
41536
36624
21522
55070
27641
29179
33431
5315
27660
1852
53513
46696
44079
35634
62189
21007
31015
38383
53757
41752
34148
8399
26725
17405
12164
21021
27241
44027
44882
55475
50238
28093
30307
33000
25071
18568
13551
9483
28928
11426
15215
32960
23562
34624
64642
26635
12032
35791
49136
54798
16659
47515
22389
35353
59148
8781
13789
18042
39639
24838
5001
33210
43626
4444
42919
21492
3508
2548
39445
19094
17873
19114
13002
58772
12637
32185
32162
27886
27849
54355
51028
12285
51092
12953
29003
51273
56770
65299
48606
44817
40076
34993
6028
8616
10501
25361
42095
59345
18171
65031
50300
62120
44455
65420
42399
55071
47739
35885
22957
39266
42855
65388
43660
59292
20409
62767
8224
16893
27496
28833
55521
7262
25189
41774
35598
28721
30471
24731
51672
7271
19811
26172
19222
15188
43498
34037
61452
60267
24865
2504
42842
36141
16825
23109
42143
62720
57378
29895
29355
58870
50427
5816
3224
52521
58067
43294
58869
38266
31585
53771
37065
4341
22781
54520
34485
34790
52779
358
25187
36869
51015
51458
4298
9522
10264
16767
3713
23123
49447
62704
27377
64060
37560
11938
648
17744
53292
58070
57285
62520
24807
19953
6506
2002
44772
49489
33564
54536
64812
27690
556
27162
57824
8842
20624
52010
3212
49473
14817
14288
61918
2236
38973
17551
20634
1783
25736
28296
33698
39101
26279
50083
52169
40369
60742
13239
10790
2603
2120
48172
14685
18597
40459
39156
36099
52964
43243
49698
29928
48459
51435
57644
13103
23153
41629
43257
51566
40436
57118
26246
19908
26723
45640
44713
7643
2808
25160
7860
503
43638
14596
2301
35488
15859
10749
63563
32461
41464
6006
30408
59209
58555
15125
49949
50982
5831
61226
39843
40047
15251
9208
36445
54979
19991
38570
847
48089
30609
3612
43964
45546
39968
59274
56710
4876
5862
37117
9731
21560
55658
7573
64749
15189
3401
31603
46371
45196
41249
24161
12479
57973
47387
39251
28610
49453
64470
7505
28135
62934
18225
24726
34269
30653
63021
59213
39482
17425
33976
43645
52733
33135
2915
61659
26774
29768
60379
2283
51378
7217
19371
22475
56903
48665
10442
25119
43552
58509
9770
55813
3048
58061
17018
41559
3115
9520
2287
32469
22907
62514
18267
30863
8219
27943
29244
30635
16302
41277
26928
27303
54092
12037
36756
43561
55458
43491
35003
11134
41251
40349
40005
23038
27074
61104
18472
15226
32464
21731
40010
22296
38807
31753
54276
20709
21620
35576
45581
49002
18798
63510
14914
62151
37897
22006
40354
15008
23103
23966
21604
55520
19214
1947
39800
14779
53393
63713
9512
62700
25498
46513
9792
27804
31257
36013
19602
30817
58198
3489
16456
19971
6038
41679
45884
52545
2814
57307
15086
19787
45247
9306
30854
59546
29912
33137
45103
23982
52473
49970
42301
34902
48085
42935
14658
38057
51263
41915
21537
34103
64321
56170
58381
40880
14213
51903
36941
205
45433
25584
2923
19789
48153
18172
19532
60019
1511
43553
45037
3586
12700
4591
20048
46114
56489
50462
18495
27026
7048
65155
41443
27989
33042
36
49163
4535
48067
34863
64953
34962
41417
46889
61966
40926
32043
21803
12015
37531
33282
34322
53676
7561
12366
58014
40636
35626
26471
14927
1834
17032
25989
26717
65423
45537
32862
21681
38025
56430
3362
19673
22650
52149
49978
16142
888
36949
41947
4315
14847
31597
37561
936
19998
16723
1029
10235
18712
10536
25700
4264
51222
50436
53154
11857
30746
39314
62162
57216
60081
56797
978
31108
42317
44063
33304
7011
54499
60568
22666
38172
23779
65174
16418
11670
11296
16633
28979
41080
13440
16624
3555
61530
62338
13579
8337
43714
55623
21448
8449
30265
48913
49094
50768
47968
49848
13182
9169
60672
4156
55642
25730
57012
21699
10360
31356
39926
38113
14572
1585
31560
49390
54801
34131
56618
38802
19471
614
47775
18701
19219
55234
48415
30668
5822
23251
55629
38273
57097
9458
58048
41990
20911
39409
18486
62265
34118
64319
44235
9482
21504
19550
57627
22869
62192
53059
47150
16308
17688
51459
1010
39769
9497
15667
29454
48584
5158
62007
62479
29797
50632
17938
62628
12341
41139
19800
2459
9824
61783
24795
4168
26353
64698
17370
61132
2105
59420
23196
30201
52796
29291
47360
24610
45771
29760
18619
8100
32251
18554
17828
49538
61548
18474
45877
33157
38566
19792
553
14627
29745
13325
49839
23128
20792
60131
27283
61140
44262
39813
21334
9132
576
41970
12644
24617
33760
55572
32977
10190
12653
47156
34337
21084
1020
8044
20265
33236
29152
20407
4520
44947
22348
56112
16195
51754
46403
27078
4384
30567
12135
12760
53723
8545
40246
38241
36842
8956
18964
18548
8843
23734
61545
5604
35900
31386
46043
32369
44310
4521
26155
14316
34673
29217
7594
10290
47304
46317
33489
40565
21328
31501
33053
37593
64362
24851
56608
13733
38217
5082
24336
42229
30023
46021
14807
55393
13165
31338
26948
31372
27130
34839
9433
62575
46014
4296
17783
43260
14324
24147
6791
53350
24012
32219
57172
60770
4189
12689
51261
52506
681
16669
29408
35237
46174
60460
16467
8543
55102
2409
15529
54125
54872
10036
35581
59883
63558
53051
15145
6332
59145
41041
21622
57550
28107
35840
38012
54621
52824
10631
37846
45076
45222
28944
55940
2546
17595
64550
5184
5730
37177
1971
13408
7936
28643
45800
56290
65038
51384
39204
49514
37895
41512
39103
12966
16294
28330
46339
60723
56540
40158
41518
3642
55493
60580
40052
20294
7019
50803
50911
19080
23189
54116
19127
45218
47181
20813
1843
60993
15278
7671
22533
2650
9297
5151
40337
62571
34072
6666
46547
41263
58749
44394
39328
2360
31879
23935
47000
48338
24769
36575
57469
6398
5442
45822
2207
40888
57016
62816
60923
60873
32538
17252
57894
37551
26537
2405
60577
42873
18754
55755
53950
58213
51991
56568
18044
12936
13590
34927
26577
51953
42993
58722
65017
24577
64979
27952
62543
2764
57282
32060
54459
5127
8338
13226
34690
27745
14373
27206
38901
3216
3235
30926
21463
57244
63046
54375
45913
26810
45862
48697
24208
61614
35878
27736
36234
15380
4984
16725
20855
19193
58741
48905
50953
25629
35995
56007
29307
52891
5703
21763
9878
32442
58920
25407
41117
12486
59056
17454
28190
32161
28939
52563
36378
42151
5458
43268
63639
21294
2820
65285
41224
51057
47255
61369
47376
41420
10962
15816
32218
58821
15880
218
47248
28483
3461
51282
60147
40559
14815
32272
21879
48214
37697
10439
1464
5920
48239
32582
38551
24006
61778
26814
49111
2497
52684
27917
2673
58132
36264
6445
60163
37073
44762
33239
56237
24086
45607
14680
9243
41498
35170
20467
41348
28983
59752
51455
25798
60046
36767
27969
61714
25725
17351
24071
50405
64588
24766
54538
6259
45606
47860
8378
37652
60117
26092
61312
34733
55118
35165
46457
25367
11601
47325
28247
56558
40038
8428
19609
59306
4741
15888
25854
17913
46388
28382
35455
6642
44983
28058
43511
2304
53583
62411
19153
34190
45062
9114
45952
25613
16269
742
46520
38102
46009
30514
15519
61763
30316
8818
43336
28873
786
39203
23722
52474
30548
21399
61609
60634
56534
26444
50451
18063
332
33217
16748
32739
26255
3543
16664
23671
31245
16122
63259
23658
17398
59069
63782
53624
49522
54073
20672
2393
38231
13784
25058
9773
19501
4360
19805
37116
54643
48832
62394
65442
967
45575
19987
16088
39265
28812
32473
41042
12371
1851
61105
22004
29440
1611
30643
47429
21931
37806
5440
28663
61219
45157
35649
25103
34147
28801
18737
14788
25284
46141
25377
8076
18777
42841
22680
14282
58008
43880
28269
63643
53327
60038
11348
53587
61737
62400
9645
9179
11032
65267
48086
27226
37810
12614
13522
52818
43187
10178
13567
4748
45569
42289
62670
65062
18824
65056
37455
53726
1377
51518
4505
45979
62064
53896
32546
24918
16046
65362
56798
32365
19234
41985
62208
61905
3042
3648
16738
21318
48943
29102
36507
65240
16846
44077
44712
25097
33516
56642
23968
6509
32064
62113
59266
65085
56841
31899
9127
64084
5646
46264
14276
41492
18818
20944
2675
14565
22430
34926
62574
48355
44167
7238
64571
18804
25433
31010
28376
45017
2413
44800
8779
18500
30927
35393
13250
32565
35310
55729
29506
43345
11580
24935
24947
45237
40025
29490
62930
13067
29245
61916
54907
62395
9426
9047
26508
6801
38957
38759
11449
57949
1004
56753
47619
15379
33542
47491
37379
31277
59470
9871
15355
26335
33396
35249
2594
2671
64163
55337
65341
53307
42898
22067
16093
58137
47620
17144
34763
62791
56103
25142
18043
47073
8822
49860
60574
46645
21264
54550
26076
23027
6280
54411
55693
8951
33746
52947
39956
65093
36417
19518
35400
10974
6703
54528
29839
41549
34083
33293
53858
8262
59648
65079
18145
38745
57804
54155
13807
9360
61080
23002
60272
40907
12746
12186
6212
11383
60273
8962
47884
1113
39246
5331
30074
42716
55205
21355
24434
64560
49036
34437
38711
25695
27371
22689
31666
3545
26407
44190
43301
14967
60813
17926
33254
63204
62203
47019
16100
3368
57264
62806
30727
29387
14564
47748
21760
17099
54077
31687
39607
40855
17602
19621
34198
50312
10569
21008
6916
515
52114
8921
64539
20090
31513
21079
6895
59283
48356
36023
22761
45806
55540
59764
51638
15933
44415
12453
46155
42453
23249
20334
64332
11191
45683
53669
57822
25092
50970
28824
44396
61540
12151
35148
44280
59297
54415
60607
50221
52005
58367
33574
28011
64592
37966
8571
55633
51669
1807
18126
42668
44376
51401
2966
13863
21882
49249
43475
36178
35745
23816
46594
4904
461
27159
38628
24656
62326
10398
64776
33764
14946
56749
37940
7234
32916
791
60551
25294
54529
45120
36458
26879
57596
26740
14417
12218
4578
23030
44775
21468
45163
11421
32227
16260
42156
58291
42129
1463
33387
3965
30924
37820
25327
17419
34441
63041
323
64187
6807
59009
59582
45827
52462
39824
61867
60805
10090
29406
16235
35040
22225
31601
1697
29357
36747
16338
26603
15406
54149
23770
26544
21913
34621
55204
37370
57661
44426
14227
44060
49789
6755
42691
39934
64135
44538
45419
27271
19357
15444
8600
17782
45783
48895
51718
47306
5316
620
54006
11206
24508
12575
47108
12591
15764
12047
44104
26828
53914
24128
16090
50323
49636
53285
33073
31821
46664
61579
52170
44503
55242
16898
64200
46070
5847
29740
46782
53981
64144
31620
29226
53945
32658
25744
32839
50716
64708
32193
28998
33803
12988
58515
61563
22767
34582
58368
60186
56641
42719
12432
25513
52440
62199
23135
54825
4305
4988
22742
5284
63174
5754
2200
3241
33894
18387
50874
30122
41293
46125
63196
49364
17624
59419
61131
25913
27596
3283
24084
19858
3976
51067
49890
38513
10771
14426
56515
4015
23736
53634
35922
36769
14980
64140
33220
30073
49819
61788
25662
52843
38078
49084
857
25363
18731
6592
19309
61884
45619
18415
60136
51258
204
4564
55148
19360
32254
46037
16721
5202
18648
53155
26529
744
41402
41410
45750
34088
6363
63371
8005
19773
52175
37978
41821
31966
35371
44317
29861
61809
53335
53621
944
30837
9105
32015
60924
64357
63004
20201
13732
34939
11172
6432
51201
47252
50675
5260
32014
28282
26772
1623
58927
32154
14932
42906
23377
17528
59804
56151
45169
43183
59186
7241
13645
61013
51375
26461
30011
15788
27611
58280
12897
7374
35419
22530
22063
3447
47114
7266
61042
5343
9178
48495
52364
34982
49385
36678
29911
43987
25656
34075
6189
256
10584
3365
21407
63217
64125
18021
4186
22186
31985
26212
20096
22182
35032
47745
25767
19302
64159
19734
54194
26887
5670
26504
1696
555
34844
5120
61155
38707
53329
47651
22434
24260
3664
54863
25028
46364
46538
36195
46362
57304
37848
732
58361
63303
53972
41126
4782
25320
37031
38123
49239
26811
32465
52711
59955
18410
36503
13684
60937
51906
35112
38718
54407
45033
14990
41563
34648
38227
29384
49432
8775
33946
64271
47485
55179
40243
53457
56005
33914
27729
2205
5038
56772
59557
19900
57796
47096
17294
14420
51683
21735
43050
28770
8778
17232
57689
7170
47615
63941
47580
37
46472
26364
64723
19113
35833
40654
4223
32727
62872
50335
20094
36943
61532
11909
28309
41715
4216
56552
29382
20952
17531
42976
46285
24534
63344
27817
62344
29426
3432
65260
50386
39237
61221
54160
9194
13681
33283
14675
39622
64250
11795
55320
49209
39475
19608
51878
1411
12255
61729
5074
59803
34547
33912
36692
28360
30438
22255
21852
61964
58510
10694
54896
41510
41422
64302
65261
41720
62408
3025
22028
58517
45837
37021
31332
5333
63722
36399
28709
2245
38947
6632
54389
52943
51932
3673
38926
25096
29533
31889
15994
43355
1400
8039
59098
2754
47443
58359
44886
22014
2456
46157
31599
27809
56182
27176
51918
33778
49818
6533
53148
3444
14964
39826
13901
7629
14525
32289
25307
14112
53949
32308
4251
8793
50577
26472
48426
53451
41675
17284
14742
42701
31113
3119
18366
38152
60572
44518
37387
30042
49779
25665
8989
27862
7064
25836
1634
24721
61618
27574
13262
57855
38205
36899
54299
22949
60401
17191
20055
30251
7790
53809
9322
21472
9684
14132
5681
31986
26130
53283
37188
36476
27081
4294
36461
31748
5190
45231
46435
24952
43533
31825
1014
9030
146
18572
61075
24920
20566
11143
60753
3990
40914
4047
15455
735
51125
52332
40456
52710
2984
3812
30955
64491
35792
63324
20692
43172
10755
40368
20333
3001
55668
40435
33286
55100
20934
17776
12108
35426
19179
27713
18694
28372
31512
51984
9984
57842
43817
24313
45830
28978
5968
4179
7012
3569
2437
43479
63433
53175
53821
56580
35611
27294
54161
3858
18719
42102
50789
65218
33424
27761
20257
38344
46283
55429
17988
40706
13020
24467
30150
47736
15990
46869
13050
4808
5599
27255
17803
42413
35338
63219
28009
55444
52296
38251
32304
26612
59490
16864
48587
46668
33933
19346
34969
63806
16071
52303
19358
63823
7917
48404
37686
6501
25477
33361
16828
17758
6391
6260
52601
55501
64684
17627
17956
49460
2766
43362
14243
62306
55354
55837
39810
60040
60035
48773
46707
3004
50146
44269
32660
48549
30457
2212
54887
11834
39221
40954
9348
19087
11123
57193
10664
7613
31068
31849
18461
6005
18144
45410
55575
25450
36497
54135
15823
17898
55459
60230
7485
61053
39967
7432
29111
17453
42225
8846
24989
20361
48629
56500
8420
24228
55683
49640
18496
21483
60685
36341
63650
21732
43576
10182
60908
64828
49511
58532
46970
36682
61600
13647
35447
28720
43487
1230
63744
65353
39830
8354
19260
16546
35250
27670
49459
50649
42044
30961
58340
7315
58347
29096
42520
4284
18499
51768
46445
24176
18573
58125
56317
47717
56543
35204
7088
2501
13464
31019
36563
32866
44147
58812
38305
8873
10814
58399
34176
43057
45637
8269
62805
64636
59555
42238
5439
39681
38812
22553
34371
12527
13107
54383
23208
26449
38983
25780
44362
59594
43176
20904
35272
24266
26923
9386
19269
14901
4430
57704
46461
44355
48072
64868
43774
42285
28414
55532
12010
7380
51671
24408
57731
63881
12654
31276
52065
17367
38119
32063
50422
903
11481
57069
18124
65057
6293
28842
30353
25582
5175
64019
16963
65262
43413
5758
46254
26067
43135
62694
17031
62058
33040
39342
33152
10259
6486
32350
196
13065
38404
48785
45427
25141
57892
50037
38053
33666
10305
15741
29851
27019
16249
1248
57474
10585
45394
24978
25338
10527
65224
60617
12941
20574
53599
42582
18417
27102
22388
1221
18584
41009
11002
60875
64016
46690
22266
47889
5169
45617
65115
18587
21826
11689
61667
56327
50794
21513
52314
8074
14995
12437
3646
49883
1959
63110
43507
43601
13084
30615
39772
53965
21420
32293
7287
56697
2417
35175
27702
4412
10556
54912
10965
13851
65204
20875
3335
26851
39822
48294
6381
51058
16604
56484
37133
42435
33951
25914
33782
38524
14623
8032
14551
40523
63544
29661
30054
2479
43225
12909
39823
11866
49720
62815
55233
35728
64090
10083
43129
50398
26631
9680
57724
54023
2094
45002
60920
22624
22057
29978
37440
63209
48809
328
62311
31163
64064
48276
21181
42773
32206
6884
43842
52921
24638
19282
1189
318
14884
44768
49681
12175
43797
35262
49417
56631
55639
38670
59687
52300
4723
561
57593
24345
55688
42332
63899
52523
11811
64630
27090
19857
2957
51231
17338
64793
44054
1304
35361
52079
64818
4679
56616
57938
64718
52105
22865
3890
5338
60579
51926
29536
46571
17170
54820
14263
62216
44022
30766
19030
53425
38511
28729
23036
15630
56408
15838
30163
59130
55806
34487
19914
34954
46829
63430
33213
45872
206
49037
60033
47934
16081
14233
59411
61589
9551
42502
8777
57155
36679
64842
62923
13305
40505
57174
11038
10261
35181
62060
52946
52367
304
37299
17290
5013
29090
30446
45282
18463
43003
49528
59611
33772
43458
44136
39892
47489
30227
38356
17896
40664
62029
18960
17317
31168
17067
18974
2792
14560
714
65276
34817
29364
12226
38724
2672
59997
520
51553
62777
32398
17739
4681
26189
33272
15209
61311
51254
50459
58516
13711
45828
32232
5967
36488
48536
11004
44282
8746
52071
60464
44629
55287
7487
50804
29431
640
6505
126
58956
53810
62840
5668
4606
7015
9870
59328
31255
42063
20895
26518
4746
53943
51246
18663
50652
40529
21382
28826
19814
32157
27477
22563
58172
11386
53396
4668
7408
55984
12583
49226
4617
37082
41151
11988
17165
46122
7410
19568
35597
40128
52084
5474
59202
39092
28593
45378
58790
4326
7717
39102
10593
42674
27138
64998
11533
10251
64880
41370
44533
35793
10598
22715
46152
6357
16180
9880
35505
64275
31284
38577
17929
30382
45336
315
484
59576
59848
5656
60889
63301
25911
62803
59931
49771
34525
6442
4321
3154
7654
25917
5657
61665
450
54913
49317
12398
44067
33515
26101
13035
16404
61508
59741
31467
12346
31271
12796
4291
7521
51981
28987
36006
41064
20590
4313
45197
33793
65457
24840
37210
51791
61822
52625
11246
18473
16125
47538
58651
13675
18720
63912
50482
24110
15679
46068
55443
53554
34187
46050
35443
48925
1187
20967
9707
8524
6252
52230
3408
43850
7258
54275
53756
26793
8994
59900
24008
3981
23461
54336
38326
4240
7168
18600
53372
55164
56190
9299
34285
9965
23446
52260
47689
28245
36998
65245
38322
11577
9355
44265
52839
37774
64334
2343
57473
4279
28869
12559
26647
50061
44398
18332
65167
2520
53629
63002
42758
49715
40578
40410
3516
17416
2523
5955
25732
6046
49110
3528
54142
39084
3477
179
64026
30550
41216
14753
18921
24562
48715
37725
36319
27571
31817
14661
11952
44977
58468
54430
55386
61442
27476
3935
21348
6333
34786
17881
57103
56323
12370
16818
44061
62531
22270
49346
42071
15766
58324
33556
39177
56104
31229
57584
43325
29770
63485
42101
1483
13644
2182
30028
58098
51850
41189
56118
27997
54321
35588
20092
62679
10435
43168
16164
42412
16353
52439
49977
16478
61772
4073
50563
25418
58582
50775
23893
24574
60438
45625
16350
49254
31657
61877
38441
33670
20142
35152
1472
49585
53586
33967
23853
26410
9924
3307
51144
27598
43227
52237
49997
11678
3404
62013
57005
50506
57068
42877
11557
43353
45789
62176
22620
42732
49910
43324
310
2609
22126
2614
61428
50924
19536
48685
52384
40886
2790
8426
51690
12028
27625
14073
6444
24619
43780
43590
15020
34882
6668
8913
32832
17030
8701
28672
36594
65412
17241
21182
30622
18614
9118
12421
56217
46075
23398
24533
20145
46097
7385
8619
17543
60749
50186
2074
36134
20224
10341
39970
42222
46510
38644
33150
54627
57556
9989
14830
42895
46626
47978
5480
46639
39374
20943
17690
51272
23885
11835
2269
53456
14552
224
57771
4141
47985
5330
46337
16459
19972
44188
13547
50559
1863
38700
9556
22367
24403
64934
54458
28054
44741
38044
58563
18515
55355
39839
48918
21402
21443
9604
34660
46531
33675
45590
43349
27830
51552
27393
60177
54649
61596
2998
37105
12225
58523
16731
47002
11339
1802
9517
1356
58265
28363
56922
25001
44878
36355
60065
1309
58279
62729
21354
61083
33660
36186
36651
2080
13151
9002
41444
30171
11629
18182
4380
37807
23277
4605
12886
37171
41340
44144
61020
47608
27550
62239
16658
41928
44032
39631
53185
53406
4821
59061
17687
16902
6371
36629
48770
45151
62126
51517
11671
46117
61005
28922
61411
15206
59456
51682
48513
2551
49596
42733
110
56269
21256
43602
19274
37340
46236
65067
6637
48691
8713
50754
52759
53286
38146
16919
19038
6309
17119
17211
36841
48569
14084
34928
22125
33958
30482
12245
1286
31380
27305
29118
39729
21933
26964
33285
26285
29741
15538
14197
51296
37324
58051
23937
32249
2574
36547
60548
25985
26798
12584
11784
29183
22295
21825
60767
14921
26528
1576
36935
44346
40370
4319
35741
22381
21706
9486
2352
32957
46867
50672
62988
48147
2309
43854
58305
24417
50715
58566
29262
22206
47949
13847
35853
26596
4085
64387
48363
23006
491
2612
7138
11941
55362
22994
12859
33339
35554
47227
31982
2341
21384
858
9650
19456
3544
46480
45697
20561
51862
41736
54360
35734
32885
15961
61734
53881
37995
56912
10437
12358
9809
45468
55702
64094
10110
39329
19834
7949
25855
12254
8560
40346
34554
51160
13398
47799
24605
49315
1485
11854
58013
27351
10395
49869
42320
39382
21030
63509
51199
236
55800
20086
62332
27600
40453
31374
16790
24055
26687
22192
23725
64559
10821
43879
64340
29389
20303
24414
39442
19151
27413
25756
679
57929
8854
65289
23789
37521
54464
48999
61988
23363
33114
64583
52553
39060
21445
53620
46144
49788
62198
62937
9491
15276
46818
40732
12376
53712
40716
12395
17561
59722
29252
38196
762
12392
64043
41244
63408
37814
13537
20920
16816
62716
39604
25458
61695
39728
8098
29340
938
62263
49786
34411
53707
30052
41708
23266
1777
7022
61433
38063
24919
23073
10333
51308
29702
5766
19755
16903
59715
56517
55626
9858
23082
25631
12415
16628
21061
64420
6031
44918
8340
19899
20091
33826
30712
39938
385
27235
50202
64695
22891
30931
12708
36892
26020
44795
53977
27236
17651
61576
38930
54984
12180
5354
14177
59129
40201
42905
433
38190
30352
48462
54610
26692
57249
604
4453
20217
53321
42949
62238
26366
15560
12270
16303
25476
12704
25668
3941
22627
8049
37745
30244
37064
56265
43018
8013
16222
55453
59264
64555
37067
60278
8794
22790
14293
55671
32496
17161
59090
2972
6290
37246
9239
7312
22074
44307
57665
50615
20887
23168
23110
22842
41880
19578
14095
10514
29358
49491
36288
41809
22537
38378
46390
9472
40059
8314
47483
21305
49845
10046
12088
49548
43692
31320
38127
56461
10604
26766
31286
52489
9553
38583
31457
9834
41387
44161
18392
3996
29653
7783
43948
14958
56833
33076
43306
37250
37339
56281
38381
53616
36448
36146
25586
3000
45765
4377
22439
7424
40247
3286
695
12975
7394
63431
17260
38944
28459
37900
19984
61127
40190
50192
31811
37083
46423
2986
5976
10607
22072
11301
63446
3031
52257
6880
32578
55782
50598
4710
48140
17928
53753
29450
33669
850
1887
54270
36658
63678
11993
39529
14811
10800
53137
39022
2227
8335
59988
18555
47315
55237
47781
1425
3647
36760
28410
27773
18338
1154
20632
57228
38098
11295
26217
9887
61248
52490
22113
39330
24140
8192
955
65469
57317
12284
31679
34443
27489
5679
14127
28913
59672
47186
20541
20557
23953
43556
6128
7787
26907
64261
43959
11394
10793
50873
62226
64242
37658
37584
30978
5187
24221
64805
61756
36372
50869
41703
15177
55128
6199
32460
21587
34152
31128
6286
34205
48688
772
20507
10880
20762
6438
44439
45117
2805
39536
49871
57424
39179
55484
52488
15983
51145
45965
21866
14473
8675
15981
25068
64178
42084
22934
13839
21082
19243
36420
26202
1188
60668
35516
58153
41371
34917
35876
20701
45690
10008
8649
8568
38817
56705
3400
20578
17750
8801
45662
23828
16769
592
36975
8259
39630
61263
65305
39376
34846
3497
8289
20759
1557
5535
1714
55209
12402
49606
63522
62403
62762
11781
8603
23142
8115
41438
44826
35755
8961
48353
44925
49505
48059
14712
23660
41206
2861
19
15601
10458
15682
56391
6569
55706
449
15959
20942
49230
9441
13686
25927
7128
3158
59268
4147
2169
13221
50590
36574
30908
9822
8531
65134
50585
15743
18831
10272
27048
31523
24757
49610
61901
28755
62645
26403
15304
51916
32906
66
27874
21416
32318
50877
44493
36230
23259
28381
10833
9884
23664
11664
60199
45975
31667
64005
63568
42148
26845
15607
14051
11750
45155
45471
62635
23891
16924
39240
9477
13263
62650
58804
20990
34280
6007
16172
16201
36582
5690
5511
18220
29981
20805
38062
40049
50293
34203
25414
59361
45383
4986
65282
37905
41180
9311
59603
45973
54261
35067
27534
63185
11405
64299
62083
32412
31139
20708
11254
62318
11292
6851
21584
50689
57529
37981
38855
45278
20957
35866
23985
14183
33963
13958
52579
48898
14045
39563
30646
39497
60966
23627
11157
11097
56828
46801
46770
9899
25216
48006
31410
49691
1957
28218
54601
55176
15211
46131
34367
25319
46708
61313
40264
61522
4151
2425
48884
47243
2250
245
2916
50849
28936
7476
15203
16935
15007
63530
24273
48854
65283
55732
11035
48093
27521
30552
16005
27262
60516
42199
46891
64944
26423
6931
24339
25807
18159
5279
22705
21813
58499
59299
33703
34899
58288
13700
54689
50011
63264
58243
16533
36371
35691
49738
58567
31785
62461
4773
11224
56395
8014
37283
13790
52904
38468
18078
65534
48781
24262
49663
32975
33289
41090
44928
23165
38920
48670
58319
21868
15488
46295
46826
39324
54624
27320
33113
27624
55170
20516
23329
50645
18339
34886
35967
8552
17975
10682
48799
22123
9257
41269
17422
16162
8394
63249
38782
1007
20054
24418
20270
62833
8236
13612
61765
14160
16447
16335
48882
10719
33452
58500
64429
24447
32710
29149
38739
23513
53798
17179
58244
50549
44258
62119
38129
12873
49356
6578
32099
17961
15713
35147
30714
28759
27103
7536
26902
56335
35903
12589
32971
24431
47090
41718
63725
46725
49035
51004
50059
6595
50695
21102
7593
8007
32597
47726
58080
54366
53314
62666
27070
18018
58419
5671
62985
64154
35005
64310
16581
47532
45785
55596
35656
29647
15980
48508
21678
45061
61317
62855
40294
57709
56169
61425
34895
58716
27737
16486
23815
42440
43013
47621
7788
14386
46211
50820
25769
8073
15378
44407
31155
35765
49500
17502
51578
64434
50360
26925
32425
57096
37150
37826
35000
28265
13963
53491
9957
19418
50340
53401
46359
5550
15365
53509
3473
55828
25405
34587
23791
59993
8635
47976
37048
49909
27930
17849
44946
45040
21229
50627
61870
40424
10805
1937
23280
50926
26310
33411
56039
52061
3448
48874
7828
53016
8546
38795
38680
12210
62892
46486
40404
13214
37076
1679
54589
14134
18753
6658
20180
25241
10172
14105
52154
22222
12169
56303
28917
42604
20279
50561
38508
50896
5765
45999
57638
29948
54350
22155
45397
19448
38722
38645
17997
9513
13773
56659
16788
47963
4016
828
36356
24145
60888
34773
55985
59002
62275
23692
10249
42282
61032
32883
30397
25649
49594
57181
63071
15511
14819
55247
28802
5294
32029
49821
35563
6243
58808
384
16787
58840
47477
12408
6026
5368
55358
31729
6336
34236
571
15626
26951
8095
26823
24146
9063
19669
35707
16117
7571
10011
31977
12946
48751
55489
3159
43522
30945
61934
2431
22076
62564
61739
64888
36570
9971
57723
20877
40379
12672
59060
2053
61888
55611
2447
9963
27789
40427
7004
64760
27261
17364
48017
20763
60492
9898
12973
62185
53415
28967
8744
25032
33270
10135
24892
10362
24241
51408
51240
3688
12686
49420
37786
45990
38655
4278
29650
8382
35131
33187
39522
37162
31439
56436
58234
9097
4545
27578
30147
30934
60697
28057
19619
32770
33638
30248
55168
60751
38235
28481
63555
1047
11595
10456
60892
7528
63450
32361
5773
52144
17990
55258
31565
43784
34331
23459
17111
56219
33027
14624
31952
23995
5523
60578
23559
41246
54083
23092
25237
6743
54391
18403
23986
28635
29727
45944
35002
31377
51914
27372
24861
58954
47848
63906
36716
19206
45935
13985
63809
10019
10454
35697
23470
37585
54792
25422
2170
18567
24949
29170
17091
23140
14315
50841
47969
57201
308
23707
42237
31291
40001
35191
47394
31469
7980
2619
12883
51769
33879
59791
16363
56011
7527
62087
49792
53680
40116
64683
58221
12570
47892
21430
55808
44217
58145
28300
22212
46343
46482
3208
39171
8101
24687
52895
59919
5641
8733
23166
30304
47536
36724
60233
60191
2785
42425
16480
54890
29158
30871
27411
37613
10084
38208
63739
17123
58411
32983
18221
54924
26497
44288
4312
40023
42780
3136
31668
54472
882
21299
43558
64371
12512
52394
14169
41239
27921
20141
39400
25031
3258
9720
3427
17311
6551
16019
26641
44577
38047
8498
40019
33191
55659
10596
39991
20872
54923
12702
57518
45791
50173
60008
54884
22146
25117
45854
23144
20835
15056
1046
44593
21683
29457
60605
36872
3995
44399
59910
785
65252
53377
37467
47757
24171
47516
30096
40301
22569
13828
25893
26056
673
29910
31618
45416
7127
50117
54283
49896
59001
56810
59724
61678
6347
64148
4320
14867
42021
6234
35036
27839
32753
53382
58239
57554
49436
61815
11133
45528
1756
25253
64573
37480
39396
51524
49886
577
23449
61584
37163
57966
57989
38355
17880
20070
17705
39323
23947
31200
15287
29436
26700
10014
47533
6051
4339
5856
7776
8091
65428
5437
12292
4651
47119
28719
33502
50160
46491
19467
3641
48951
17207
36219
27540
5547
14536
40293
40313
40564
16313
24922
1399
56762
58916
17319
54476
25238
33789
58415
25251
28041
35544
7653
54991
5200
3736
45143
3005
15648
60382
46188
30730
53029
6891
62534
57776
35738
23659
13787
39208
42988
51548
55662
8499
7725
55826
24163
18585
9451
37303
5803
31481
33446
20358
51954
44771
20726
58958
56139
15096
31993
9238
48186
5128
15010
64063
56801
43744
14489
20622
32889
14696
1533
17034
29084
7146
3678
59851
53700
58542
10919
34563
14840
5263
37634
13015
31203
32080
49177
13603
43732
56014
31071
63395
14252
7039
8226
9687
13744
6136
35164
32240
58699
9498
22331
39835
53467
48663
31619
55019
29667
2034
65454
36639
18676
43002
172
8307
15334
58458
44620
59270
45542
54331
1239
35862
31225
6998
4215
14615
26773
49921
24174
4033
35258
53160
30760
42073
13793
40890
13860
49907
65359
18657
42600
39565
5481
47099
27588
19965
36016
53006
56367
8535
12903
24254
16612
9988
2970
38006
13376
18388
16737
21649
24746
53767
13545
33883
13646
42595
35141
62328
37155
13502
17019
17802
9012
33541
14899
40498
34178
57453
38112
54780
6323
47064
43266
41409
35907
10886
316
50697
43846
22288
42369
54754
43754
55823
5977
40413
43253
41815
54622
8200
12400
24911
36123
923
60234
51187
55305
55286
15392
13750
32168
59045
16495
18373
22395
48650
65278
18535
28336
8728
62612
58143
14584
35257
64609
29375
19062
35984
14109
39716
49672
32430
23648
3030
8230
20362
44949
38827
23350
18800
22164
38433
49041
13351
35777
51360
39341
33126
48820
63236
45067
60414
21654
52181
17070
17287
14537
43609
1264
43134
48867
45667
42745
40883
3947
49064
16603
28455
44717
54701
64198
20771
12949
5358
14400
54110
56115
38828
52442
62747
22630
8871
45074
13494
31136
16522
2856
38136
10697
42687
24337
12158
39279
41338
13322
52514
54911
22108
54936
27751
41408
60674
19939
8574
