7968
62304
51211
61195
64003
85
33294
1151
53163
25604
36131
8908
48534
48256
2066
46476
38052
22106
40554
4872
56118
50417
52023
41227
7217
25778
29467
27283
44295
50154
8832
15843
61996
48917
19250
14407
51883
42551
1691
45467
21640
64322
1851
41926
64381
22399
52180
8102
58755
29419
1016
31971
44299
15472
32021
46592
34570
26490
30246
17554
49991
1586
46117
40688
45049
16162
64718
8190
46353
4599
47061
37503
17048
16243
2471
34500
37618
740
51648
19205
46248
16161
22142
29209
42448
27779
49912
28753
49804
4904
17630
48179
47238
256
13298
64623
54905
27161
33903
19471
51580
39938
32393
31142
60814
17628
31670
46099
2172
54079
58998
19144
41120
63589
53310
21122
47992
3356
23033
44151
25799
31503
56682
15265
42108
18798
6841
10109
35268
52206
54290
17372
775
4896
30487
40137
28415
43726
11558
40016
31256
54734
488
51941
30039
2653
42676
28499
27742
9475
6943
2520
56099
64617
10150
27624
51841
33508
53879
45289
65457
22932
17202
64394
24882
60721
9759
3376
34033
59317
6615
48257
61684
58148
9484
62311
11010
17620
52966
49025
53039
52640
9264
41075
31415
44909
37475
26033
31247
23835
35613
56445
30770
28238
60661
18126
33939
10976
41687
63309
40943
48958
22562
8590
34602
47642
44883
30299
56900
37608
29189
3173
25428
47115
1188
30672
9253
28271
45761
37882
64610
25302
36443
14899
38228
59123
47048
47801
29377
11110
64921
12114
59822
56438
4588
43725
34788
52507
53318
31672
34569
7008
63373
26866
1049
16535
12638
52421
39550
1062
1190
60869
32705
29812
29832
38327
62564
8952
11692
41222
57887
30236
43493
62565
1470
19634
47956
15241
32570
26093
46899
65071
32400
46523
42046
26152
24432
27433
16155
8875
4239
61815
61799
65207
22568
34836
17074
13021
52201
12390
3202
35117
7567
5842
58583
60442
38352
62357
56468
46757
22170
51256
7701
54363
55844
53692
52155
63613
21039
47900
19603
33982
21128
33016
7513
33809
42829
9469
62201
14639
35742
22380
23484
54777
10431
34538
14188
34413
23136
62200
52254
48698
52094
383
60510
15407
43700
64341
3263
27119
58647
44672
22151
34852
23323
44656
31063
47852
61418
4667
49191
27237
30240
21015
42232
19784
58211
13184
38540
30203
38736
902
41767
4190
60811
49413
5095
58349
32456
17675
23517
55994
1489
18422
29663
17304
23637
21396
5641
19832
18066
24816
34644
3764
3565
42172
10002
285
5645
42926
59511
59293
25538
23134
17978
10201
9753
51734
5227
22913
16731
37345
60120
17371
24790
37236
19268
19872
16864
47952
28015
18809
39199
23654
59303
45222
19505
12405
43576
38122
15882
64495
21123
38842
31137
4670
62136
7184
9894
33036
44863
41386
13508
50695
22029
9528
2476
13533
64091
45026
6646
37884
57742
6216
10233
7590
49144
24534
39511
58683
2322
59765
16942
4443
26386
42972
19274
35528
48479
22986
36547
44123
39343
39214
17512
12865
45616
58182
40778
8792
19457
9882
38744
7183
31572
52037
12525
41089
21322
29607
23869
13163
39498
9998
32545
63771
20656
45578
58520
61391
51125
22690
55856
34588
43690
34439
37585
38445
60143
49028
10463
3070
2713
34940
41191
47263
31343
55366
502
42583
9184
41587
44811
6917
54479
36719
43325
28410
29720
47244
65386
42768
47335
59046
50648
43357
43149
30302
26003
44086
32245
1091
2679
27609
52043
43824
10272
776
3320
6383
36378
64411
25667
12430
4440
33001
30807
56494
41031
16822
12712
48039
14880
19851
64097
62160
60972
34736
33326
47738
23843
60858
31212
65383
38139
58523
18049
31201
54345
51645
4017
36730
4644
18746
39586
23503
3319
18638
26438
58513
55605
54083
5326
1827
1013
22767
9660
4311
18930
49370
23818
16922
7045
38514
42935
50059
30065
33303
40630
16908
34386
6127
44631
10501
47964
49394
62344
52319
39676
15978
36778
62403
30079
21224
61468
55062
59355
18201
23365
38174
62950
59870
40162
56093
29621
30385
50038
24435
30609
26321
23469
64701
60779
11425
57133
7009
17779
47778
13331
11844
10749
7551
37042
763
53703
54840
52607
54198
26302
27168
37646
7472
56625
39939
14593
8178
8339
49161
61749
43749
44293
51500
30435
24255
16377
63581
54562
9801
44594
25215
44035
9946
17735
18168
53752
34274
29470
56125
16772
40392
64519
25117
50748
26686
58984
11439
54887
18849
63788
19072
58612
5459
4545
55080
3766
61193
38263
12393
64524
55786
17891
16098
11709
8559
52102
54688
2851
63880
9247
50312
56441
37700
47033
49857
54575
61263
65487
40823
6441
18376
38383
33055
57347
2247
11605
35272
52148
21646
38671
17591
871
50794
63947
24577
5630
48030
2327
5672
61790
29276
23369
45468
30578
21395
59716
20879
6793
43083
21930
7861
49756
36795
37178
6544
42901
20592
20177
46280
20979
49175
39812
30337
541
5478
8072
59472
22554
50408
14356
28948
25659
59248
39338
535
26004
61805
31129
61941
48288
26012
4296
37021
56017
59034
9817
51432
57840
36408
42991
45893
50950
32724
18967
18433
60902
52817
44374
59372
46050
584
15956
6873
15781
28975
48572
4168
41865
47372
28617
39705
924
48524
11679
50630
28776
38088
56185
38574
39983
20002
13598
59775
45050
1047
8457
11801
62343
3370
9507
49357
41973
10070
14705
50927
40349
52526
26577
61548
48580
35756
32144
6425
2396
19893
41346
2529
10207
39546
42330
55631
19695
56503
24240
44367
49237
20562
18756
30279
21012
21392
45559
12714
53599
2717
8906
58670
13636
30720
194
44143
50945
59801
30411
42135
11735
34823
56234
52333
12063
21786
55225
19976
57604
49024
16229
56936
7773
56324
41795
47858
22936
52778
9186
21771
36413
30831
55012
51134
42191
46285
1885
36453
43777
45495
26813
36347
11208
41962
22803
55759
55521
10206
56016
7177
32945
25351
25798
30289
16134
48099
39143
2623
39241
32178
40180
9204
58778
61519
42265
42755
17352
51719
32412
15419
11540
29073
4031
50586
13822
20412
40254
13894
7206
31935
29103
61818
64187
20965
52747
39157
7235
45439
47468
38817
21535
25175
53889
54889
33310
44010
32848
15177
30713
52911
21176
31199
49728
7981
46068
31023
59656
22424
28287
24310
53392
18138
8897
37906
52161
65329
47985
44353
21888
46624
61081
7553
13262
9868
37623
24474
5717
2087
11330
8490
19143
22795
26831
22619
17137
36762
61080
51129
25118
40805
34945
10036
1403
40696
41566
46203
25921
52513
17453
2617
15529
17585
47292
12933
59762
12772
60966
23574
55175
16389
2093
3582
4227
58415
48713
27398
46298
31125
20454
42065
30981
40155
39667
48889
37690
38252
11172
41106
45741
56490
2519
17929
30230
21288
55141
8246
2324
37532
22660
64490
54845
9719
21096
61861
57106
26701
22894
48565
9197
24652
7014
10475
34748
9990
48034
41777
44611
6491
1301
31430
33138
25437
59851
44267
35860
11684
2145
61065
23508
11869
45759
8879
30327
24191
12886
60163
56154
27882
41583
31166
10665
30440
56860
13595
11732
41977
62593
53670
33317
20101
12543
35173
56926
18728
53954
6989
2701
15602
24166
44917
47428
24587
4981
36509
29287
2985
42667
43269
35920
21227
54708
55581
64137
54262
52606
4464
45063
45829
13632
58370
12440
58865
58269
42415
55622
8083
63634
45946
57643
38691
40647
32295
64836
22440
9546
39303
21545
10161
11527
30216
16844
38866
24902
64313
63533
9363
46922
55784
13114
47794
20888
37129
16689
31759
29322
48494
31536
47126
23129
16047
14313
26727
57181
29067
38129
42897
16105
6849
41946
22943
22169
47614
40646
15189
55222
20051
51296
28430
28670
8763
16759
42785
51594
41765
51130
1592
12900
9373
52896
30630
44573
36806
63704
11259
56499
64237
33904
14796
37273
31570
63626
27590
31709
55935
29649
1639
27726
30772
49199
54588
19312
13038
34206
37161
15788
11650
16092
11990
33678
33460
9226
24491
6574
23602
5203
64541
42468
35586
37958
57220
33915
6338
21342
8776
34958
52879
39191
10361
61949
20135
33521
49174
19844
41280
62844
39551
626
22557
29237
57877
3885
27124
15902
17580
53724
30725
63742
46987
9371
16849
2844
5580
19850
5884
61201
52076
33462
42800
18535
5683
37010
2353
28503
12188
51635
2336
2130
32813
56897
55032
63562
5012
29874
52364
55616
45113
4711
47854
53579
5815
26884
57546
41980
62854
36172
1096
18577
24503
54310
11373
18221
12149
57712
4843
48841
50719
24558
64672
46102
731
5948
63674
654
47221
35423
62986
53205
33925
48608
45904
17383
24079
46092
27087
47511
5208
22264
17299
42312
42072
50595
51669
30931
35321
47561
54832
40907
5434
59170
34220
18536
22351
30658
46738
4494
29861
30688
37983
13105
62945
1661
55731
20253
3856
62305
59630
44480
59760
16697
34047
52106
30004
4845
21902
10941
712
52235
39355
37403
17955
41162
54164
719
35251
7669
21262
37197
28531
47566
65328
57853
58664
42329
11413
9377
63851
38166
36055
33423
57269
44657
10960
43011
58451
10875
60479
26256
14983
17569
54358
16808
65486
17104
13862
1503
54564
41293
28763
23203
36713
32366
43348
54566
20991
49707
10713
6490
10195
12608
45447
11825
40386
22104
19739
41626
53556
843
16016
20492
22297
59763
18900
15210
36179
61490
44527
8320
17114
29442
47896
32821
13191
22534
12738
58239
189
57650
7792
61309
4802
45656
28459
50279
45428
36093
3993
16719
42008
9929
43480
61629
46590
935
10192
58790
24252
47568
24720
30481
18904
26755
25910
64007
37817
33618
12562
20136
6147
38798
57713
48508
7462
453
46750
50823
43982
15060
48017
28085
29475
22649
19383
62735
42936
50097
57197
18226
22691
43654
36647
36059
46893
47350
11840
32315
56694
8071
56993
15633
53973
1211
14121
16087
59585
55165
32175
12234
54348
18880
62420
8514
48901
4177
46871
18343
54047
45165
58407
24732
16340
64591
35174
20307
39414
50894
56015
63707
15238
23797
36510
27591
10242
52146
25223
47914
10239
5205
4747
47916
21346
11942
27841
41328
11085
40101
3516
62796
26209
35543
63215
54878
20079
52491
53662
44920
25493
12515
6118
450
25111
56574
29877
36388
8250
45997
36614
25367
1120
19500
63825
16893
36820
15994
34697
9052
43114
2401
42638
32201
45781
8456
17819
34362
20604
21905
52393
36124
34063
52430
22294
22861
58526
15071
37348
29881
18785
39472
61708
15261
56872
24361
40047
41520
151
2661
53498
20196
51371
49621
15989
2515
9880
51363
43727
17218
49529
2509
64728
15943
36479
1408
26282
37835
49433
7926
21074
34794
43454
26266
15349
8637
8081
28968
61105
43535
35332
57022
44738
44747
10171
56426
52993
39923
12312
40232
54999
20794
8000
10052
63448
30618
1910
27541
58781
16955
36983
18596
41778
38835
29801
2892
51485
56378
60935
51838
65447
16380
191
32163
15625
12339
50842
63503
16449
39563
36683
38707
13394
51206
10886
34332
37349
29692
931
38638
5596
38465
39272
48401
33686
46087
27034
48904
27211
33754
43125
16330
55425
46636
39733
42300
24769
24004
30198
2407
22364
33792
26442
62798
34097
43228
14259
49760
62603
45919
18773
44589
46134
59891
53680
14920
38050
16141
6201
7887
12110
24150
4325
58636
12286
24582
39176
6202
3066
27668
64430
20013
36661
49041
20569
42095
8584
58937
14296
11020
8070
29307
26624
31581
2381
44325
45072
54602
23939
34175
27502
46096
42459
64526
55864
22451
17515
399
57594
23626
33010
21665
35014
31661
6444
54886
13051
13137
8900
58011
61371
11534
24923
65081
37262
34303
45393
20624
58551
22081
35253
64569
7259
620
62320
15905
12478
64244
12696
43853
4150
22527
60043
25217
61978
30779
5051
12230
14695
12006
15588
64766
10732
45806
3146
25176
24047
21380
5832
44514
51880
46920
58275
17076
25953
32181
24590
1908
61346
44912
22047
35397
47846
23298
9172
65287
14901
27299
52260
48946
9230
47824
27848
40971
27891
54631
48552
26654
28460
35824
64651
42340
5445
15973
50234
47516
19025
59771
53035
11397
12501
30396
35
37476
35660
23356
62859
5773
26452
40933
34975
60707
25594
34107
54090
54628
58109
45469
33891
6483
2005
1187
23822
54492
7964
8095
35006
54572
55298
24965
57145
65445
19761
15906
27549
55391
54355
41701
28426
18788
31233
23645
63076
55726
55088
25203
23748
43766
28782
54419
10411
46193
63435
63138
9739
36991
20505
52426
44055
55230
29554
15231
58574
49343
25900
61717
8605
7994
26497
12908
62176
14061
34911
28075
15430
16160
36228
34861
32419
26210
5359
40577
52394
63845
32745
53557
27233
39418
65528
34859
37482
45853
41685
45783
44780
14195
54096
20127
56792
16168
52651
26715
12542
34491
43788
52823
62656
11495
51950
33114
21133
39007
63201
55729
30213
49342
710
27801
37562
36712
41848
30679
51932
25877
6997
4916
26447
56851
5396
5107
32747
42436
29507
55623
50010
41438
30830
61709
30649
22733
59812
9062
16338
12909
10808
27029
49055
58155
44858
42838
33006
35163
25990
39841
35808
18176
64549
54560
25448
29600
39703
47998
46232
9641
18231
44988
46774
49149
51630
12035
8334
8929
46953
3360
26886
7039
48529
20684
52968
11077
46560
61832
65167
21230
39039
22417
40251
19427
20056
44910
15280
39115
6739
52868
8526
2651
39476
1683
47143
39139
34790
32044
29239
9067
8322
46312
21708
60653
7870
52463
41447
24966
60317
16305
24627
49439
30038
2975
10199
47861
45831
16096
17346
63067
24490
58195
23486
57105
36559
29343
19944
829
16041
34493
9605
32367
2308
52902
46022
3063
41787
18600
40336
58360
678
36097
22095
21381
30431
9810
49417
7304
49062
8608
1840
44632
32820
5403
64177
63615
10132
30160
41938
37488
56923
63971
19886
13558
21059
17839
7000
54864
30259
7419
34882
59575
3640
4875
31136
34201
14047
63385
36504
45605
54291
15418
5990
31101
1669
46443
9830
3065
28442
55514
54924
32944
9969
11992
2757
9069
50074
44453
21738
9053
51750
8471
51370
40811
9978
63817
23963
1093
34580
34137
26657
28099
60589
18175
53417
2119
36355
65292
13169
25515
61472
58305
18608
29897
27406
20036
19749
57469
26467
14617
43695
26286
10516
43540
35757
38501
59139
9470
32429
19145
37188
48625
42921
40196
56765
54635
54598
39785
10416
13263
56567
41534
6936
41531
57086
33810
17395
41743
16399
12433
24386
28448
26924
47939
37287
6408
46283
61767
6709
17365
62768
35854
27754
30000
44054
58185
53488
4608
28227
17998
44266
18271
52568
29021
16538
28243
5018
5207
30321
25853
28123
38883
59920
13326
4738
1859
54621
27532
1223
32299
58
16769
54802
34211
18498
5614
49950
55158
62860
2928
53332
53073
36548
30546
24893
45149
39955
19350
26198
1402
63202
41526
62457
16830
54137
64875
62373
41539
6498
34498
20774
28949
62547
8273
36854
38063
15194
47729
30081
55392
33076
59651
54457
6821
34348
15041
54360
24488
15164
46300
33887
22314
25296
55400
764
28514
53838
36576
3554
43870
39889
29914
8427
65170
25429
13283
64665
2929
12682
21825
35655
41139
50112
23874
5298
32399
14494
50717
43554
51393
19692
40559
14656
11778
44140
29106
8444
63571
40821
58732
24381
36461
7688
53382
31189
12944
36434
30548
34779
52626
46931
50364
2822
37266
15499
3485
47550
58193
40834
53776
35965
51188
54149
52141
6562
22096
65307
12507
48545
60825
61553
5834
28525
1696
30596
33709
44919
51756
54711
15478
37412
9896
35799
5661
36210
56067
27437
31326
44425
34601
54371
19838
54429
5835
30133
55996
5911
35625
32370
33841
51237
10946
52458
63261
12229
61189
35323
31195
55645
18730
10332
25644
49395
43721
64630
60605
12758
1937
41942
56977
50064
28795
55189
49464
42495
57391
53782
40257
13626
43551
55822
19640
14463
4094
33959
5550
40744
22615
39275
5010
53532
42443
15268
17217
35262
49300
27014
7490
32965
8332
56161
26774
45722
18979
27545
23519
64906
7824
13149
54534
24724
29133
43900
49384
60542
21711
57271
50358
20491
27806
42177
10693
39801
6870
30739
7889
10493
59316
62217
15727
2148
26965
53567
39399
53291
21581
58619
39404
43680
44954
25858
55706
45396
2426
2682
2782
39038
51046
46673
24805
25263
6050
45726
28297
5261
2454
22798
37796
23938
29097
43086
40438
38105
35154
21016
59509
37610
19263
32568
51856
64344
3494
19092
27991
39070
30691
8701
54751
35058
28074
7997
29565
26109
34942
30084
25942
40638
33238
43099
57970
39331
25345
41096
65519
26958
57304
32544
65244
20228
25767
54476
18012
22507
20753
38633
23681
27140
34497
13189
41257
22633
41828
62260
60011
8540
25104
47487
37877
38824
51620
24392
37267
50085
64273
37740
58024
2871
45842
33965
31067
20499
30180
21698
43985
48405
19704
33743
62803
3613
22368
50726
602
48418
37891
60244
49093
48924
1870
49867
29438
39728
2910
18690
26894
55043
62462
59013
53685
49113
12790
53529
61797
45279
37704
31796
59346
30601
25757
7657
51352
9835
31025
52580
56781
1711
39935
40803
26399
2505
19233
52051
19670
2223
49360
9489
3614
13023
15482
52150
44619
32605
42026
11518
13066
62282
6911
54772
27059
5125
9533
26966
9413
44460
28102
41253
54094
43279
5505
45197
1565
35342
6262
3815
19281
30443
4778
37270
13966
11220
33308
56713
44831
11071
33471
61240
11145
15069
30561
11983
10486
63935
41815
45900
9539
29329
45947
4951
50732
9927
24223
58226
45840
15462
31916
51167
7023
55774
8057
17441
18241
30252
51929
51612
26260
10067
16436
36597
16349
48119
59208
49424
3304
31717
55350
6731
38726
45568
48201
42872
26574
36783
14242
22485
36664
35636
55763
58504
31476
36476
28086
3349
12495
51281
33202
3510
27503
37908
28534
34657
10063
59282
60104
56229
20509
32704
57967
36927
38694
31649
4221
41796
13528
26338
25103
12211
18032
61962
60079
24285
4803
53229
63504
40276
32930
12966
58099
59798
26294
15859
49570
22475
17977
12492
46441
33860
27337
56862
37510
12448
63908
31626
35069
28252
57167
5526
29751
42699
33071
28760
35023
52074
16366
23857
58922
65300
33398
32912
4288
2328
36601
8802
18786
33410
22624
53941
36572
24615
52891
30094
27695
25895
51532
35243
46468
29249
8568
13892
57316
33917
25036
11561
8429
32463
11854
22891
18514
10039
7588
39832
45164
24428
40916
9314
17034
14829
16671
39185
52352
33983
5956
44129
50224
7410
39238
42820
50507
40479
47994
32514
28884
12685
42190
20934
13983
12411
59566
18038
20497
45882
15509
2222
567
20217
45028
39559
48681
32652
14790
35071
52306
25236
1735
34674
9764
31077
65393
32617
5751
56841
56322
5218
47749
39854
10156
54921
34381
55035
37718
55601
18866
4412
28833
2349
43768
30132
31152
39250
10164
2466
57780
36556
22198
51559
60700
24528
55325
60319
62884
36840
9065
59604
32593
52238
26211
63765
54246
57964
22515
9781
7598
15599
36414
52505
9975
55108
56173
36498
51124
54970
65310
19905
39620
58542
53389
2386
11502
1837
23318
53045
33781
43550
38299
28804
16735
16613
12619
47544
42286
50663
42446
35122
61705
52123
12235
42272
15889
20880
35611
23125
13513
1170
55432
53843
12003
20554
63697
27594
19005
63068
47911
55055
12627
35670
60753
41898
31341
7475
14435
62210
3761
33373
58266
41651
11619
37176
16188
13170
60459
34672
64398
39213
6912
10028
55837
19101
50135
19960
44508
65444
56598
60907
65374
56353
33585
43567
34263
18328
11091
50226
64172
59733
7735
48899
40310
9229
10413
26569
3562
10043
13669
27644
2321
50248
3570
2344
27293
65185
63795
41627
17965
53076
54087
25930
3590
33397
11306
50186
65196
42039
58010
17720
64075
31930
17928
59502
44724
34624
51539
24033
3730
40775
43537
868
32648
58572
59719
52288
26802
35984
32340
9031
9783
63542
54250
32290
41088
15199
31112
9044
6725
39151
21449
48662
998
12122
39053
5663
26359
21387
20104
59227
47969
39105
10887
59095
63553
2973
6843
20232
40035
36718
13726
15423
4529
13231
55082
45271
13302
36444
34801
64395
52400
12769
21382
1465
9212
34486
24779
28315
56348
50375
35651
1881
34388
30158
3668
31239
23393
17870
46683
50770
25852
42255
60309
6169
21376
12496
62223
6779
24056
17612
22581
56167
45001
914
48394
41809
2670
7944
24696
64956
34627
19612
58113
9270
35038
14501
40413
35254
26489
60100
19159
32209
14031
25442
20744
59911
30322
25569
42606
10727
12895
51997
53266
5022
58663
51226
17050
35711
42099
55829
33205
30329
17597
29168
59350
54557
17857
52283
55215
20455
40812
4948
29035
15432
34638
4378
28882
49367
36726
7890
5984
64862
51374
32636
21907
44564
39790
49596
18843
15143
48217
48304
38576
14944
56105
13947
9686
52921
10113
12743
34036
48309
9722
60557
6996
19641
5931
38168
50826
53343
2796
9766
37985
24924
15950
34021
61110
25276
11707
24113
61159
44276
50300
65060
2592
41004
48293
54784
42538
11544
12146
40024
65502
50825
14410
38596
58203
493
34540
16158
15755
102
34079
31948
14293
800
62675
22402
61306
1496
16254
53804
62315
24946
1533
41394
22683
34053
57704
49047
30746
41090
41390
52922
44094
50554
57289
56683
10443
8450
56264
51793
15342
40668
54745
11463
5942
39842
54221
61674
5756
19023
28574
43190
41015
12746
33328
45081
15737
18694
56517
43152
6661
16984
32023
13708
42738
31033
59681
55255
27585
52405
12789
24356
2044
23763
61625
38830
18911
25608
32641
15259
18511
52497
56057
27436
26323
31993
13193
6948
21361
35436
47400
4990
50143
19283
41838
27580
38226
34032
38029
166
50893
15896
59695
25981
596
31331
34136
7666
6529
46873
29519
20414
4728
25590
51197
22523
57937
54391
26404
15996
49385
12602
20240
56025
16776
30574
48137
35124
16251
20932
28233
59740
50922
28901
50728
34244
50773
51544
60550
7640
42938
19083
49236
64429
53512
30442
41943
50772
52077
10075
47641
47602
55491
51354
47154
54393
56032
41370
17442
11476
47426
23768
64527
55624
41152
45299
52464
49768
55773
48599
26075
62838
32688
10136
6231
45147
8049
10766
42049
55149
56519
40817
39514
3454
38845
17300
8044
9553
44441
28569
47834
11175
38532
34049
44851
53801
7512
40700
7353
29244
28865
51486
11631
59817
43582
65449
7145
29214
8299
41960
2527
44496
45883
40026
31170
62541
39764
53505
62317
26604
23840
50917
58674
25190
1542
2101
1258
27952
26305
46328
13220
48170
42184
48072
3132
38138
34255
32804
55279
26166
13980
49108
5394
26156
2227
31355
39224
42202
11874
30480
30747
47833
53095
62174
45649
62716
42010
28131
49031
57311
43050
14408
54953
18721
24949
38002
28549
48922
5772
2095
40570
56514
15362
60588
47657
42450
58013
18523
54010
55071
1686
26635
5754
287
41859
53078
53262
54737
45130
54023
23208
40253
26349
20018
22810
56655
30219
1899
27775
65149
5865
42969
2948
64929
26611
47599
23301
45293
59794
58110
46082
52145
57905
49474
60083
43703
58618
20675
31671
41802
37724
13441
33045
33059
8345
13962
56285
15883
813
60748
58936
33975
18628
5127
14895
48995
37096
55463
25584
1844
22472
5282
38709
13208
48745
18255
54879
35733
12728
28846
29728
24654
35845
39591
9963
19334
35563
35719
32085
44983
62517
31290
60235
44364
6505
48505
12737
31797
47723
7679
38735
37727
8767
61349
8310
56700
25960
21196
2225
22050
20063
30223
30194
62276
59413
64330
33118
57807
59259
3382
47735
14786
56311
35623
38888
18388
49315
1665
15338
4761
30181
49329
25259
35827
58132
44124
33555
57928
22946
21240
48386
63264
58070
35279
5483
12090
479
9708
23810
20824
35128
35133
52056
5619
39255
36290
61452
59003
22269
20142
14138
55439
5427
18200
25522
56624
49646
5461
40929
57337
54038
16846
4749
22866
40492
48129
2235
10998
33834
34848
40810
27844
12980
26684
55684
19414
30113
3530
43643
30425
57922
57871
42224
6036
5777
13926
12108
29026
18029
36168
11564
33953
24199
31309
12618
1798
5671
12329
48283
42486
39698
41000
46834
17380
8101
57618
56785
49091
20067
46971
1456
11165
58989
23666
4231
57322
24563
39665
17538
22350
13665
19841
3912
4349
30963
56346
58400
36159
25640
60529
50152
31204
55963
1842
5069
40807
53948
9760
6635
45925
25867
46885
28487
22834
38429
46264
58571
60871
41383
88
59591
60161
25399
29269
48139
32982
32061
54775
19304
11860
31873
13400
23885
45080
7267
62364
52975
6951
35704
5201
5945
2637
555
47947
31042
50095
58900
39673
20152
42532
11646
32050
38460
6477
18731
28586
54314
27418
27241
31592
3817
65232
10806
32495
8548
25579
18800
63455
14110
55251
58038
58072
30308
154
37347
33821
41754
23256
14247
64740
42422
7175
28701
50874
46933
1934
24421
16988
26499
19536
54309
50718
64762
16263
49549
9892
22085
26309
34156
34427
53162
38950
17611
36953
62514
60264
24272
27032
49512
51906
3975
38248
37075
35726
16606
10351
1602
61291
51349
58423
53562
63776
29394
33565
22054
11144
12140
46661
60343
6296
346
35115
54460
14913
14802
27856
45023
8105
48091
56111
43935
48632
37393
30671
33052
31543
36746
30527
8347
42028
31351
39713
17984
62297
47155
283
35394
51735
53470
40615
382
44290
15682
24092
22278
58016
19014
1369
46898
7092
42761
54990
20508
18408
52131
34216
26973
20936
15015
56651
13246
55143
45266
31918
22408
44791
2959
42692
33625
47670
64571
49177
40790
11460
9939
24710
39761
3572
63237
46414
11481
10631
14483
58087
35538
43771
62723
20302
57944
9075
25358
42685
26851
51595
24186
64503
47712
13536
61975
22116
42752
27878
8527
40363
32557
26806
64242
37792
3283
24446
41481
7798
43605
29099
47539
37320
47669
2488
31165
58032
8138
31710
34461
32476
4157
46877
40344
8315
23066
45577
11892
625
46895
50504
15144
6985
33441
47417
27023
21927
44521
14818
64270
13389
24735
21475
58586
60412
7130
8525
23428
9961
2428
13121
31395
3083
31083
15938
28790
43800
5485
16920
6130
62218
43765
34006
16867
628
30317
50870
41285
12936
37441
7319
1327
31411
62929
4108
31155
5889
36671
13438
234
32133
33745
8331
58933
23912
54427
32676
45429
10664
28892
58346
17136
44423
34221
24388
48380
56269
17975
34288
34361
4176
64084
37601
61556
25620
57717
65394
46266
35353
60778
17428
1162
65118
57390
54235
7357
866
13412
60114
41724
27794
54012
18152
709
65031
1113
54957
40038
25421
18035
38998
65014
55782
18245
28239
33411
26108
15011
47332
19629
41172
60449
28498
64876
3147
45624
22459
32012
23449
62687
31955
29922
64786
24845
42227
25906
28381
40352
10638
32917
12219
11503
12295
45120
25623
59354
47237
34369
62572
54827
64217
27120
34065
57330
62245
34464
31846
43156
8078
64153
49718
49725
65439
63129
27081
53218
6049
5850
45582
41900
12664
47001
53822
47865
27661
41366
35112
17409
3166
20004
578
14399
64679
55998
24922
37386
31909
37382
41669
60773
38365
25080
2213
49554
34426
58911
45679
49664
15160
1598
51712
27375
42906
55116
21982
46905
51963
4989
41889
62257
54949
21920
59664
6990
12156
64537
51999
62109
5089
816
65359
21643
29086
20496
44702
58384
23775
54052
22343
548
7269
9181
38411
18127
24533
60370
10026
62370
9407
35888
33434
42690
21260
21352
50228
54759
27448
9520
45309
56144
59155
50116
41876
49747
7558
33739
46152
50246
57380
49245
55649
54574
37685
65399
63760
6352
62435
53473
42032
4452
24091
19259
56577
56259
63685
49400
104
5104
39505
34933
33444
17337
55047
48852
22845
23570
50147
63182
21189
37757
59446
20148
55329
54372
57114
64413
37173
44342
17143
18341
57386
56451
24419
44006
17887
21149
22045
15918
50557
948
17241
59839
54750
60900
42242
59150
25457
35082
48160
19077
25625
51780
15965
24522
52806
37657
24359
45745
5393
52804
4739
52890
53587
20581
19833
46324
44454
15663
21429
53590
42164
37651
13970
2220
48641
53342
30977
41629
57441
6848
35375
57969
40019
53853
52974
8327
36815
38332
17186
26114
24281
17066
59574
18476
40663
54296
2317
60817
38326
37521
22844
33949
10074
31317
40867
53476
51670
5358
19501
24364
2167
13081
56839
27156
49677
10837
45757
28838
47821
35335
39741
2311
22725
10780
30447
50256
49671
49788
16031
3084
62310
55297
58186
50218
26720
25977
57725
61494
5063
30964
61568
48581
60609
38731
37026
1148
64920
62360
21194
22117
22370
62498
8154
24146
54674
14106
33257
28615
12410
8198
8611
32600
5047
63990
65263
61921
24002
12506
33852
59527
29389
30563
40467
17494
18806
4780
23572
51135
23804
38375
9798
6156
21266
11361
39792
44846
61373
60729
65342
24827
43418
58657
45827
20817
58806
58851
43015
38801
42123
6279
55294
41524
45674
36109
11246
10353
30429
52944
9456
55437
1455
13044
63956
3336
26956
22309
35871
42130
25406
23803
49120
15577
41361
18085
23127
61475
16987
58241
65314
45015
2202
60145
7214
32777
29290
62767
36247
25561
16679
4134
58950
1140
1361
34116
3145
59287
53468
52423
59113
38033
46412
14001
25636
12326
21795
17698
52468
59026
12479
29171
35978
26308
13875
19189
13860
48146
19791
30888
40475
30119
21947
26429
18418
32845
39041
58656
56242
55212
48966
28888
41582
45823
57443
31964
25189
31140
37124
28607
48779
56138
13676
27977
44623
9077
55544
9913
8182
58206
53297
31037
20970
45809
37122
2436
35691
4244
18966
36885
23027
13454
25872
18397
23776
27350
58375
40692
53184
99
4087
38287
60017
8488
13482
40535
48062
22090
64403
39751
60922
21068
61232
32090
46818
30287
52431
1744
63826
57353
3545
39364
35428
22412
32106
34180
42653
31954
46553
16694
54143
16840
10374
36933
8329
42144
5336
20662
28636
52992
27477
61191
62948
21477
6749
56052
62253
25468
14234
25692
58376
39501
8197
38087
16261
43689
48639
3303
48328
29580
7542
3692
62104
1694
28053
48996
57522
48858
56988
43830
11960
53376
46552
37676
30545
65222
3353
24061
59174
20233
53713
44675
2558
42869
42555
16614
56885
34921
15594
22075
45492
56266
62334
4962
551
24566
30923
22130
20528
61140
30911
14052
25419
23288
51909
61919
11171
36511
19927
45731
33349
3660
37800
43868
4474
12316
33171
22144
27128
33783
15948
22518
48073
38910
57578
21756
63601
40316
8966
45889
26025
18379
20047
42146
19181
29807
55010
61535
3488
17924
44670
15870
61876
46097
22639
35351
61529
36043
64309
27302
64053
56398
7433
46697
42890
40648
13124
57107
4515
10514
9387
33823
8235
41128
57359
14521
59385
52660
22831
49618
2774
437
18345
45053
8348
51246
60854
21432
53580
15274
52420
52369
5028
9490
55292
41616
9819
22606
29344
30150
47230
10388
8787
38752
43328
37807
12976
10102
42197
10314
18691
55568
26459
41477
8576
16918
11062
51501
56891
11238
21139
53893
62029
7753
58740
59989
34559
12413
36274
2839
19967
61830
30218
12811
17401
11749
11593
36483
16181
22673
8151
19909
31163
60895
64460
64380
57424
45262
64060
59057
18151
4082
30832
22997
38519
2557
56697
60889
17084
34870
18710
57679
54308
53384
16028
14308
20366
34167
19651
15092
31008
15336
32719
19261
18776
7137
31720
5194
12848
21835
30483
2414
4002
40779
2675
56055
12439
48403
43294
48923
14327
41827
44509
56748
61395
26096
2274
53513
21006
16283
8903
29128
55250
35725
50468
4319
63277
17948
6907
21200
8161
54699
7182
12263
44891
13290
15634
47156
53338
10368
56957
13863
17457
33108
21580
51353
6042
28115
9935
9494
62747
23080
213
21745
25211
22651
4484
48595
32540
20610
62428
10180
8224
35849
51032
33629
14079
18143
52326
47960
23227
20775
59684
24688
48251
44479
15677
19437
13488
53482
8172
13146
38848
63303
3474
7070
40782
50374
16508
4475
61188
10126
59964
63350
18129
64544
12034
52748
28214
37194
1886
39585
20951
45253
52727
33258
6211
36025
849
5480
57461
10532
28690
56637
62191
32797
21884
6975
2099
1846
28413
10565
3218
18571
49316
56139
31809
49473
56152
49826
36960
9804
11235
17230
61761
33773
11351
11511
58280
25507
61678
13764
23077
27875
7048
60294
51944
42582
35933
20187
21614
15674
10149
10648
52605
7766
24053
13691
42134
17329
11409
38949
55679
43193
1617
65450
64551
29652
43378
25275
28657
57017
14137
38507
53609
43574
65431
56797
56520
33922
55753
38076
31603
31614
17792
15703
47646
24695
60413
54065
11059
32749
39886
15654
61126
27729
14591
30891
24060
38529
1437
46686
5780
54269
59749
27442
9111
8199
57296
36842
31975
53232
55291
55169
37068
63057
29153
45603
46236
60873
19655
20208
55846
12807
64707
36496
58580
61108
8358
7114
3340
2631
10880
54475
46986
61701
40220
1075
7586
45021
53964
18996
7884
30161
5993
30692
37850
4967
15230
24933
34131
49735
1520
35465
30067
57907
53697
1832
2725
33365
28342
61331
39629
19128
63798
16658
63699
25913
7786
59952
43139
26594
12849
56820
43846
63096
52059
12147
51604
40084
59224
6794
55741
44426
51766
26420
45953
52628
44575
52732
9858
27008
64215
38853
55343
57989
61788
16948
8561
5593
8156
28446
44586
49200
3681
49231
22720
44020
50002
12291
57858
32483
8323
23750
7315
27212
10959
49859
63796
63648
21372
31210
52907
17238
20514
26229
41281
24817
44960
12395
47671
16013
3364
26170
15548
24679
18547
22229
12412
14516
46698
46425
11039
59134
40889
17648
26548
5141
40083
29953
56069
13070
41858
9196
7334
57429
19306
39612
19678
12894
61802
44725
16497
20137
38894
55969
65334
46112
39754
7788
33407
38760
65409
1931
26200
56759
47701
12632
9983
34963
17926
47434
54673
24687
56631
981
57303
45435
46315
46521
22674
8324
27850
53958
31541
9071
44579
7392
21141
26902
52714
58624
10034
22156
21077
60240
63412
51867
64160
18538
19754
5890
51546
27641
46506
53653
176
12180
31141
32530
5791
41986
13073
11054
43949
49787
58872
22618
21431
226
29277
19756
64357
19523
29136
950
54486
30608
56929
8077
60156
33480
20664
1684
8352
37669
20583
60095
21333
53540
41465
2103
22244
46471
9746
17683
26724
13985
5308
62394
58277
8020
594
9154
64405
16789
10848
38917
28626
290
21903
32969
16329
61179
49011
61837
49609
55495
32816
4230
12872
41581
62865
54704
55596
63190
28119
3463
64879
15040
35939
18439
12247
47774
25961
14224
61783
63273
48024
36259
44230
3888
17497
12369
10088
2683
35131
42572
48234
39410
48199
24394
14805
14726
7341
27996
37085
39162
41703
43773
14393
7989
22279
62614
43101
36831
37438
47368
64279
55440
26072
11988
52582
41287
34319
5190
34857
3162
6539
10650
55916
14596
23344
27394
52978
31040
44249
5825
63112
14274
56707
54961
18030
32542
6054
55767
15080
56043
38215
47596
20269
26078
35140
51807
31312
56784
51020
35605
41311
26632
53105
32699
58413
8948
41405
64943
47494
26424
12704
24021
57020
32444
17325
60909
41530
23606
10619
16019
38562
61320
59577
20300
33494
6771
4323
52167
48772
1287
35864
21073
1160
419
47362
6598
53885
48601
61442
15356
51358
15205
57374
48752
18889
13695
36399
6073
24262
51895
26836
3342
38613
19267
50320
44685
1129
41927
19933
6460
3483
38131
47513
34365
40094
50294
30866
40364
4792
42080
35924
13502
53484
28684
13597
59294
23364
53455
49377
2152
18206
20165
53248
42806
34165
2051
13961
65423
2079
2534
46478
49387
63136
17956
41270
46574
64316
28395
42304
34329
15613
49727
57689
36682
32664
26778
24985
20527
19031
15714
63270
60181
41557
37235
55341
61961
14135
3709
15914
6283
37896
39693
17330
44935
45471
52835
48630
62302
27938
56858
18310
32533
43238
60474
23395
19732
36676
9143
1800
64509
38315
19380
61271
47043
20403
35301
12820
40236
40501
65240
42973
45176
39225
24133
45302
26044
18646
27075
31878
58216
16936
56823
39515
47202
1117
24560
25501
36864
53423
22463
4101
42454
18518
48822
3735
37845
65084
12093
7837
38930
20618
297
37275
38539
47798
59660
35886
34566
62141
25168
15626
37323
3942
56117
17806
33009
60674
39457
57884
44406
39655
4036
31732
61419
19093
45553
1376
57794
40972
38017
32285
31485
64829
39784
62479
4237
31617
55267
30233
30358
44741
5635
58027
63982
56595
37034
962
47207
37114
4302
7018
24291
38555
49602
1451
43494
63334
58994
19291
2128
46386
43584
64755
30265
45666
49606
50637
55450
34775
33716
63436
55105
45392
57995
6002
25267
54857
52066
26636
31399
12341
21040
52271
4419
61387
40631
40427
39719
608
22994
62977
28554
44674
5448
63323
23850
42668
30816
16868
47636
36838
16321
22197
40592
45937
6451
13978
63468
25058
63560
1354
30928
28792
18813
39981
28182
63404
56485
32497
54168
57885
16946
60227
5737
24398
24606
54804
16848
16617
2826
48141
543
645
16663
24211
21539
4339
58713
64860
59675
41740
7654
8424
33113
18007
23643
3091
460
35798
55075
1854
15178
12468
64756
64364
42791
22290
49538
54979
52518
49922
1104
23513
7895
4731
32780
10548
15247
24340
4620
19148
13381
54365
27296
29426
23972
40430
19945
62785
59835
40136
1264
17266
22912
16824
15000
4573
20507
17715
5918
3704
47168
50425
43611
39118
62845
55655
22390
28345
10947
57617
46527
11727
9995
49722
52933
32899
56251
15812
30402
63479
4611
14889
12554
29191
63337
24780
27921
8029
613
20557
7109
27905
38934
10266
23640
4491
53236
16993
16698
57827
3622
17980
4207
56371
2189
51447
42770
32301
13670
4170
57934
21710
33825
53054
3136
47100
9561
9802
5081
15702
51028
51057
34647
47176
32583
32645
18913
10958
2528
11454
59069
31772
52678
1012
34190
30598
18734
37227
64652
19200
4629
22349
11216
32999
43320
4627
41214
17224
5456
54215
64909
40962
57579
2945
15465
58143
16237
64812
13277
58810
38996
10957
19105
34713
25010
65272
563
19136
27177
30242
49026
4759
23314
22848
39571
8326
27931
55619
23339
18986
42633
24063
48335
54859
60175
34417
26974
9431
15853
34575
38214
58137
16881
35172
46976
39458
25022
10461
19041
574
10689
58763
21450
62570
8168
27343
23987
45974
57636
57382
24841
5920
9295
32602
13367
5437
52680
7686
26633
52800
33496
42193
58903
29354
46875
26319
3346
26118
6462
45250
31276
20960
62497
57955
43806
17170
44745
60947
61071
39200
48009
65380
12956
4737
28539
14447
56124
40384
39029
34556
55135
25677
9953
31293
24052
20220
45229
10784
56509
26870
9751
60177
30532
49050
11223
310
13627
29145
37639
46032
1350
46065
17025
50446
48452
53604
27798
50302
61260
9101
28747
3503
38356
5053
13075
64031
2660
28638
26906
59450
62655
38260
6845
13155
31591
20185
37838
12195
52041
42073
6701
27730
52344
39388
4052
3893
36877
59055
43711
59456
7818
31270
13062
63208
16486
32198
1412
47692
29822
3629
36546
31616
32072
37369
5648
16816
47076
37133
52630
62663
19343
7930
12661
31006
62271
60849
2956
54986
33854
49139
331
63793
19482
55179
61118
55843
56276
44879
55559
35753
12354
61681
39567
57830
53734
23110
57324
35134
58721
32795
46947
58220
10786
60606
49988
39043
20582
32411
16712
3243
13251
6020
36282
11852
46570
31026
41466
31610
49009
43810
973
24387
8408
41133
3686
52220
3712
59210
28420
33771
6736
43884
51208
53212
18977
37926
56143
22928
65034
39976
10326
30549
7482
35873
1801
1620
57247
55865
21648
23537
40210
42021
15123
65042
15772
14169
8748
29946
2819
29336
45949
15734
31051
42176
19217
54385
2656
21337
19713
27865
14062
58282
8808
12362
62791
31494
36066
55847
27873
55613
4229
1008
12342
39562
14697
17730
53908
28699
4486
16939
30155
50125
54811
36133
16203
6512
41026
2192
2118
52087
2020
27753
64019
63647
41987
53510
2316
7298
21058
14151
17923
10190
54925
65384
49761
16919
15258
21481
40193
12357
57597
2858
25928
57168
36447
36074
7899
42598
60179
62693
55854
43704
50746
48399
52055
50741
40838
21851
39253
48807
7894
1750
48402
60962
56606
25541
15498
39704
3533
38221
24045
60142
59539
14703
30632
531
64382
4189
65098
38982
54338
12213
55737
39397
62525
32469
48636
54302
30457
58685
30722
52556
26600
26763
20122
13241
40758
55749
16199
24572
22080
23461
38963
3273
10448
57954
25466
34893
43661
58925
5481
30600
37802
45878
40095
3118
4089
4355
36435
28843
59943
58530
2620
16823
41408
42276
51043
45836
44511
39648
61141
393
50712
43686
30701
27280
19013
46475
13408
25711
62004
39221
42891
59489
29941
19594
41126
483
55648
40134
29980
48525
24154
9252
17798
28145
46839
54053
52988
36913
13880
14876
40721
20255
52488
38705
24814
56014
6894
32481
11996
60950
56394
56565
33141
15002
3848
47828
25777
32709
46192
1237
448
15471
5636
25123
1312
4208
63732
35735
22923
40740
2613
63520
49823
44498
19429
51467
6678
64874
43077
38923
25996
39594
62913
13346
47558
32978
42501
53142
29733
51427
47881
45554
26371
9848
59082
47002
43518
5157
38919
48277
23918
1571
58762
55147
13518
45032
43305
63040
24044
63035
40118
62864
35369
51481
41427
13824
17827
13238
34985
39947
3381
61005
41156
13091
30045
23266
16911
63088
31453
23756
62231
26925
36335
53796
22256
18354
11490
30743
2600
34360
41906
43746
26905
41874
16323
40231
6318
42215
51638
58620
23131
42949
915
43063
54030
12613
37132
21252
58076
41277
12846
48207
27397
61062
13229
23426
27254
1095
57824
56501
51315
22259
27085
37241
31509
17195
14120
11952
47535
42033
31168
38820
31085
45567
13347
53107
1882
58682
15493
40905
32735
51058
48269
65175
45094
22990
58039
1738
62526
21892
12583
7314
61595
23001
8023
51093
34477
45243
9992
564
13327
41149
34463
25460
3195
48406
6360
36695
18378
32843
63144
45464
48776
2915
21399
45786
31689
4348
3379
12920
3475
17278
64182
17196
35955
42257
24931
48478
32368
882
52303
60689
39732
60793
12221
64761
14898
45106
46907
15726
28967
42071
64427
1115
57654
39368
26357
31787
53605
23062
49043
15272
26234
14554
40589
22432
27446
23261
48496
36475
19796
50229
35599
1901
13192
61205
5881
14230
12214
10745
3949
25126
24644
29982
48303
64769
21293
23363
65312
39825
11408
63395
31705
12073
59944
33761
51327
4070
30007
34392
35839
7229
33034
14172
34681
29848
32159
57447
29715
26629
51443
3601
64042
7728
17544
29589
10479
39701
12079
60346
27044
46403
48927
660
44888
10714
44357
51262
38009
5530
43748
32004
25089
17016
21741
56170
51526
54473
24351
8393
56219
12692
61279
15862
63454
17672
13467
1074
8916
28341
48356
3770
26897
24014
38566
30914
57013
37022
48006
64868
24872
2458
54445
53388
29254
35835
6128
528
10878
41163
5572
51302
19302
32940
30490
9417
39081
64203
11135
51692
40077
569
20787
2107
23977
19635
34592
24068
27581
58130
59710
29931
12462
51231
61963
27485
14530
21465
19299
4570
17257
42726
29983
43616
44585
2995
9792
24979
58787
12143
7049
25826
12333
2744
60603
26513
62003
2463
15551
50070
57936
9617
19464
17360
58834
20596
56933
3006
18943
53913
30162
2498
8267
41321
48310
12916
51410
39779
16892
22179
10811
36014
14743
1582
21921
732
6950
14960
11018
52272
18118
48978
50399
1596
49524
747
44031
42859
51306
9587
24744
259
33175
27734
56243
26854
41417
26818
61743
22455
5381
19646
47388
61192
45926
6241
13212
26377
34085
54447
18160
46573
1031
25295
12813
65501
27010
26935
3220
52032
17790
64802
52853
47759
36761
17548
26900
61506
40002
45753
23481
57599
9715
56153
41468
56776
46587
22883
15777
52561
60007
27143
13386
44004
48362
30536
478
50903
50510
20120
62151
28995
55089
19474
19086
62890
791
49956
21981
23580
22790
37152
60791
62537
18142
60364
14603
16165
27449
4524
54991
64780
19516
11221
57615
45805
13549
5263
22678
27981
32091
42306
62046
50584
10115
26950
60629
3648
38598
18740
9611
50567
32211
62994
26157
32837
11355
39107
58003
25631
3520
63643
63590
47233
42282
47576
60258
40039
19237
51533
4526
57471
62901
43093
9843
4401
36750
65385
23560
64687
62567
37566
32564
35801
60329
20556
65471
51678
37982
2038
30033
64011
28581
58289
29166
2446
21626
14291
13942
49703
57569
25710
59392
64108
33335
2212
13703
63431
58075
47284
11021
64590
43261
5771
2597
22628
2135
42560
41044
39313
26759
6389
31558
16501
1179
16327
44551
8400
42079
6016
42217
50473
9544
28450
28660
2573
39795
5762
607
42097
32068
19759
44538
53521
49449
36041
50518
64764
46711
7481
33652
23315
16611
16504
21676
48576
51078
43509
21488
18195
29412
29127
32110
31062
35814
60481
1146
32100
49843
37773
16059
37995
10594
6604
1027
36280
53157
18435
53202
51141
63471
8805
21086
14921
41178
16612
17139
13635
33675
18971
63287
51305
57092
60505
59295
4264
47696
62233
38683
6688
25971
4248
7159
31985
45160
46153
35368
55668
65108
24676
24708
51696
24145
49375
1057
22663
20195
43369
21220
6132
25804
32621
5250
23627
47264
49457
26064
15065
64573
13098
60049
5287
43237
65490
17263
46033
21280
9944
364
5196
59403
25243
59462
9164
19107
4886
5637
37043
49932
24622
15940
61590
40122
50990
42141
28171
716
21677
11923
10702
60822
6374
51684
5420
18364
40655
3248
33668
13671
42881
27371
9463
39547
7024
18192
10480
19353
64787
17511
36044
58358
42043
15079
61438
38741
29906
24772
18774
12467
11445
23446
16989
20427
21960
32725
12538
17907
34632
52537
4640
55584
46496
4431
8765
18770
41592
25287
8202
58606
22441
47275
52419
61998
27679
790
28729
26901
32669
8109
33740
55756
44842
15635
36119
27095
12066
28745
28041
2185
2309
48844
60903
38604
23257
41193
64083
3211
53446
31
14228
6445
16577
8747
38679
36890
27150
52910
24164
19202
26926
42088
21157
21605
11332
28917
7210
60826
61508
21560
1241
17935
42086
14583
1723
32230
19642
50295
3673
8206
18592
19084
12253
5849
35366
43525
34795
44500
48347
20694
54774
23706
54283
27451
35692
50854
40328
45748
65100
55775
7005
43064
38081
18361
13328
52469
28143
30136
14117
23564
41496
42995
38065
44700
28592
57042
21082
2361
64338
64593
34910
59415
29387
12151
52926
27929
50471
44770
9849
39968
27401
8636
20488
18609
43067
11546
48302
51890
26401
31016
39953
17117
44180
8995
11219
58700
8883
29799
738
39369
22812
50372
12896
34505
60024
1476
36810
57743
55602
57170
40581
11142
64675
52477
961
35784
59043
52164
63810
29107
11029
27130
1528
60105
19069
17815
49587
60193
61385
33219
826
41633
37964
12423
38863
32206
12732
36514
34606
63374
53641
19214
37373
52769
4366
12373
23030
5584
39124
39683
35210
60333
5370
60466
22216
12824
64778
48349
10820
32147
38543
8134
58652
6953
33189
3566
33577
22118
18493
19313
13176
39292
32701
1126
51737
2313
3641
30017
61567
2991
32503
11649
29626
62802
16560
29434
22741
63570
20271
52876
7132
16561
9583
46667
61018
10921
8814
55826
44241
8690
3167
57662
36127
50928
41243
63139
57973
35796
36430
19998
174
64816
1336
35464
4145
32193
59047
33391
12897
13107
13890
60478
26041
1184
48684
64482
63832
62266
54176
36800
57348
9424
10365
41870
3979
6898
4558
22922
12826
60030
53464
44567
25451
52009
3825
39871
2421
28232
14387
3947
14127
47727
35513
35739
39575
62972
30245
63011
35564
45030
12995
23923
47795
51745
56619
10914
57052
25727
18208
52792
60835
8652
55339
64960
60384
56377
42406
26800
28680
22710
45732
18362
12131
1550
41673
42358
20714
61792
60675
56253
36305
14271
7896
2891
20359
26683
24956
18681
8658
28117
53496
64548
32396
7232
16985
1789
34744
28528
3528
26011
28836
59038
55227
42562
43292
15923
24555
37237
21291
26412
3790
24317
29719
14951
42343
5479
44756
36851
25204
10300
31827
62486
1036
30809
21649
52307
14398
14277
12968
65274
27602
23453
63094
15001
7323
12011
7331
18927
8683
63920
11938
53821
30292
55031
49380
23787
1794
12906
38159
61030
37252
31421
45973
22500
25473
4878
36411
38342
4451
64520
13645
60032
4919
61396
26120
7835
19897
1417
25775
41197
40300
46381
57806
1159
57007
21584
2278
60597
8913
25642
62192
60833
44953
16642
62616
55355
53037
34843
64038
48300
9303
25576
38035
33633
21609
18667
45496
45584
26160
17364
16288
1956
42289
2952
26130
23366
47228
36630
62372
54604
40605
37277
56073
20267
41486
20642
25714
1806
1796
48916
61851
52224
25206
26521
40125
22533
24302
3985
27933
15829
48092
6979
51783
35570
60881
47848
39134
21433
45416
31644
14509
64946
62396
30229
64152
65068
58108
34550
53758
52671
11440
20234
35553
49114
45260
6022
8957
16003
64320
57400
17682
20436
8800
27473
22763
37525
17969
62351
5385
8759
57739
43035
54662
3219
52736
9157
15146
29460
33284
63059
28847
49783
28749
63137
56361
53979
52028
386
3074
21357
25521
23907
3252
22965
3553
23415
23013
4467
46177
38090
38010
51574
31922
39480
61066
22877
28326
16947
33659
57150
5507
46130
26930
43427
30179
42627
61163
21997
58427
63969
14657
63319
39361
40129
34351
32625
36018
8628
21269
62927
29886
6861
14987
29364
47327
44821
50277
21994
23489
28873
14354
42759
48071
18789
40405
17825
11787
2525
10466
25433
48023
51674
51377
42645
48952
32275
20211
52418
26436
58960
28974
23550
46598
55715
62609
52550
52546
50971
58444
14940
6499
10813
8263
50023
10779
27405
37207
43023
46503
53628
8781
29713
17027
48705
18211
55207
61459
15799
44930
6626
56603
53131
65186
42878
16077
34188
20433
48569
61161
485
36236
5330
27011
64797
862
55155
61811
55762
8669
35118
46948
31690
38968
50479
53008
64455
23579
38673
58490
54818
30670
56030
30341
26079
41807
23064
1651
54909
1011
54343
11745
49710
27204
50486
24699
31579
18765
46993
51172
53483
16902
42081
22346
12929
31232
56060
1559
58799
690
50092
34347
24288
1023
20864
20460
9771
20797
62958
1831
37429
59947
10181
27974
17037
51937
5589
54934
55527
62597
14902
63105
8099
23326
62126
37674
26898
29628
50644
39641
27816
11882
60894
26839
26841
62631
41185
7776
38449
52086
52670
4173
4681
56157
54396
27067
16215
2598
38630
33012
9185
57077
3550
15597
56268
14021
19126
9356
42152
20851
50962
29835
36155
34396
63221
27969
61150
42916
29117
36238
13640
49527
61707
58598
10815
59336
64125
30201
19368
17502
19726
13803
7929
18110
19016
58852
40517
58603
14487
60433
62777
61521
57372
98
18580
23926
34115
23201
1808
34083
10427
10971
50455
19006
26707
24519
28012
12048
37018
18517
28632
24441
43130
4535
7571
15110
10804
52013
62196
27281
11265
34879
46135
27913
11875
45091
44084
27634
46178
25425
32675
41735
54003
62999
57982
30925
47706
35165
50872
54544
37505
61726
17485
38045
27053
26887
26161
55680
24137
48081
56863
15047
61960
2301
47179
27289
10828
57603
37897
11590
253
36863
53835
18477
51505
50865
45470
1098
56954
58009
8256
30922
47775
8305
20889
10698
15878
42787
55322
62473
32405
26847
4828
32574
14420
7734
41267
11122
20444
18503
46559
32630
8580
60751
60816
43393
24242
37828
16363
6927
37376
2712
2070
16876
17049
24835
50625
30553
20243
49715
8930
242
51181
24667
24153
13159
20726
5335
59484
30552
38678
41288
18735
38878
33798
43785
60382
62256
43678
20235
24483
20647
48423
45287
60638
4888
24807
21827
37888
16097
47024
28411
21882
57364
39963
9877
11353
53940
38108
48117
58457
52475
43384
10288
42279
15042
37967
35969
55476
38266
37962
8987
57919
34304
52279
45660
23094
5874
15150
42003
32541
54066
5073
18742
63410
64476
34509
50194
57035
55081
12639
42797
41182
4265
62921
37261
32599
9336
12670
52802
54141
5138
20696
8357
35900
58126
34546
32554
39600
39855
17214
51726
9890
25887
19507
19135
59327
37577
7609
58680
36988
52939
38188
32862
18614
19575
24973
58315
58406
3878
39465
8968
23766
59938
64402
47524
10708
5634
8018
51148
41779
59122
47190
45421
53614
36240
294
31749
41704
37564
10111
11093
44130
7140
41319
41649
43520
59625
31875
62869
22578
39973
8241
29614
61950
19924
49791
44873
28911
6385
42294
55997
5744
7712
14081
21740
20045
50835
19826
61047
20207
64006
17118
32955
8928
32374
38442
4905
5375
26773
28419
48366
63678
65376
2924
10060
49446
7293
25614
52441
37189
734
60604
50747
56723
8294
45896
4856
7765
61661
39845
11775
57161
54226
24942
47383
25477
19702
13433
45976
32151
2052
58298
4363
864
10286
32851
47598
12984
63931
51311
55074
45650
53868
39874
22735
19157
21364
37823
33159
61165
13798
19687
28466
39447
54907
36887
24299
288
14294
4874
63531
36955
9234
41034
57832
40056
21840
29050
43360
44370
23417
37561
59269
54028
35816
55342
16042
1024
45981
12693
3638
58533
61872
32244
31214
61995
62474
57442
28739
11786
29509
51138
4574
6714
35712
55057
38281
18703
62185
6013
21585
19697
50270
57758
44335
11422
45714
21853
12557
7721
50127
15021
50791
36424
42763
7650
26479
21377
37401
54183
7157
8410
8185
25283
45403
16523
26630
57418
15977
28300
11980
58853
2564
48718
982
51545
20033
9013
32661
50164
43619
35577
15638
51624
60673
62258
31443
48714
9340
25733
60020
23957
60268
5076
50752
28956
16083
5741
41991
46103
46419
16921
28764
29525
13761
40623
42781
24737
61397
24498
61182
38723
1791
17642
6637
14849
7119
1591
53779
30631
15053
48708
12825
43742
1388
17184
61072
30355
37328
31726
428
38407
51089
40936
39285
15760
54104
57276
12118
51455
30370
28165
56741
13864
49056
655
13843
10982
28885
17943
56453
28750
54527
4544
23694
51740
61138
3316
50733
50739
21925
16015
52941
7877
21779
33626
60593
4562
63283
58659
51310
57095
22277
2843
60725
55373
44959
4811
52555
41504
7164
45485
41441
901
35278
834
46992
2516
312
26747
44993
48232
10928
30320
56158
8437
50954
13913
823
22869
27737
47341
29798
39773
11742
17579
32186
29992
60898
3284
16043
51747
49148
64404
2825
17794
47034
25523
25085
31357
7725
26740
51016
47591
29089
25785
51794
3927
57427
42511
56714
24399
11531
38816
4552
18512
63818
64597
16552
43218
60958
33751
54932
31390
59340
54078
59560
46035
40132
21368
62353
49740
45813
35327
54136
24239
5436
28786
2104
12943
49092
35313
60251
14621
2183
49280
13991
20893
13675
31193
40078
8754
52243
23008
43283
13035
52115
47869
42706
3788
29686
42714
27872
16410
19972
47381
44472
10386
14261
36978
44762
12343
12862
14734
7739
7892
33989
6976
7312
42815
49860
32801
13483
20462
44264
32311
45291
52008
50735
42905
520
36687
28121
20872
23441
14351
38720
36368
55469
41029
63873
15104
42210
31624
14709
33747
48120
14908
11977
30726
10331
212
65534
7756
47910
54509
31299
30845
40954
64702
32408
6365
6670
47452
52372
40982
24626
9171
18832
16407
10877
49134
15616
45420
18586
49797
41734
63280
22746
31024
19868
14586
46014
22858
49809
26868
7071
40345
48659
47246
22998
12061
45348
61905
5405
6860
18402
3116
31361
41019
28789
55393
38672
40745
54956
5823
23337
4287
11025
56038
59430
38779
3894
63600
61381
42346
57329
16074
25423
12168
59124
58927
21440
14089
59862
18366
3096
28496
4583
28900
67
53397
35054
36594
26297
56393
57474
12901
48913
29335
899
19605
62963
1531
7520
23812
8501
58344
59096
1692
57499
59266
33591
83
29378
52897
62431
19443
64741
65019
50973
15321
15814
28566
11984
45419
24972
46401
19989
14791
7923
62059
32736
47554
13757
28537
57142
27814
57476
59468
61365
43532
42744
8176
6926
2578
5786
49193
59937
3964
58180
42694
6025
1288
29918
18357
216
1155
56382
63066
29082
11200
25407
29611
52810
65165
61040
9440
40087
45187
59279
23492
20922
58098
40262
22146
31550
3542
31139
41114
45452
35189
5686
24213
25975
29160
59106
45184
57132
29780
17613
1626
21255
3231
18006
2091
32258
9731
28905
17463
51549
39658
63822
60423
50929
34130
42795
56263
37769
5168
28260
57797
19769
18265
49135
6430
18624
30348
49719
35093
63204
45909
58679
54817
49653
7332
49746
18823
35592
15525
56674
59448
53029
15587
11318
18529
63530
49831
50388
42139
61184
53467
15895
1816
995
61210
1979
54406
54703
20275
26637
9045
222
35872
37753
31742
39455
7790
47021
42549
39178
31183
45874
37663
12883
37285
232
30345
2783
42124
11055
18989
27358
6509
52512
21494
48388
28741
12755
7266
19096
52602
17482
59494
34502
5716
59598
4541
32535
21034
680
51059
44862
36738
29386
61455
341
51908
2252
59410
59635
19887
18949
62734
54357
13902
36826
12522
11325
61651
53733
18178
50501
32638
47129
26833
49776
26009
41454
49281
8376
52046
57555
31774
9912
24640
12402
35644
21085
21094
30941
29009
36586
385
49856
28544
61087
55617
48187
44134
21385
48361
45770
18757
56450
49871
59470
2201
24244
42874
10623
1689
4809
45507
31146
47050
46116
40909
9840
33568
5225
15955
19389
13303
766
7525
58081
5153
24322
37702
30468
14783
45056
7180
51244
10492
36565
50749
24840
20611
4930
49980
6582
11918
14092
2170
52387
10854
27666
1265
36116
50905
17019
42145
46293
26609
6301
35066
5416
1991
38008
35859
20105
60792
42301
8175
61846
17570
25370
56077
2086
4439
24497
35057
34086
40211
7055
36042
47645
4327
30284
60397
60731
52785
22141
40175
25062
8434
53912
12534
6541
9021
60809
633
45932
55928
28686
53619
19912
44210
19864
23172
25424
50895
9509
43316
3858
36797
34837
4717
32013
40382
34814
39815
60635
57419
41563
59375
4437
55474
52339
10682
2718
42813
37848
60302
58160
8459
24886
43904
44097
43168
23391
14865
6881
8313
13959
7282
40089
1303
45478
54862
42809
45344
40190
23154
23427
6980
45189
62863
7617
48507
29318
31185
21174
12990
3819
15766
64262
53167
1823
8565
63134
33698
35889
15444
11356
39
12587
54018
18931
62073
30802
13608
3636
24358
50317
21543
36571
19066
42943
54788
55453
12749
46370
60483
13337
24509
16558
4662
39249
6480
6559
34620
57484
48152
45820
61497
54415
65233
29506
45571
50696
63298
31819
56319
18300
62269
20996
46323
40075
41411
57325
61850
9395
60746
14409
22162
26466
22099
6858
8616
9647
41093
3015
24365
9451
40070
56754
25293
28511
14098
14177
51655
39420
13672
2241
61747
40234
4617
10481
45959
35617
57857
41945
15927
19483
17831
44844
5705
7808
15771
54180
127
40376
13554
29084
15694
26702
5543
60694
51722
17407
31602
24776
45728
49321
44437
46094
33597
19337
1149
51852
16807
56925
21261
1271
10059
63428
32173
60109
15429
4805
5643
63897
15514
17447
21390
7105
3209
41696
17534
10325
45475
51858
50367
53088
27105
32998
62699
17335
26601
31744
32547
60943
43444
55014
28512
40081
60121
39373
3235
51052
61281
39018
41516
28654
50682
17233
24415
49477
19099
17289
34258
51652
44025
41402
46604
12852
21604
20563
6965
21876
37586
61988
47926
11088
18244
16277
7603
9879
22341
231
52202
6377
24423
37191
22650
7574
30352
4489
12564
8478
6904
13730
22951
27774
14342
31297
2754
59750
44338
51610
34064
2289
34148
6133
39122
63996
62855
53346
56721
7550
39003
10162
28689
29738
54324
42399
42168
54311
38347
4462
11842
25139
21251
51555
209
54880
64663
58118
58640
40686
23539
9487
2834
5853
29340
43951
13746
43409
43929
56599
20650
5830
15589
16734
41764
37712
54410
51725
6596
31815
11612
2647
48352
49123
39843
42732
52786
50921
49168
1658
62281
12691
60138
64377
16030
62283
6680
1441
26016
47847
37102
26979
9360
49789
13916
35281
42240
41632
54434
53972
63917
23710
38234
40579
46576
63439
38298
58245
4397
10577
41250
53235
8666
14011
22902
299
7458
55906
2555
25090
5036
27657
2479
10469
59757
3465
63871
8373
43890
44787
55908
621
47229
1924
36224
31418
8290
15325
63288
20062
18420
2116
11936
53763
8989
16435
1132
4280
64230
24078
20577
52843
61690
55359
29483
52065
4008
10587
62618
49854
14929
1022
55868
16026
14568
23518
56053
14033
55011
16592
42590
27597
32980
44059
14350
19139
48631
21504
55832
34927
11067
4014
22811
30810
46346
16531
45625
28387
58460
3543
44159
65124
55814
35970
6236
26277
15971
16811
11404
38423
63305
62328
61689
19415
19966
20408
57338
39095
36755
26437
2791
44580
22837
30636
49248
35579
44577
8846
7361
35123
30080
53883
56711
44761
53633
30786
41332
26823
31337
61376
1897
23242
39737
8581
37895
47721
4641
53168
45318
5258
15484
36937
4456
12169
1040
57669
10555
61593
4934
9673
27548
46001
6994
46049
52986
65141
32303
37765
47829
8679
25430
61196
11488
44430
55007
60786
31542
5899
48867
43522
59252
1431
13094
17800
11729
25167
56752
45457
49250
21872
20279
9344
47977
11796
48894
22060
52354
17398
49870
53046
49741
60862
18541
7311
28283
36658
18761
9669
42273
59203
52321
24842
1222
38003
50288
45240
58430
64717
49507
48522
12391
13825
44189
56966
26244
20671
21895
62017
9199
56177
6000
15212
7778
47293
40774
35228
2979
46852
10232
21772
38967
37311
30936
6707
18072
17589
48045
17173
10137
59721
48937
27542
54895
7201
29975
56920
63502
33433
9758
3399
38042
48532
46977
61178
37956
23665
11807
44893
30134
39132
64608
10235
64332
46597
61171
45499
63248
30731
19418
47813
379
33151
49505
50650
6275
29627
44559
47032
21722
23430
29541
18555
14884
53558
42231
32455
29469
46679
23927
56040
37706
11478
49268
10155
60899
17884
1781
18630
48884
22499
14207
13888
30976
40389
14442
45159
44163
56665
10593
32858
42391
47210
34670
25749
337
26212
28480
53350
60026
30028
27288
45064
43121
33651
52524
7030
44291
34152
42804
8988
41860
38120
53264
8269
49625
26119
1824
32864
2523
1364
16371
49921
35918
30307
14183
6501
52157
41857
4634
46664
51987
21564
39913
57178
10791
13420
21030
34300
26220
1946
29447
27076
57034
25060
57670
4561
43756
16214
62689
26586
30812
46706
48435
38666
25719
46913
57299
10229
3741
33984
16582
61151
41146
29019
35914
1259
8991
64347
48969
7799
31066
45637
10535
54195
43247
3714
49929
619
51094
7908
44319
44171
65506
7561
48016
10134
32223
56922
54468
25397
8941
52259
3708
17434
664
56209
63836
11794
54373
22566
2069
26150
36412
2551
56006
33387
43555
17751
34984
14285
43740
17796
62843
24296
3081
15900
2876
49110
61358
19857
27002
17384
11083
58006
35831
22973
43169
32753
530
52467
5871
30129
8539
41161
25403
6145
64065
23311
9412
24669
62494
20759
3128
35102
4253
8691
7277
54062
5347
53462
49079
31402
12308
60999
45016
41415
9967
24690
57431
19216
64974
28863
42757
61405
27336
61936
65435
23419
6135
42530
35153
61831
43710
62643
16812
27425
18311
8709
17021
60465
52761
54417
25850
33539
14365
7345
48582
47254
26678
17551
184
62887
10105
26375
32233
14620
23122
11339
34052
8378
8934
6775
884
32339
21734
31330
34000
29376
18451
22191
47689
51260
60295
18754
63125
17071
51784
14579
59194
62824
62493
9361
15424
12578
50236
20933
16100
37405
18486
51931
17029
18014
51872
36929
44789
27596
47855
43521
5595
46712
29555
55000
27827
28977
204
37380
22901
4045
21775
44211
32008
6234
29544
25829
45248
44583
4428
8103
56771
62268
32551
9893
47732
63630
10254
60231
29999
17637
6119
16640
23642
12261
38680
45589
64805
35572
39297
32253
62888
33677
43282
35207
29710
22006
52848
57122
45466
2828
7134
44334
33350
50796
39942
45683
10258
55100
11965
61646
23170
48780
