21972
58219
16384
59168
41296
9488
4528
21971
9000
6670
26192
40477
12413
62238
58984
32272
37019
1191
50811
36971
1908
37012
18644
17262
26649
38255
10507
47095
16031
42025
43817
28947
19862
27287
22479
38650
35304
60774
45224
42836
49588
58888
39133
3149
19661
63899
12919
29575
1330
35188
27193
30300
29297
26667
52058
39285
61563
59002
60170
36322
61068
13257
38014
38085
62888
44801
35818
35952
54372
55252
27148
16128
61578
62752
52275
47216
36892
8537
23872
30508
33544
32545
59289
19830
40309
38356
52661
60859
53956
9648
686
20661
16990
64652
43869
17102
16233
4819
14881
23550
12949
8395
11897
7343
40905
3448
30604
19388
4478
23106
11237
47176
20837
24838
7516
62000
11546
40649
19244
48376
12220
40289
5711
51978
46298
27807
14861
3108
42982
15645
22112
42886
24287
39991
55930
43029
15059
40247
63451
42632
342
63048
59236
40559
7891
23849
12670
47958
14137
9902
40371
58513
22842
9360
28542
32095
30776
13988
34652
11412
16112
43206
54723
48112
12320
57072
26144
4647
27826
53501
9907
9549
23278
15508
8129
13171
21973
55498
8492
62944
3120
54288
13792
21979
53244
61851
19097
59560
14689
56108
24524
14847
61758
16498
24878
36784
41986
5343
64181
5927
52300
49634
50530
45809
32195
63052
22086
37330
64869
34842
19471
11668
46022
31149
40690
15395
55500
65420
38563
10614
44966
31225
37848
48624
50049
5488
18697
58254
39654
10581
7244
30868
9998
21643
19517
13983
39293
50827
17148
17428
42003
9886
23799
42147
23474
51650
6568
63416
59597
6424
16642
22140
28803
63912
15107
24274
63074
55761
38059
53069
1214
16059
17802
20924
10485
53349
58193
58874
20396
26305
4976
55635
41975
24654
34415
64450
37645
51982
29918
40059
32560
17018
38556
8808
59377
296
40186
43881
28179
16376
52709
16551
11914
43341
29525
43810
63307
31203
61786
2098
32325
38579
21116
21349
38440
29621
57649
64153
40400
47202
56518
50469
52053
60627
42084
35997
28616
61127
55178
5220
26119
14626
48541
13925
21977
26121
13252
13625
26698
12153
20973
36642
2764
52031
63987
22440
7182
53273
50244
50387
21374
13403
54950
28771
40389
49949
63455
12731
37082
62227
64255
39416
20981
34191
22062
33985
32998
1686
19422
29503
38785
22408
62291
39039
7476
50145
375
54311
45835
57912
48678
59122
54438
37268
28693
42083
40617
17000
53192
12727
41477
35618
6448
3460
39971
46108
51001
57972
28285
52501
55940
37888
65139
32134
37868
15726
54478
64033
60801
45548
40537
57574
62862
59440
28065
58857
11240
7870
51683
23134
268
59431
63995
47179
57404
29684
27815
13393
55333
58364
41821
26628
47437
24884
23809
12276
64750
12544
59249
59699
55897
48342
13513
8563
15087
10754
37051
34887
35171
63594
45843
38490
58067
27403
52309
5451
36529
37819
37309
49148
36955
63852
13905
3790
45191
11688
11736
26902
44231
59607
30920
59153
33573
60268
44363
38282
39757
60137
16222
36050
20742
9481
54249
9369
25620
20613
31967
62263
12231
46100
42810
9215
32866
31781
58422
5946
46752
57434
40635
28562
56460
65519
24048
14394
42445
26542
7746
12172
54105
59244
9501
8619
25662
41171
4837
56137
17111
14333
16121
58143
23132
49665
41182
19073
41348
6689
33236
8736
38851
20065
14509
4117
64874
28366
43497
9055
40194
39946
47977
48140
20364
57259
13822
37624
38928
44495
18537
20215
63794
5255
29312
13338
17879
20291
21715
44245
64511
49543
28328
53127
35543
27639
45563
43995
16596
41797
22418
47851
22706
3900
38891
53139
6879
2130
61162
26303
5119
5461
62606
18308
21308
33878
59729
58509
13826
34494
59923
6307
57105
29336
57823
54974
8951
56841
22449
55661
36034
52435
48805
43694
41273
114
37246
47942
61994
33511
52040
14430
54691
17318
25032
28870
45449
63658
8407
38244
34566
25449
16734
15491
13907
35441
11273
55528
57187
35344
62980
17597
28061
36878
59700
61091
24724
13840
43659
62325
57169
17790
32745
34096
64149
33894
32243
21053
15014
355
29824
39014
52999
35060
36074
13955
25161
16922
20434
5061
19495
60835
63438
37641
19086
4425
26081
62778
6482
39446
26659
53109
49736
55657
408
59680
64651
44944
39536
13523
9631
9878
19437
42305
31804
28104
48076
31484
30863
35572
63727
4338
25128
41693
17533
47603
21818
36702
65293
17600
52584
26066
47073
24321
29651
7799
44825
17050
21249
38978
63205
54360
27942
53155
23235
25749
53314
19353
60898
7192
44056
59705
2750
61373
19539
1280
63220
65028
61148
64817
4632
42896
44607
40968
13821
60704
36780
16708
24170
47475
7533
39122
8350
6495
62527
38824
39490
42652
60883
35147
60582
23808
39944
42492
56283
5929
32017
15421
12778
7338
33508
45623
54882
37205
48470
35559
48218
43001
42791
49375
44087
26343
41279
26340
1481
29355
51974
17697
49592
18574
2634
45949
26930
11829
32397
32015
50661
26850
16974
50683
56249
47782
9613
15947
9442
49844
25273
2373
45473
62054
45420
51134
62615
15104
50028
2009
22607
33352
50266
47734
62407
24999
33282
51625
34752
57243
15922
21214
27460
61244
30261
60119
47979
11512
5522
55324
49932
32984
5088
47957
60649
57278
39998
54541
22485
40223
34830
46104
14778
59523
3782
51072
49051
42343
15550
58338
14462
27867
25977
21987
19743
50727
61419
62224
40869
13342
57845
13436
49537
13021
32685
28078
34077
10961
31004
1324
56940
33710
23599
64753
25825
17923
50000
25166
20578
25036
12712
29406
50718
22797
15587
58480
63717
47614
41227
18336
58743
13944
35126
60795
24960
11780
14844
64978
22515
47767
55853
45251
63008
58151
52104
44769
27906
54355
12250
41963
23192
832
2570
45573
58769
9588
51373
38377
26285
12444
14675
2939
6539
28190
6502
46264
35321
22011
58650
34387
60180
5670
8494
3119
13384
39403
37709
57016
31212
55773
57029
57591
54268
10285
2508
46651
57738
55584
31169
61246
31252
27075
2920
14904
10469
42763
36472
827
18452
16208
56104
10599
19227
25138
5970
29140
25298
27499
22540
62588
54413
44368
63792
63301
31874
34674
63253
48149
57517
39987
20414
1086
26107
54548
51623
46952
49993
42411
37108
36823
47966
62518
33783
63657
46099
41920
38126
46306
20846
17648
40588
55818
58094
58678
49268
28093
64500
26773
55586
61327
25663
11641
40616
4369
39200
14649
5802
28603
21389
33278
62536
58167
32945
2386
63655
56441
18594
57790
4007
27708
15185
49031
57177
28208
29980
13259
13929
16576
52537
36608
53356
34892
61903
30922
39013
40398
40692
62133
27296
4316
47484
63422
19668
59463
14536
59813
62142
31619
21963
56664
53542
22740
23330
43866
40923
9165
21885
6793
5787
4879
29289
47970
8999
48516
40448
28573
63546
52833
41716
9620
43494
19020
18428
7678
51274
5007
15426
31398
27441
55915
62738
34004
56251
18384
46500
56613
37285
15897
53602
42860
29508
43661
24941
31032
44001
49034
29999
63577
46643
63067
46908
2982
31431
1553
35566
14635
35372
36856
24033
57696
61905
47271
44706
46386
42710
20817
39940
9149
30726
22708
41135
49744
3293
65047
47106
62382
42068
2517
49662
13509
10511
15579
32094
44009
64878
14433
39173
27238
30076
49854
56171
22773
29020
22658
12852
15628
8542
10329
8296
34917
4409
63380
52764
47961
13100
27806
16283
62801
19972
17738
28963
57996
64178
53847
22307
62731
584
7711
17230
62895
43384
39213
29478
35511
61887
4715
46293
47056
25041
34998
57012
41671
89
52286
34320
43081
62337
43411
23090
45010
12869
10328
61670
55977
22998
1283
37909
62243
29334
13713
60848
32747
40582
14342
29373
55266
29887
37918
36737
43473
41239
48947
41862
28271
36727
10238
32755
34937
11550
30278
45150
14711
34238
57741
44931
999
1132
13292
2238
63453
25710
61288
58526
42369
39282
48395
10422
10963
48339
6913
34885
2214
34802
57740
34167
41223
41399
38833
6476
24072
3127
6642
54285
48731
11935
30990
12488
31134
20158
28391
58765
17812
12012
29449
60907
88
21941
31045
45944
35992
13587
30826
38582
24681
35948
23491
790
34994
58815
24026
30435
32509
58802
49478
55963
3165
61876
39331
27329
58160
63692
15537
4302
8755
16589
51338
12710
22083
6326
11080
41011
60933
17844
21061
7877
29734
9429
52131
15386
23347
58823
63558
50415
42930
42351
2075
22072
39535
29817
18381
11922
19003
46117
32834
50331
22741
47924
45984
11053
51035
34875
61386
38722
36485
28784
39246
35035
39539
21706
17781
39887
59169
18040
63557
51887
55889
20490
50455
35036
2369
15828
24074
46275
51769
45658
6838
11970
16347
59769
30587
50314
43476
23225
63020
3110
23103
31947
50397
10331
12604
2044
12148
43768
23333
32718
12536
4214
62943
34907
40999
25452
34034
62525
39717
32632
14840
36000
64688
16503
16080
59141
30894
64943
62932
62930
26086
30375
32629
13782
16153
30644
33446
2176
33577
22673
62632
2678
12115
55419
46257
35434
33388
16648
25302
5569
25120
51317
52105
55673
770
39792
41256
34171
15912
30113
8641
57974
13271
29573
52937
50407
40055
13558
2624
62087
6786
14189
27118
24901
15592
26146
31467
15507
31991
6908
26187
48279
8953
56836
59180
50707
18499
17037
13812
18166
41157
40573
33858
21634
31746
12634
1532
31512
14879
37457
37056
54306
55852
36566
8316
37414
20876
249
58591
50856
50865
18127
44670
16250
20160
34292
35803
49961
49574
55539
16139
12280
1442
26164
10785
65294
38427
60093
32844
63068
48983
2286
16833
23005
22468
30059
40385
58637
23006
28387
50154
13428
35354
29819
20568
53343
5562
39995
39970
9845
34910
380
18228
31287
20227
19369
57757
18968
30507
8500
21115
24791
2299
38668
65334
55465
64794
21646
36511
38004
53118
51326
38131
10232
35283
26126
32970
23785
12901
9081
20987
22578
31269
29730
30003
43415
26291
20670
39620
21063
51395
39988
44388
3865
44843
30503
53878
59068
39394
50020
30583
48732
30258
8277
58671
17019
8812
43556
38742
33566
32267
6331
50676
63219
61535
18823
1006
12109
12567
22016
58665
64218
48878
64198
64886
34496
64657
59647
14030
50805
18614
38313
60652
11361
24377
33089
58019
55381
63361
34605
29262
10107
13304
45726
37109
54391
1373
22633
64298
4944
25465
51950
35287
9340
61423
18169
27345
43217
31394
62251
37156
30905
36482
55759
28347
16336
15018
57231
61954
62899
52014
23627
36405
42530
6488
61715
64444
64839
64306
20312
13811
1925
2677
48195
26483
62162
24870
63264
48213
13755
57123
27451
62661
36091
31310
45396
7298
24763
37405
11229
14680
34964
27426
7084
25926
60285
63647
56938
37494
45858
55296
43122
30877
48246
53532
17285
25372
65120
39548
40254
25190
9811
52895
58512
51339
35888
44555
54382
15584
19380
4535
18761
27924
58663
28839
13795
52379
46233
52601
31552
11227
40792
1014
52190
35561
10105
39674
48809
19597
3300
52704
14629
62354
30578
15654
61176
2905
52474
25608
57171
18523
55219
3736
51230
8765
45050
64503
25340
31852
16164
40948
35689
36418
7601
12774
18298
45878
3921
46660
12105
28122
18274
44780
46242
6703
10650
55391
10802
45630
10613
30599
23914
51188
56169
44617
37384
52152
47401
38506
52653
16744
22766
4699
62707
36125
24440
46661
12087
49971
52457
49074
58838
50372
32723
3624
38451
40709
40654
51011
22512
34427
28633
37481
37207
16528
35016
3551
55070
6641
55574
46875
25865
61216
22095
37164
55829
57244
41383
16238
17931
42363
119
37963
53113
17695
19419
64474
6350
36332
42566
49448
51028
40298
21459
63752
29424
12806
6573
61236
9068
40587
14544
6217
58352
39634
19368
61783
10147
45140
51941
8708
28
28700
6738
33454
16581
2462
35181
42268
64093
21819
4458
41363
43500
34796
28961
6717
59211
61471
10685
8603
62365
51722
44316
39179
6757
64873
45278
5435
22596
19350
21681
6030
15481
15710
52475
12580
43673
53721
60154
42337
8383
3185
14113
9720
62467
59309
40088
6072
30835
65236
54530
7630
14495
62043
61455
16641
20668
48734
29008
49043
21535
36741
32010
65298
39839
49501
664
12866
62448
62034
33619
13063
31408
39119
58298
24546
64832
11858
63690
1309
26673
2965
11976
46796
39578
57877
23664
49352
29703
32439
56291
53893
59884
4006
22627
25411
44166
16374
21284
62900
42526
38336
60748
38565
25212
3573
62876
683
34653
38873
18539
10687
473
48884
41307
21629
60156
25614
49996
58759
36261
27784
30322
46509
20890
31061
13893
50054
43139
53346
29490
16520
5843
41614
43907
9543
47624
36935
59459
12983
39243
32662
143
37956
42005
10606
47041
27583
38578
61414
3116
60055
23323
3057
24670
35552
24940
14041
12024
43423
14902
24628
22989
62501
10762
33274
9962
56027
51141
4669
57126
55914
41759
35781
23000
7971
7388
12433
19262
55580
2354
20392
24231
34562
31703
28417
63722
65071
24180
2131
25246
44180
46214
33150
15281
10670
12365
55072
38886
11268
91
48479
25638
3138
4902
7833
56457
16107
26962
58680
26431
43076
20125
28602
1495
1630
10776
43732
63369
39990
52526
6149
38594
23583
53240
25044
49848
28734
29655
31430
8636
21153
48757
411
43485
31240
16068
64826
10115
58191
6465
23595
44465
7941
54795
34920
18226
38221
41353
5229
36365
45770
39372
57917
44037
45319
28091
48659
19986
31525
61363
12686
49835
2410
32593
49142
23568
13692
4590
5237
39056
4603
27701
26129
56957
14783
13307
15100
11228
35848
50119
3521
52041
26430
22323
20942
5112
31505
54854
53045
4920
22761
31516
49527
63816
58950
27840
5455
28914
40665
10627
19888
46662
59964
2049
50085
4614
25777
31123
22931
29741
35996
44902
46994
17352
9563
14497
38362
26237
28612
52371
45650
27250
6288
1421
23735
48012
19633
56036
58735
14600
54405
37756
18321
40208
10020
42985
25252
64549
24486
47004
36693
319
40255
63985
31329
8629
8488
15977
55817
47564
54286
21692
47292
37066
8259
32789
50341
14468
32003
53095
7726
43278
30780
53047
16740
49933
58252
5267
20057
64166
63460
19286
57373
59178
8398
28837
36003
40794
63777
4894
12402
44868
2622
37799
16280
7324
13917
15390
12794
35391
28377
5115
53571
54748
60540
61522
28656
55212
2788
12067
26040
40666
51538
60915
39392
8278
53737
13462
48572
39248
15934
31612
40540
54100
16273
42269
29928
148
60229
23233
21810
25701
37385
56003
33051
64186
44233
33444
54361
33660
26213
56520
28821
44641
6458
29505
45392
23630
32139
19747
18657
23726
29157
44060
62991
25564
38657
41202
44278
50705
52814
40784
34279
687
52808
48457
21298
43377
1950
15762
1602
43484
40528
50997
53615
34785
2129
57337
56210
52676
65461
22873
57667
18773
51454
62573
28565
21150
15067
10538
19927
59630
49671
33967
17412
8620
60024
61739
15019
39040
54580
9908
35359
418
7719
51208
4764
58675
10808
55722
946
30652
8805
61477
17994
13522
26019
24746
57623
30560
43700
59805
48189
65124
61254
38797
30421
15173
64705
25493
10753
3390
12007
14459
52059
12851
26309
53221
61742
9254
7586
63036
48329
32443
65160
22796
28495
46040
49599
42133
48567
14284
28164
57959
26257
61688
25131
24962
50339
47605
46973
20707
42321
65386
10004
26004
27052
5450
64915
65213
40031
59747
26887
12945
6695
46515
30986
64219
3440
53214
53980
28857
4745
65383
12518
4594
62405
33320
53926
24726
3404
26267
11831
48723
24164
65368
57214
26308
11912
57902
64912
62005
1885
20925
24185
50108
27208
45701
55836
3640
60215
22901
10190
637
47885
14051
48646
6968
31495
2186
39969
64135
24589
5612
3979
12435
48654
26570
9394
60389
532
62603
12052
37049
58285
25956
48019
45322
49767
34069
48120
47612
33809
27436
51644
57291
60646
22723
42218
53083
17873
25016
64514
40811
30021
20529
46090
30993
61827
18216
62782
51449
44889
63559
21827
62294
22879
7883
13501
23761
51698
28788
55697
35837
12145
37677
19987
24132
10824
13106
31295
9786
65484
25506
10589
5098
56968
25774
31989
4946
26307
372
32396
17338
5240
26653
54080
6612
15709
10573
29094
5788
54560
43612
19007
2290
4749
25633
34338
53967
27786
32180
13451
45547
61750
17865
6021
52882
62010
32178
1573
7211
56237
58684
6981
60687
59462
65313
36523
4643
10557
12390
19546
1051
43576
38268
64828
48692
18
35932
46695
48251
9719
24684
4041
19351
34235
51910
39086
28797
1499
62021
29308
48345
38446
35773
9003
23283
42856
53476
49521
12908
7906
64027
22728
34932
25626
51496
55652
15617
52186
20674
21110
44899
38485
22354
43422
13936
30319
19941
9968
8410
54905
39699
58871
25213
10832
8404
16758
33351
13623
25118
57367
22685
6917
42412
23422
26899
31738
55902
34881
44152
24876
12723
22737
9675
48165
45445
47521
2321
33891
25744
14309
64759
49114
58677
6123
48355
35573
62072
50374
17060
48313
14963
23792
51406
37706
18538
12531
25792
5182
30312
62418
6935
47772
9595
21154
50055
53189
47674
49468
11625
30178
43004
30009
51957
32153
27308
27399
32590
2101
55570
30917
3643
26342
60715
58705
55224
672
33042
57284
16601
57549
53845
65447
58361
26262
9071
12251
18349
57918
59590
60699
47692
62722
43510
56872
33248
29428
65043
55727
991
21662
36182
59465
40092
27467
25208
50926
17396
41837
47211
23686
23113
14097
35311
55704
37209
16320
55267
21813
60145
9110
39491
57942
59635
32625
63103
24515
49528
42349
11833
41678
25861
44489
10463
38734
52150
28185
64107
30250
31102
65247
16585
8756
41012
60002
33548
39189
20418
58044
28258
44819
38916
63182
34297
12685
2631
29333
46348
20692
12405
22776
60214
33281
57195
8937
64382
35509
8864
3088
19682
46248
23264
25397
26658
58255
46452
52587
41232
25184
16021
6946
16607
36711
32210
22846
28629
14072
32302
62077
47523
30893
61944
5837
41768
16536
11909
63382
8292
11825
47238
64583
1295
61089
65494
22564
3032
50410
28476
19948
62336
15034
22616
690
62223
14463
21982
45242
8962
60305
38232
15016
24758
21970
11001
11033
23115
21727
59277
10316
8487
12090
14560
6361
49576
49644
20075
51540
16532
6446
56313
40555
49261
62425
1798
44289
2329
55310
44347
18116
21992
32957
43156
47301
36308
60702
60846
37151
12574
32779
37792
20711
53261
33942
24832
19599
768
12201
60296
27136
42285
10594
30270
35821
59066
34485
31554
47710
41513
47444
61560
30716
7794
15852
10909
54972
57042
26663
55739
51311
41137
8617
56810
209
41844
7942
11349
23863
27264
13777
221
47717
42794
38803
49584
44070
53736
37808
27114
47208
38354
60258
19603
19259
22893
51792
57142
61469
19311
5213
65121
43935
21451
58571
50218
59335
39871
215
22670
22958
42547
1453
16583
52715
33445
14056
35458
33301
2244
8987
14619
9842
56716
61764
46258
42635
19527
25565
40546
64308
7297
8438
22163
7393
63463
18955
63038
15028
9920
40549
11948
51146
41014
62373
8815
25993
42681
41015
3983
15327
35943
31582
2952
23866
58218
19404
7159
58717
46715
18896
16256
29935
3563
3892
51329
21124
39811
3774
32172
39907
28768
19331
21983
59770
46302
23081
44372
8695
40196
21176
53912
5595
17082
51069
8489
39138
64579
14274
28212
19131
44812
64282
26938
25569
25730
56718
56918
49228
24398
29420
53330
11148
55000
39981
43443
10395
55604
17279
42186
4505
23915
48581
60199
60934
65161
38008
45039
38201
25294
9327
14460
15255
40867
1570
34098
40233
43960
11978
54170
23298
20959
34959
38890
43323
21988
51293
23514
14587
57296
35910
23486
58405
15529
9542
48835
6864
39985
6910
27026
40001
10973
39813
60368
11837
58168
46456
52144
38552
25291
10866
46895
15511
39731
58568
55259
4014
49847
7301
30281
8210
27949
52800
49453
23636
11846
32940
38269
40604
52170
36628
7591
24756
61354
6124
59234
7729
38904
60495
55976
6036
56827
32670
58968
43203
20615
5790
38366
33708
46916
8050
10714
17946
3535
53665
32440
41769
37518
59979
47447
26955
47317
39353
1165
52434
49889
24926
20243
56361
64804
55262
48087
54684
6969
29386
31631
27607
40565
53958
17409
20218
64143
1724
60004
22941
41078
17128
58570
38078
25069
974
32071
5315
23819
55293
44359
58975
33949
20206
885
54967
26914
1963
32344
63536
277
24685
5776
51397
46478
3988
47657
27660
51086
61635
11068
2892
45303
52992
9504
45935
65027
37031
8992
33333
2683
19019
8147
12129
47350
63152
29975
20324
28835
62540
31879
1600
33381
2783
5765
62917
126
55460
36253
11205
45911
7052
24464
23950
37560
48228
63156
50666
64547
14049
1013
16471
5613
50849
43248
40358
37250
36305
8700
10891
3333
26656
61571
5415
4777
5117
48957
52046
63893
20662
48990
2470
46595
8068
8562
4468
57703
11985
34125
8642
60110
55155
46064
55751
37492
40440
17731
15766
15568
17332
24511
51926
42732
26041
30014
33409
51
5816
22710
7730
50844
9290
14746
1096
8365
3723
31697
31646
16538
31077
23956
37307
20798
7974
36098
9580
49816
34578
40421
43936
61212
31977
4500
32648
35614
12960
48533
12338
19447
41240
28891
58246
43339
56019
16260
741
54636
5179
13047
37252
51533
38807
4384
20678
15976
42963
17324
40989
5554
20923
59206
60745
64520
4930
21718
49698
39456
48125
49711
35926
39438
35592
5808
35017
55595
33532
18771
16571
43123
34807
37099
32032
17154
20127
34554
38419
35963
11124
11777
36470
21866
934
30576
36683
59058
57358
41004
10144
53419
54002
44826
32726
20724
20951
41608
16397
63867
61225
47993
25150
28873
47921
35962
64396
8792
54333
1058
16749
56887
39280
21836
3244
39360
14314
40623
41909
37295
65092
55819
34287
20887
10655
56680
56760
19615
46416
12297
23526
46990
11161
10993
33605
26199
164
17730
38666
42957
18744
32190
33832
4893
28762
18292
28318
24725
48469
37903
54034
11386
41142
62104
56391
39538
3482
10688
64709
43687
26096
1864
65038
64863
10488
57777
63242
39111
55972
576
23584
38047
24462
6301
63555
56123
53074
36079
4346
9892
11372
6958
45524
28519
56200
5806
1386
11377
12777
21691
6118
38159
51500
49900
1489
17344
58451
37997
29628
11020
12136
2811
62666
51020
20721
41621
51037
26184
8784
55264
63659
40713
32666
32602
20709
1365
55176
44514
16841
51055
52183
19065
5170
51701
12740
34545
41602
35617
721
42283
56011
43343
33043
59841
42014
54445
47070
4051
2978
23639
65042
61497
8667
7755
41365
45992
23876
62371
40219
1256
39849
38488
49055
10134
30470
29435
52998
64927
59281
15488
47861
46530
23984
7415
44279
24387
42172
54852
9200
29558
1354
31964
16951
6556
14919
14620
26522
25325
51734
54823
51853
40269
53332
16173
34561
22853
5549
33497
5078
14421
23022
9138
34086
8704
49214
33859
58476
56793
53952
64059
45331
42152
5139
2689
12764
53769
48866
24719
16521
18752
44455
15728
61771
41221
9161
52909
41309
59625
6749
25818
11256
21392
25472
60493
11083
24005
1269
34148
27520
35741
40014
18653
29354
23698
1241
19399
7326
16853
39809
44644
8588
61055
44692
37125
7780
62176
37015
6461
28323
7230
63889
32851
46646
59399
15049
64318
6790
13740
43219
44897
28224
47745
18825
58519
16188
47293
61482
61084
28524
25657
48989
12053
52539
27065
42132
54007
9897
63509
31994
3018
12303
4886
4350
21975
41544
61745
28812
4182
21463
58009
24123
46857
51677
29365
1515
5696
21424
12622
6960
23831
11695
52353
36703
61787
65529
13024
19974
50223
62086
40601
7471
45216
7049
36463
64590
52670
11233
1196
64095
33457
2639
32656
60537
23586
20264
19810
58117
60446
4400
16735
49064
8441
23492
20821
63214
54540
27311
34396
29048
36427
27222
18371
475
58463
49482
54041
38180
41595
49758
351
56819
37788
42646
20192
7572
44320
54023
1676
22438
13105
7001
36209
29321
6499
30157
41847
26158
22125
2733
45973
36326
31277
18042
44579
38466
59021
24611
23657
26080
9361
42020
40054
18047
44643
50490
28480
44691
59200
7779
41732
1782
28469
17115
42910
4795
44181
2012
54229
20224
9343
44173
53235
14398
12584
39886
20200
33885
59240
28535
65165
41352
62598
53604
3352
33024
57428
36580
53983
39375
57298
39294
31673
55625
22647
33416
37456
54309
47800
51612
22727
63346
7380
40895
33255
25764
8769
1871
33864
61184
31331
42826
32290
21411
48518
18715
35987
42995
56742
59272
37911
3485
18708
49002
62797
32721
58542
49350
14584
61528
55280
3314
43731
28859
39336
26834
42795
39192
11077
26847
59863
17579
60287
11031
37931
17295
62343
9013
2147
1695
32550
63113
37294
37908
55534
31361
20074
45685
24913
44030
20293
44197
46472
54514
62891
38348
29867
4820
41990
28030
19034
13380
4026
6652
21050
59159
24711
19881
53405
54698
30052
45080
17353
42065
23874
42974
53693
45287
23380
44434
37791
36774
24154
8284
46968
43522
12903
9819
39351
27122
30561
38242
58564
45383
39012
54473
23728
62257
54722
54894
56074
9379
5717
63847
62499
57454
34918
14791
34540
28090
58065
10725
41402
42497
58216
63940
10894
55665
55430
42757
21981
22447
871
26177
20822
25290
59231
26713
39402
38202
6193
16978
7027
45156
31643
37078
34632
12487
2161
14216
33356
50719
62885
43665
60897
60910
851
43832
5448
16230
51371
29185
8250
59371
8515
36350
15865
9517
33525
38931
60542
21023
14078
45588
25788
49508
25064
5442
34699
21523
59444
15240
54190
44445
45934
52595
38363
13859
55991
49738
40918
18290
7268
52205
60595
59197
48034
23294
54479
34315
44447
39374
18894
14382
62299
3031
27053
45897
10186
4706
35655
37818
33364
17605
35268
27209
63831
51140
8824
63295
45399
13443
4157
30600
2307
28451
33549
1938
36939
52420
23704
17748
437
14570
54095
64436
55629
24869
58247
10911
37234
59568
29330
3935
4621
7187
33972
14653
21402
40554
18000
1391
38862
8811
18171
37841
2135
60198
18562
54816
28067
20124
10716
14667
33812
2962
58603
50019
44106
60770
1727
32116
18070
7228
64379
44813
58918
57455
60690
29080
42920
58532
59517
54416
2506
29841
57001
13437
51765
5907
45279
33067
24875
44281
62796
4736
36762
28536
57780
49398
35476
27669
36610
42240
4661
15859
47559
34590
59602
60091
57662
17209
18586
2787
50638
22128
39566
15938
31750
63180
63615
13585
22427
56756
17323
65384
27483
27835
62216
51669
42451
8361
40285
35989
62024
4343
60861
1186
14969
60370
65041
25674
39622
3280
65277
6440
59032
48908
57634
50453
65474
6180
60509
18816
58848
35375
50760
56018
34157
32320
43039
15081
46966
47774
993
3819
6926
31604
26409
46709
36635
59296
617
32942
45960
41220
64188
25203
8333
21016
7466
7378
8952
8328
18517
17382
42592
27277
11784
32867
55389
743
55563
21275
34804
43969
6605
23379
42921
18311
44839
3169
51398
17823
37204
58951
37460
3408
23742
54393
53883
31677
34681
47619
54785
10505
29169
37521
10768
41392
46210
34114
56141
21018
35999
5886
6136
16422
60670
24537
40326
14936
24570
50304
15088
60130
41927
4329
48435
49651
33473
40017
64326
47257
41742
38615
42016
11382
35160
40121
22548
58660
41610
50345
23453
59541
64808
16474
58113
13378
8882
62178
51543
6590
56259
58297
59966
15396
49217
4100
35493
31125
32736
34976
14984
20081
45704
11301
24929
38658
46507
8202
59167
25515
36136
11923
17956
37119
63500
64542
22975
881
53082
2331
6167
61368
51404
23744
13521
47268
11072
64558
13998
5630
55175
50402
41528
9734
3621
42971
11585
55373
2579
18696
15118
31705
44954
32030
4160
46260
59874
12825
60034
42373
58607
27616
26826
63840
12967
45886
17668
32668
27794
42479
58336
7633
65466
27580
30788
2551
10570
26311
10591
49133
8646
33764
8052
21680
26085
47843
45195
12481
55662
31369
5254
13954
61565
41172
9793
29535
61728
48721
45379
49472
30162
57257
8711
63325
10735
49964
41799
6974
29967
15530
28415
32438
50161
51314
63719
15562
27044
44461
42834
51179
46714
24626
3558
57980
43100
10189
41041
63159
52098
56410
57699
18814
25695
37978
10460
58312
48892
16079
42857
57929
39094
34669
8452
58895
14848
6157
50709
42951
50508
63783
38278
9164
55974
9822
22916
34210
31497
35478
32231
53441
2553
31524
60526
24047
41212
28663
24922
400
57825
30295
35939
20812
30377
42002
29622
30447
15043
24760
15140
40215
30098
12850
42015
6844
9916
29309
47610
92
17546
55200
10377
14565
50249
33327
62398
59203
22623
30378
34743
47615
7290
31327
55893
32882
57939
35928
22343
44614
8777
55432
3879
36226
53795
35665
15651
4851
32710
30005
63780
65202
58238
45978
47246
57368
31208
18603
10600
2539
44891
28405
32278
1050
62802
47883
42154
60996
58876
6988
28324
29130
42426
25008
29965
31694
54686
42663
16662
40929
17445
12003
49863
46910
11286
31970
32054
48976
10770
51316
33212
52984
43412
42134
15069
23273
29718
21831
13327
51890
9191
41444
59137
21256
58096
51375
11712
62498
54567
11081
8583
50149
58073
38537
7612
65196
46255
37833
54104
55101
35341
41744
43545
41290
17826
43050
44558
37281
6471
57594
31188
3623
19210
19354
29663
20938
16443
13918
6192
49935
2212
9202
12640
2086
25483
20702
53977
59
30431
19420
22185
48243
23815
8659
57086
51970
55164
53092
29059
59861
9058
26924
36049
32573
28900
26949
59305
3925
11370
30899
62922
20861
18923
52873
46142
20494
44452
9756
60552
317
38660
21434
52950
52140
3463
13855
2638
15528
8526
39933
28927
60566
55812
49872
11113
15054
29480
46366
52481
38058
8125
61627
27665
32218
49338
2091
30526
2302
17585
57079
64187
61115
65059
58855
29178
7706
59238
46351
39841
27468
61266
50057
64064
54877
63203
45318
26530
19088
40029
3354
20872
33294
12975
4520
27690
52893
48846
6431
43591
44901
61856
45307
56662
49526
20336
33684
63728
64265
49625
54767
35975
65130
32149
37065
13040
28032
14806
50278
10620
18541
19602
12651
3050
36289
30025
2269
31501
29977
61132
32173
34666
63589
9508
65266
5409
15513
35328
33361
23430
6633
21676
44433
30838
50545
56168
41531
60793
33055
45979
26464
40875
30518
16227
64760
36526
63364
29561
33869
1788
3784
59755
29044
45011
48948
21418
27338
19640
29274
1828
2564
10158
53016
49840
42197
28461
45456
26274
20185
4379
55185
23229
5829
33479
25557
50497
3800
34990
2797
56674
30848
55756
57600
33062
32255
4915
13739
6722
19080
53614
3901
20045
35632
29369
16354
15437
5118
37962
51725
24044
12309
40847
20032
61900
7544
26474
61057
28515
7859
37409
51927
29992
65533
36197
14641
63822
34107
30802
58640
33239
5850
63498
61737
55425
12432
43230
6872
40669
28931
59987
25597
30756
49004
62878
18104
27073
37755
9970
59322
60714
26047
51066
32072
39340
63232
7998
27416
14737
14096
7986
19693
61122
51409
23804
9679
35390
39233
17516
30658
11556
41724
37221
51253
63488
43474
24846
17266
26876
675
43938
880
61748
32696
29845
9959
17670
56001
43221
50823
23871
64622
62330
31714
43436
24610
38495
31200
52401
19363
48955
2926
55744
32197
30816
28790
35871
61261
4415
28341
50730
43615
6388
35048
23314
34221
41056
29324
16963
61717
61821
6551
35701
34599
50302
1173
6831
18589
4263
41753
4337
43065
62122
47912
29809
10411
9028
24675
27705
56306
45071
48205
24502
10157
1747
55102
17637
58017
46150
3217
31010
37386
20656
19936
59991
9956
50199
13973
45343
35064
61188
61180
26604
15973
59490
50431
15129
46610
27772
36100
25517
52686
17861
31981
43941
123
2876
16272
48744
56227
65336
26228
45598
3162
42752
9208
4378
45324
23406
18352
1799
60684
29137
63434
16851
62675
48936
48288
40455
38998
56966
45560
45181
33756
56422
48739
51811
56234
2097
55903
50053
60959
10449
48268
2817
39783
62538
27870
58030
57664
31886
25644
34139
21496
42405
58241
14197
59922
58754
64852
56245
14694
49389
5063
46372
58500
48211
13994
57721
48792
42210
44639
58796
23354
48586
64506
6733
58139
33403
11350
52411
23328
10902
28252
55472
21305
64541
52134
19562
30515
44883
45337
21472
64125
36490
44594
41971
50495
39681
39799
59681
35717
17948
59210
12979
13943
47089
48294
16849
63321
49861
15285
15312
43064
56342
12981
40076
44391
54059
54765
53128
29296
38295
5265
15797
10652
60066
802
46904
30909
63892
44026
22157
57483
56331
50769
58025
9922
2784
32702
12299
29414
34489
44286
62772
2765
62955
4599
8474
58263
7943
53474
34011
36480
32126
61379
54511
19704
60402
2716
29050
31749
16617
18412
914
17404
15519
48882
54810
2261
11291
34136
47969
8025
28574
46413
40144
43829
8746
48527
8927
58391
34236
54322
57609
42113
61697
55163
18449
49513
37986
20659
64877
17304
53646
28081
23614
54440
57853
36152
55428
57850
12939
16946
53592
38840
31730
43152
39862
47651
22987
23095
38975
898
29011
37021
62233
4423
37695
37264
30344
16880
49340
65453
44967
43868
32296
30770
40678
45927
35388
37089
37402
17530
28850
30020
45899
49857
20527
58979
34111
61384
22236
4258
7844
64876
62938
41124
61421
42955
56243
13157
14501
1374
57484
46368
935
60911
44719
28350
39555
59741
45544
53948
34582
30441
56380
28941
46555
57328
47913
41169
41197
47652
47223
34862
29184
15367
29983
36306
4648
36866
19056
35032
24269
38969
26211
58047
41267
27354
8302
36267
6291
3991
52742
45425
26256
17820
17814
27758
14252
13060
35454
54758
19946
33223
4824
8827
57946
26432
6839
42094
43197
24513
8103
35756
4218
25550
61792
51962
24637
870
32083
16984
10982
45914
7959
10006
42696
56987
26605
17421
5306
62232
15666
50624
56932
53072
6240
45794
22106
6713
39967
56060
20046
44515
30127
6339
45262
3848
275
6
34318
21186
46631
17612
8839
50309
9178
26793
34082
28571
24572
57185
8831
22877
33015
16903
24004
36700
24337
2202
12408
51322
17688
38861
63706
17576
29439
5643
35155
13576
21277
29913
17427
42076
52618
58925
5739
54238
54925
5780
28806
62765
43891
57038
45589
50045
47561
25495
14977
37128
7224
31486
34530
37939
50421
2919
24689
32513
31342
6238
42408
32048
640
59313
59786
402
24021
8056
59911
50594
40407
7232
63578
39362
27975
27275
5936
3825
34014
8911
31806
41427
13193
21052
62866
63667
5597
51876
27430
50749
23234
7128
27135
10183
22073
32185
29004
35593
39273
63621
26410
28584
18026
40533
20380
39719
17828
9529
18074
53999
46815
15471
58374
41324
33302
43819
34921
45428
15609
33186
49140
16950
61794
12942
37660
21325
3619
17362
27397
60508
41323
29922
44036
53843
52124
504
21137
14199
33914
4962
34250
19327
43741
57702
60920
44493
19568
23952
61657
14788
48676
46569
31417
7447
60087
2950
24182
4189
51489
42898
4457
39250
32028
4406
33509
13120
1437
34371
6234
30994
62334
44429
27900
40471
21429
47453
6979
37328
55677
20572
27753
44845
24118
20500
30187
56839
40689
54302
5785
38314
27622
45128
30253
62837
43204
62769
10828
12608
26373
8108
41079
65194
54476
45828
61729
47992
22884
63512
33704
31041
43672
38183
58203
37466
19522
36383
42748
42606
25502
35496
17386
13104
47549
51042
36987
6455
29389
45063
19360
61612
13511
63529
44081
31450
260
60777
34958
1395
798
24260
45556
49721
41498
52201
42087
29413
48453
27637
59109
4692
19076
46327
33697
63270
21559
49059
48117
1366
7604
339
40693
29273
64136
37464
5760
28677
18118
34728
3987
8167
6691
4966
20457
20943
58088
28189
61066
46804
30343
58566
45240
263
36846
1315
2058
30782
29197
40653
7583
24007
31028
2356
14715
26918
62157
39649
54402
55440
34604
10978
60030
3617
57542
21274
40416
20689
3151
12950
6949
23730
734
661
48922
15402
33072
11951
26093
58988
8349
42952
22580
4059
44464
32692
13177
23131
11346
38723
3419
24056
43335
61339
49825
16823
24648
26623
23794
54411
11758
22110
21250
32655
53874
10132
26189
8887
35326
22816
35255
18286
49984
47385
10845
1361
39066
50670
12630
19344
41377
37654
17561
18114
43562
29588
56418
14602
45111
63596
17319
47054
52619
27104
36486
30212
52266
15123
8189
19301
33470
64771
11134
36887
15238
10526
25078
44601
6940
19896
645
14079
51056
9739
32287
30036
15504
35339
17953
19924
53123
15271
20814
19732
8330
46580
7944
26277
48941
37115
55653
17846
3122
60935
55149
57316
22276
36974
60013
27453
40529
56997
15267
28715
5403
15203
56575
38727
50763
25544
19045
36286
62901
27700
59984
62699
15320
5557
19408
44013
60048
14236
62006
33376
33459
56470
56432
15283
33461
32076
17943
35763
56336
27177
42378
63504
20683
10674
37243
65356
19733
27681
47032
26360
64458
14682
27819
15276
48257
15354
12152
38486
31903
28759
357
63856
45356
56403
57385
267
62975
28985
22445
55270
45708
44460
9669
63961
6700
16976
17374
9036
41524
55573
14177
25068
27526
55512
13906
28307
11958
36830
52740
25427
51825
58023
15469
30299
31788
33855
60289
24647
63707
27537
64202
34282
12993
30692
29388
47098
14231
31389
43857
8599
55873
48272
22544
4216
38032
43849
8800
14856
56464
46653
12927
43624
48429
63493
399
55533
15132
37601
46164
55502
59458
10358
45515
16062
28818
37932
22613
56477
7286
37293
36739
20053
28799
55605
52708
54771
19081
28153
24188
25837
45891
27828
21719
22206
36843
11609
46707
19464
18832
36060
30713
33703
57978
27566
12420
55794
48764
21125
60094
53479
60833
34877
5346
59424
19673
4139
23309
1023
30609
35437
18367
47138
28718
9867
2589
49012
57235
634
26362
3927
18340
7345
29175
54299
60843
4408
22058
56211
22990
7492
3599
25352
3946
58173
18382
63366
18627
3067
58035
50585
32196
53353
4601
47798
62833
14407
40821
53953
42125
5399
5352
2192
61881
22281
24750
32641
38973
21632
51303
56761
5880
1492
15089
63881
47677
53534
45340
12033
4443
24612
24755
51932
42520
55089
56655
43795
13791
1852
14636
46914
50787
27408
5542
27839
56010
32663
34926
31275
43272
7166
5508
39840
10057
26780
54321
62497
9266
54270
29689
56445
19699
36986
2225
19325
28120
41292
47370
32468
64132
48555
1357
43596
60233
6595
47372
53511
19023
417
51093
24797
30833
61158
23714
15683
3592
28302
49572
47872
14277
33599
16027
23060
39384
53842
48742
51250
58608
53348
21304
41186
35265
15845
50830
9095
56198
28089
16386
10486
63561
11457
30368
57514
33686
27852
39959
60722
61232
7552
53782
48379
59545
56427
33398
38429
49696
35522
22361
1913
13886
25947
42195
1019
36245
28237
56005
12561
27845
61024
53454
5604
24994
23341
64816
53257
49673
56765
26872
44150
4530
40930
43421
62461
45792
51753
4169
57883
14205
48030
57236
55820
17189
7934
18481
38827
48219
64103
25570
55788
60779
53939
36733
54754
45270
4801
48746
30752
64619
24864
54026
45738
10472
13452
47547
26912
25282
47400
24431
23063
40980
60930
3418
7707
19276
10266
24467
20505
19613
16572
64071
3431
16600
61973
58602
6406
54801
47410
15144
1605
61371
57962
35075
18612
54343
58778
27170
53110
19623
44879
30524
47558
42222
24315
54879
19378
32762
24228
47746
21108
63612
13875
23272
56623
33865
8706
4880
33162
51595
18764
39299
9155
371
42999
34375
32519
41726
35634
47530
40316
22135
30493
28225
22044
4158
5920
7033
49535
64492
27391
49179
64401
62563
25813
18364
57327
43304
26853
53207
14993
18802
3843
29978
12020
27163
16671
2619
33149
3202
31211
12480
16714
35516
50152
35118
58385
28811
32012
45122
45510
13400
15531
8457
35203
13093
4646
2849
33700
11887
65515
1079
35477
54847
54451
62662
23733
36146
55021
55206
10165
33140
19125
40174
56381
43654
4572
18670
25901
10712
19598
3221
3225
45427
65357
32407
24971
30351
56594
26528
36664
58469
23004
48660
2195
58906
33989
61356
35668
48737
51638
40463
11761
11782
59732
35931
5647
10152
61844
30461
40348
1069
59930
40178
57320
56442
23623
41076
51651
19988
34062
33620
14297
9825
27997
10521
8823
33482
62957
43521
61461
32298
32056
8481
51549
10256
36364
53337
55514
22212
17822
4174
39833
3507
57987
26280
24530
16790
48811
23978
36567
2230
25596
24458
19915
25950
8283
12569
21709
25998
7322
61685
62338
34066
51502
9828
40321
10969
19968
36678
24097
36307
21999
56921
13580
49989
32971
19942
56905
32741
45029
10666
63998
54281
51539
31779
42589
53616
55442
1184
19719
16774
18695
48519
44116
44755
53280
19324
16329
24616
63569
37100
22502
37893
2587
31521
11733
51826
17293
30664
17494
26014
55352
22317
11679
54363
2204
18998
15999
62244
42485
39385
64892
3547
24224
26242
21042
42671
26928
44533
58632
36650
39630
47421
53834
53078
3019
52216
27091
54788
26957
7207
45182
37210
39529
38095
39382
57613
58378
36731
60435
28724
2355
64837
2252
3234
43686
7853
45972
58674
41843
42879
21787
9780
10971
47414
64962
56320
24006
65317
18332
9570
9395
3112
63627
45817
37512
19302
8219
18039
26614
16626
28281
34268
9868
27974
4032
29994
5153
23078
27931
53351
62298
20939
56635
16733
41596
57768
17813
63845
16279
54649
13399
1717
4044
26929
6694
15157
24283
40179
49428
25265
63671
39269
61321
27619
6678
60890
56648
47567
55717
9668
42306
38398
19250
36675
46476
25106
39585
5094
41900
15629
11891
53187
12211
32807
9591
10280
36681
58520
16964
2550
29023
36186
24450
64079
54362
48053
48628
21093
62212
42203
55254
4672
29285
24435
39380
3464
48139
33372
22641
59809
16141
28936
49446
7015
40209
49149
1425
47573
15165
40005
65379
1327
4841
55934
3100
44983
44557
60738
52106
8732
1522
65465
45309
5046
54149
12340
40658
64713
6128
9315
37135
57513
23286
21030
56028
53172
24422
47451
25091
58272
18963
57684
26334
62908
27533
54736
44017
14169
58229
54721
54135
85
9746
31309
25654
60683
27405
49937
58955
19299
52487
19385
29437
39496
23805
43643
42534
9767
33600
4362
12043
688
31374
25499
60448
35829
20835
10622
35370
48508
60737
1314
60544
51849
46539
3281
45655
52877
62733
5523
9909
35227
37757
48619
62995
32760
4178
31406
47425
39377
20131
59446
58621
20230
1736
41503
41583
20594
24877
55571
3707
57989
32690
36724
49523
30286
33798
43537
5896
37192
48806
29849
39060
47149
18361
16559
10821
65198
56115
31950
33158
18141
61700
65105
14173
26846
37229
12905
52180
48075
20321
62255
10307
6728
9704
39345
47941
62795
41826
32007
60014
16591
6086
58679
25879
6788
61372
35694
22712
21217
31662
26418
39607
64351
36657
33307
46590
16524
28051
10952
13098
35331
22672
27539
10755
2439
63286
63907
60950
58756
1411
7621
27133
43171
45954
8053
10881
12826
40507
32810
64174
7739
14408
44179
53636
23911
3160
51095
31219
31051
31513
53134
39713
48935
60450
33146
34588
4137
9391
14795
42402
8088
40109
61861
21094
41372
64561
27482
1567
47578
39176
11673
50328
34174
58837
4036
27000
60249
2370
6194
64895
45710
47804
65108
52997
65187
63815
30650
3315
60219
51214
18073
56963
53964
48432
31042
19843
60674
22865
48017
60514
23151
51883
40768
32496
33900
6614
21648
34196
22973
21843
5285
32688
1711
13280
28316
2583
36787
61485
36850
27578
60858
41193
4843
58377
34658
45530
26493
30198
42085
36710
28430
58681
45781
40467
36269
36361
56385
23114
40246
55244
16190
2974
611
22698
59534
3810
22885
55409
56931
59804
51786
21811
13297
62870
34094
37863
58907
24748
49637
32452
49054
39162
35004
43561
18343
36391
9093
19318
59596
65002
17568
4593
60764
51139
4055
51573
36598
48844
26490
63649
27554
52695
13325
36721
13864
32044
5982
12558
39078
64171
36837
50275
9317
56731
13061
55323
42128
20856
335
35179
25056
54226
24128
41885
47476
4725
41588
64567
22533
35259
58006
63518
10324
58026
53826
59661
53094
55504
29040
56812
5702
11878
7291
33128
40852
4294
1292
54024
8075
1551
61177
45118
31483
27894
24985
6469
5010
1826
45657
61302
32640
18099
41910
38503
18243
48364
28117
14295
24152
57800
8482
48520
46069
31253
10786
26657
43291
40937
29587
42155
62152
8291
38435
60431
3105
49515
49420
47272
13305
48308
19130
61038
23673
6511
23637
49940
39563
17886
33305
7089
28487
27621
42450
36177
54819
44322
2614
23561
56502
12843
22800
60786
37562
21092
9932
19889
14426
47893
4923
40449
59107
56358
6759
58781
9891
60477
43806
24106
14872
53408
5898
46640
64513
23974
59422
45015
43170
57018
31821
48544
12679
31647
25745
48975
5889
25685
63766
30884
17025
7059
20055
29510
41133
52342
10002
121
43036
30551
23988
4623
41625
35839
54049
31975
9986
28321
1696
43578
4914
14763
28553
13395
25988
64448
10440
26589
44511
10559
53746
32534
8621
40203
45385
65437
57494
30231
53355
57872
61330
20207
48916
28486
31507
42936
29084
12526
39513
57104
12607
41095
45223
37364
53129
41062
42117
56073
64642
57654
48370
2251
52706
1712
15867
34714
37553
64065
5083
63054
29974
8002
61272
31133
61463
53487
61872
46402
20478
41730
28642
49683
43674
39898
1780
13374
14884
60005
48950
47511
20862
38225
12593
45580
55193
44059
18567
5284
8344
42004
10896
7085
60707
25336
21285
53805
36712
1675
8495
23282
21714
38566
9686
37190
37879
49619
44848
40177
53352
51279
2208
28732
42562
1726
21188
54412
49105
63771
39874
9375
24508
59772
37712
43898
17086
11672
1247
46037
5424
19806
43243
51664
31961
8354
55397
43113
39972
37193
8327
31537
7945
60609
12841
63441
52064
69
29205
49231
7720
12775
37760
1984
40197
8445
32527
7221
12357
36645
39831
13503
5699
65182
47124
24002
33688
1708
902
9772
29998
8576
44712
30976
29083
40984
35150
11566
2943
34097
50993
50459
8750
60454
27021
40597
59920
50986
42700
13847
53794
2105
29482
10887
40810
56818
15200
37825
33175
27037
35468
26787
1199
64156
56271
4570
24518
36466
20769
10194
23107
38476
38688
22478
4610
19397
37258
6003
24633
41664
40839
15205
52861
61010
47597
17075
12196
47656
57194
61092
44610
51739
42890
41123
33807
21237
56439
6928
53846
35978
29712
60447
15454
32801
8958
4115
31378
19366
38524
35772
30881
2778
28984
49223
11010
53238
217
62939
33483
16288
4927
23155
45033
18263
51320
42261
29801
31575
47474
31299
35881
14294
64455
33462
33468
5573
376
8540
11325
63775
57205
44453
9113
62450
19196
21997
9284
34261
41673
44777
8600
18329
19067
7668
17196
34945
13852
14720
11543
18183
8373
18327
37087
15206
14087
21595
22165
22789
36119
57009
19296
10249
30647
36045
40567
33546
15212
63050
36389
13588
65347
14874
11530
16966
4192
51233
9124
38669
33145
42772
27576
37768
32202
33111
30080
14237
10773
34509
11281
9354
54857
6059
54951
47276
44563
30115
51802
31332
52851
8741
55849
58090
33801
30672
24062
49019
17734
45521
65225
7843
34908
39817
41788
276
37491
18043
23168
22610
54956
22090
32929
58609
35217
59243
15567
7372
16907
43369
63954
13993
2152
40490
22690
3873
44736
65510
21422
39146
28215
59837
21833
32152
12241
62465
23845
32322
27553
52350
4264
16253
44568
7308
39708
11765
30591
13786
19240
19730
11173
41313
28169
34706
2364
33520
48752
15130
2112
60620
64555
50448
18061
13880
10122
35959
3399
45525
38271
1180
21793
44348
14968
28983
31409
13165
45564
40443
33601
20346
38736
3474
15743
56985
8433
58846
14651
20884
23887
32051
159
33107
41460
57475
35810
57585
12006
54480
44039
58032
42889
13028
1496
59616
37239
5042
30124
18522
47389
22230
22663
11542
48256
11540
31928
37289
42965
31736
9017
25952
35714
35851
34515
63129
49965
39141
15806
21830
45884
52656
53070
24500
33699
49769
54220
3883
14278
44795
26582
27066
55302
20350
46866
36699
32575
43950
36816
59331
36499
17735
2746
59251
60504
52280
46373
7035
2499
50980
11763
44716
58884
61133
48580
27550
6463
30406
1538
13264
53792
59362
19624
15093
33723
45049
26857
48392
28047
8826
35828
50449
1379
44115
26729
219
21289
44045
62331
36366
37283
26023
46687
2157
56209
54172
14819
4335
43570
16166
7581
26416
61398
35757
23731
29488
49947
52521
46446
10958
4149
20980
24
59475
25724
10112
55003
49726
44977
49812
1303
42145
61137
17496
32613
53259
7002
16340
34577
28130
41713
60423
31081
60618
46625
34853
16123
29271
23710
13282
47492
4376
25158
15077
36229
28066
40816
33524
58230
57555
17408
34495
22499
56722
32281
33553
39315
14893
36524
43748
48338
16723
10705
49132
43031
60371
32716
57057
54740
61879
61472
43577
58380
8321
9923
22369
1998
8577
16869
4038
4939
12984
25193
40445
23461
41645
41644
54279
12428
10860
13226
29679
44122
30097
18788
13528
49476
55382
21156
51634
60597
36690
28854
62287
43045
2747
4625
13015
44418
55521
62972
58379
28777
11834
45798
24371
59783
25401
47817
40698
56044
34399
32041
53005
23890
28774
5716
8090
32137
50143
48051
62659
18004
39927
58625
61990
57719
46311
45371
61824
27051
3470
52947
55997
7684
46244
50558
62583
53600
28332
42353
2255
30100
49626
43119
57121
44969
28548
3237
52919
17401
5539
12941
15996
52402
47785
25967
17371
28664
6802
29472
7088
41112
59742
24977
45205
35789
7827
8984
49826
9752
12184
65175
25306
41107
22692
23321
26000
40277
23279
33877
26248
62539
37461
4578
61071
18891
24474
65291
60658
17853
8336
23376
9450
49255
11580
36251
11778
29942
17539
7921
10226
57318
58466
55446
5095
58859
45700
10094
14928
19983
40280
58437
30937
14898
16817
28260
27402
2769
14688
34270
40283
31553
7264
54860
39650
17819
64494
8772
12292
8102
12254
57681
30064
19037
9483
2169
22366
11507
15152
10443
778
24520
38186
60594
54280
38626
40259
18498
23734
40468
63853
61123
14916
39986
54913
59192
2040
15972
6803
62314
17461
7057
4506
30468
48890
12689
17440
31846
31428
9844
11880
36449
18098
43419
22482
3205
16988
3363
5268
28742
49545
3301
52448
39125
30399
42429
58630
32131
27147
15871
59478
45389
20277
11865
13055
51171
39741
47627
39090
62390
60982
38570
6523
27282
9696
37907
48650
46637
54623
2338
25908
39882
1506
36395
5507
27862
42880
31496
53606
47236
34312
41115
1983
42398
45215
35529
7828
45692
3266
53203
33563
12719
46276
41108
46024
4272
38519
35570
52498
3721
16448
3146
65407
10796
63155
26505
12781
60092
61858
2162
53824
54897
52042
17615
62637
59954
17540
56056
32965
53738
15408
4953
77
51254
60507
64175
62762
9810
14141
45652
34572
58438
37809
13602
24995
27339
37329
62556
27155
513
17871
301
64454
3334
60534
64244
28392
6582
12606
29752
15364
19731
50655
28541
29659
47584
42960
54325
34153
51394
47589
44463
50984
6623
44534
64051
65362
50722
56144
22995
561
14612
9585
29417
19424
48504
63588
12293
7975
58826
64393
19387
59097
62919
9674
9123
7868
59553
38580
32694
50002
34686
55370
17773
31665
47897
34836
28035
23118
26103
16814
48706
55936
56118
56775
30585
12951
39931
34794
65150
13008
2428
753
39274
21019
6955
60071
50321
14996
34716
45823
53896
8912
47607
9852
39802
35735
831
32437
49207
12666
35504
35549
29931
60871
33466
35562
42067
52825
19161
40884
7588
34060
15774
24135
15439
11800
38388
10585
6820
37701
53757
51017
28533
15505
59808
24145
62312
4069
54811
17280
22124
11716
41795
21527
51852
12973
15457
53246
17693
1080
38048
19561
17763
12658
52153
2276
60217
37172
33037
20447
33399
63238
5004
61262
27456
21695
59268
49985
18881
46873
58793
24967
46123
51403
49922
14411
8424
20889
11529
23999
32543
56344
35418
30034
8254
34575
50674
11960
25593
29877
35281
25383
10609
27561
36559
24704
53032
58273
45119
54798
24983
55908
34019
63660
41491
19457
54068
63670
9067
53601
56580
44642
54111
50914
1040
29147
5449
55062
32639
41592
37208
43847
51898
25017
32706
17984
31861
28944
56551
46222
15322
31567
42717
6105
59944
4698
31545
54392
25124
26735
28620
27079
15685
18843
13208
34184
60661
26770
8678
64646
58259
11136
11687
28882
28825
58347
56652
39434
50818
51213
8107
1837
13112
44655
38230
47093
52690
39702
13301
54472
29199
3671
10359
6709
28029
22729
59615
35419
26484
35850
11307
23634
15756
38929
53418
38595
47483
51790
39478
3228
19075
7094
13210
30093
40510
8888
16265
27631
37561
37528
6916
43566
64342
64066
21869
22451
43400
32827
37552
5422
14972
41736
14424
47055
63914
10025
31456
2591
17876
15601
60102
13819
51128
26615
63292
27842
1999
27855
44501
54107
22997
24316
25413
52981
11818
15621
2516
4613
37053
5615
52345
7041
65033
16726
9594
40535
26368
5873
5443
50076
6504
27502
23230
49913
29383
43645
24598
19456
43738
2340
61293
8429
47261
56986
56913
11058
64991
64077
12442
2670
30442
60035
57832
514
28881
39095
9069
22604
55202
329
1689
14922
55433
64909
31333
17043
34470
39796
15872
21301
9943
21015
28875
60852
58556
3747
23810
11330
6948
63208
61603
41349
39395
7592
20038
8419
25582
11445
30548
12692
37564
56030
61981
14016
12757
64818
55214
52404
17564
763
61366
42194
11691
40284
57045
45508
64676
48315
23058
10783
50452
54501
32280
21998
33410
53875
61899
24475
21694
29319
42986
38935
10363
43026
54561
22270
23291
14461
44857
7404
36024
44975
8491
24523
21269
40357
4090
21366
29826
34264
40987
17757
13214
60815
64566
65324
5775
57522
8049
14059
7547
53569
20000
51930
38200
2819
53398
19446
19084
3871
22180
2753
41494
5703
54251
23142
15290
49866
41966
41972
48084
35202
52127
46096
43271
15321
60657
52337
24295
32933
56994
22582
5537
45631
22240
12756
9314
47402
21145
63194
46332
15045
36274
36073
27182
19148
19724
29410
36997
64536
52385
51127
36114
33093
41044
29761
56222
18570
34430
19658
14010
46324
22278
33750
59349
2317
56822
13362
52331
957
23897
39214
63478
30607
9158
20775
20777
5270
14327
18937
12552
11705
569
42690
25586
19215
40274
6821
26314
27644
26611
53364
12678
531
55388
40154
26054
23884
33189
65228
11263
13006
43056
1472
11666
56603
41021
52147
37597
51775
26386
21616
1251
19928
38744
26525
53969
49245
43885
19411
28217
26983
53340
10231
19139
27792
17551
27109
53884
39859
43871
21730
23311
35595
4948
751
2341
3944
26018
24619
28196
53048
9238
62557
34677
21669
11109
65422
53928
11422
17631
14217
51431
46589
13490
62767
62242
18942
13888
47397
62674
6226
6486
49433
28510
11101
39838
8177
38755
56180
55793
53437
27803
35539
7276
40083
56637
2397
966
50609
19723
62753
37010
32461
39700
56504
63496
49488
31312
35517
15017
44766
3117
45990
14572
31783
13657
5379
35274
15476
1010
31078
19229
59429
16727
50855
18746
13996
60153
23528
13760
62682
22068
34498
32226
56782
3835
56490
53894
32674
36551
44448
47787
36844
22022
10889
5014
44623
48754
49616
47598
55277
58002
18107
27243
56089
45113
40492
8880
9947
64179
27022
21119
55864
29096
50639
28446
15489
45227
4057
27501
56430
36228
59077
41942
12811
32829
21264
45444
21079
8319
37698
30382
12821
23991
9448
26995
28156
45719
10999
22310
8793
4054
15219
49011
8206
53841
10049
19284
21584
5164
12261
55283
54855
34020
38484
23674
21566
63965
405
11554
20813
46876
50463
10425
42560
9402
29695
63073
60706
554
34616
37390
16805
28723
9371
41643
35377
41085
64765
4114
2494
50667
64114
42291
21952
63218
28371
60501
13606
3376
37043
39227
64972
22097
40993
46198
15380
64101
18763
45067
25706
59889
45739
35749
3651
20189
65109
20090
35237
1285
32427
4714
13260
60965
58260
25686
36614
13708
62430
134
9160
50486
58409
24124
14573
13229
54119
58279
47045
35807
50093
26063
40695
22402
43529
44185
41505
61766
30824
56507
63550
49754
22344
5661
25293
23603
27799
30627
24192
3560
41873
35564
61036
50759
39678
51446
30397
38197
29220
50626
62728
22226
11669
1102
9513
52607
52831
53771
64466
62213
14296
50151
45294
65435
48767
31716
30516
35643
36789
10269
52631
1393
29630
49079
59407
22299
9883
10868
28497
29104
30154
31490
87
4622
64940
23433
35678
51953
16485
29117
3637
9981
29366
57287
13629
48332
61873
9838
51888
34193
24702
11658
22297
48210
25048
42945
21581
29021
4539
47945
23403
11435
45347
55723
40976
2744
17473
58664
12994
2396
51019
52276
57007
7153
39093
19760
51720
49112
35857
30145
55346
31204
45602
40392
37662
29702
52068
19423
23231
47365
62873
11320
23720
9983
45198
8477
30798
43948
52387
12369
65172
32874
38512
62998
53513
2440
20996
61654
13249
36143
39865
32521
36654
9331
25535
56304
8251
7325
52191
28970
10234
52536
31358
12956
12353
58957
37940
46498
34023
55770
19873
18740
52311
59947
54005
51149
35627
10707
34359
64799
33597
43782
9087
17059
45464
64207
15188
61823
63005
62715
1232
22131
6279
32771
15021
49293
55777
52238
35622
54590
30721
8768
14742
11098
63879
33763
52444
51815
18256
57890
34036
3596
45721
57900
9728
39653
19497
27709
31259
50521
3161
5932
30666
8264
16417
56657
12987
7510
42232
23073
382
18105
62403
22237
3868
28149
873
31426
34043
5375
814
35067
31813
44710
826
22584
48225
36669
16467
60308
57283
7527
19000
33247
56503
21752
896
60945
32616
4193
1848
22296
40715
47139
37979
58465
41879
44409
25240
16643
43155
41302
12345
57632
44847
1979
41326
57435
22141
22555
62999
3548
30567
51670
31383
24478
64731
55593
15167
26183
10859
8389
44323
56136
42487
57241
9914
8644
5797
44833
616
54663
13255
7568
65176
33350
3380
31600
40705
14817
13889
53888
12816
62288
24351
4562
46432
47899
36101
59275
22900
13681
48667
31150
18459
15574
26297
37048
59208
43095
4556
54644
54335
52099
4311
53438
38529
18312
33574
12294
36416
30641
43593
11306
8966
47495
64853
47297
56058
32675
3930
13995
60114
38522
22953
46956
24596
59899
48204
62357
54380
48789
30603
32365
12213
16832
55885
50430
39381
12224
37105
4487
10744
34662
31519
59744
63966
63705
11847
6014
2734
54834
22763
34768
30864
49266
13597
20295
12836
24690
28409
63723
11501
20538
44529
30930
29302
56903
3907
11143
50941
25972
13858
31260
24740
23929
4476
35002
19816
53057
9994
14692
32345
50476
55406
10237
54301
18248
5349
25516
42389
44562
58222
63962
5190
10054
4332
29548
60281
53572
47244
26433
17436
35000
58887
47283
56728
17939
31100
19069
8761
59503
47950
29606
12491
7277
27419
31597
17531
23996
50226
62040
8440
22171
25524
16326
10947
6444
33689
13183
9498
13856
34671
30068
55435
7803
48804
7000
48465
14019
11503
51121
26515
24567
40167
50582
39350
5663
48266
15247
37736
57864
45976
26632
46219
17681
52939
29179
15663
27454
37303
9965
10063
6600
61238
35094
45230
22130
58507
98
35290
65260
10841
9758
10465
620
31226
19412
13184
42545
19952
50685
14531
29947
60376
49462
62857
52247
44945
2798
18357
21985
18733
11316
4949
13037
44608
3737
26838
23324
17606
56984
57921
32817
2917
18989
33552
27866
13308
65526
25843
48819
37279
62718
46716
45057
50050
23128
12860
63317
48004
39635
9018
14679
63331
52520
62234
1339
23719
22720
52352
43420
869
54699
41090
12008
46547
21800
7901
43390
36347
53949
3798
59881
4322
11783
16837
20470
596
61342
47608
2922
35135
19809
43631
36513
52583
21147
28241
15701
49032
17682
33206
32347
46858
23579
61094
47704
30121
65085
56642
60740
35755
59689
15902
8940
168
39307
59879
27041
44790
48223
41153
13643
49337
5121
47455
37944
14228
33571
48938
9116
46780
57223
65424
321
44074
63562
18513
12822
41100
33778
47781
25503
16209
37869
2171
56328
6386
40131
12384
20051
46675
8920
40415
52374
23554
16368
8520
63139
28997
2362
33906
10229
17623
60708
58936
15325
35604
16870
3838
7993
26383
56184
13556
14238
62843
5985
44360
13799
28320
22863
19520
29176
33371
46352
12513
38239
4967
24209
39240
39075
31530
2028
12602
44662
12566
34397
42106
210
33318
35697
46863
44697
60155
65154
29836
5827
23507
50715
29565
63648
13278
48888
33698
35775
37180
944
51335
22161
38012
13117
44406
46015
58624
1113
11103
17665
33362
18307
15295
15368
13738
60685
29631
4262
54646
25709
6659
51632
7188
28576
16150
31732
5526
39454
10953
7195
28195
22889
63682
58134
25382
4849
14526
61812
10045
35073
46421
64380
60162
12005
50549
10512
10567
16419
64420
12017
12620
45470
3092
44374
14826
4197
45016
31173
471
20842
51804
12938
63150
48295
20592
40425
32701
45206
8288
8579
40423
3767
8253
48982
39688
39905
35558
38247
11848
2928
36783
46962
2311
31043
3858
14480
26482
52008
32635
16184
49581
31827
2544
27775
506
11902
19890
6984
16387
44132
3626
32067
15176
11583
27370
39947
37646
2083
40780
51693
47020
4752
63901
27128
63433
28680
24823
25852
14822
51943
18001
27696
7947
12944
24683
24710
41936
15656
63225
30428
14852
29245
715
14908
3568
42862
46284
31759
33046
7009
8648
8086
20040
4737
17649
7341
61258
34721
64117
15548
52227
28126
53548
12728
16745
14738
4418
5644
30872
26775
29036
22667
34083
4191
52755
50134
15243
7237
51288
212
6732
11797
15557
452
7495
5363
20502
54006
8421
3355
23369
12614
39968
32264
49505
26480
39711
55984
63259
38701
10181
19077
64321
46199
41126
8377
53431
39169
29282
44930
32305
12367
58150
31059
52456
21913
65149
9494
14348
20228
4499
55374
63147
4968
44498
13972
39924
366
7473
14543
29599
14980
51695
38625
22753
39916
2538
14386
22370
63713
18060
15337
22425
16176
9263
16275
424
18058
8021
26675
26535
54949
62780
41356
54643
4176
46757
52720
35415
30987
39172
5594
19563
56848
57162
40307
45487
22978
4742
54727
55464
45455
31628
6841
57907
14781
5676
55650
24731
20499
51773
57541
42019
7332
44781
42582
10547
6255
22687
39328
29224
6596
5273
29910
19934
17526
37052
45378
31109
23629
2163
22856
23955
46689
19314
12379
23741
51327
34620
12034
49088
33842
50434
44241
33694
8165
19894
51601
43061
37692
23861
31971
50706
7258
15429
48145
587
31563
3367
19094
23967
59386
7474
37356
8325
29495
53150
56855
1639
40476
46756
10890
50079
15230
22831
21477
32146
33022
25226
11663
23671
59980
15769
59589
40350
2194
51975
17069
10263
5596
61125
54069
47779
51433
43149
7481
8229
9553
20481
41854
14008
13867
29304
57724
58461
38729
30541
36166
52465
8594
34791
48939
50303
26715
1032
45951
28339
36130
45304
42388
60751
33378
3158
32877
9681
6685
13697
33290
24781
55994
26898
1635
31382
31839
19559
39615
22807
31068
27160
18164
61993
42751
61370
1223
3414
25933
311
64564
32518
43691
35530
45330
31466
6973
42917
61708
41472
12387
20003
19947
15302
41139
27527
57970
33938
55925
7309
45833
33314
6156
37643
9574
36398
19709
45964
38039
23650
31205
7263
36201
33209
24489
17283
22503
14611
15023
9111
42947
30704
8802
21254
65278
30164
19239
32642
33002
38195
28994
31013
51483
59933
23669
52713
39137
64577
11987
8820
40486
48509
42440
48575
1556
62195
51611
17437
9579
45076
36760
61072
60124
53106
20806
20685
9590
49853
21291
39335
32661
52767
47799
29818
20143
29442
18020
64407
46292
42716
55355
9204
43886
13000
16332
40755
50970
19821
20319
16542
10829
36954
32682
46710
2933
58629
43607
8947
21935
62038
60992
31397
20802
64212
36338
42848
61260
46977
59437
43920
5745
17560
57880
31433
6546
34418
65032
14766
14484
18569
9901
59649
64391
42060
48512
36173
