64039
647
47727
32599
56177
60207
36187
4199
44154
30335
48554
38439
4353
17783
3910
3654
29217
15683
7541
53375
22644
59963
35664
16762
1342
17786
15684
16749
45515
37638
21467
43137
135
40253
5971
51024
51763
48498
9741
12619
51768
57217
11129
25252
47873
46158
44178
51548
911
28810
53616
61931
54361
36134
56874
54796
6928
43297
59674
36141
16473
55030
5001
3042
56323
40600
60969
47312
37
60716
56562
3765
43701
13139
19518
20429
42873
26294
24180
22215
54292
53394
26424
34652
63151
36296
32964
35704
15828
27809
38610
55865
27342
35212
52924
62982
15031
51952
60686
30899
62384
18182
39816
45196
37859
49107
16608
59946
50267
23014
46784
43976
48210
14194
58551
14300
64646
46288
17003
12685
63223
59929
55683
26476
35643
24496
63557
56706
21361
24943
36425
19832
17266
59792
10320
38538
19402
2706
43391
22045
25493
58607
9022
7797
32885
50246
23971
853
33401
32135
30324
16665
39923
13125
47239
41250
37741
59303
26863
64914
41047
9786
16535
35390
62447
42561
51568
8053
57843
16700
25742
28748
38887
35547
57612
9992
12791
56775
57891
43643
45140
11228
39655
30384
41546
18345
37229
65457
4367
60241
39898
1429
41090
7703
53222
2955
10290
56187
25871
50413
38742
44732
37634
47696
35055
60740
34962
62807
57376
30647
57184
49229
1780
64218
44462
47433
46709
23936
60269
34060
46749
60728
16938
65156
46469
50289
56129
17142
30847
14814
34950
25434
28173
29370
36841
10995
15115
12741
2300
44970
32206
57346
55814
51700
47188
19440
5144
16652
47288
53096
25093
57178
1663
4729
14959
19450
46907
61775
64531
11094
19212
11294
37467
24618
56025
4312
19655
23615
23681
6200
3056
1260
59497
43368
38625
55088
52558
27472
50488
53639
63068
35847
2770
57049
24383
63379
56937
54752
17927
38991
64613
47460
3772
15809
1641
7346
9563
17614
51194
14415
3469
4684
5272
10734
58433
39702
27575
21756
14458
523
17712
174
49949
29808
16870
37371
55476
8472
21064
30370
3906
18426
9375
28578
48098
12111
24066
45165
20866
59517
39901
55815
10270
47314
39580
22107
58100
48970
27704
4193
8300
22786
5009
15033
24176
35215
37894
14815
49126
15394
33700
22568
23032
383
29637
43894
20874
48275
31158
62877
43980
13637
61394
62782
41343
43546
45958
34459
50600
24817
23369
50596
19555
21368
53002
17392
12702
63340
1861
9518
46855
35885
28606
45749
22230
12805
36093
58207
46815
59606
62536
42204
64848
28139
15310
17191
31345
56522
21998
46781
56402
15532
10069
31094
3172
2679
37152
18301
22799
1648
64455
3474
26087
34915
53504
1977
32238
34302
41657
6843
37588
25822
57457
40793
31109
46004
24025
29414
63473
60523
64414
60304
46857
14957
24202
53023
48272
22237
31007
26896
5069
26134
36337
27484
53020
24857
33831
22143
18591
42711
10118
35616
47455
13265
16103
35700
28130
29205
20706
65471
23856
39405
6212
19569
8868
55100
56356
48913
45073
47002
46234
59185
15581
34260
52603
10561
42903
30576
12595
57093
33149
9968
54027
62987
41420
38923
38236
30582
29826
36041
51157
13827
4811
55021
9457
8021
15154
46830
32324
32653
23591
26411
58040
64118
470
15099
22399
11805
33582
22257
3362
44483
21019
7485
46065
16219
36161
5861
34599
42549
60353
3022
32975
36648
22709
58087
18572
31866
61342
41091
8403
36851
34486
26130
60577
2459
36328
28448
5627
6362
53497
58533
41642
59116
23240
40460
45647
25932
63026
3358
51078
12460
6606
33835
38623
29298
28953
59671
11616
32916
26860
9255
20835
30007
60204
15027
36460
60525
46972
11092
47154
59355
23667
45404
57442
9125
18687
48649
43730
48477
55869
25498
62738
65337
61890
19347
55290
22731
18961
8640
21853
16282
23906
35124
14209
51826
40336
65475
33375
35963
48120
52443
42253
39267
9336
41036
22971
20373
46894
48626
34411
2711
4294
21906
44269
17476
53724
22332
7528
34778
58721
45367
33992
23467
38652
26122
26987
8076
39257
48074
6272
37412
23899
38590
12761
21270
8350
30691
22338
21830
54932
42854
30505
40988
20027
43190
39982
21060
49428
7517
8737
3188
53401
21945
32034
20561
8775
30353
52225
45546
2001
57939
16512
20711
56812
56484
15799
11221
50769
45945
57618
33268
45800
51587
40719
60714
51934
28135
7249
24542
36565
49641
40384
33302
43400
44878
57265
18644
50348
8137
41950
2016
5550
12551
63001
32381
15338
33498
45696
34975
55831
41577
28752
1456
24556
23215
10432
46441
47219
49833
4654
60719
48668
57126
43504
21609
65530
45878
48390
30538
10017
42148
51708
22282
30006
59640
61998
33683
14313
18449
54741
46260
13048
32359
52082
14835
38942
53666
52462
51682
32627
31121
3448
7822
54413
16142
51757
54420
25681
49245
18637
25443
5952
15646
36736
40900
22454
38066
60583
43357
26900
28460
34366
16145
16279
33986
2755
54602
10761
19302
44709
4479
8936
16862
823
43177
44158
30435
20390
19297
798
52465
54297
7609
11842
36978
40027
5684
51506
27691
65007
1125
56186
6687
21534
10352
2103
8287
5116
2374
50468
55407
53313
13255
4804
55071
45584
39766
46304
62199
20729
39160
65308
12739
36544
2420
55120
7457
56141
45217
60924
32260
23219
28914
61663
41527
58384
8451
58999
23555
6413
12220
65297
9385
36167
5749
30928
30265
39931
12125
48068
24075
12845
34318
14012
53429
41300
63004
52376
39083
18690
49695
48016
34610
62257
30492
7906
54011
1033
59873
5903
35252
52188
56551
34313
64470
18513
33119
16752
60677
57995
56872
38764
21066
52528
62945
21069
42742
7938
26732
58008
7040
31710
57379
59898
37700
31652
38653
61371
20996
37189
37857
32532
26149
7079
20619
5516
52928
17856
38885
10191
38868
59371
308
5379
6378
26363
33800
9037
49082
62479
57906
20335
4360
18065
4433
39774
9632
47544
59051
63198
62350
16300
64016
22993
22267
9275
60901
31287
50121
6015
63604
1996
49377
63193
23784
10295
61808
173
23287
21976
8584
29587
57141
52989
36340
12607
50395
16634
18787
46779
31150
7451
16624
45694
39943
50745
14912
48472
18788
51728
3382
58242
10812
6261
5802
4268
17819
46978
11511
51010
59002
19733
59578
63329
1390
29721
49110
1293
19810
27291
3722
43306
58550
48144
31786
39850
7682
21423
41421
36661
48197
57687
4566
2651
30246
12385
56860
49088
65010
12499
46678
57490
14005
58649
50732
4250
36347
50673
12386
4203
30700
17284
1259
41293
20173
56754
18480
38976
56195
45505
17788
12395
17688
3426
37022
37434
49224
54290
26584
1174
55190
1457
41929
36673
63723
34201
42815
19934
10113
49364
3848
15841
15331
16324
3102
26740
6134
25470
22728
2691
6314
36960
51283
59949
42616
23508
47649
47996
25225
51393
17639
1239
42417
37898
16691
53195
3356
26953
64311
31537
580
28713
26784
16693
15024
31329
2320
50093
48562
19490
19046
40979
34307
28057
2466
59459
41617
42603
3903
381
60919
40921
28137
52671
61461
23040
7278
62520
20451
57827
33362
36598
57832
51680
44976
52592
51656
33520
38751
15643
16666
36829
17102
63143
50213
24057
49965
18805
33227
18271
59902
55082
25074
9482
19899
37016
20762
48817
63118
9529
37477
46659
40179
28017
29662
42759
40478
2531
25918
60781
55443
41402
12852
23382
46794
60850
35289
64219
4121
8294
30228
64233
1993
13055
19622
59882
33115
44059
14362
56040
52599
9006
37702
11089
35899
15448
54432
13258
54713
23117
48409
18285
20537
39675
8968
20043
39941
17084
55218
33169
21106
61387
41798
48286
20124
24391
24969
62203
8893
9675
40241
56483
55112
39647
60198
2129
21568
64054
56344
57617
37560
51662
52745
56612
15521
46171
45882
3037
7979
36281
63018
60685
22403
19222
60674
58318
57946
6371
35543
23957
30976
28009
287
46662
4002
23198
53057
43864
54239
46146
27649
14034
12795
40634
12451
36147
29038
43126
32422
43467
39810
15606
28184
62143
19287
35539
12124
31081
47567
12828
33774
43170
39612
4615
37609
973
53326
24399
33014
3420
22382
9414
37134
7423
35591
24521
26372
61353
38588
61736
758
29534
44822
12133
13921
14533
25117
43446
12518
30142
28067
40318
42911
4765
37886
50984
32188
9377
4094
22450
6454
5827
12479
62927
46219
29763
1094
35665
40090
49738
24998
20408
29837
6634
17197
43148
37414
44300
47021
1393
65505
7358
23297
33871
6554
14110
51035
9133
4258
30815
9309
51860
37329
55258
11904
49143
14663
60341
61208
12771
62887
27004
47192
32596
1510
58458
45709
52982
33972
42064
13691
54950
8745
37274
4159
33780
29028
37517
7891
27140
31193
32934
40479
37123
37230
39380
63945
16929
8404
14206
56619
19779
57312
45668
54503
10262
19244
42772
31372
46134
62983
1361
26664
48848
2581
61586
48189
7644
45249
54252
16314
23531
60037
45213
61493
52024
57381
53275
39304
44289
35412
57145
12383
50707
23397
32943
19631
5466
38209
13908
41039
1437
40609
31861
47990
16784
6632
39317
14420
44382
55941
24621
41329
13625
30451
31392
9357
41749
23021
4000
34504
62023
36954
52091
35043
58714
11
51998
63185
24182
18088
50361
31998
61656
45167
55383
38831
7598
58746
50760
1262
24343
1029
6531
47993
37364
18936
30155
18451
1222
20689
60373
21520
18304
10110
21274
61474
65319
38198
50028
9974
4172
16753
1677
2067
37235
16589
18266
15332
25563
12932
35318
53856
41128
16347
39932
4070
36930
5787
29543
32750
51379
4549
43136
23267
23698
46357
17122
43811
22535
45830
22053
60625
25141
39040
2712
10288
30477
38124
46651
442
17190
13271
23223
37680
42491
57147
49039
48710
2685
61938
30767
32883
33146
11650
12271
52421
45014
23210
64307
2929
20067
41339
47285
51953
18429
59117
18421
63133
7903
35893
20068
54539
56633
7551
39480
31612
38240
11528
33257
39175
40835
62903
35017
22475
12059
10895
44240
17430
4400
59950
64768
12527
13061
35978
13716
62154
25027
4415
53117
45671
25268
5786
5602
32338
15083
65527
61452
51376
6446
47137
13912
4497
20985
3406
5693
10242
949
55975
44880
2452
59385
7428
60471
9392
47646
412
32270
31677
54999
41408
60871
8932
33392
40172
14414
12158
55089
65501
3828
38735
52892
36266
37602
17892
63808
44693
58989
30386
54302
61059
22574
13773
33070
44558
35998
12051
44724
22952
21260
56493
59269
16345
34489
61455
56623
32165
21753
56166
19651
57241
61318
8453
28204
12738
62178
10916
7059
30443
49538
13525
34972
40213
21580
64965
55882
40046
8972
26939
41407
44072
22516
39300
40515
9205
56312
6468
20496
2847
45910
2998
64816
51306
22483
12336
40104
20740
58297
43241
45695
24178
28830
2995
57447
50972
31858
15206
64055
9630
46850
2757
51648
37811
53775
44559
39319
40822
6621
38714
52418
8159
51391
36778
55256
50123
65398
44163
23327
36904
30136
23475
1423
59631
25164
36580
32453
34579
63800
60472
60433
56929
64748
28949
26693
9202
32235
7758
65350
420
1415
30862
34759
55754
12222
26451
42096
20669
7919
57452
41393
12290
12371
52774
49903
54954
42477
11561
15992
56472
28537
22991
21353
39074
36792
39052
10951
33983
29295
14099
12056
8896
39072
10865
2218
26502
36043
57872
14198
42326
37183
4631
8252
4620
5518
15898
45561
58527
9007
47197
39282
44493
38677
28467
55376
35341
48010
20446
17866
45513
62951
4073
22492
40538
41069
60179
19458
29221
30138
16912
10300
16319
51260
5521
48406
43765
2372
57638
3213
32140
43047
25111
22655
13874
28805
55016
56181
3541
29409
43871
46945
45430
21988
44212
9388
9450
35662
32093
62971
61630
47704
26669
17754
36639
37091
46479
6722
26898
53753
55285
37316
52068
20530
16796
64425
49205
14807
29008
23515
11177
55808
38796
46347
34439
15261
51809
5803
53274
2737
5338
52203
1892
10041
45649
56438
55321
33526
14985
64653
51581
20391
36049
30232
53420
2915
6523
55580
47740
5633
64606
2321
52596
1810
18258
17843
8652
9212
42981
7265
14732
60409
60543
61859
38618
5520
26074
49868
51616
11563
51285
50311
17376
44864
42480
32383
34893
9958
4977
7503
29305
62823
48097
47789
17057
43762
46478
47834
8760
16825
63553
55216
28964
6543
22138
41732
19659
62421
39563
61820
40324
22170
56287
59019
24975
1851
47969
18976
26869
38266
63419
29327
10697
12549
36500
48556
4751
56253
61159
45077
47156
32570
40590
24212
40925
421
1265
29548
56686
36094
38015
10321
63265
27121
30843
56563
41717
4726
7309
52911
61696
57633
40026
18388
28717
38057
25264
28330
50990
61720
60984
33827
7384
43764
11312
36445
28283
21530
723
40690
47348
5237
8033
2704
64127
33925
51913
6530
19168
7807
3542
54987
5845
62884
12348
52389
60630
15241
33405
6489
6524
48139
62336
64043
49265
9526
48483
41401
14461
41389
16740
18716
42555
47956
35775
38177
51707
52226
8469
13135
24374
34026
61772
59420
63457
39881
59059
59234
41107
33961
57998
53325
27750
64276
40893
13746
64402
22427
32449
43570
54234
35651
38701
51142
9070
6039
1576
37980
3534
53511
7326
3297
55322
4749
5012
7731
59816
19078
30428
52834
54574
5308
19681
14462
56394
28087
34344
35890
59780
439
58577
61170
6060
41868
27679
14057
21842
61110
28125
55760
5832
56115
39055
55528
64317
23128
65477
38936
42165
64734
46902
20569
45015
57951
45681
32744
62065
27782
11850
1193
8122
13280
44739
8598
37485
16848
8853
8658
19442
19858
1241
48872
2078
17874
46194
28552
39842
46092
45866
4625
35343
31964
53649
59345
39261
52709
55202
61080
52718
2434
53997
4295
5348
10827
33337
20545
61463
35880
15451
60898
14925
23218
49013
62801
58274
64387
13568
14104
34312
10935
65005
29493
3595
3985
4334
18928
13583
58050
26020
52913
26019
2842
25053
59544
57451
16405
8116
46838
49988
23902
11560
47432
35184
38277
40674
8228
45944
1034
3133
60709
46856
19406
53806
15018
27411
46165
36226
34140
26459
2389
3856
63017
63290
10026
30713
25079
4925
36210
47094
6577
39712
6377
209
22807
26469
40891
65291
44849
53160
32939
20403
51783
25503
31170
23322
27030
23949
11043
38580
20217
59313
64618
2081
45171
35099
15805
27871
47713
23023
7687
53657
50915
29324
57985
3237
29274
22376
4829
45358
3673
28236
57077
45402
27108
39724
23891
46911
14307
42682
27687
27049
53159
53012
61840
43163
32643
11082
26994
37636
6812
59652
13942
7927
46824
46335
28984
15360
25588
6337
62643
61356
34305
51483
4430
44422
17929
43744
48670
44699
66
49253
7303
20352
31270
21039
37310
62055
32632
52575
44991
61033
43597
5958
9778
1472
28891
2044
5717
4716
35405
34920
54506
40131
22707
31600
24912
35901
33232
32121
62442
28513
36364
2772
23265
46349
53845
7780
26159
31412
33436
56441
55386
16560
57422
40796
27792
13826
6583
53902
25907
55626
1102
7607
17058
5718
53376
36184
89
13390
84
51382
29380
58012
59749
29310
702
142
12356
38655
24411
45549
16214
60762
62546
46772
11958
60980
23920
19730
28351
33655
21622
15631
59182
28845
61119
11918
40827
31907
55225
34794
57854
65166
22578
31857
45198
17992
23158
24792
65483
9451
57508
22339
45522
7320
21266
60042
65278
42346
34812
40581
20960
11464
38222
44416
6341
37050
8746
39349
50391
27716
38847
58860
51930
2972
8772
24123
10324
48769
10644
17597
35979
33471
50507
49295
7622
25691
9226
14605
47903
34626
61528
14833
55253
61222
11733
15748
33189
37893
24382
64670
54822
48171
24671
42989
21022
28170
18259
37642
1561
2091
38743
25372
20575
2648
35729
38659
19104
31101
45689
63888
32621
7829
30801
44319
47232
55519
450
5878
54204
46104
14867
4918
21660
24401
38070
18800
5344
44642
38358
40831
30857
692
59813
25732
49375
57859
63588
11290
62635
57207
55230
58431
63943
9142
9743
24607
18980
10042
7367
11974
31442
25650
12512
59200
61070
11867
17433
58508
53056
6742
42471
20207
6484
59510
11641
26582
54192
6298
12697
46463
58030
5105
48643
11826
49028
55662
35446
65268
25722
36941
54475
10462
62297
36588
648
54222
51081
8191
60708
44614
27546
22935
4541
27926
61970
29159
15450
42278
18490
13304
39332
32137
4071
64857
49163
10814
53219
25233
28508
17645
7387
19368
18389
60817
19256
3819
3292
26432
21239
62020
21668
53250
34192
27964
32289
51877
26835
53752
33848
4668
63758
19325
36897
57580
42677
49581
33645
41370
26527
15621
51344
34197
12470
16025
26786
19312
25930
13687
59372
57506
31127
40948
44098
36751
51709
51088
47199
55733
55480
16840
43613
29119
11537
64053
48049
50463
8144
6448
42211
4613
58919
38081
24320
6936
60123
38684
39495
21264
57830
60548
28048
9322
59158
39340
1805
36421
60252
36679
24590
56439
11330
20725
23743
35532
25579
24294
36555
58321
13941
55378
14192
302
56225
21719
45151
25499
25098
53571
50182
23871
12970
44307
14002
5184
17167
52927
10519
10892
51920
48423
24717
28392
65158
39018
63292
36858
39566
19324
53218
48599
44622
54349
23108
35109
25277
58011
25659
17107
39270
36088
8659
60298
31207
3507
60440
48079
42059
45419
1059
45543
17331
32116
5865
26711
63687
32069
10285
29050
37655
54507
25474
47837
17295
12003
13618
40194
61585
54344
16046
60090
7194
41883
25858
53674
9461
62077
61125
4362
38784
14950
22372
29749
58377
64393
980
58439
24161
60814
10437
47636
59970
22208
7260
29449
64458
22293
39658
51387
26707
31906
51368
47477
19466
19758
10132
28848
62770
44983
63725
19742
19940
40661
15343
49846
48163
32060
52157
15915
31737
57254
33574
3119
36649
6821
60970
49496
52590
11017
59114
17258
29865
24706
9474
49278
16342
31485
55233
33487
62388
28677
40430
23939
18157
60201
61935
49847
38220
45670
47231
56743
4543
35900
62589
56095
10275
7287
23473
61499
6640
2251
22228
38154
26695
50157
17571
56899
7148
40416
7488
15760
22762
26382
21457
6184
24811
18242
37367
3312
42295
11878
8229
28514
27579
34129
39475
30580
16422
62752
20811
26918
11873
45837
30873
49618
65051
50877
3614
47831
65312
40398
6074
18135
2322
11852
18011
29704
3915
43629
20812
38082
15986
5757
60844
30575
33391
22041
14517
35248
13715
7353
54837
56831
35070
58090
60907
17624
518
10695
5078
5197
37986
8846
37081
18288
46378
56841
27475
61861
48302
19258
22966
33670
15854
19824
388
28019
29302
65406
18054
2173
57898
1339
37575
42786
9770
6651
45191
14293
20263
9346
26202
14972
64615
39897
5928
46157
29256
12674
10628
19864
57258
8611
62776
32499
20443
9136
6673
54774
4984
34269
56260
62868
49075
59656
113
39288
4998
52004
57800
9359
45912
44514
11085
27781
9868
21745
37322
4503
27470
38046
48860
35934
20822
59033
29518
5724
36737
5557
36288
27515
51739
59660
44962
54360
62370
23340
40181
21680
29071
23702
48403
11916
31332
3551
48538
50552
34400
31770
22626
31505
17340
53529
46587
61044
12041
42816
19227
14253
51742
10059
28386
8988
35470
10480
64680
31941
39942
37888
52956
29541
51841
44574
6066
20087
42125
18124
50836
29387
10526
11080
30322
48492
32591
60267
29630
31808
47535
55928
39924
34299
46217
23657
15251
35480
33062
35709
52553
13563
58569
44691
26877
61749
16297
10005
40779
57090
47871
15997
12597
30173
17520
16957
47462
38801
50983
17054
62532
8120
1658
2379
34031
4790
43737
2897
14736
47147
20065
13471
48537
57098
13533
20080
6189
65189
44636
47162
64409
16531
52027
6227
843
40886
11899
54523
42403
43111
4581
35653
56183
64931
18746
60052
36718
6983
56616
49193
16766
1225
1329
5585
27063
28231
49118
11432
35339
21769
770
9189
63378
24738
22225
15161
960
51099
25712
8890
53835
63090
57704
63031
58517
25719
37968
46402
56180
19641
45566
23862
7712
4342
55201
31837
57052
5475
15202
61220
19636
13938
2713
15624
56386
64427
51294
17811
54142
14394
63788
31099
62711
61384
53184
25999
49180
8029
35738
42244
36191
43009
38609
354
65492
10980
40830
32272
9120
46716
60121
61088
49438
16744
6160
35564
57743
59090
9144
27688
49488
63889
40970
60157
41175
65204
24300
41486
25781
31184
32802
49553
17610
64363
30390
63116
50049
53120
35762
41316
37007
51277
39518
36086
45832
4833
24277
35249
6475
47300
24752
57413
55394
26221
22356
47731
27959
34763
29939
3675
28992
44995
55998
63023
3982
51014
49735
18565
51650
58956
26721
14456
63850
64078
59103
5034
53751
30907
47498
33728
10010
19926
6425
1579
43240
46483
47224
26044
17749
23668
36880
49209
55023
51617
64675
64467
16734
45103
54059
63933
49284
3899
44803
23704
33326
65151
23568
45798
6135
55043
40015
29843
26991
56468
64406
33939
61626
55954
17178
24263
35305
21535
22317
28915
15607
34663
14652
64624
37793
17139
42899
19561
64889
36163
4303
31018
63847
21876
51117
45164
9242
61430
6529
31092
6610
63583
31731
44195
54675
29955
46783
4894
161
39198
14901
63615
7967
49171
3395
53092
13192
31174
17493
2967
2418
61124
47862
6059
42928
15046
19415
41582
28192
6444
18702
24935
24583
12530
31105
53836
8188
48001
2243
9241
17827
34361
54271
6639
28381
42005
25785
61377
53984
52286
8141
52435
8714
41923
5200
53485
46729
43087
47401
1597
50020
50725
45128
48261
24781
1493
24485
64799
6379
59316
7690
35414
42106
28884
27855
12814
34387
39112
4449
34680
16353
23257
38215
63947
33320
13675
5168
10018
32228
51264
45581
36268
27068
35391
10103
28974
30444
59437
33381
41025
46570
54412
856
59783
55575
32484
47033
7005
4848
5439
34961
47269
17567
2477
40940
32910
41984
50870
11862
23716
59222
41665
54183
5592
57791
8364
13754
64763
47792
60117
59628
64840
19343
1308
44315
39919
5189
45688
50293
39339
64015
26906
15014
17994
48391
48344
60986
1324
3525
7491
38531
63710
48416
50807
12864
43652
59201
54753
28850
46221
6381
30850
61370
13738
60045
2492
47898
37904
40727
29934
58556
59998
7836
61292
8069
40864
6447
29279
21297
31649
18097
44476
45483
755
52229
32420
21860
17797
51140
59147
45736
58009
28157
17423
50916
7062
1020
5366
23638
37006
53542
26848
26398
41684
59456
50412
37951
25069
20686
57461
36819
63161
6348
60957
40585
53672
9103
24544
61248
25726
43248
26471
58496
4151
35337
11489
40532
31921
16446
49384
53051
45758
44890
28756
9843
26169
52996
10211
19382
4574
49619
9926
29408
58764
25160
24845
36556
36612
54443
21559
52264
58518
46462
45514
5960
54294
46139
34273
39837
25583
52397
61930
25568
47381
40577
16350
35449
9239
36877
32426
48476
36866
49630
7462
4476
31279
49626
22078
45363
46105
4635
32216
28518
20477
58809
51230
4487
29951
20733
59708
15001
59566
38996
61746
15793
56286
24270
45572
4813
11481
21817
10744
46992
24164
13364
37240
64933
56552
7057
40309
1802
29352
40841
48093
9568
32131
28238
61457
15345
3380
35891
50048
23062
6177
49178
32812
30331
55374
44145
34525
47774
53971
36688
32434
5355
7610
19029
41168
40200
24149
20995
25068
58
63779
55371
31794
47102
63985
63529
65098
17708
41552
11699
37128
28350
36298
3779
12776
34251
29416
38938
39938
53140
43052
17408
11505
41731
39084
9289
26311
50069
24617
36231
21319
51678
20784
22929
46657
9758
17121
57471
22832
50606
23577
38503
58138
32036
62036
17930
5449
22504
20092
19881
35710
22221
6604
52738
52549
3113
46827
57390
19176
31107
45960
20806
1470
52717
24709
24968
23941
59670
9220
39240
42695
56769
37942
7227
11295
62675
61276
27929
40761
21336
39657
23440
6611
34176
46095
9816
61491
21700
15962
25832
50966
35508
4770
62031
5509
2049
29505
54756
7373
10461
49940
58936
62069
41674
57036
28847
57878
65184
27606
20211
41112
17987
59225
1546
62248
12552
22555
28644
14608
55618
29360
62049
60368
46303
3524
35460
8891
63926
9267
9298
9193
59367
44082
12063
40289
65111
57064
9433
20701
28490
30545
53123
25773
52946
30321
27290
43644
37618
29770
32026
48789
28536
31533
18601
63703
48338
40011
11292
6847
28932
42583
1843
18452
18415
15813
8752
32025
41613
25155
34981
1893
47825
52114
41815
57676
56865
36656
42216
35381
42277
55445
48046
14131
13893
17696
7714
27205
55401
26650
53881
31693
41848
65017
483
32764
6853
34341
61973
21213
57978
1453
33470
3860
38444
1862
50804
39228
29520
26205
58270
14580
48245
64309
652
47724
42975
41639
38727
13252
17579
49252
37350
32563
14565
40012
42260
17605
59993
12726
43140
58689
23958
36901
54037
1656
657
36814
2475
57516
61737
27854
3925
34276
1964
6761
42039
10740
35694
61658
32856
60347
31594
3895
22957
51218
7548
54689
32575
52604
16612
3351
55079
44311
8112
63531
28734
52955
61207
61986
39275
24410
1715
50244
62533
61572
52151
40072
44052
61344
59815
26331
42644
44475
63011
21504
47538
12310
30722
55000
63152
45184
52871
28678
23787
2572
46760
28051
32061
15279
22276
14398
63238
12468
4576
19234
48916
51219
49871
29729
51478
50192
13141
34774
54530
20185
17665
65503
61393
25356
48646
31633
48656
40778
54940
29508
30369
28630
19338
51667
22599
28890
64947
23416
22558
8226
3001
1562
38106
62094
37812
4720
27316
25087
5852
18970
58335
65342
36820
54921
30983
26880
11415
544
51385
61215
48822
8589
51375
41504
21383
34110
52312
16849
26789
20627
38808
60195
64523
41578
23379
32092
60275
58902
1712
38821
37944
5882
5797
16863
38681
61750
41159
47251
27144
11619
59027
34576
3807
1620
64571
26235
38797
18234
42292
38508
20040
1469
35984
4221
57108
17291
5908
7530
21429
4182
8709
2701
9443
22326
15798
26633
5101
58202
36198
4160
23491
283
1051
5642
8680
56491
32056
40191
21890
63818
58926
30348
1747
39711
29894
38935
25075
6437
29073
9945
25989
11580
22965
60863
29668
10837
51774
11160
25787
6712
1673
65057
15647
17928
3229
16831
57609
64565
59026
58317
1685
33033
1304
20277
4664
6121
33124
423
45982
29401
20280
40061
44397
29522
7773
4675
53833
52679
7021
10843
23289
45810
12927
44912
56790
19548
10581
62762
19475
51812
28291
40724
50741
44205
18351
42569
57472
12298
56331
56332
21868
63952
37626
43183
54211
53837
6679
27556
57860
7302
54137
38953
61051
993
12438
16518
62307
43791
27962
1882
6784
43272
52096
37744
38447
65494
27953
53193
30359
17824
2380
16897
55217
40968
1246
19620
37820
34072
63115
25850
15430
13223
13742
62702
14559
15970
4955
18631
54916
2628
60742
31356
50376
39271
63477
8786
45303
55819
16427
55862
35121
64345
59878
49704
28938
31938
23285
50704
6982
15362
4462
35857
40776
10142
503
61532
32102
17644
43968
22847
25014
27192
16686
12047
55590
37107
5940
27573
60987
30546
53360
59017
52577
48177
44184
17213
28930
39459
27333
13195
24823
41744
33733
2332
17188
448
9048
30946
10660
50410
38978
36569
1141
27286
262
2932
26525
21038
60983
17738
11734
27104
45559
15201
53366
6862
46409
20437
5839
47908
22550
32882
42953
52721
47503
61361
38994
39740
52726
17678
22361
39013
55160
57176
35338
20008
56827
57373
15213
45256
31346
61445
22719
59967
51695
29270
48861
20716
50285
55793
31012
10337
24071
11636
43633
1917
7509
64551
21301
47603
40650
42887
1751
64080
33110
55001
6201
29395
10985
22758
38049
63735
21412
18616
23187
33068
41939
8588
24685
28140
8672
22000
29672
10073
1817
3123
14202
15591
22262
37208
36478
12204
46330
7696
25857
2775
56561
34485
22788
29717
38763
47026
29261
34435
30670
27082
60115
63599
8912
16943
44631
38433
37072
41872
31747
27418
59959
53917
38792
28189
60866
60478
54159
49621
60120
31888
12669
49058
2557
14636
48089
35081
55409
36371
30550
27408
21823
33541
62103
24165
37223
31768
15230
53484
4246
51279
9616
9814
55557
21352
35809
52636
19042
25725
54133
56034
51790
51522
13925
4715
3960
43551
53203
17711
40912
19295
18969
30317
25602
57772
7231
61709
53042
50740
529
50163
49898
55713
44879
881
40785
33549
28249
7632
2498
51440
39152
19365
55444
28929
3128
41397
30178
34661
43554
25961
62033
65458
44149
10752
61313
26381
55033
19363
46571
33113
61667
26546
33893
35990
49026
12391
62374
377
26367
32305
10555
2684
58356
23085
21785
45146
19359
16769
11771
42399
54235
31708
30518
25872
13945
46250
8129
43386
45051
44351
12940
38754
60225
10089
51979
17527
38892
47174
20753
41690
14670
47708
30895
45658
30726
11362
52158
54474
34937
55745
63435
40782
4473
57721
37621
14869
23505
47580
36432
49012
13413
5760
53336
33233
2096
2262
220
58305
2956
2294
53588
51893
53573
16890
687
13437
15874
19995
18209
48959
18632
41347
64716
14703
46672
34997
47266
36824
54690
2881
56376
20770
59333
32344
28584
33622
62171
11637
32693
7625
47482
24283
36981
40404
7497
23924
7539
2311
8524
58909
49961
36434
36926
22453
54553
46010
979
46424
60441
50472
686
36506
19265
52381
8325
39807
51580
44874
38431
10946
60273
11412
18040
12339
4055
60159
36126
48590
8449
53232
39403
26700
21983
28131
62538
45385
59615
50370
58660
10945
48557
1459
64637
19428
33372
48468
16040
17264
31898
58600
32524
15822
64105
40717
16869
59400
63079
6302
30660
47659
19982
35077
64868
114
20506
49200
24569
31318
44664
26108
40679
21582
54899
19869
21437
36321
22579
10929
24126
11348
12442
39172
57923
46754
50261
34747
46693
37574
8280
30535
13120
58798
11572
37181
43218
65117
15366
44204
48351
51425
58085
35499
42661
17873
33289
30189
41057
3555
42804
52857
46502
38827
28207
41837
6373
44277
46028
10123
23705
6244
54374
6382
57148
34100
9740
48844
12633
24440
10818
46951
4067
52492
12627
39470
22849
51465
30176
18719
2482
9629
33747
46380
57480
31038
62348
6470
49555
6420
27386
54917
5436
53080
19960
55331
45884
11812
53748
42790
47222
21766
55817
5143
16028
58583
10094
45913
45993
35328
47955
52744
46176
17838
3272
51833
43298
6969
7078
53425
62669
5096
47151
6566
63668
62876
7395
59207
51925
54316
32690
32448
48306
48184
57348
40963
50177
29100
57460
3962
59991
39
56625
48928
18720
28668
4077
39483
10380
21775
50914
16812
1272
18673
39431
20420
48617
29969
23095
11874
432
17946
19130
23121
27383
46829
1935
47186
63318
34863
47279
13968
18822
46919
2771
7681
44871
46950
15291
4256
59691
18588
26638
8286
51668
32331
4939
52103
43299
6215
58470
39727
41023
24716
576
52821
39756
6472
35327
29981
6689
12855
44430
50427
36861
52851
33530
2160
64155
26007
28873
29984
42607
58134
3343
28634
15242
37278
53221
36228
37335
55448
61745
33609
31788
46560
11751
36928
10792
57679
6659
58043
26170
33007
26969
47384
24882
68
52132
11567
29460
55995
44793
31783
25172
22145
42751
13126
5629
55805
32797
46280
46699
32059
17193
46253
11940
64548
60173
46243
57468
29890
46500
19487
40365
60150
21627
25151
3431
1277
7744
12346
7449
46805
64650
8192
52445
34718
60988
1872
4603
8415
9157
44539
39313
24749
20456
3041
30430
38418
53920
32099
13960
47306
11913
48847
5919
16085
34073
21883
24481
24913
21904
42601
15268
36642
57886
9780
50113
46748
13643
17957
57459
35311
43323
6541
10246
5061
43942
19630
61103
712
26285
7884
2540
8527
33543
60506
3051
33766
18109
28014
17757
45506
58937
3352
14998
33898
40802
51261
54653
27220
35970
33897
40808
553
39650
15406
13671
7339
51855
48704
32518
36211
52610
36065
2756
54261
3472
40299
14714
35468
51517
28835
23814
44710
7394
53777
58349
8310
324
44718
28368
10839
22123
32403
42648
44579
35408
59249
34235
49877
5743
29588
51003
57972
32989
39738
472
9190
51735
16537
28607
3244
10982
29051
33724
64806
41767
41328
23006
61527
57652
40866
42769
20882
55132
34198
26013
19850
40823
62553
22739
19902
24918
49001
45153
38214
61655
27701
33877
271
211
15134
50750
14322
29905
36905
56535
11891
22888
15711
25288
4869
65125
2346
2577
35171
42517
57227
62187
15187
38295
20728
8878
9079
61968
9319
18778
32254
31304
38515
27702
3724
58833
20816
16880
5299
44571
25440
7359
41604
6685
33323
15849
8958
38790
35209
2465
57661
59907
25206
59706
58275
28379
31683
5243
19608
58393
4952
27955
11886
4937
6011
34354
20876
50147
28214
63352
60423
18780
40437
40145
37443
54770
42324
11632
36407
30120
9097
24064
1997
50047
35713
65210
50821
58039
3926
25242
35609
8163
48753
2814
35748
7439
13073
32771
3049
16614
7424
6965
9113
64813
36593
36363
59298
65097
49681
2317
44374
5460
22351
9269
7001
41089
47682
50082
20939
12139
50648
36493
14598
39815
33615
42878
64279
53654
36923
1230
14031
24102
34553
64339
6660
51547
34549
2761
38126
57059
25383
49292
40068
2143
27451
56333
58363
31535
12517
61154
6805
17052
58713
20522
6422
29856
46871
23926
31521
9183
31364
50481
40665
43933
58855
14540
31410
43550
7994
46770
38601
58770
61066
13577
58244
53114
63208
55465
1436
45976
45911
49321
26088
64890
30201
21955
2501
35144
43837
5393
7902
52033
42758
24044
57259
54161
23250
11799
14503
32884
25763
10215
27047
30
6318
44580
37536
39289
41733
6585
3835
5109
49746
3468
4963
60189
36568
34422
39786
43630
5191
2609
52910
10224
32384
40682
22525
64804
19951
22152
29782
18657
61827
1128
38702
5690
54615
9676
59032
19006
8185
812
2484
56368
15626
39372
57194
35399
33907
21042
22348
8327
44667
34945
33214
24761
20548
13576
50847
7583
3032
15810
3822
14345
53963
23801
50385
6725
35967
23896
9832
14257
35501
16129
21048
5870
40887
28923
43313
53812
57057
49931
29854
24527
46817
61111
65487
57041
2716
56613
16487
50263
55242
15925
41015
52294
18818
46391
30941
9690
1062
52889
24977
4385
5187
36095
17255
12711
40504
12279
15546
61237
1192
56232
5556
49348
14971
37210
40337
33750
9426
31757
14454
21466
41198
51994
18974
46666
44293
22992
509
22810
52361
36664
54148
7852
12140
6670
2189
56201
6403
42850
61094
33461
10363
46490
34664
52808
36252
54013
4223
6943
40339
58385
29465
1914
33773
6989
49504
56455
57291
47620
17443
27656
63156
12981
59812
18178
38959
49424
62340
60582
39958
39565
64647
42921
64539
3131
65339
34528
21173
1675
61587
60438
35628
9986
50490
41975
39009
22954
43439
53883
58620
63393
57256
5213
33296
61386
62577
20155
11610
43359
4447
23712
39583
5812
40198
60891
60430
5318
30439
27768
14868
45839
20781
40243
58392
41131
44200
20773
20877
40879
3289
7118
27492
16787
9486
54880
44927
12592
62695
33509
52090
56114
29716
44251
56009
39805
10127
20574
43042
21159
19180
42649
17661
26425
51808
10711
55845
14787
26141
20071
28534
740
49828
65142
3993
52829
43059
56862
39616
60641
12081
38065
41759
25946
17152
6421
26573
9096
18845
39206
56720
29743
19119
26129
42698
42455
57105
35674
6225
63353
51537
13488
4355
43363
14479
54216
59852
29892
15260
61867
26773
23873
43388
11426
23207
7181
310
41220
3084
22118
28120
4175
15617
119
24098
11063
14956
1539
13558
40176
59011
26966
21452
41018
54408
62268
62547
15582
23875
29136
10283
53720
18158
1534
18541
49815
37607
14505
16782
23624
64631
12324
38989
38438
18068
24594
8736
48829
11556
22727
55636
3475
40959
13956
56778
1019
61484
43129
934
15583
5194
55846
37966
3558
130
17294
25991
60459
52078
39184
41792
7259
23127
36412
25326
24370
15875
22184
10503
21149
8200
23338
35808
25284
36794
21394
44706
37525
51113
32909
7709
43990
48523
47267
40321
2593
31399
28297
7655
30255
51618
28556
2461
60578
41938
18849
6924
36218
63731
26667
23357
57536
25158
45366
60953
46635
41910
44164
61657
64073
47077
35409
11350
14273
19560
55771
25168
52257
54447
36755
28967
17305
60825
49154
23364
30149
16320
45150
47438
42226
61146
41570
5922
32586
49115
11308
64269
5043
62392
59554
57971
46801
56467
1768
1077
25324
47475
53227
4526
2493
11131
29875
20861
14035
24683
19099
51118
8011
40477
60461
40944
54978
43833
54616
29396
31209
13171
52385
20300
28576
18686
38148
6580
39468
24210
47813
19221
8883
28889
18268
55798
53538
37565
48504
23094
6118
31046
62742
17471
44083
58636
37604
60786
24233
41864
44905
64215
24579
55978
26128
25656
28821
22397
32506
28318
2518
4515
47404
53507
16174
52270
51686
51438
62750
28808
43460
40883
16718
11963
42791
15320
1621
20214
45926
60598
19274
19291
50562
54207
39782
30432
4636
15751
11861
39575
7487
10067
24599
57558
22439
24328
35001
1442
31181
13863
39512
45933
29880
30720
36267
26207
64980
54561
38248
55414
10373
33786
41053
32210
39150
1613
29882
18867
24876
40314
14255
29745
26844
56200
42475
37688
17473
26597
51647
1633
1377
64305
19005
51254
28237
41739
28741
16961
40295
57130
17435
2316
55366
35053
35197
16633
52531
14520
2953
61573
33148
48746
41109
8750
36953
37385
19331
18227
53197
29842
11036
25875
47539
42097
49864
14364
38323
65065
49692
31465
46022
54707
53715
31981
42748
12209
24647
35407
19422
4619
47939
14964
31565
38656
55399
19541
5628
23145
55477
51529
37549
61651
43192
8124
24013
24664
28846
30425
44459
56357
55748
25828
3061
39305
53930
44404
45881
179
1199
21318
29900
12464
25276
6367
8086
59306
36020
26521
26665
48682
14832
36420
41208
51619
25652
13686
31053
38728
10607
3353
52979
27276
55741
54043
39775
13136
33448
39187
31814
60759
36749
8655
29019
15191
55999
8382
41961
17072
23679
38155
22617
40412
2124
4305
24727
11660
4340
32027
58362
62549
25806
37714
55320
26348
51646
19883
17155
39180
48741
54844
22963
46892
41375
39946
49760
51301
27305
41480
53319
31800
54083
10565
11433
22026
51752
18604
36325
5609
49542
38088
45443
49764
35980
50477
86
49781
12053
12506
30822
61071
53061
1557
42036
42502
47855
9813
7734
42327
50575
60276
46311
21402
37142
46939
48092
47184
41081
57625
6207
31427
28624
58454
43885
9557
23209
39908
55114
38072
40918
24094
128
42350
12745
40896
24500
20311
15010
62167
52302
1527
1773
59969
41363
59845
16594
36645
16992
42654
56318
44979
62162
65340
9141
42839
37848
16571
11438
54794
63798
14910
48369
3871
47832
4059
27219
27346
40132
40459
49414
62854
4842
55867
15419
40242
60599
1155
7719
47417
40232
3476
50312
1903
51286
19781
58075
25757
36038
24077
19602
51013
21484
24563
55031
33862
16133
23882
2273
57183
12763
12261
46063
31434
35758
3617
59796
32376
49913
41475
27775
24721
6649
59297
45377
21528
64356
54025
48350
58880
17076
44213
39190
53147
27739
29497
36887
21144
901
8951
53555
42457
50923
1603
65504
29537
55206
39913
40521
34733
9612
64993
389
31980
59332
33491
18504
10838
47962
22196
22658
4683
38512
7204
8930
18555
52668
15727
8225
46440
55567
13882
33050
33313
9410
17896
291
25339
24436
6197
18348
1399
50131
60015
37870
62513
64236
62271
22219
24404
31428
41738
22530
51834
42390
27511
49111
37885
21987
27086
15947
50207
21859
16022
4061
42784
11232
775
25254
61286
61846
57750
25040
55583
44472
36392
59763
33559
36320
39894
20853
35903
38368
1755
23230
10372
26102
23149
10192
7969
49859
26636
25688
61714
50279
55182
42430
60318
22531
21518
28421
18328
6334
28425
7557
37137
32710
38283
52702
19794
40660
47678
32544
40698
8263
10610
54593
61032
43407
30423
35996
47187
24124
19913
44863
14058
53889
27279
55849
52228
44338
22897
50659
48731
27027
46185
21685
14708
35721
53634
42487
14306
24890
31342
15390
19396
46695
6396
5422
63534
1021
28865
4054
23528
53200
46255
16554
18948
54891
16541
65275
61809
51190
62286
32623
18180
7240
8040
33891
52859
58469
4578
3003
62655
9634
49014
12558
46289
32355
16042
47607
54563
63757
39077
25794
62486
54064
16369
4992
62576
34665
27094
19759
11657
29812
1984
46141
37709
28745
9792
62490
55940
57586
3462
5100
877
21054
25511
56791
52145
30955
17460
63747
17865
16983
20131
46686
5869
44823
38254
29603
16818
42510
4146
31388
18263
28417
22286
61516
65433
15886
29994
10231
46293
33516
37446
39177
11879
54617
10400
45843
20997
1273
62691
52054
36721
31634
51571
29669
15619
31010
28129
32850
58844
46422
28976
14261
34384
48796
8962
737
29663
8266
18241
12049
17884
26800
62390
52689
39281
51174
42127
46277
26618
65450
31714
55906
33797
60004
23410
34393
62803
30552
36063
52579
59062
51437
52926
23697
61354
6358
8140
7942
19435
47275
53162
50150
28336
43338
56823
61710
19676
46492
63968
17066
58263
22178
29017
45144
34184
32974
10025
45923
3700
37539
12412
6477
24323
52941
48243
25847
6532
55890
47952
34381
3995
28099
11972
60532
10878
63793
16274
44366
56449
20189
61
41261
17391
53015
57812
31421
24591
44222
57164
39644
64405
48378
56955
14623
20279
60868
25352
43034
51036
36798
56022
36683
9390
18287
64925
54905
55452
54105
34115
9160
30808
1276
3768
24303
49920
3902
39485
22816
20260
59822
49675
22094
13451
24223
9417
18120
63752
25444
17870
32295
44485
13397
31309
46630
7991
13260
54198
34045
31260
51351
33276
19351
48297
49311
7532
30572
7495
35726
52168
9307
56462
43731
16048
18483
26893
13881
3808
49571
19323
65395
30638
4922
31453
26839
56388
61515
64153
22069
8042
2621
20281
46485
27532
18491
22743
46583
1582
30108
43423
49498
12160
56641
27888
28
30373
20905
59775
20954
26118
58907
61665
5552
5699
36451
42065
50940
49507
36891
3824
33963
14579
49067
51939
13220
53726
56373
30806
29695
56978
15549
13235
56954
10145
22875
30805
51339
49446
7065
63096
14175
3457
54263
15679
5222
15458
20738
16283
2055
10360
4802
35425
38632
36519
58740
2041
21734
14720
29601
54510
38011
22017
30286
41411
26046
62434
30366
10344
50204
34573
61802
46953
28543
53619
11865
21373
57132
37548
27864
14333
44117
32057
43221
2266
50074
44131
51275
41326
12132
38296
55264
18495
44888
51514
15381
31381
47666
48484
33212
61098
46814
31017
15274
24710
12284
21390
28444
13775
1627
35892
4881
25897
54285
8590
9020
771
55587
8224
54631
44477
10714
50702
22522
23388
62565
18012
6438
31910
64897
33000
57865
31326
20292
25856
31285
4
32084
40675
48294
29722
9219
25438
42481
22489
48958
41728
3793
11996
1187
59220
1205
41715
54065
57420
57229
41278
13233
26416
25660
26850
16131
60737
49596
65431
50369
9481
10787
63874
7854
63281
58659
23877
31492
1514
14030
4393
27439
54499
26825
19517
47530
13518
14778
58761
36958
27800
37232
46229
1929
23690
26959
31869
63921
28611
51076
52961
63256
1680
23944
7774
21881
38105
38024
35401
56810
7922
49310
53543
60141
60057
60702
27005
14739
24007
9755
17733
4431
34517
749
31758
47624
22430
6357
32990
55727
35813
34802
13930
18648
3117
17422
33294
16513
35367
26827
23639
31383
54562
12957
12693
32722
32
45415
14260
53016
22534
23666
29374
14962
30238
55135
35242
33705
49584
25357
30382
11608
59321
38463
18664
21533
37308
52646
38415
10045
40014
62535
48962
43790
37519
59614
844
53339
61061
37658
52543
35562
6810
972
43043
31135
23044
10948
40128
51469
34227
2788
40781
35612
57128
45582
58998
32269
15892
5605
51373
21292
12650
23894
25360
28256
25684
45576
28604
63790
48906
16367
55387
40208
16808
18006
23557
48664
38012
57552
21869
59541
5473
49829
47428
44443
25923
20864
9458
63247
56569
5822
57034
31330
626
27708
41454
19316
13904
18048
63220
43036
63085
62644
3701
40222
22729
36217
27444
36112
17265
49492
27757
34521
1221
3152
17561
27677
29512
48122
2445
49097
17941
24034
38102
60784
15907
36435
52526
2507
64878
2627
42257
53478
12159
49204
27214
1800
57067
63000
53242
54201
607
11592
42328
43807
57804
41446
34
26212
15776
46641
7154
48595
29529
20161
54243
33518
9175
32466
30705
55561
1867
65405
20316
57489
8060
15984
13088
52562
53630
62480
4153
43153
44342
29027
53522
2064
15243
63326
3335
8495
54419
35200
23672
43822
19687
24776
46423
15375
1099
12311
27974
42325
18754
8384
54552
25784
5208
14397
53206
18791
10065
41400
27501
29901
39021
28118
45783
51674
14735
22797
32662
17437
54219
49508
307
2899
17469
6881
22645
1454
18573
30826
2301
17030
50663
19903
36081
46155
25029
15314
17589
44336
9003
40115
18651
52999
29995
65133
8436
24814
35091
30929
36114
54187
42891
415
8438
12403
39851
21928
18998
41547
6385
47325
53613
19418
57703
15817
40118
6792
45728
65261
61157
36976
873
18694
58950
39846
54378
56284
59917
63465
45131
20775
28194
5698
61512
60468
48825
36061
25082
36633
57716
488
13983
35576
63446
22536
17276
52772
28744
22715
18674
18755
44808
20782
28947
22779
6310
21081
33502
23192
19004
7658
62465
26292
35792
48966
45349
55311
8496
8319
10308
17467
19241
33297
43116
63273
9929
20427
44179
27689
45308
28609
726
24137
62006
17361
38111
42592
24313
22300
17048
25648
45829
52265
48284
42554
30360
64962
49479
53638
14986
48462
52088
45858
31284
46053
57061
19985
56866
24785
2960
41951
53814
11422
45702
27019
6161
5103
15673
64391
29632
61786
63127
29644
36177
30886
14572
14697
43606
36815
28603
63005
17218
59840
49170
38197
29945
20434
39095
23217
32845
11932
12299
8014
17534
63661
18435
64106
24052
46057
23586
23202
19417
1897
64625
51083
61376
36009
50782
10491
54343
27151
32671
13128
61760
1307
46598
489
45509
30644
46275
51534
11304
2968
50761
58870
31042
24473
56789
6783
21223
38237
36864
46813
51694
63993
63958
19444
60568
15403
34238
30602
11982
33976
49959
61643
58540
23101
45523
59100
59268
12842
27170
64998
25246
24972
63833
7860
11001
42575
8173
16711
60894
7426
21098
54490
46281
7564
13334
22633
32443
11429
40543
47786
53487
34389
14171
4150
41955
28723
56513
54744
6902
19242
43760
11325
61003
48262
41518
25136
55013
43788
34069
47110
18988
53299
60281
26678
5992
41832
33156
64031
42840
26359
57384
2335
18579
35145
22256
34406
54692
16111
41020
52478
32796
57630
41899
12561
13101
37566
15525
51770
3283
25939
53395
23307
35159
44392
54247
5048
4079
36847
54306
43906
16842
31116
55449
27173
35235
60808
31782
47282
23425
48043
43311
32207
51030
43261
35550
45769
3646
42670
4029
9337
23659
9654
31245
26734
2487
28223
57195
65295
4027
37130
40237
5740
49980
32175
48222
26613
30927
40688
52451
17283
40957
16433
58949
56074
20423
10305
27988
49135
50406
43223
46354
16380
35920
37245
43647
46998
44944
39937
56245
14923
53684
36172
59495
41608
51693
48783
60091
12943
53935
13341
2825
46899
60869
40505
6380
61036
53914
17323
32973
22428
16970
31233
8304
65168
30420
12843
35046
27541
54701
59279
997
33934
10883
26512
41288
26680
42345
20100
13530
49004
39824
8064
54694
11135
50896
48130
34851
46616
14203
31736
25142
29517
40908
10397
38894
20167
58221
63248
61575
59500
1253
21374
35556
49951
2114
39989
15474
32445
55823
47488
50697
53406
56264
62621
38744
32776
43389
5713
38380
46056
8580
44870
43698
44280
9422
39345
393
28038
43327
57054
11532
3648
34242
22812
17414
10608
20614
1466
56012
57453
57953
16959
17453
53896
44542
7970
9199
11151
9297
13336
34904
11078
56102
63990
55277
63842
20904
10799
61014
9235
60652
16024
50736
59010
1352
25790
58414
62665
25541
120
10618
44948
47531
22323
6588
6753
32475
52975
3757
61160
30623
25312
58413
12000
24778
7018
55155
23452
27560
36108
17439
62145
32639
5277
41937
60350
27672
13348
39780
3817
31253
9379
37996
25325
52706
33977
19544
45346
36525
10852
5720
53088
64180
29198
44175
45860
16251
841
38788
53602
51844
32679
1053
52517
54816
14265
42348
8718
31175
63272
60108
41705
46881
29241
63460
41803
63453
14339
2732
51101
53924
44835
33583
37496
2533
62469
16730
35805
59001
52259
20850
58932
29611
37913
11301
37599
24188
39252
17009
30019
26916
29281
55510
40326
51433
48234
15750
43115
28492
58168
12374
64946
11096
58995
60560
3185
16778
10927
37191
16786
36311
43768
4466
15687
46305
30497
45994
8239
8271
1537
51488
54451
43404
41088
44017
20205
20199
32510
30568
15766
45784
7418
48300
46069
9649
23918
44797
62150
53175
33472
14812
39838
35537
37578
38207
13012
48143
54879
23345
6208
3484
33648
37015
20990
11024
60826
34000
58370
42952
46317
16936
21424
8819
25820
37483
5601
10223
54308
8678
42147
9446
1129
12678
40695
59885
55272
15130
53868
60479
38303
5519
37682
9033
20839
40190
5465
40106
17701
50056
64193
8330
31577
52242
64950
56163
65172
23261
24406
32818
52849
1322
2576
46017
34068
13841
19069
9234
40434
30188
1697
13588
13684
22850
60426
9732
61718
9285
25260
34462
3436
51549
44582
55398
21369
64819
65397
56379
39568
27833
11713
3983
50399
18704
23767
57209
13966
11217
6806
53779
22420
3846
40216
61320
1595
11424
30613
40288
15485
7099
30629
46520
41750
1223
39701
11690
41781
23156
56399
41894
12182
38568
1096
44897
35286
63428
2913
24205
7561
51868
10003
43376
32494
20906
63813
16712
45630
59228
23292
56512
20735
26434
22953
37021
27184
28860
63951
54356
8230
60835
18593
42672
12295
54767
21287
25968
13694
30683
48766
28383
39873
36208
15999
4701
26127
60576
11170
27585
29223
22127
60315
4395
1090
20504
5309
25682
59874
32200
62256
46841
32310
39178
47335
26158
42696
4060
5246
2430
24553
475
37580
2504
39825
1937
20356
18173
46472
42002
11430
12909
9221
19408
15867
41957
36684
20134
568
19280
56873
57783
2479
48585
46218
37651
31764
8079
60540
46906
24992
10830
12701
44099
26722
53077
36193
31478
50989
62018
32558
5544
12002
24806
54476
34457
47518
43055
41028
10044
16
30014
58154
38397
28482
65269
65157
61631
48419
26701
53734
45122
21902
50558
12521
38271
31817
61468
55168
4499
17809
50584
52972
24435
17677
8826
48170
16955
49552
49728
51210
11143
37265
41693
882
41845
1179
56615
59613
508
13244
50838
603
35894
54131
56606
4967
15129
2126
63
15878
30973
50127
53076
46025
5935
52943
30307
52736
34217
58045
11602
7499
9831
32427
27299
17063
60274
36058
905
15845
16522
60293
64535
23395
45456
11456
53764
42178
13718
21195
41113
61262
27748
9779
12526
32051
42157
19361
45340
56894
62455
7403
8115
6130
22209
28049
25301
20837
57958
57803
59694
61081
43724
7372
20592
40488
3222
63138
34559
43004
60382
48961
24384
49755
39303
47168
54073
9935
23336
958
42123
56347
63982
36895
25884
13890
10774
58023
12942
46188
26778
15335
6428
3803
3752
33067
12496
44484
16289
21476
38741
56355
24009
34741
18586
25739
34415
25658
63069
24438
49215
36013
27843
24420
54251
25152
29091
46038
42907
39726
55721
51422
47641
55006
16742
61505
10611
28636
56164
20541
20941
552
17038
41623
40771
38865
37497
21966
18086
48660
44292
48012
55119
61897
37969
36764
8278
56309
9447
35580
9080
60608
39556
22732
37843
34858
12817
60790
4354
50808
58329
1925
47614
25327
8221
40548
33811
2449
36647
56825
63089
30096
38238
41055
62482
53667
46613
35719
64327
38398
12376
5047
11238
42472
22752
24386
60022
51663
4287
59648
29297
37487
31518
2578
6336
63160
18094
32109
22738
26739
6366
56315
13340
52018
42174
38298
63163
59264
51569
20515
19085
13448
13724
55907
52034
32871
2080
29658
4784
18737
62847
60890
384
4195
27891
24859
991
44133
57576
1842
976
19936
22571
5920
42823
46553
53388
31792
3264
28075
13579
6507
27222
11462
38330
33348
5088
51342
24635
43348
43419
53866
18423
23673
64954
40620
54181
55493
61139
37526
4024
35218
59399
18726
28837
9401
612
56881
717
22756
58286
55953
14464
50567
58729
30995
516
50297
53854
65123
53966
4824
38443
48945
1904
34929
23922
23927
32047
56430
48515
43932
12528
38859
60364
424
14193
26047
7881
64685
44326
16147
65185
27640
7913
3521
40910
15427
61835
65124
37926
21861
12616
35992
22747
10463
8499
33876
49071
32649
32062
21238
64500
41783
3461
16793
44031
55880
54793
22284
19251
15613
38643
26514
41369
16651
44185
29392
24389
57712
36995
34939
7799
35875
45552
52471
15465
1500
55286
36384
45848
20948
35462
21855
65408
34873
48265
30008
9477
21922
64944
63197
21992
52554
12622
63394
52869
25823
64302
2848
60982
23750
46537
16551
29347
29218
3505
36744
50827
55854
53659
49869
5383
63207
32526
27897
64699
28649
9061
12432
9673
22194
13388
2698
5110
17893
7022
32194
1587
23978
9651
25399
27564
10612
32429
13544
1484
15770
42925
27124
13458
999
8927
61589
15922
45470
60292
65472
33804
18851
48944
57484
48029
52402
18707
41640
20556
33398
12987
18045
6133
53279
14308
64696
33153
58000
54287
33558
28727
27022
50911
51811
35237
6238
30475
62628
45237
39859
18962
47817
28869
48182
60701
18436
24020
13707
61065
27946
45228
55204
4387
46921
44513
30665
44814
64695
56105
7396
11905
22907
63783
42991
18629
64268
17214
39922
8916
65285
16860
51085
31570
24
23798
1585
34362
2146
13291
52692
36614
13234
38233
23171
52952
9826
43352
15856
41801
47517
50546
10291
30229
45283
6703
8532
35486
18131
64655
60183
26677
17203
17395
40922
35260
46473
15821
7459
62606
45218
47736
30624
41948
53735
8999
8386
30308
409
30656
31456
62634
13440
49848
53583
53965
42303
38370
32151
64258
59294
12641
31431
15104
3945
43839
6145
19263
50651
64171
51392
17553
17737
49966
15786
13208
29264
22673
3089
54321
23087
55708
17490
28419
32189
46339
10036
8877
24974
64291
60062
33161
12142
27375
26321
34529
20557
33355
25139
59844
58361
55395
1822
36462
13158
17787
57746
39341
29803
37080
59172
21603
43057
41037
40040
56060
59389
61205
54180
40294
8949
16097
35637
53952
65437
20332
15663
27747
27592
17290
25782
29989
29233
3643
41908
43289
14757
55318
64442
62206
54626
44348
64983
24942
14127
30302
20051
26256
30876
47249
32952
35154
35147
23748
49647
48107
33590
25927
56443
6545
43866
32350
13066
43016
32572
39673
14494
48172
25187
27366
23849
48762
33714
29825
46969
22491
26333
18330
562
58312
36490
56898
15153
58350
4316
15710
58429
61660
4384
61834
20105
13895
38127
26177
45621
12780
10550
64340
63761
35490
52499
24960
37425
28219
23955
28059
12630
12603
46793
62104
44747
27545
33370
9344
29707
29858
23211
46371
2303
8043
34252
21154
2298
59052
62616
57173
62758
12389
55702
33513
49749
18122
31779
22091
52824
58447
17640
48702
39068
11896
50689
17332
3522
54061
19224
19318
26513
54611
26271
7206
45941
34966
62645
8208
41878
45490
43058
60751
31004
44802
3278
15323
56211
58301
15504
49053
51610
42970
1031
17982
59513
43458
45751
43844
18820
64048
38142
27098
54979
1148
13177
23964
23848
37891
9411
28941
31840
34229
59037
23988
39562
15972
59342
14909
13796
31365
64110
20057
59571
36263
40029
29228
3443
38074
22876
23541
18985
40030
5540
2555
62183
32580
35476
56688
22909
61189
35346
17943
22063
29849
59573
33486
50869
61957
33686
31640
19345
17743
28763
37102
62420
60526
48756
49995
53220
40633
38337
43921
27088
56697
44682
15830
24991
35240
14611
5016
64379
54112
56811
53000
47330
55924
16244
12824
8888
7783
30943
42548
15852
5147
62667
28206
59045
13145
4357
58238
16520
44804
23142
42853
23147
30143
47547
27931
28177
6977
48589
9413
19003
49967
51472
49800
12767
38906
64383
39839
34729
46384
17903
52518
31140
4986
45726
5233
4983
18503
47471
43342
3799
51577
40114
29554
6097
55113
60594
4791
28555
12955
65154
18419
28352
59258
22547
15869
48907
61940
53074
7362
14318
21257
60734
32504
19693
41442
2829
30753
18696
41708
54460
38650
38719
2667
16109
17034
18922
53463
42593
13282
22549
26889
2735
3282
46426
32567
52399
17530
27935
43640
59416
40047
39412
18827
41956
36069
49645
19526
46842
7111
21365
1696
45076
2625
19218
55559
1853
53437
27766
17762
3839
47280
25707
29883
57271
41233
29294
19866
35837
13439
27742
4645
60699
34732
51638
54026
43146
28012
6707
10648
27338
43142
55060
2304
13818
3218
40089
13326
33172
24078
32282
51312
8931
59422
13056
5905
24736
39508
30260
17147
17232
41505
58686
53338
63773
26287
63182
45637
47709
49156
19946
13075
13349
872
2700
12801
40608
31962
62853
32166
62372
52998
33704
15956
23002
11945
17628
30641
23137
48874
46418
41282
40949
61420
3767
44825
6601
24753
6065
13602
33315
55083
18669
62679
45090
4016
25427
62302
36507
56351
57711
4714
35344
26619
64299
33560
22306
8599
43406
41710
44167
55234
11540
35959
19185
46834
8400
3064
12656
16768
35886
61594
8751
17029
2966
28325
56511
9788
23132
13338
56678
2891
34335
64417
54838
9647
36963
39358
4344
53179
44652
51138
64563
63898
54848
27269
43193
15507
34377
62712
18530
64568
53849
61747
44755
52906
63645
44787
18047
13111
61150
40989
63258
18372
16484
18479
60989
63130
15407
17961
3657
12009
56363
59690
22274
8970
20539
32966
3175
33477
1136
41479
9699
53729
2954
56447
4629
12809
28997
36378
12844
18420
63692
12005
11883
24395
41591
16202
26798
44457
12491
38058
11059
28116
35569
60554
61926
59835
24262
60758
59721
411
729
39975
61489
57798
4171
39030
20344
1771
39344
60460
27058
9299
62544
10197
52699
23992
19499
27163
42022
25394
46486
40363
43118
60301
64570
62656
34922
5204
27849
26828
59467
10719
51028
18627
22581
46722
3017
10705
4519
28066
160
6849
33382
15811
27633
8864
9063
12902
4345
47857
3014
18712
8231
14694
63136
60705
46532
5527
2306
17932
61005
5457
42341
23206
49972
53163
32715
65256
12757
30894
35737
58728
7483
14272
58185
60038
62900
59398
31413
31827
10896
29138
17268
36059
6105
7029
61614
10266
16030
57428
22881
28684
43588
8955
13376
31972
62453
357
33396
10548
38582
58158
22783
42836
58576
58002
18147
39506
15396
12016
13224
65044
25906
65193
62215
33422
16263
62233
12186
58813
59985
12946
4866
51213
5572
23445
34483
41171
29697
55428
48211
41465
27581
24766
14130
1195
4569
46767
28878
9940
63485
982
41094
24276
19813
60991
41269
31199
31247
3861
44362
3704
33230
59995
58565
64922
47081
12661
35104
12832
39337
50295
52990
53104
48359
24526
19830
61113
2499
11121
9119
40564
59248
28361
25540
38176
62273
56819
29325
64827
37828
9025
19198
65103
10876
50848
31968
49788
32505
55352
11390
24653
16233
1271
1478
38557
48564
63003
59038
54629
18018
36594
35756
48157
61965
58872
39287
34738
42639
10800
17148
56936
29006
56521
13309
37473
19249
17887
25534
32409
49897
29496
31647
8180
43903
15865
22203
16758
36527
9599
5394
41457
47326
14126
46721
38268
50961
43347
25021
50434
47733
9288
41304
48513
52651
21957
54895
63019
62590
47523
62709
23670
45110
47130
27060
58588
53700
56299
51
39954
20859
24909
55072
20734
63475
55244
28681
39831
10732
61050
56989
11277
47754
8186
62522
17285
18254
51747
28669
19327
57556
63100
21067
58624
59557
46756
11840
62114
2941
33464
40018
60932
1644
9055
42412
59226
1491
5834
44525
56698
61028
7317
24284
32996
29590
36365
16674
42450
29099
5380
28876
52076
26575
39603
21806
27243
25370
57900
59440
5936
23835
45277
50337
19724
29795
20878
18248
31943
37374
27083
31787
62024
44538
58718
23685
47515
31984
62859
36546
18267
8068
28896
39124
31500
4979
23812
8884
36532
39609
34098
33566
19269
10808
37608
64872
29800
33636
63929
33441
24046
33103
20858
28702
43950
42388
42962
4978
39577
24903
11231
26163
33699
22431
54953
2888
19136
38002
30569
22279
1116
25054
62181
13042
6001
29403
57594
39998
38536
10494
23194
20520
51643
42889
3978
53307
39353
17362
40666
29406
29113
52148
16600
38952
55267
4831
24122
13697
60985
17574
19859
1939
55426
40773
64600
14337
28078
23264
44966
25758
39445
257
37674
42011
49525
39540
58181
9135
51328
62000
37109
25432
51141
41935
21505
23232
50061
48986
8977
9504
47451
23675
7832
50871
43525
9604
31680
5886
21110
52307
20854
64643
64075
55789
29230
22561
65322
14451
9215
32326
38477
57702
42590
12083
62189
32625
14065
41656
16882
54406
61577
9937
6819
55247
2522
13937
36623
16585
1909
55246
49515
43331
60102
48439
1354
12608
47375
28695
45972
8501
17253
17770
13314
5111
50228
53064
22076
36831
13284
753
24529
1121
45054
44054
1578
29609
29775
34316
57551
24962
23755
20934
34632
29345
10244
31748
44985
60557
1991
17608
37906
39836
18469
7087
7415
6391
44482
46589
38059
18318
26010
29607
9232
21879
23451
35849
26726
17603
19285
58648
48255
30463
37242
10898
49924
7723
43802
32520
32634
17814
62149
50858
22980
4218
50863
12342
46652
29620
45409
36209
55419
22637
30658
30316
32900
44055
35853
56626
61670
20463
45339
2780
29503
14036
31016
25612
5161
36202
65218
65422
28246
46276
53144
466
1202
25211
24744
6488
21355
24731
24795
63891
58084
39264
34624
50611
20688
35220
62692
22726
9216
25890
55523
28299
63566
38979
29161
29060
29428
32766
40834
14232
46016
15148
9747
343
4106
8138
46407
7168
35169
26164
28567
15028
43796
55892
54589
28783
63415
45551
20683
47413
44704
15857
59680
17202
25874
27578
7332
41332
57751
46263
36028
11653
13553
41374
55996
49199
57031
37533
50635
26741
56555
33727
55232
14076
36137
43466
33503
65438
32470
57139
6343
24144
46252
62075
65115
29173
1144
38014
27118
19677
549
59820
2630
54383
56352
44065
47623
13089
23181
17211
45102
17327
32603
60797
57366
59856
26312
53537
54964
52184
20271
15128
59592
47599
33428
51360
41651
19333
32857
30459
62596
34421
51240
14447
59012
4173
23502
37917
46147
32530
64091
34988
17070
26914
20117
55304
17204
16709
3093
31019
48552
18918
33793
1529
45674
18984
58938
6418
51106
61091
64797
26606
236
8729
29472
34999
63384
29629
49718
31641
39011
60184
8793
30297
3481
53328
20671
36977
29564
8516
51248
64263
52506
52338
29565
44452
10655
30167
21333
30618
50674
10904
63279
24979
10345
12850
40856
18759
35790
16075
54496
43576
16414
37581
14667
20713
12318
4662
56890
38404
29566
18405
6155
42469
23262
7442
10157
31726
45915
4477
53465
16516
53975
53774
30950
18021
25171
24211
3465
53445
56660
28836
5411
18115
2216
2177
53714
30338
13256
15530
10206
10423
20540
47585
50890
62101
56346
8856
28096
55788
30898
35692
33158
16806
272
23661
813
891
55770
47760
9580
29085
48449
54100
61635
35093
33217
1405
7283
38535
15716
15447
538
12999
52233
57292
46102
63006
37624
13946
443
37925
13554
2649
28963
24807
8121
45279
14033
36796
57371
24803
41867
59633
8219
10447
63635
48924
49886
57884
24593
34842
29473
12871
12234
55520
44053
39528
26823
58264
33479
56712
24546
9774
48392
30448
21129
22392
4500
16396
7599
4328
46209
42269
50238
27777
27074
4132
50979
44492
30633
52005
22074
55053
44148
38252
12415
56499
45906
45545
50471
3250
41918
47526
31173
47839
43045
31560
53400
21770
51992
47357
59625
45875
10857
58839
11730
64462
22648
31447
29471
46215
24083
20381
6169
10472
51214
26858
61636
13054
52280
63451
39355
30590
10092
35094
4945
27464
38711
48124
14374
