51690
49626
45803
18473
34221
8440
16176
57547
60690
15245
5112
33163
38962
37538
54894
49863
18852
46498
46418
9835
62981
45609
16976
15233
427
32561
31093
44600
51258
823
45906
7169
65460
62206
8194
28286
41195
13941
5937
13124
44391
44606
63166
61484
47663
26707
12266
52296
48830
34548
24930
63072
64150
56119
22125
51078
51284
7281
64070
29422
25539
58708
47774
61243
54515
42941
49939
21296
31895
48200
3946
8739
3522
62853
23176
27762
22318
6159
42330
39248
58696
7353
44519
40463
52212
6841
31863
61588
40682
46174
43312
57552
10684
56539
29578
13656
62515
54000
10332
28256
35244
18270
46226
18687
58477
28368
23696
58853
8725
13490
59029
45682
47168
52043
60430
47061
17875
36169
56486
41829
41639
55206
21280
60351
5563
31001
3737
61428
22433
61053
38320
47197
16121
59904
29287
34696
13393
59242
45470
13345
46759
38569
41194
61529
46488
44314
8685
31886
45775
1471
33569
9280
60976
15409
41247
13250
36149
18789
15956
1374
64856
51449
16398
27058
56703
25262
57310
35459
30611
51820
50398
17871
31865
7942
7439
20818
41982
56680
59280
45109
55297
18127
35590
2234
49028
30786
3131
21167
20080
26053
491
60357
9908
872
55622
23962
23542
46232
44880
49335
9278
17306
51337
4895
30655
8097
3462
7734
62004
20519
53420
6236
8869
51714
59916
46886
53319
59963
46813
44975
23694
53166
34315
20960
4883
32799
47563
36075
58702
64116
13623
21446
4434
16381
39993
20379
21081
41369
14936
7876
34291
25615
31468
54885
2146
57811
58315
47044
22095
58139
24240
48941
54997
16703
61140
41611
37214
13584
5224
42150
34599
39958
42264
26079
42673
25845
3524
57294
50020
38131
61305
16122
49480
52942
46308
29646
3799
16258
64297
43065
42433
48948
64725
47872
20014
8281
6429
4740
4504
42058
12384
11483
33079
21490
64998
20607
30149
45246
51909
19751
38346
16247
60866
21433
63184
19543
6227
53198
20079
49588
22141
42680
19127
12587
29413
1460
59983
60911
49544
17145
6797
51079
13670
30187
58977
59222
2304
45474
58286
35744
1225
4034
9691
11327
34902
14633
10883
11181
47065
18212
37082
38556
20799
44721
38551
4777
47312
57271
55345
19896
5382
7215
57545
47671
23615
22363
41467
26400
57421
19637
17062
56080
59141
23410
44784
16672
32375
57669
46917
3158
12350
58630
4511
58754
31080
57962
58586
14677
56288
64919
15431
44536
41781
65115
2153
23629
10244
38544
58830
37684
65051
52954
2238
14034
57272
45284
58701
5965
60291
17855
51235
40125
60012
13759
19991
46742
18923
62968
10928
43643
13671
29171
50669
57062
49376
31442
13676
46240
1220
57180
32500
59539
25595
14886
50400
5135
1068
29847
45135
58622
12153
4183
47311
6035
23643
31822
21961
48038
10330
28987
21320
2490
54816
828
40499
17454
52550
25115
15808
57542
52310
9443
57468
51204
23372
59910
44542
63614
11572
47664
14209
10979
12371
22191
45089
38319
117
18176
58412
28345
290
15615
18300
51032
6075
32984
57743
14918
4297
4043
15084
25172
23571
48188
37823
22275
48183
31850
12652
42912
44489
3209
17276
62793
29063
35893
17808
700
13117
1327
16445
44229
43001
9157
12608
43325
60912
43648
19143
6553
50546
60229
30330
29324
60288
54445
25552
59689
27341
30977
40438
32334
28251
63449
25311
55180
51635
25834
31531
44915
1781
23890
42076
37223
1586
681
56234
60148
12714
24563
57941
284
65298
403
44167
17450
65013
64588
62287
17601
45010
24903
16415
39528
54809
20471
6651
22233
48923
17679
11836
23195
29244
7583
49101
33102
20655
3936
54442
63813
24818
54079
54753
14892
9238
51127
3649
35896
60730
33462
65308
50465
35248
15209
52014
50225
65484
42803
24587
35002
3658
35902
24552
39935
50145
22723
21451
57157
56324
21526
62447
6864
22725
7701
23965
49439
12586
40351
56029
22174
31834
25411
38113
40348
64459
64999
23976
7226
17640
32764
30624
8143
52071
38902
59142
14523
2948
62688
22460
18402
1881
16197
46650
9337
13880
18783
61965
17466
1393
59149
35819
44467
37377
53646
21817
4600
65131
18231
58042
3208
48777
756
56782
8977
61040
39590
7153
15565
48292
19223
27941
18500
13964
50348
57578
31029
13324
54163
43412
14235
56606
31645
46605
893
49065
6492
28871
59044
50328
59469
28411
6912
57362
38617
21497
35025
53142
30541
59165
18618
53290
51745
194
46351
24652
11315
47123
53912
56912
39196
15552
59677
11316
3023
27290
17653
55627
32876
38550
2399
63080
14287
51031
9635
63826
33427
23584
29451
48493
1198
31279
6379
19089
11880
38643
51348
23193
52176
31256
12422
62410
51444
23289
47598
58882
33445
4500
55075
51681
45224
40226
13949
59562
47865
5969
30479
24416
45480
7709
14198
53197
23942
52289
51034
58626
45310
52331
52059
54774
37619
29223
63642
4837
6909
1112
53871
38770
60174
53097
58927
55001
52436
64974
62394
60522
26110
7417
6021
19134
52679
55824
45767
47567
12292
21989
18542
3803
53919
6229
47199
57959
52577
53803
48783
30688
24936
52661
56645
31150
11556
61124
9685
61827
34237
10864
8674
19551
61272
5391
49294
34055
48709
12888
61268
50594
6834
34929
8095
59493
14679
51732
37040
22872
45713
52229
60343
58299
39209
12126
53054
42689
2472
56338
26160
53525
2607
61795
51595
25128
726
2734
11173
44533
63052
26527
31651
13063
8994
63141
2909
56660
13818
41548
85
31166
57306
11692
18342
34470
11515
9580
54473
20047
4634
35706
35662
43608
54614
32354
7462
36766
7970
4088
56187
36614
41517
41510
61391
60087
3397
9087
22325
28617
12437
48549
9851
39834
28505
63338
17144
59896
43991
34968
59674
58930
5305
32891
42160
14091
13817
56440
33217
35761
12051
32541
64785
17262
7915
54729
60774
35851
11177
64169
28717
9726
30176
24362
53210
57415
15993
15068
51810
62576
1156
12115
1919
41423
62333
54517
49773
61060
17056
46529
33048
63572
601
60663
33480
34365
47527
46449
10822
8099
2465
29625
7039
6497
22864
17255
63658
44510
3997
35542
10235
50733
46739
31653
34206
61411
27616
37050
50394
56489
44155
32436
32497
27259
63348
39426
62976
38695
58641
33880
36096
26555
46183
57123
61502
44776
18657
61224
18290
63576
3328
62105
4782
19445
36211
8231
40480
21418
64348
29859
15221
37064
46458
611
64569
55251
54478
19011
2170
16134
65493
39446
28648
27092
13978
7914
1168
27667
42277
6164
20382
7393
15426
15097
24192
23548
43017
61392
10434
56644
18559
38783
30191
36017
3428
33812
24915
18519
18470
12724
62997
27719
16817
35192
41020
12960
30145
27091
3389
42533
56813
44976
18708
15607
5505
40180
5627
46762
15834
62955
38752
13930
34503
16873
16215
54822
45249
3369
51271
44426
45898
59237
63190
62156
9730
18281
9893
12039
44344
34259
6268
4752
25235
50236
53837
65166
11482
11690
43951
64589
36507
52680
47907
64719
20143
25820
49713
912
43430
50009
20650
15299
23192
53499
5958
51409
8180
62798
65199
26390
35416
18056
55569
55368
43145
43205
43829
41019
64296
47724
49457
16549
34334
59364
51592
59585
53026
60574
41207
25978
50994
60754
44208
38377
54771
57238
45206
16864
63399
17728
24484
3448
45314
8724
60142
51620
54764
45861
50373
17103
24808
34778
42259
21469
41678
54352
38114
38682
20240
41205
60899
39271
56287
21111
44750
41115
56274
21116
58931
39383
111
52534
30265
5070
53471
62915
10059
27123
6991
48195
20770
15543
60226
28889
5795
40970
46394
43899
46197
26282
51691
48052
42844
21519
31129
32901
35699
40152
56280
16943
11107
19880
43698
4197
63915
15622
10742
13517
42756
4545
47003
2664
6420
6084
15747
12506
7185
11011
20689
18421
54689
20459
22131
19514
54641
55710
9828
35167
55405
2633
5366
4517
19361
60243
13732
64100
26339
2046
55628
57384
58013
50643
31502
21269
3629
3033
58577
57663
23918
65388
21443
27298
48489
37335
19395
52830
55572
43720
10536
507
42829
25598
33083
50757
8400
52844
41542
641
45568
41780
60395
57089
50105
38140
49198
29990
64848
19247
57105
30038
60178
60044
3859
40528
51117
43088
64158
60740
54111
34837
58172
42195
27652
41112
58069
59137
37692
59777
34473
64345
15442
50685
52756
51988
52882
35931
30842
11683
61815
43434
12216
515
28867
47531
26634
54339
65393
14917
10517
3165
49877
2105
17919
11237
34498
13151
45049
40329
17837
35396
25318
16645
15787
28134
21501
28225
63582
27728
31308
15778
33685
26917
44883
49899
4535
65364
32825
51059
3478
28133
28340
713
51096
55271
4306
43730
61642
50146
33167
27810
35562
2306
64273
58719
47823
19534
60728
42068
13110
51060
5596
60208
25439
16195
54820
46325
57685
12657
25760
21190
39710
12882
12309
42908
17333
52789
63815
21366
23605
30251
28783
58999
51785
17606
19105
13093
52218
32993
32525
35739
47002
42152
36983
60440
63931
18706
63607
44156
26549
30144
40009
22206
17712
53711
28141
5611
18621
39644
20398
2911
28258
35599
58087
53680
57817
49238
50737
9105
337
2336
3519
51942
59734
47006
35338
41388
10236
18759
23031
30595
60536
54388
51884
24809
53261
48706
17895
36846
48755
61704
10649
19095
39506
58090
23641
65382
32884
13881
49970
30177
49526
28467
51442
41405
13872
22264
36635
50407
59765
31761
35057
22168
39345
42669
15231
61448
1783
10545
4630
39050
14875
45866
18607
23998
64447
64443
12615
65109
57871
15852
34352
57137
22394
61425
56682
18481
46401
60865
34826
32520
51390
16009
49654
33087
38540
46827
18149
46105
56102
35855
15413
56672
53665
59824
60021
61596
51697
31299
47017
26514
51879
53076
41236
45870
3953
21150
17849
23097
42279
3105
16950
20450
4980
50526
57705
42299
37303
7635
10454
23794
60450
47272
37989
37825
56593
7905
20656
53933
17962
19123
30751
48643
14024
46720
13668
7454
9199
62802
61666
46631
4454
36084
15018
11949
56076
21372
396
53628
36210
28070
22784
40550
49981
47452
25733
14997
33166
2259
50697
23141
62617
58988
7831
5116
752
21874
60651
15718
50873
59090
58981
62090
59937
1485
25136
25006
28541
4333
33815
9057
40649
62150
58996
24327
17929
36697
39174
2450
4394
16341
45619
2526
40955
23304
51003
46684
11077
57631
43109
43843
35929
34931
17631
20388
43426
13926
39531
45446
30201
49332
41842
6791
52171
54982
3170
367
42044
65250
23480
40892
46469
24432
15328
49806
8728
3983
37890
36142
30353
42270
41238
20544
13155
4370
7814
46287
5136
21357
52551
13709
12244
62123
17419
65286
58686
42707
22926
64924
6585
29381
17889
39402
39361
5290
27087
63765
53616
18622
47778
14871
44044
55366
60061
10693
56519
37904
60974
25741
12003
19634
2219
24339
26741
19111
15998
19139
22455
63886
22533
23091
61715
36795
23967
57977
34649
33287
19043
41007
10493
19901
59150
19522
44080
16487
1605
12868
42713
33478
30599
25689
36170
7910
56630
18033
22910
31035
46540
56625
18569
13968
34126
24066
32481
42390
16714
3562
60710
29476
4772
32650
7764
61519
48811
56579
17941
41812
8353
17235
27196
2269
32157
59902
35365
32517
18022
42479
22031
33829
13888
13461
8427
15660
7351
50694
43663
11067
47928
50232
34615
63791
14018
56426
58978
31842
56479
37131
44491
54337
3214
64214
51511
43345
64655
29502
47937
64627
21329
4775
57044
30560
4255
7154
15571
35347
24702
53647
57138
50991
13414
3720
46022
34588
50658
3848
21664
4755
4030
54554
60985
31201
48985
773
51161
52321
56226
39821
63167
2978
43947
51067
15492
49145
40816
51554
10555
1139
56239
39769
56121
28028
37860
25704
30304
42402
30765
12700
18321
22158
58413
41488
50004
47712
4626
61114
495
47929
11245
43848
25818
61890
40796
9545
26713
52338
65376
56424
36116
36244
46625
58549
31564
48817
39263
8663
2883
22014
33383
20585
25579
20073
32313
27081
9135
2884
34088
23235
4591
31710
26625
24967
56778
8133
8374
31712
36226
55991
29682
26789
32607
36266
40906
48504
62118
52192
27783
35954
63129
31203
5606
26552
49489
50260
14441
37220
26454
36101
22184
28526
32097
20688
59706
566
26854
32406
44267
46480
18211
38386
6298
43218
8216
2630
25482
9721
52070
63187
44159
49832
56626
20219
4320
62193
15243
42558
36900
52258
11737
7963
39948
65083
62084
17464
32499
43200
4975
36115
59579
4009
57131
2699
2245
59594
10826
41951
21193
51828
323
50123
7812
26969
23847
104
50324
39085
33358
25570
36884
15625
40944
51446
57533
40898
4736
32324
55723
35746
24655
7716
15748
35927
47333
21533
33068
742
10026
32943
13955
33444
18538
32834
20442
45417
28503
40126
13660
46218
35315
4919
30983
51288
43497
2901
55717
18125
37683
31495
39300
7558
36110
62427
53455
18920
46577
19326
30200
7133
53266
22253
50462
9193
3824
5961
46204
17408
26068
53659
1811
4045
27140
36239
58471
50779
44566
24783
44596
40743
7998
4032
49662
53247
20323
8341
6740
19506
64411
15738
15944
60529
19
2207
39418
42766
12726
24697
33367
29312
22137
26170
40450
24414
62644
120
46975
61351
15161
21608
53626
50863
47392
17907
58717
34361
56243
56996
54360
4494
27687
57080
56086
6705
30237
12404
46148
10635
57348
42480
57561
45407
55947
21276
1423
36368
22499
56390
53693
53671
61767
56569
20744
22683
43115
49307
33153
6494
21725
10000
36572
28295
42062
25902
50576
54685
4137
55969
24643
32166
34665
36737
51618
52060
45833
57530
49320
4139
39954
63316
10905
57121
28548
57641
42851
4668
55369
58687
43313
49602
58879
31868
41703
44085
56345
2731
5006
4978
18827
22724
45259
23187
50121
19150
7397
62378
17716
59273
42553
41962
50949
22758
8215
36309
25001
7038
43959
10757
50976
34475
61218
33921
1818
47444
35128
21978
22399
64888
56590
50084
58783
24713
22482
35878
24118
45173
25685
7913
25573
53560
50041
8239
34001
38332
59721
23140
28850
23061
21161
54759
24397
4392
13199
5074
21191
65028
47819
46527
63368
9011
29283
35136
7341
34065
21574
12274
39568
7778
20901
9216
54756
17555
7290
3723
16604
16926
50946
1819
11184
42741
43397
40000
41938
11936
37273
41834
15893
56074
49364
13996
57883
27047
31061
13519
42852
6037
8170
48497
25095
29987
24098
10257
30183
56570
47176
35163
4757
8306
13175
30165
6782
61524
56359
30626
52394
41643
60510
53727
60412
45672
8625
41961
40776
19293
17364
12754
9922
49769
43990
4081
42614
16261
6251
9429
35901
46012
29382
22266
55675
49786
28644
53746
34644
41571
40227
40235
35141
17913
58704
35122
64573
56232
54145
33707
48186
19037
63324
12190
31066
26616
5164
24997
12684
42865
57350
49821
29286
4082
38426
43707
54072
1066
50849
5899
12727
64622
34567
52686
50544
2754
33632
22472
18861
43297
19319
60560
33950
51294
45270
28792
52853
5159
29229
12910
10578
11793
6443
35637
16163
64014
56939
38015
54981
63721
25431
11379
4531
4047
24518
11972
30600
19085
41235
32224
55112
31068
17657
34451
47188
36717
27962
50231
59832
11904
46319
25523
13873
54718
48757
51929
49813
30150
43593
53736
43618
46583
29175
33800
53530
3128
2495
22070
56732
21880
50742
15164
56368
17423
37881
63485
34986
13247
20130
44228
13054
55881
11730
13654
26593
32379
38296
58008
13744
29991
8901
46487
13904
53926
1442
47609
17554
46907
50421
35534
26382
19846
13096
33029
46963
52818
1638
65216
41063
29971
17789
28363
62279
59534
22080
27294
11129
42994
25010
52244
28095
41352
40397
11464
31545
31017
41064
44174
46758
22459
27238
21856
47091
26294
40854
9353
60106
41701
17375
25844
62816
15281
18192
19375
33553
22609
7239
22551
33227
13484
26355
51353
47550
54256
28859
37501
40809
59522
39173
3265
33089
32233
31134
24211
12591
61741
18694
32074
56959
35066
31389
2892
53452
1054
38297
10554
37613
16355
21484
1006
2578
58777
42030
28858
38531
9661
7982
35698
36216
34232
65138
25134
38743
21905
26008
1535
14110
54512
52896
55887
39302
31234
58064
1931
1965
58496
41067
44879
15542
65517
55200
15709
38784
16706
14757
8798
32852
9476
27726
47630
64103
24780
64837
30513
56784
64996
408
18045
51777
15335
44028
14224
2346
60701
51534
43621
46539
30692
5287
19785
59670
59641
59194
65300
21614
54499
40350
37186
31977
42425
41013
14348
5526
39019
14480
9464
65473
34947
49379
26169
47234
23718
24661
52988
10247
18596
18267
59249
29842
41940
50322
8182
57263
6294
5236
22446
50528
46867
20061
5761
65420
41634
42639
39381
33614
52383
27416
11300
22204
61873
47898
64939
51703
30887
17217
846
5832
5828
54888
54724
65130
62312
20311
11368
11626
34173
34857
17053
27869
56430
8513
21302
49230
15406
62462
41018
23855
47850
65377
48048
58580
55377
46113
46122
29884
6498
58392
35506
47691
44005
29328
36677
10664
49917
58448
63406
44011
1649
17772
6262
65263
56711
64350
13737
40315
31424
56937
23005
58370
3279
15327
20690
21097
36136
43798
12468
8421
31912
32250
54588
32167
33000
12862
32661
46091
6406
43416
6040
58418
63497
44608
48017
13550
26474
44621
47809
25406
54157
36414
32052
64870
42314
42728
35727
19643
32919
33582
56638
9540
22461
64585
51243
18971
40552
3330
61137
47636
55467
31943
12515
11031
27040
20405
51366
4416
52500
15311
36180
37290
9048
19562
50549
19535
22573
62387
48849
15241
1813
48844
37464
32493
17723
8205
44016
60998
64095
36120
31482
49282
57166
51282
50076
58204
42632
33150
56457
15420
54034
16362
37759
34739
6798
56755
39134
20139
53995
60156
38271
64961
1716
19884
44701
7012
64541
48908
29909
13928
42958
59214
48832
13893
62716
29335
31356
4768
19093
24002
15058
57678
41939
52547
10895
2787
43437
49814
50773
39281
53759
48395
30707
7480
45584
50859
17169
65259
35508
65287
21870
6584
49707
38723
22999
51448
28583
30968
47488
6544
45461
51741
27128
31544
42800
42896
14737
49812
13528
54165
30564
28091
7426
39805
45806
25325
1057
41769
60005
16664
38649
49549
640
12129
52618
18635
28972
3952
9122
25076
48162
12401
6474
58828
15117
51933
30321
51259
8000
47905
3276
13053
37568
21591
55767
3555
32727
43181
55143
25405
56600
25989
35266
14190
22406
30471
24715
31504
3823
40323
19178
17654
36694
21713
27556
10581
20831
61617
48426
28067
45929
24757
12484
42313
29985
45035
59028
33798
43251
15178
6115
43061
59027
14868
33765
33115
6752
58000
24363
51989
40026
53424
30857
52343
23870
20856
34737
51685
34357
22523
31700
7532
45617
49004
16701
4348
17638
21993
63727
10156
40274
55869
50385
31283
19699
23371
44045
18118
55888
43164
21429
41901
25625
19088
13411
44704
53243
16144
14710
680
28513
16538
62921
2275
34736
12995
4754
2341
48859
35733
19327
8823
46738
15013
13196
52691
63433
46496
47247
20413
30084
8066
46307
30793
3827
20261
13665
12482
16165
43893
19113
57173
57183
33866
13510
6036
54195
63908
56193
17326
40394
14891
3319
40637
62647
6673
60904
23229
23325
61539
53790
37241
50522
52128
11978
13085
64900
15377
39175
56154
11969
15901
32940
41626
4858
1176
19905
40268
13383
57500
26463
55946
20538
51338
21098
24524
40761
60501
8362
15315
64938
25088
23203
8324
53462
3773
44850
15891
27056
55077
32089
16580
16069
38272
64607
7207
56845
34223
56925
50774
14020
40380
52653
46646
64718
17158
37470
48652
6076
52909
32796
29044
47619
31976
29140
57475
48793
51506
49154
55263
58063
26792
64263
28687
5911
15272
29998
61534
25119
9197
6092
16179
40940
8479
52817
9109
28550
44227
52356
48317
20406
18384
33234
51725
45827
30689
43171
23979
30833
28609
14541
45031
59797
1978
30862
38442
49833
63610
32356
65301
38781
43068
47858
57366
55818
58809
8089
58922
2094
32021
8766
9829
9941
63529
15777
10970
11388
29862
59017
39250
22224
18361
49537
22128
23306
27350
65023
48001
14299
576
32327
18247
55216
48983
28193
26832
54523
33054
46652
39155
33828
50952
46567
40961
39352
54259
39312
10530
38995
25361
53417
65119
51002
7977
13440
12402
21971
19087
9871
63143
60427
35231
8610
12305
6770
17827
4372
27603
28844
7868
4507
19175
2900
18087
62290
55127
49839
4383
62172
49975
7996
39840
22837
32286
32397
61779
9344
9779
63277
47388
15597
38396
53309
11819
18199
51904
15839
32692
9037
41740
36472
15392
11178
51903
32675
33573
5888
17211
13275
35859
61736
42355
40029
60568
61602
47314
3052
39765
25113
59834
62928
19703
27198
13914
46745
8459
30929
64652
28315
61401
25276
47139
12409
7466
43716
35707
49499
17135
51773
64952
36027
20492
54366
29080
41294
64947
19912
51771
9416
13657
61266
18438
1521
42043
11712
53977
12176
61275
42838
57740
12604
10142
25944
53645
22574
59375
64098
60185
18383
64698
59711
51566
53590
52228
18413
18417
23243
12460
19237
62251
12871
15695
17316
59216
14152
59386
41535
33545
42763
29535
40049
64869
36087
53509
23199
21651
25000
21345
5484
35372
48593
4950
894
22010
19335
38384
14530
29419
26489
46474
58262
2348
63392
2456
54330
50810
12594
49834
41362
58559
52473
44054
22450
62461
6684
50826
65497
64932
64170
30310
21349
64521
6150
24560
37072
53226
34948
35669
30945
32716
36908
17083
15928
64993
35378
49817
12659
49701
3820
22594
55678
50460
15810
55210
58709
51042
6196
63745
22989
47325
40214
177
47601
13689
3122
53607
13686
49500
364
15742
35535
8875
40237
27136
39470
39
40711
9794
61914
3246
55392
25623
51891
45925
19724
25074
39669
45721
20446
34103
65488
50321
56393
1742
5562
37458
27845
30523
24873
6302
43235
46902
8841
57307
55979
12025
28066
35861
34465
62672
45221
19115
58242
37408
9023
19811
3450
55578
48596
61625
30584
9424
54977
62918
28949
13777
38637
10141
23139
36197
24548
62708
28496
42846
29619
38642
26985
59
34059
64626
22441
39465
43106
33522
18995
29508
35134
5626
2229
7227
39090
19761
8765
38088
11036
43645
63235
10678
15319
61824
36699
37222
10128
24633
60633
12803
25304
41800
29963
35051
64077
56059
56387
58864
36892
63403
29356
13302
10148
57244
31772
21653
29907
16412
54291
2231
3867
22517
53953
52578
29282
61578
7410
59686
24082
3442
65204
41836
59180
48649
865
39398
65374
31158
871
49213
60039
40614
2029
30802
20972
32291
7550
57026
37633
50896
16944
49200
20461
2016
34188
25149
51240
6983
22990
38365
16773
8866
48726
51247
48537
29119
40155
12407
15373
16676
19646
25637
1340
30357
397
19676
6401
3354
60232
35307
57688
23027
29276
18007
31980
56077
64196
26509
32364
6529
38103
19723
22259
20576
21163
54853
15213
27877
15047
18676
35602
53445
155
11216
48488
46843
47264
9008
30029
13384
65261
63983
18339
17964
47252
49673
29152
18304
37104
55312
26455
21789
26878
46120
58003
14942
6132
23582
62384
625
65523
2064
64190
8118
58787
25144
5946
28265
703
1724
36569
41262
9997
45613
23772
28296
64981
43150
48933
47665
23418
25662
22155
3884
57598
47766
64555
22221
46585
45606
27801
44503
56491
38718
20873
21458
58707
52713
21244
59631
27669
59094
48572
23406
57065
3800
1906
56240
26776
59080
47461
15841
45157
34233
49214
23081
54033
6913
10328
1581
48290
53779
27192
91
51334
16739
6503
26324
57833
32903
51577
44310
8339
41914
49617
58503
20445
44066
38023
32369
61267
14425
6125
24089
7694
41481
64206
58360
19809
20273
25688
3921
61338
16151
34645
45818
49070
22628
57081
47402
13071
13746
5399
2967
3483
10202
59906
60890
43929
8760
62114
53264
33374
11097
24029
24750
62761
58093
751
23693
32069
59684
19277
955
29011
42029
64571
48498
26048
51585
44235
28057
31113
17146
48822
7518
47053
23850
24308
32637
41593
16211
12536
47490
65316
15208
62736
28129
58722
8729
26265
58014
26328
32836
10324
16851
64751
6940
37066
52037
49118
34351
28966
42895
20242
13662
54039
1556
25051
52283
27359
48661
36640
49397
19989
38624
45471
11952
28243
3579
45404
52386
46955
63600
21707
20635
10619
16443
2972
24058
22491
3545
65320
41589
17058
27547
13599
45783
28364
59633
3169
4750
28664
60926
14232
47979
48117
49166
56483
8650
30322
32980
35615
49446
6245
25123
56421
48574
9496
25471
61613
50660
22569
38988
21572
31022
4534
44281
50963
36356
49719
44260
45981
23664
7396
22036
47949
3826
65313
36479
22964
19444
13097
1654
22576
16539
4771
50862
45291
54324
27834
13184
23042
24868
40386
50262
50760
52535
27577
20265
14621
47156
60575
6769
6464
41470
29096
31428
16392
51358
13062
64372
16667
45912
13767
32766
41972
13034
39613
54231
60093
40210
42781
48476
27884
4373
15312
26316
19023
23301
28492
40082
7306
28754
42137
19547
24644
10075
2576
24404
42141
21791
29927
40185
7180
56936
23610
59225
60660
56219
58724
49823
33318
2364
64696
50116
51818
45117
51913
36015
63705
47880
3346
56513
20475
44907
58092
24968
7655
23022
15380
50049
36642
51026
38910
49874
44980
61255
37093
18885
15942
50502
12612
45848
36794
47338
6556
26209
7642
22759
59026
36390
49306
14391
54419
10663
22311
64210
33025
23380
62744
65088
47963
23358
8299
54706
10885
1959
40858
28969
27649
45242
28535
48040
7889
57731
63409
54875
62071
47304
44211
25242
41946
20430
34030
4341
57101
33946
36063
53093
42190
12067
5173
33304
51076
47912
49775
41622
5241
14216
35115
12951
8496
51543
26407
27722
37495
12397
64078
25914
53386
62960
19424
23349
3098
4207
63894
30060
24288
39723
64504
13029
23573
29785
20340
45341
5284
46508
38807
53811
31109
59388
21938
24955
48591
51362
56916
59315
46882
49056
33024
29565
16168
22875
47019
852
9045
25485
59521
12158
34082
37554
42595
58325
43445
35443
24882
24847
27617
43275
43723
28465
38602
31993
49263
18193
43547
38655
21593
51939
10243
45943
45662
5286
42816
40787
57146
5725
41250
57791
7947
12867
9991
16285
37045
56156
12313
57108
57850
3986
49328
25918
627
32802
54387
41211
36998
60278
41618
3866
11466
10973
359
61092
62611
55012
54273
21210
4632
11380
38819
1566
60467
52285
40827
11457
20932
46187
59843
8280
28746
54080
61156
65462
12831
8454
12791
39435
13102
13549
11609
47428
37700
6153
45159
744
39732
54447
61592
59564
51170
56909
53199
36338
23783
14711
50129
63016
4814
11288
46437
3006
64664
12638
49915
29981
33313
15355
273
5214
58605
23058
9920
38719
9842
22437
38226
40477
33371
26356
56971
15437
37737
43562
11741
5803
32948
9412
60843
40999
52941
4670
7783
33306
19174
59373
28567
41385
22154
57834
7334
18155
15708
37403
21225
26072
38565
10892
14085
4182
40145
55379
35828
16517
16975
39687
19647
8885
33361
13677
48068
22986
25635
44735
31257
20134
41911
52663
57018
531
8947
45283
41079
40618
34566
38367
17258
7007
1872
60360
8145
17296
61157
41243
47910
55149
30379
18859
48823
26670
3002
15555
40677
16904
11549
10985
29072
14951
50931
40831
24767
17370
33690
55709
46145
23970
62844
50240
7552
60267
59728
31725
13406
42585
28795
15519
60108
36544
13145
37285
30526
53929
35616
1610
12146
35165
62195
29575
24913
50969
3216
27423
25566
21916
59959
46169
47745
22442
11879
20844
36091
40821
59077
49418
42434
32845
45683
51233
34331
38199
53277
57536
40017
28614
64051
43632
34228
45960
16403
61997
38309
136
36121
12481
39519
9658
61319
13768
64148
12852
62760
46242
37776
33881
57484
36342
24169
33307
32272
39994
30341
5176
7674
40102
29968
19408
691
36726
1080
32380
20365
41612
42522
1673
1885
64089
52291
43721
26361
11354
54064
23354
50661
39985
17416
20349
61786
11909
9590
19255
47185
16608
45116
22545
20253
12061
48484
36891
17381
62341
5022
31903
15988
17644
2577
63712
63933
46168
59068
11167
21246
22934
38218
34813
12681
25040
41712
35290
28303
20394
46788
34003
20372
54848
5939
33510
21549
35216
19463
48580
2762
19343
20994
24409
9902
13862
4089
25442
38115
34565
39026
54524
59147
52981
63470
128
37398
43012
2804
21649
55951
59121
27698
41592
46177
41673
3430
34409
24245
59229
46247
31769
3200
7939
63220
42329
24407
7832
39243
39883
3191
59184
43672
22767
35431
48056
47464
38725
24597
18522
56439
14463
28197
34089
47408
51497
2918
32451
29179
22835
278
53276
32667
18178
34652
17324
22444
36763
39875
27569
42421
18736
35289
9239
13822
28493
55073
35693
30159
59926
61883
16755
53363
55679
8434
44796
3488
7088
16788
36945
5443
40194
60339
16936
20377
18989
12958
17449
6000
57394
2803
49448
51328
9770
11586
27332
62828
6266
25058
57241
43797
52227
41489
6154
59086
32515
12113
11911
11603
64846
46799
10591
38156
44979
42110
28370
47305
9648
41698
29589
12218
57643
28518
15818
39392
24301
47324
46808
13901
54688
48606
44059
55885
35543
62858
46692
19688
22096
3471
23205
32989
56092
58639
25546
31875
59578
8632
37872
27631
29996
11419
34277
60515
40975
48897
33275
33114
281
65439
11553
43650
38295
64734
11454
44599
17503
62801
17178
3762
44810
26684
6433
32795
24165
15804
6573
12237
15648
9594
38937
26841
13241
40726
52370
24460
26679
30030
21950
5940
17641
54825
41136
16953
56100
6724
40204
13950
25187
12093
32176
32086
34724
45274
38371
56624
51343
15323
23528
45445
32083
40016
51106
3451
40555
4656
61280
27295
20552
55758
24451
58120
55988
60352
32200
29372
63645
23083
15296
5979
5186
55820
57071
28255
22644
47287
18009
6447
45892
46542
51671
6963
34531
7989
43067
37552
15816
20727
8091
47285
57869
64866
2538
50331
11359
32160
3898
20025
56186
59043
26325
52230
39193
50257
5593
45038
10071
31618
56370
50512
46285
38063
50468
6997
6043
16187
26414
1131
61868
12396
22667
12419
7951
26678
51648
6977
1003
26760
62086
53605
20229
65479
10268
42484
56198
10700
25227
57135
42918
53598
50999
19074
52362
1627
44593
32217
46464
47722
3438
19082
42340
1634
52160
31899
49646
12534
45062
32592
25957
25878
37357
47084
15257
57753
9633
23386
260
20911
64452
49647
34999
8028
25375
14326
44601
34762
20411
46221
6499
4446
18475
33743
7633
10592
38264
22037
22651
4711
19206
16158
36054
25766
23527
46912
15274
60056
8609
23476
376
40243
52234
58217
22623
2756
17589
49341
45381
9728
46580
50466
16334
7595
10597
47224
48012
37492
27061
19416
11264
37941
64290
16350
51748
56599
38613
13616
32094
30620
12807
21756
59474
2481
27513
57103
64455
53606
787
26133
4236
32077
51650
1135
45190
50633
48065
30990
4524
60678
53609
17025
45512
43057
55656
59103
3005
39596
44598
6363
56257
53629
28939
42039
64416
58729
53265
9614
56658
33132
29212
52115
64010
28099
12786
21613
3767
57538
51520
44582
43617
19681
15133
9397
45177
44881
63270
44668
29529
30308
2575
986
43387
43386
18479
22984
33042
12641
40307
29567
13392
4238
9624
52850
21743
14001
24925
21689
46919
331
33046
39490
20449
32924
9852
48198
61938
9813
7328
47397
34049
5822
14529
37752
9550
45794
28320
28441
8191
54582
43339
56435
60893
387
26576
57406
5628
12282
54844
44409
65105
16993
58083
27761
59863
65492
50736
48016
33930
62426
20313
55170
54941
15234
37279
7950
13741
65457
8999
37252
14175
51456
3261
64071
10784
55040
3416
51919
32763
33718
11012
6152
30125
7023
35634
22930
21807
10633
9271
41261
38900
61219
57611
52704
57365
64590
29009
36589
59030
18829
60420
36815
26976
47138
19529
5637
8895
54710
29445
718
8914
22789
16601
1481
33806
63559
17374
702
59543
63506
10278
31501
33366
46532
47547
25312
61388
46850
26780
38660
54019
13059
22661
31167
55315
53860
2186
65081
19538
4633
30105
32391
4152
33057
14646
28560
15963
52806
33026
39924
52503
5889
35682
41731
9526
58244
50904
25070
56278
16828
52866
52747
24196
42652
38322
2830
45954
54575
7435
37811
16503
17294
20149
32945
25950
40409
30443
18187
51128
35989
13733
54872
11660
55003
39417
62015
20262
58227
10410
14353
3102
38075
12242
16283
8048
31958
21350
12034
41216
35633
18855
59129
8641
39774
1032
38833
61819
18359
40361
54143
9517
60250
23781
11005
55313
6026
34307
39126
41997
34557
53774
63556
6999
29020
64030
48150
28924
5171
55402
14226
8003
23880
42136
27838
9357
17301
14772
9700
1779
51176
61194
19697
40564
36320
39143
4761
53328
46384
4216
40739
32562
8469
65089
37415
61121
257
9699
9994
24674
64890
11025
21182
42889
42193
38741
60773
53447
12801
63667
30173
29326
48108
37035
3568
941
18328
50335
32205
50389
88
62725
45287
3627
42780
50470
55837
64202
52619
213
30317
44808
56171
45225
56108
1309
20435
49659
45589
22129
56832
55760
35551
39346
65110
54191
52236
14059
54082
7223
57431
35439
63282
62246
35658
64755
47972
13635
21284
3683
53044
50308
1883
56669
57247
25501
23131
59369
20480
43283
37128
44629
63739
20978
54395
53468
59054
50851
33333
42157
1484
62715
51253
19297
11366
4964
54540
18523
59532
28326
11803
38312
58798
48938
39592
40823
18513
8298
40828
62235
8289
28329
59982
39052
16106
55336
58352
8193
37677
41004
9102
29234
49172
39809
37548
46774
56938
65169
115
41071
5904
3288
54030
43260
22598
26266
28978
63943
20866
26515
38302
44326
64561
41331
30636
42778
62458
52630
2790
39548
34368
22753
33335
37489
43355
30275
3660
25657
32529
23404
4642
42442
7557
64967
6392
7965
31880
1564
29054
50070
32459
30409
49054
48340
8759
64462
60334
47358
13572
13249
40392
40419
39612
40107
1492
36373
45080
60228
50885
13807
15283
59489
53104
27052
29742
31861
46906
56944
16564
11430
39144
20124
47378
26061
9745
18225
33453
12540
15875
50222
35150
17042
3340
43697
29851
12636
7954
62345
59304
28477
60739
25645
38773
45546
45872
50212
51226
21502
19425
28178
50525
38094
11856
326
37742
20239
42978
18956
10020
38991
24728
35166
51692
30259
1233
60329
63884
33512
39075
38880
1518
45511
59360
2611
63011
57831
6546
28820
62214
21486
6973
25537
50688
21393
55555
58070
39838
53181
53937
43824
43760
562
5204
49049
12110
52243
13019
44579
22532
44254
926
52064
52978
12159
10292
48987
43640
23659
47566
63056
31692
62564
6670
19943
64639
52917
57373
11196
22088
31469
1727
38838
53358
44483
52305
34594
38016
21093
10887
22553
55680
22740
28139
9167
12189
62902
65337
21142
669
14572
44972
29806
21803
12286
13253
32563
40041
43338
58685
22368
9709
63305
3044
34721
50059
35319
19563
27276
9119
19199
31253
30899
34309
27708
44214
26279
40661
57344
51313
9487
44700
3857
36869
12070
42922
9289
14839
39919
37895
30121
5775
15010
3445
61895
25584
62257
57191
35827
10942
60287
32861
19927
49061
17140
662
15002
19306
6685
57410
27142
33271
26967
24213
39286
27395
18660
6745
50806
4570
1346
41825
47955
32152
40818
30997
62077
56865
63835
10123
14776
15682
9413
39441
348
43136
36603
11840
34502
63158
41507
4356
272
61697
60593
33617
58157
6850
34153
61050
3043
64324
38932
2810
31757
6570
4439
50792
35810
5877
53021
35146
40141
18160
60518
18606
29304
60043
22656
63678
60762
7196
62014
7121
63932
60705
44695
36274
50330
38650
1183
16814
10296
9845
53959
32888
23550
58633
23456
6920
23248
42817
60468
39314
47098
10404
35767
37949
12337
36902
17530
58444
30456
65173
24620
39253
30785
43168
10613
31091
29333
62079
49924
54438
56764
60604
40406
45485
27808
1745
30051
17794
18017
15829
61074
35159
3707
7493
35786
5152
57920
8652
2206
54630
6635
16000
24820
39730
13634
33382
3528
25985
14231
43425
65512
27634
6847
448
62489
43809
11212
34675
56699
43612
1362
53925
4011
8545
54643
23843
12344
19899
14297
5479
38376
33647
10865
26547
2625
3341
2048
65280
7676
10425
12631
43266
34977
64723
27127
59173
29200
3886
51477
56104
42998
44140
30519
23053
45342
62937
42734
56955
35961
10248
36804
6898
37314
50391
49789
2221
11411
41068
25340
18590
28191
59781
7603
43813
21548
25197
58601
29841
9481
1222
43180
53930
48445
40294
45532
30337
26117
26201
23819
40717
3693
36743
23212
25873
38568
34591
55972
35138
20309
55207
56729
48247
48148
13268
63388
36738
58983
15523
35055
4984
15807
39511
5544
52072
58829
51625
2690
56169
108
38056
41523
1267
54139
16041
45081
44352
40174
24769
22431
44842
24528
53707
46152
39858
37827
7143
32851
6136
43846
32140
45230
3603
57870
62874
16582
63938
15273
23346
38733
8017
59461
56610
17319
18455
31228
228
40738
11986
38357
40706
47079
35089
18959
50205
40143
53019
37105
20677
266
15690
62789
63778
30943
55255
5813
11845
18241
45156
15925
58797
30953
53708
38477
31600
19386
16373
7496
57139
1178
49561
49440
32138
36835
56386
20296
54151
34161
11659
44871
57314
32111
22057
28636
10986
53661
59848
52758
21444
44640
46436
44686
25987
22108
51757
21015
36478
8080
29717
45075
17065
40140
17149
43443
23644
28865
62697
41697
16228
32765
36038
2061
54409
50507
41158
21871
8523
64316
18488
4862
62841
1661
40252
31403
33668
38064
41809
21454
63250
51744
7091
63734
28281
57893
2145
7222
7726
60975
27944
7250
42220
32317
56098
49427
51129
40870
9223
43988
5896
48903
10194
37282
52199
18067
37422
33023
42587
15364
4048
27775
60842
14378
3841
63719
39467
55188
50701
28935
7117
14084
45440
14602
38884
49601
47914
4644
57262
7336
43968
1157
2523
62110
58339
37203
12679
3373
30527
47012
47995
46768
23572
17633
16081
34608
19602
47723
11745
58276
45982
65249
39183
3676
45209
10449
49644
23827
9962
25404
19922
31562
52407
12250
28785
41399
48701
12451
12248
42757
49747
6781
65158
53552
35716
64886
2760
35326
24115
27786
16442
33493
35736
34479
17283
50263
42991
58150
835
53009
23580
42353
48610
22596
18610
57495
63944
52384
41912
33253
37424
24037
44552
42771
61111
61940
41233
35649
768
29101
58469
10008
34650
459
15649
27903
57741
34379
5490
11807
54539
23657
13149
14864
59000
8378
5387
5643
44825
64451
60935
51580
52450
36581
30813
538
45959
39473
17286
58071
41127
4979
2080
20089
18555
26659
58108
54413
35654
10829
6436
55147
57099
57037
20396
53850
47323
55771
24649
47227
23307
50986
30535
7300
40662
800
16201
25384
10183
61867
15123
27677
18027
45001
18847
62002
38423
10966
2932
42623
45272
47182
27782
11734
57651
42594
11336
17033
59936
57990
10216
10642
35686
59010
28064
32583
17347
50613
3655
18307
7537
5194
12004
5554
41210
9536
48660
35689
17322
64712
61744
57228
17034
54294
51238
13775
56982
19049
20088
59826
26830
43487
43032
42466
63654
55331
30701
20776
5278
22645
56543
45416
59879
24994
23574
16613
15288
10551
32581
42708
21106
28817
32139
3263
18562
44990
15745
24842
24658
7787
35876
46507
5608
28135
16383
6897
43231
3607
52907
20156
46134
49632
60565
40147
20384
52950
28462
54867
1971
7688
45622
56089
14328
63785
43513
54961
39152
37910
35092
18367
36471
6120
392
27839
38198
24332
50819
53464
63353
36814
56741
15803
55119
12418
57865
8785
64920
21101
51922
7615
37107
44290
49303
36048
46765
42289
8149
5030
40545
20641
40341
9342
46045
22329
33412
38720
47846
2344
58789
58273
51669
36707
39471
3161
20738
35601
29083
46250
14990
64847
9426
47543
48919
52892
48047
15647
51945
21679
24251
38042
40935
7761
8423
20919
49060
36797
4725
44292
12486
33199
15707
9654
63503
25708
7760
56115
20244
36801
13692
1784
23969
63526
14976
49731
18074
38201
8069
51958
20510
43768
47384
28823
49508
36154
56343
14106
64667
55575
3968
8394
19015
35886
55814
6972
62351
42955
34753
13065
50375
54513
16239
32589
29255
30392
29674
42861
7256
2422
11783
4619
33214
51804
38832
27160
28954
25217
7013
4764
47189
56399
16245
40263
64899
43141
42374
31137
17684
6664
58024
26513
39618
5630
10390
16058
15175
38324
30428
41601
29087
4363
17489
6845
12523
49685
46816
19151
9314
58146
52961
1088
11518
31135
6285
36041
63920
4939
62027
34764
49878
16767
61939
25012
40582
40246
18072
22693
21180
6177
53602
48678
14040
22591
56702
22495
51715
42491
30307
31336
14127
11222
60416
45384
44472
62430
31210
3697
34799
4778
22978
2161
44604
12866
16804
60245
52068
55185
35911
44388
27777
55570
6811
27671
16192
5793
41783
10669
46427
4271
53376
53969
26138
172
60219
50820
57098
41452
54068
10926
40908
14411
44912
9805
6254
13611
49984
46831
3015
37245
12040
44928
60803
58443
27973
7956
18935
56945
41988
57620
37725
53421
31427
47860
28533
49298
3040
44837
1047
25479
61052
14131
37292
8275
40991
12733
29566
26485
52786
54577
56991
8984
14807
22967
34819
13605
28300
17321
54169
62615
52734
43307
52728
45859
12256
38041
62663
13038
13319
31456
15937
49715
28640
52348
5570
23647
54028
46681
31074
61852
46881
17796
25255
30342
15203
62777
28743
12336
3025
42443
31523
11294
39787
52878
31627
5342
33658
48653
7936
2493
49235
21312
2256
17662
15939
48301
1177
14811
34061
1797
63951
7035
44876
62252
30049
317
22091
9346
65042
57635
58110
7409
17456
29503
12272
3937
12618
4178
56183
23594
18857
11047
54955
61826
27604
26167
15089
51345
29441
22000
1462
41648
17028
41894
61757
37083
39586
52453
43728
4215
30809
51290
51646
33188
33591
57779
11095
58080
41651
29755
61304
57114
21408
46009
31611
37280
27741
55754
27415
37187
12549
18803
63069
7359
11422
3034
20703
15222
36434
56922
6317
17578
29780
14089
49417
44641
58823
3089
52628
33447
27661
7330
36883
32648
1803
13459
54149
50404
32384
38791
59428
56260
49123
26181
7762
5309
7106
4286
6674
12559
38252
22736
46972
25958
37923
22052
33303
22167
21550
6528
39259
32868
19318
63391
41325
15573
37595
42055
38035
7772
55196
4490
44713
40708
37961
57780
43964
62557
31971
48760
1636
48602
2224
59438
32479
46233
3290
4318
1894
20628
64777
28934
1710
46918
14063
8982
29941
63505
12812
11948
62412
49983
13927
36895
27534
19042
65145
29243
10002
23392
652
48158
47436
44602
21512
12166
47407
51724
24709
38516
62594
33458
53251
38231
4611
26277
3400
60235
61353
7526
1573
44465
2555
15985
43187
25487
20724
64579
43582
12810
43306
47939
43268
6796
60641
48616
60325
57077
60213
46837
58537
42552
55985
40036
1844
32532
40399
29275
38757
44134
2411
12143
25450
51492
47259
19264
20898
38083
42832
2011
58052
39338
49316
48500
3642
55352
34829
43585
40704
29174
55719
31049
19649
17956
15702
49914
62343
33535
86
58779
60513
63383
49368
5632
20069
2380
40360
25842
64783
13076
48939
29355
8112
5122
11989
20010
60692
45130
16639
57582
48126
36349
41742
33235
42335
29817
20644
15260
50310
15955
45977
52682
29078
64264
42592
20611
13710
3093
60347
40012
11374
15769
6009
22627
60632
42032
41441
41845
1982
54971
51269
30538
38062
49128
58544
30547
2208
3506
48683
2833
59296
58219
65060
38323
37374
45600
30548
32934
59210
55050
27561
54024
53540
18587
49545
23714
12255
36173
47648
37108
9253
36855
34853
45252
22677
1348
36222
7008
32486
2055
34546
2412
32569
30675
2167
63266
61622
10796
22979
46149
19949
27535
19523
28429
56150
11193
19881
38502
22194
23720
49608
51350
23363
28013
34957
13236
35940
48345
19203
49752
47081
11817
49758
62044
52838
28000
16449
19978
55615
17311
59045
43713
50524
42656
20034
1848
42704
1667
46653
21893
11841
36917
4850
20302
47104
37530
3917
64395
20140
3731
10878
2314
19201
29130
47268
20530
58046
43446
37420
1908
7018
25515
57005
51951
45602
39078
34988
4016
8516
41607
61729
832
53778
63461
16991
38244
32688
13573
923
10030
27757
972
3728
18198
56855
40921
39448
37958
28993
44662
53002
64903
335
60008
43590
29746
43385
65415
58758
4550
32177
4646
39364
7385
34838
27237
536
15464
5913
22512
26711
59333
57049
7512
43233
28695
63317
34587
47676
48407
41531
56382
32385
59727
12055
36488
7593
28473
55209
25069
47646
10444
18841
2683
20582
35951
23198
57067
4266
56805
60766
19109
59193
16911
24336
49421
18119
14939
49780
52519
42645
2801
41202
60760
51252
65248
47195
5426
47978
51211
9035
45037
19402
55148
60340
11369
32185
40352
53916
2519
60750
49277
38366
51363
9405
2562
60062
48452
58872
31067
47326
21328
48014
18735
51811
9973
18778
45182
15180
31626
19894
64730
20082
583
51516
46894
15482
25590
55114
18703
11942
7736
45689
54127
19925
18848
6232
52287
3198
61435
19099
861
57226
8673
20716
34997
37006
22552
33216
58932
17842
21577
42253
10632
1678
45743
5843
61765
31409
47319
49479
55364
39884
5379
47336
13479
18686
19288
16852
59784
14271
37209
46433
49048
2124
62823
61256
26301
52870
64972
59262
31632
50796
52797
21207
42799
10401
1728
49968
49809
30884
65469
43063
8719
33551
16988
37468
31341
1923
53351
7592
5844
19155
61171
38397
41404
54637
63118
2919
16036
27624
63031
46865
29984
56868
56285
1067
5631
31048
17155
1998
6405
19503
24693
56794
31303
62301
49092
9846
25862
19762
56758
13570
39857
11335
42700
56336
57627
2636
10577
6122
61259
1167
17630
43642
15324
19740
37518
13173
50735
15344
11360
15703
1659
30912
14822
42726
4639
53138
39907
10936
38008
17576
44603
40597
5786
25209
23202
54536
64499
5581
7234
6239
35308
15741
57339
3552
55363
62893
33924
23867
9265
42024
10918
64670
39132
28708
5400
24499
8531
61974
42133
10263
25567
59490
53324
23281
19415
28757
55069
7632
13270
42071
34207
11548
62509
8861
27846
51498
42683
8929
19215
58268
34869
65032
19133
8974
46611
58099
13713
64608
28674
39393
40599
32747
24505
21658
2315
42177
42047
55174
40336
18249
41566
2461
37913
18086
12688
26151
60507
30723
10318
61918
18960
580
10018
20723
33956
48302
18962
42409
25008
9589
9684
40445
20422
43973
46665
43955
18634
9218
15851
26563
19689
11486
22719
20691
58961
30921
37189
10623
10439
43689
24046
14112
45488
23294
60541
40541
41987
42642
47371
64135
37249
44470
22829
26395
37819
12222
43022
17658
7679
38169
16647
45180
33777
48128
49796
21183
37927
14860
56613
19243
19263
59496
16652
36144
12846
58004
24175
15012
41775
65167
52326
60421
43522
16240
34325
13609
325
45563
63175
37604
37391
38835
5557
1224
41706
31423
17626
38856
56192
13201
1725
18928
14508
9903
56472
13913
2685
8935
37932
50434
18382
4056
40337
1750
59506
17069
38079
16841
9084
50982
56411
17825
18090
12513
31498
33074
61967
62365
34165
34868
40758
39844
63542
15536
52716
19903
43701
15990
56789
63275
26559
34092
4651
27083
30796
64090
44272
11414
17165
61173
14984
50957
39981
32031
51424
62487
37802
40690
26269
41476
3736
12033
27460
61444
2970
5421
46238
52368
40191
42657
22692
40225
61982
39606
45429
14099
46410
59625
1279
51545
36782
41621
62917
4099
12561
54931
58213
28469
17157
38926
50423
50899
456
15983
19308
47477
64570
32556
13778
60187
38122
5640
26375
2561
56460
7457
47046
47350
6061
60110
58818
43328
19861
40924
41736
34044
29826
15764
29189
21361
24651
32421
44153
32543
19730
15563
56466
49027
53892
50422
62182
49989
14051
33581
50217
29726
6726
64162
33017
7155
61205
23121
60639
50214
55431
34066
35630
10914
25424
45593
13418
9714
18534
17175
8574
30021
18259
44090
22490
9387
40985
27880
57443
5381
7099
20958
55580
31924
6073
45908
51787
31264
18482
1793
29675
14775
13254
12364
63627
25815
11440
10056
44390
36449
60308
33160
14885
52377
43924
57802
18052
9605
49219
59861
18408
53625
63822
15862
52475
14669
27116
16808
2515
10810
44672
56068
40584
23722
16521
44573
18822
1085
138
65353
44780
50195
52938
61474
20627
20003
18054
35397
63300
44775
2149
61375
41675
12339
11919
50265
51124
46155
21946
40731
51218
58615
49035
10601
18491
20341
63592
21793
59683
49750
27480
2263
49726
62243
48469
45610
41761
6605
25703
58706
55566
22059
47303
52620
23785
51333
17683
31963
6279
2542
30134
17057
24429
5100
58256
37191
17310
1296
43620
59923
24351
14625
37954
65496
31448
6480
14853
11146
33624
27981
4149
51609
44249
4331
47936
60609
50654
4853
23768
27270
6193
62913
55756
22991
57030
20008
1261
17064
13869
53944
17334
34157
17023
42326
64308
5547
8132
35213
7352
51264
2133
61423
32629
10093
46115
45025
50414
30018
26687
19849
55673
63145
6965
39755
50783
29652
32522
61252
12116
25053
34685
54415
59087
49043
36102
49204
1987
62530
51130
28448
2356
48578
46661
36175
18544
13742
52405
49024
59158
29926
7487
18548
36026
59673
23860
49057
21944
39262
46118
52656
37190
7836
16951
16470
47986
24928
22068
10560
11715
35935
20339
46931
35056
61752
29773
10276
9233
47445
62028
39671
12770
39515
1569
48398
33058
64568
47804
29849
4221
53481
16799
49093
36976
50509
58012
48367
12738
53889
834
56118
46606
41518
48006
60356
33579
32403
32679
46859
60171
20234
26876
25013
46321
20728
19645
13245
11985
61019
49590
26784
14644
16634
24712
18693
39349
39567
59393
29389
29300
30402
35318
5101
14869
24179
43461
18580
1574
29385
10747
32038
23014
48372
8539
57118
21007
42368
39950
29721
24136
29188
43016
40437
33751
28145
8409
17807
45710
28146
23540
10894
64218
64950
51224
46909
26116
1544
32267
13857
51368
65078
9158
44733
49231
31075
26644
438
15757
22611
47072
40701
60777
39580
16910
21615
39045
37005
23047
63571
56575
1703
505
53650
18980
31259
63816
47063
8730
48059
4823
2947
14151
28676
39419
44984
4912
56834
37332
6437
40934
30640
37393
41856
64172
22315
60534
19588
48716
11533
45726
50107
502
48833
34101
8940
16623
21886
38469
39491
1979
65370
37289
15362
22152
18392
60674
53332
21364
18585
39594
19331
26094
64511
21289
34886
26627
64000
54280
1252
42636
47812
61636
45642
45708
60508
52298
57229
18229
19958
29187
3342
60342
17015
696
25810
33319
772
15434
53065
44685
62026
15780
29583
47031
11027
17022
32279
4797
51604
57670
16166
26948
20212
61599
30024
28420
39906
25059
5818
35708
21489
12228
24238
59274
20356
65092
56145
18100
54178
18341
49995
17422
20894
27285
63310
21311
12741
62276
46343
1626
21377
54025
58472
29787
14013
37350
8735
23465
18936
25444
3914
26154
36564
3744
19907
15252
516
55829
7983
15479
30515
39396
16882
26231
33879
64774
35393
18665
5720
52597
13826
37150
45152
12180
62042
31978
41831
28679
33794
38893
61106
47158
22145
4787
12079
31028
48613
15974
21288
27036
11537
4693
28804
32579
30947
25934
54011
55965
37325
32818
10569
56663
19559
13653
48865
34110
64942
33342
49232
65501
57267
41422
7236
10589
34356
30157
39563
19286
58283
38641
54902
32467
19176
48587
45724
42953
41257
59624
6598
45834
51310
45785
43110
42332
45719
57441
60587
40561
65447
14616
46328
30028
61324
13210
15216
11944
61244
19921
54616
16224
43553
60658
17509
61100
22948
31185
23506
31003
39941
28410
42237
28173
29268
41322
32262
25779
59893
47025
54808
44188
44181
19720
27738
47697
42542
22957
21767
59901
30365
6539
28587
25448
14762
56540
12655
16741
22868
54667
48528
52584
62944
39256
17162
6161
7212
61603
21275
25161
28050
22493
15145
24984
63837
59668
12018
1702
16270
57659
39995
17237
65260
36877
5935
60614
17210
17990
15701
41401
23902
18050
50219
54155
62179
6778
50097
27994
51538
15662
37606
118
29739
23876
17277
47732
28160
1044
14630
2626
46209
47826
38883
58821
45192
41627
38474
53262
53632
23520
12894
39756
31640
31399
28298
61315
22249
53296
24604
12199
17476
30476
24485
45952
31276
39699
39216
12473
63208
43519
34958
18509
10615
60266
44118
15494
41484
21331
16793
23336
50019
39229
37171
20004
28581
24277
45657
3537
28637
434
24793
6618
20272
38909
42970
18030
62311
11395
58460
12182
14957
41596
60233
15911
45302
43087
17535
43754
7378
35840
39129
58658
57848
1639
9192
47751
40993
17566
4212
62824
19924
14914
40982
42629
28498
21603
26397
51944
53288
27397
14634
50085
44042
41959
51774
62899
19436
48569
6396
36178
62446
53825
350
13265
5034
25692
8717
8173
19458
6516
54389
22216
361
5852
23446
33488
23360
46258
37327
6634
65329
29574
56083
34151
28002
63994
46783
33100
55990
41126
15976
61892
4585
10279
61985
3011
3435
27356
23441
47335
34590
61871
47742
35922
59941
35491
48094
18063
64247
39420
27277
5518
12386
39600
22073
54426
57478
57658
29379
60444
39841
3324
54538
30691
8699
33701
58138
9990
54558
33052
52840
57087
52031
18582
4078
9576
44396
46922
30047
10398
14096
57233
42077
1336
18699
61925
25738
14589
14567
29779
30253
54930
52531
57162
48022
29267
60602
59732
26532
6441
28616
24062
21371
3357
63802
5146
54782
29655
41148
60665
18785
59437
50288
53970
49637
55626
11058
50037
57906
61647
3490
12551
64501
6183
41932
21594
36731
32448
60615
56657
12145
60143
10160
5026
4577
38428
10242
30591
60230
60966
30085
28826
53951
4525
26996
50271
29342
44081
62667
55104
50914
19014
10303
17494
14129
12448
52489
19459
58571
47918
13523
57239
39534
11291
55274
20114
24151
31457
48437
23921
30016
15530
12842
25658
57910
13953
158
16306
12890
14004
49794
21561
44992
16616
45453
59895
24026
40087
18111
33557
55544
33119
41239
35113
21696
3238
24226
33473
38844
40887
15369
12553
11927
26483
60195
31881
17981
18728
31755
49697
57491
64753
61032
18741
61574
42496
64864
1768
5721
10482
37068
24419
44673
29412
34654
48182
25600
17961
41803
65146
56873
23934
43374
53373
7793
10344
59831
59257
47797
23807
58969
9077
61455
125
8888
45288
42239
17664
8880
11895
94
55646
63626
61148
38106
21141
29145
27835
21722
9100
38535
30664
6531
44697
29240
40303
17584
19476
39525
58385
56612
13382
54390
30278
47733
26525
5989
53721
37276
11493
45620
62591
44988
17661
29110
58348
22416
4424
21545
46649
53831
14264
24683
27720
11330
28876
44482
51033
52306
52515
48134
4779
48970
4610
52902
2102
52422
65185
18306
54905
2092
23351
21151
34033
23668
36775
20540
10124
38284
57569
17739
29821
18334
1140
44320
13723
41814
52783
27327
54479
15698
41131
31575
59344
22745
57597
29966
50072
22062
1055
50832
28374
34828
10269
42208
58445
12757
51624
25333
31519
21827
47356
48694
5541
32013
50379
31848
9056
62115
56212
39032
40603
32297
42965
26002
13445
50791
54162
25104
13164
17697
55268
30313
7724
8057
36483
17802
44361
24550
54482
49079
48584
2563
21610
12325
37184
18983
7839
63326
33233
27988
16046
45176
38728
59948
32131
53873
57875
53
3253
21352
65006
44888
15886
54104
10604
9761
40010
20948
24246
38877
44756
60436
38895
40755
2851
62094
2442
46366
16574
57454
20765
41258
5444
19398
271
4986
45311
41491
16129
22113
39327
45509
14300
50312
258
49513
44057
38786
64197
18319
8331
15440
61544
64355
61864
1020
38522
58714
61556
57056
57900
34276
53186
47451
52594
31604
64791
31802
8219
19008
52855
27009
10227
12925
52111
34381
62999
8921
26377
62768
60778
28213
30551
52692
59105
52735
38873
60669
59340
34700
52673
12375
63416
47249
26999
56894
14659
58250
54185
47181
63726
52396
63625
18168
38334
45968
14733
45451
52107
58557
3465
13696
12961
29982
10714
3996
64735
47405
27158
19035
19858
62395
9750
1529
27987
44052
46551
7151
6354
11742
63155
6675
47799
43003
2121
28684
49741
39688
42411
37909
27419
51639
62147
26499
51684
51028
44745
38460
54605
22567
3548
6347
48335
50748
21824
17506
57417
36351
34034
18982
48213
23129
50346
40565
45805
54674
36418
55197
5975
56129
18269
17469
16743
39057
3482
16064
22850
25528
8676
32347
54692
214
58950
58554
961
50485
53465
34241
18486
16710
23824
65175
56049
49490
19097
6662
34646
57134
47211
28942
586
10538
58245
14141
56053
9177
1928
52325
61949
30437
6273
7707
17393
22471
2698
19312
25940
4013
13300
14971
27377
23899
3588
46462
30808
35342
31839
43949
10084
22734
2606
30015
51762
61154
44597
9220
43189
10280
4593
10441
9173
20283
46869
43885
57574
14440
59133
24290
30442
21196
61710
15585
19309
34589
21932
59013
22988
61062
500
39354
2841
25666
22604
9026
64574
59652
30797
32496
33992
35628
28761
47380
8837
56710
17694
34219
14228
61295
48274
13255
64238
14180
10348
45039
1146
26043
13595
40503
3618
54559
52259
45108
29050
34811
56919
18255
36754
28351
29075
63581
64531
32252
2769
13317
49575
58960
64326
24990
43777
58688
25652
51273
282
23800
3008
45990
62628
60032
27785
46297
52506
31952
41505
52626
8552
30419
2425
55613
27664
38591
59089
10040
945
33395
36660
11175
32149
49535
49373
21865
17231
48127
23929
34323
22342
6722
15473
60335
51736
34564
2583
20243
6479
4063
20760
62103
44708
5724
23515
32910
49876
33341
55124
57323
29667
61155
41156
55327
8865
27060
13747
23417
56447
24075
33334
16777
50589
12656
23552
25371
46324
17620
33373
48110
4623
15183
9493
53155
11185
59882
26942
24795
53709
33910
35153
3876
5312
36257
24942
28563
60531
34037
16550
53658
64536
60595
24589
63954
26712
27587
28373
61818
63434
25122
62129
65406
26217
28454
36598
48315
36759
56067
7084
39267
36769
61966
16125
57612
52402
36375
19230
34050
39158
57892
14014
426
61805
45048
1096
38717
19090
49627
32990
16313
14166
55548
63453
48090
52650
1215
30445
52173
24703
58910
32035
22903
16444
10431
3880
65503
52571
40245
8591
22590
4790
21861
38817
36972
30269
37790
22593
23037
15503
42612
12625
41960
38018
62066
35083
18487
15883
25683
49175
30760
31296
10424
530
42432
44194
19526
44269
9359
51567
34436
63861
55420
52502
45467
65360
41963
14073
61460
23471
1514
34043
42809
16011
37309
37127
527
32830
36551
37265
46647
9951
30787
54649
61714
26368
46518
25603
35405
58501
11361
16329
31789
61525
43807
4655
42949
64957
17587
14074
26719
46945
13304
46803
38022
48295
21032
36779
45717
46034
23095
26507
54086
1795
26922
71
2194
52611
52479
13042
15927
31628
36064
31054
15356
23841
21600
54684
59436
12076
11587
31235
10846
27101
26428
25362
21823
23484
62468
13929
2387
25792
1275
25632
9514
27090
16328
17615
32022
45526
47709
19233
14899
46552
43712
31286
3690
29411
21820
18661
64816
63213
18379
5352
26988
39120
15043
13588
32740
18044
39429
48125
32450
13282
4690
27984
4695
16474
33425
16232
13284
52169
16833
17525
49539
62866
59166
35528
17520
65297
61496
29247
46546
60791
42223
21717
64394
63064
5057
34392
24983
30335
6876
9509
13788
25927
21898
63483
57837
26796
43741
41213
60525
44518
6485
57648
49403
32821
24805
12090
5774
6855
24174
6322
64342
56038
50925
53583
54221
35817
62217
3453
46245
33047
25335
26322
41751
26903
26574
33363
25724
44306
1318
26264
51171
53526
27470
28158
44125
6495
24744
38536
33876
47523
44864
48550
3672
17834
23700
59356
12787
28872
43072
49358
20426
18089
49089
808
47777
59239
22083
32510
52598
52720
28346
16643
22050
23792
15389
48373
52092
33546
44874
25647
30345
43905
43586
52215
33158
45976
43296
64716
65466
35992
30164
37313
32161
60072
31635
56042
58074
51095
63457
30916
15294
39048
19399
14401
21356
62497
15970
45271
48997
44955
24220
2969
47411
610
13258
6163
25461
33789
42418
38657
50913
28071
59986
38178
42
51427
59658
59909
42620
7763
34239
56823
15408
60677
43035
406
56305
37397
23600
30614
31059
50570
31378
10327
5451
30382
50492
60813
29804
52104
3127
5199
59598
3292
43984
32882
51654
12596
56551
57654
35836
20787
9000
8437
95
63232
33709
965
6456
56847
59615
2483
60877
40221
42117
5438
32567
38263
22202
36651
28156
54560
29973
5833
32806
15863
25153
26879
38732
54926
61068
50432
2081
44862
46522
22251
38758
45444
45169
7082
34959
35170
47802
26991
58914
11579
4161
39382
19587
40186
21715
43504
11527
29665
62259
17229
57165
25199
58421
44425
48266
25762
55360
57747
27328
42405
28592
4969
60891
45599
15972
27027
41921
57577
2693
44190
27287
58318
61839
47525
23472
42892
19773
29357
11539
14445
36203
32339
30670
17063
25086
12445
20522
34245
25350
11578
4544
36358
12992
3923
7834
54240
29639
60374
4442
37974
35489
16633
64102
61920
2265
48979
3361
11744
51829
28083
36506
47699
16172
61048
59199
31526
30111
21602
47831
14466
51154
49822
11768
43786
35048
31164
14547
20506
47851
56137
11123
11132
44318
41707
9619
55334
54652
60860
17846
43962
24053
45914
65330
41321
2108
48273
59665
5685
4759
8476
3902
45268
45066
20795
7875
51523
37669
15194
34220
50968
54116
39632
3347
8319
7801
15914
5968
6323
61160
21988
4839
49382
57968
61508
946
41861
58122
48365
11993
16927
22791
25554
21582
45562
8260
51519
39478
65129
27387
6799
27560
31046
8884
35468
17771
33071
11134
1297
12650
49548
60875
23458
4460
60859
20120
57297
49462
30081
46905
61022
53426
65487
50303
46802
37342
31387
25359
38632
24832
2736
51839
44250
1882
16031
33359
30101
44509
36539
56774
64209
52893
58884
44397
49811
44024
49667
26932
22939
16182
16622
63123
42626
61838
63991
55153
31894
58656
35889
7509
44732
40943
10240
20165
16880
40695
17639
64770
59705
23519
29569
30716
22838
4821
24562
45469
44903
63498
12399
20185
5377
46339
16631
5846
57806
8992
60861
64105
23635
33523
50172
57467
53075
5069
52919
54187
57826
51682
26813
23461
40456
58474
25295
24372
19836
39201
32534
40156
44858
64268
51924
49257
2879
29076
26652
24676
43705
4792
920
54248
10539
30067
2727
19397
25817
29156
14708
56157
11668
21579
31689
28825
9972
52998
8905
50566
60475
32697
31898
49933
42787
18780
15981
17858
35799
16682
49624
62994
58420
32003
51227
41734
47360
37427
22690
20659
22172
53463
57380
20984
62846
3673
32040
6645
46875
14667
43726
43789
7622
7089
45414
21778
42821
62851
23055
54439
61726
56964
52612
54070
43034
10532
24989
48118
63320
63037
126
11752
22019
793
63053
8327
34450
19930
34104
13776
28001
34100
56253
28440
53136
17859
43971
166
26172
36559
63773
6205
38304
22127
51992
49614
49829
7523
60181
39374
55388
5729
46049
14323
21904
53123
43075
64370
62812
35996
29033
33585
8752
65386
63043
43418
20246
8928
41588
44117
1838
13789
30171
45894
27220
18112
58136
53189
6133
40826
12374
37260
26812
63869
7474
22906
23749
38574
45479
27730
29712
34462
32036
10083
10363
28556
44368
52562
55796
30416
49164
56063
62682
56349
54754
44316
37162
38712
34441
55367
58834
39660
39575
22849
5140
38402
60029
28710
20687
341
62821
49985
1417
56500
17985
45433
47615
39149
37028
20771
37182
22634
59367
58964
44783
18839
35835
49134
37428
2128
18922
24180
37940
40133
25486
1376
39322
60613
62532
22323
40666
17361
60984
3344
59183
55376
17385
5880
11520
43422
55850
14002
20495
11600
44136
25223
38681
49801
21799
52636
33400
46161
17894
57872
22372
14803
29943
39607
62939
26590
36745
25714
38259
12169
62211
2588
15510
22427
45524
29568
19574
33877
31853
22894
15919
55813
17181
28681
62892
43871
30468
26031
27072
48891
49938
16480
10167
27126
27215
17516
59115
12230
44581
63244
65254
62424
38640
