23194
7207
65420
25340
30421
20767
7880
61246
6369
44210
39777
1022
39173
30503
56304
50765
30930
24097
4320
4555
15898
24069
21820
59698
47403
37616
17310
62221
36675
50801
52811
10051
12360
56009
56969
22375
6073
18593
42355
7936
2581
58393
40730
15776
61716
14820
59328
17946
26994
9396
5203
60915
7530
55629
8515
27274
49174
16633
59069
60355
47879
41041
21716
25481
50981
40244
18078
35046
63615
55270
47
4546
14080
3382
32451
26156
4352
21529
49586
38743
53359
62088
56717
3397
26503
19740
3348
12344
8845
13293
36543
7512
56018
33261
13623
43898
43804
32447
4642
17437
6243
20622
54647
13697
28722
39793
385
21957
27683
37330
15752
6549
8491
35959
39285
17942
39433
15481
12036
30319
27588
40930
41035
58487
8142
54295
8943
26499
57574
18371
35800
18243
15673
47861
23236
35417
47075
9235
7235
47748
7009
6525
53667
15667
39942
28714
34976
64477
49779
47054
34683
108
25594
56285
59004
45521
49756
43770
53785
53192
52939
47867
20995
30523
30868
22556
37539
22420
6788
32649
6044
53708
10790
25016
44587
43964
63444
40741
63560
48545
13619
47338
4056
12190
35269
11392
3540
45355
62022
63576
52871
19039
41647
6538
46813
62644
13338
18993
55217
25911
65129
17216
44711
58465
21009
17420
25985
46196
18044
52591
12366
14851
6943
34012
59366
41229
50278
64359
46488
2477
64929
52477
29295
40997
57484
32822
43392
63541
41658
27585
47508
17032
29584
47979
50595
35355
25138
34836
56711
4445
25174
46536
23655
65124
55106
20764
33996
33648
34759
53434
49814
25665
59327
16710
6225
14271
49257
6542
51993
12737
55150
60810
21327
53107
25155
49010
44730
45725
30745
4526
34925
19788
32914
50348
24311
24324
64497
20556
28367
63095
19830
35087
21747
241
26850
23456
16644
58713
13980
65189
62466
14076
11028
11203
46730
48544
33313
52604
46090
8624
20849
2236
62169
12684
58450
45622
52235
54371
59317
25620
46257
11049
16665
3880
12466
6300
56739
55142
10823
54319
39275
35145
51134
41416
58200
14925
11130
45388
6843
10387
55856
43017
38638
21124
58016
28115
36445
8622
32375
49070
7314
41076
15882
52553
21367
1568
42682
8638
1403
32522
53232
49006
47644
62294
6734
15815
6496
2592
11636
45375
11732
22606
485
36287
22522
20561
17824
56301
19337
42890
36052
34926
26384
43422
34831
62653
6779
46860
24607
42532
51167
62953
63545
63885
15906
47082
39164
33107
55442
10816
36222
48313
19168
64210
5720
11204
17288
31426
16510
3469
28068
55487
26978
37182
46457
1656
55338
4317
35994
30210
53476
17239
54564
41278
9494
22315
51256
62244
30678
15452
20212
61477
1546
62834
35603
11816
35236
24547
35965
44786
46873
3645
30906
34847
23881
39102
28045
24848
57900
16259
50332
18195
35311
27666
25761
55301
17844
49724
43555
54625
53692
60840
64989
50963
22821
40839
20591
52585
55634
50403
22422
10101
63882
5318
30383
42272
32301
19372
45424
19340
2459
54118
11185
47282
21663
47077
40082
33414
56606
12992
17493
43502
6783
46449
63564
41915
10134
54646
29332
54728
63735
39493
63351
58452
54062
51655
32059
33997
20442
20317
62498
7774
2425
49558
58738
49042
51347
8486
65493
10082
2327
39965
21231
23248
23648
23297
58346
24906
29353
15403
29347
21882
40071
39403
23313
37244
12268
2129
40118
60236
43904
36809
8475
9792
9837
60734
10897
32427
59415
34417
26608
37349
65432
42778
16307
62210
60451
10882
3210
15223
51240
32849
44128
36467
27716
22203
17602
26010
24134
35492
52785
31997
60123
59473
26572
2682
8671
41993
2325
1195
9130
56397
4247
61845
34528
57727
46181
47789
54740
41225
42646
60195
37431
9217
41379
43332
20301
1478
64004
22593
2230
13641
34815
11343
13316
33424
24146
32482
20529
19247
11649
31857
24730
61783
15893
28204
14916
10104
21116
23933
15321
46323
1692
3440
56188
55622
60970
50660
21813
20690
12777
57435
48089
55673
47071
23023
27971
23975
29470
64119
56787
18793
65237
3141
16941
7517
57423
24680
1694
30154
12290
59478
62123
17555
54342
34416
36304
53892
10434
52664
38512
30911
5263
50651
47916
50912
31864
25459
48126
31236
41099
16795
20375
46307
7018
42881
62943
7918
51150
5188
64410
39050
1925
57112
52429
59838
41337
26731
21215
10061
38473
5194
37048
19661
51855
10269
22082
38244
1222
7980
11505
17274
29199
16316
44231
23809
53442
14694
64554
19237
51890
30613
20960
46812
59418
36149
60699
58203
26455
47860
4493
64003
6631
12309
52054
10764
64909
19671
45536
50941
22519
16601
26058
39657
52121
47164
11908
48570
6334
22177
63110
64471
4025
13743
46736
39605
54678
16564
16106
21999
46978
32855
9793
33513
64523
10730
10225
31711
23489
29735
19060
43763
14647
57005
21755
3347
64886
62223
64738
46201
28940
4689
56876
20621
33044
19297
57145
23661
24089
5165
5681
6803
40449
1323
31824
18697
40005
55510
21689
47472
24827
3897
24870
39926
18661
18618
14187
41599
9782
46001
1285
64104
27008
28001
13129
48398
46614
21966
55280
42226
60525
18090
44834
10577
7415
46009
48787
47853
59899
8659
32515
45400
21425
60296
45255
28260
26772
7671
29009
62680
4980
41109
26489
41531
18551
49648
24563
57865
34657
28072
14328
59416
20078
38537
27017
60659
17466
21316
2255
39226
4476
56889
14716
4448
57845
38129
44470
32953
46442
21847
19163
32042
35638
33959
52288
62888
27592
33510
46906
32839
14930
51299
60391
3936
9804
55344
2997
51305
16863
41075
33128
14007
47063
9820
23733
51091
57070
53006
56264
37080
20263
50360
19149
12102
26271
19521
56008
154
13690
9315
3306
25784
63901
56235
16168
3105
10918
15065
48010
20487
17075
52704
47227
3414
9254
15962
46629
7648
21412
56334
40675
28534
12596
51874
14879
41661
16057
62492
15077
32173
33303
36208
54636
50054
39435
42740
40301
52833
60565
45867
26188
24920
37155
59597
2364
47476
41590
13942
4773
27462
25270
7813
43996
41441
28705
39238
35437
62209
12456
17690
11228
31978
16545
53609
3361
23094
33304
8826
6869
19077
45140
499
44628
65162
21066
30098
53393
38741
59384
3177
23189
33349
35365
48635
11826
30856
13319
29057
61731
58276
40362
34398
22086
10148
42429
61024
32782
9201
38336
34977
12390
46797
56924
18097
38049
27925
1756
13214
30622
52226
51617
49709
24588
8597
47211
59013
37044
6051
33916
27363
27127
40192
21618
22472
24531
634
62211
13398
5279
47888
24757
45263
55253
35935
7497
23416
11625
41962
33943
63401
17717
15541
8769
60601
23920
22485
57349
5679
21341
48925
45354
27880
4639
54382
26986
11354
34488
6387
39024
42335
40190
10993
5601
57986
64747
34330
15052
50406
30900
53520
42083
56649
21292
46143
21597
26106
9558
41211
61603
59626
39019
43273
42308
38917
27896
28423
51706
2931
45835
17341
19030
51398
64611
27594
65088
15666
28106
25482
55312
25230
55383
11043
39318
64063
29794
22602
55065
49608
47360
27672
10770
61931
7991
12341
28395
54567
24035
15194
23992
54753
6988
64007
30829
15849
50089
46979
48916
38690
41065
5147
64889
54079
26990
5355
2196
52701
55116
29539
51155
19683
28585
44579
13594
22573
35327
6766
10877
45584
3247
44213
59784
20882
34187
51078
9902
49247
21108
14968
33033
40853
51369
46317
21883
19672
30600
17640
58195
29732
27615
33742
45241
44808
18369
7757
31845
34849
15896
2535
29307
64648
11724
47181
498
44419
22572
32185
14415
61758
7211
939
56174
4414
3039
55742
6043
60939
34811
49022
26140
35305
13002
30898
39040
57740
11648
37273
24548
51747
18440
4531
23386
51001
21848
45607
1053
62424
50447
41810
64085
60023
27443
22092
19851
60281
37813
45678
822
63280
39680
60735
18021
59400
54216
19361
27987
7785
56089
32609
43539
27402
19303
24125
20308
41260
12736
12365
18295
2367
16202
43191
20322
48185
48515
40309
15450
4311
64882
64646
51657
27688
54540
28845
4260
11207
43779
19601
34678
37856
33660
35818
20674
40143
31253
51361
33964
39685
49477
25916
9777
17412
51297
24668
45422
56012
17628
29194
35458
1747
4006
35884
43667
1806
32833
28612
13676
30322
22787
58297
30428
47817
37141
50017
15749
21915
62633
17038
58813
63170
17076
1491
15944
19962
46668
32423
7881
37686
31880
32353
31415
60168
44146
56719
51512
14056
11159
48014
16669
22147
26960
59105
60103
43311
60208
39105
60448
51518
64925
51578
21997
62184
12687
31393
29293
59536
53862
50411
25345
30351
10978
36516
12288
37775
55145
59360
26821
56061
60020
33331
43983
56202
30662
23257
18565
26323
47794
15017
26099
18002
8220
57901
55961
9246
62105
61455
14892
35870
7437
26241
53219
56779
23587
10487
23765
490
42622
53452
5083
2218
28728
38084
31039
18780
52102
52282
37900
48563
23035
8291
22161
57502
19480
47226
5098
60762
11885
42558
53440
50225
44990
64228
31916
47210
47738
24472
7629
50692
50226
1194
10980
8842
45294
62762
57358
10625
52043
63981
9705
34175
64033
64722
2493
62179
25149
34020
28743
53185
42762
48308
56583
64226
49071
52961
6372
56826
1131
30777
36911
45640
55480
46370
5794
15734
17769
9016
59662
18715
9160
64298
25523
46431
26636
58041
46986
54237
36134
55179
20403
50272
28593
37367
27048
751
33412
26341
60836
5363
21732
1759
57485
1563
57240
31041
8858
19913
14516
28577
57539
2335
52027
34058
2678
48789
59979
55666
31034
47276
60388
44067
50758
6203
60520
5965
7795
49803
63113
6108
44889
55212
25831
63126
20155
52979
59456
15559
45097
29871
27051
26274
55785
18267
14802
22210
43522
54521
58961
52181
59268
18574
764
18725
61101
18003
27304
17523
46970
35009
4714
19972
58275
7626
20349
55934
14855
17161
49604
60499
15180
184
25044
58068
16910
46952
31194
22196
62411
9930
50734
35711
30701
59081
27682
6312
28329
24807
60928
18568
46542
61833
28323
29408
17807
11902
36912
33244
59289
3715
22419
18263
49672
10800
8625
39276
42523
2641
26050
17708
40430
3400
18047
18763
18272
13750
30291
36929
33813
11513
59801
33521
54097
62420
54409
24367
28560
64853
5066
65102
45559
8144
60442
33890
16727
5103
60713
365
28679
47636
36988
31258
1429
35609
14728
60624
62688
8105
2580
58972
17756
16816
64360
39767
43975
18427
26244
53946
5342
53978
4966
17571
57765
43129
55770
30198
33772
35773
929
57011
49584
52957
63399
13110
25424
25395
17262
62514
36277
5289
18134
26809
9076
9514
43396
6923
57422
47900
51009
47084
5983
10706
56495
45159
27638
46609
41630
11818
19862
37118
5011
10282
61905
42864
32127
9274
12408
3290
18348
49667
8907
1917
42879
16387
7923
62949
7922
25511
65449
16225
5558
27766
6326
54419
65028
30677
62535
49921
58436
53156
21186
57980
24272
37218
16837
45410
56768
34844
43751
34924
30853
55354
41042
16951
11288
58929
21692
63804
59975
44623
42602
19981
861
18275
14967
9072
51373
13099
58608
4454
20858
58030
26569
25717
33447
17793
24015
35255
11171
52073
3812
920
54036
44021
33855
62639
1249
56903
21877
6768
55844
54845
38157
55483
8841
1714
11907
56337
21881
42343
4659
36238
43868
10914
9857
33693
52490
44277
5017
5895
20365
28127
30432
53472
17430
63431
36984
6505
20029
12010
33077
3213
45317
59148
54904
1238
46677
47743
9251
1440
59551
35445
8558
58300
51872
37413
49395
17671
44198
12632
14032
6296
28281
57507
50334
43333
40987
35251
39978
21497
42665
2099
11398
22613
57231
63916
4737
60389
3454
7842
64956
8371
27200
8753
57193
4562
46687
15196
46934
17321
55107
34953
11293
6408
46481
34462
27178
42435
34710
57668
6556
63195
31401
40500
11306
60937
49873
43012
7528
28332
31631
6027
24347
8297
19170
54273
33098
19002
51980
61093
22843
395
61048
21195
1963
28566
16998
43119
25782
17153
30860
48541
61611
43171
35527
64962
62126
13188
14316
15454
20151
52843
63797
51689
19936
11848
62120
27130
58805
30408
40123
16892
32723
63206
15606
15932
59592
62009
655
37051
56178
19916
36787
55350
24013
3965
56931
6247
9697
56221
18170
65201
19393
10361
43616
17541
11390
22859
52069
24227
1127
38196
31290
33774
56436
5799
58962
8934
61090
44558
45447
60894
22135
27939
13102
46474
61575
21287
50790
5659
31346
20783
19899
61511
58168
51867
40960
5262
44594
41704
30069
51300
14537
14917
5085
966
60621
9561
14229
21061
64091
51331
46537
5019
3935
197
48487
671
12575
5957
13647
13808
8296
17792
8120
49704
55039
12220
19642
29519
12430
19840
34222
8527
42370
20399
47319
10357
57843
46113
56048
60383
62506
65146
30274
30886
34032
50909
5065
17518
53284
49541
52964
37745
44208
33803
53574
49360
1342
21705
53261
60575
14975
62897
45742
22153
32797
61771
32197
48725
45276
51665
600
27535
52354
34005
7077
61561
10783
10780
30742
7251
19663
15163
18416
32722
34288
53237
33399
46734
8076
25431
6605
42101
43212
50870
53611
4325
16811
51381
54099
56925
61426
15611
2488
33687
35490
19794
7931
60407
3671
44032
46145
56537
13669
32633
36940
34162
60386
8253
36256
43620
31850
20544
58302
57108
11356
60764
56196
59223
61574
65078
56809
40254
62659
49132
44413
7463
45688
64843
39945
58919
23173
17135
17343
49863
11150
53943
38896
49999
16198
24892
62278
48648
7263
53579
9922
63029
13905
25843
4976
1897
39879
59534
34648
27755
44340
54665
23666
10935
5035
30067
14939
51761
28364
18093
31526
15379
41822
23865
21377
24154
42192
55970
4830
37777
62678
18132
46144
43655
5479
6813
17984
50808
35949
18955
27710
40891
61255
54215
24234
25185
24602
5886
621
63205
27787
42190
21524
12599
21135
44052
28346
8341
40935
62447
28966
22946
11736
21281
7999
19796
9587
24233
63296
11486
17515
18660
62083
12271
19172
32271
8747
14051
57667
12955
26204
43529
56265
60669
59798
56444
47844
21476
63455
62008
23572
21927
59991
9592
8343
40681
64629
49997
25515
38052
25621
33965
10234
13423
50292
57873
31759
60607
28009
26343
4948
32485
60099
40792
50853
64779
44771
15866
25273
64801
59880
63565
59537
8529
63020
57716
7445
19342
26741
40649
23937
12247
53469
23545
41570
41421
11352
36993
39066
22323
44109
36101
63173
61851
40791
53053
45359
63009
62562
35562
10153
26311
63333
63261
3696
44810
18205
44110
164
3362
57735
37784
11604
47906
29200
44903
7542
51474
12863
26227
24998
56786
43814
63357
51158
58491
13960
63623
47756
16251
19965
16135
41506
53610
27573
56438
61281
57182
8510
53971
27539
61080
41551
58394
59003
50311
56967
65053
29822
15103
45716
28174
22293
18505
28184
38065
16864
38585
35917
14139
64331
43885
19482
651
25773
21175
29649
18084
23678
33773
31198
28362
26144
13869
44247
53459
63281
63282
38310
8323
2233
39184
22080
54137
41935
64
8147
10248
52216
9619
13324
46163
39402
59443
23292
32129
50301
40978
15228
17120
56392
13290
64357
35825
18994
34513
35393
53273
15044
1474
56994
33654
16674
18207
9641
63286
59643
65362
24158
65143
44953
40819
29399
46233
12947
46195
22651
1642
62958
61106
65405
1949
47055
11025
48285
59622
5411
65403
59248
24434
34644
24931
15231
65294
45122
44303
40827
40909
58911
61927
45838
4874
51026
31589
45525
14145
42289
14189
42681
19731
36708
28066
38245
25373
35798
22385
62566
13186
44704
11730
7264
11341
65158
62854
42237
15569
41594
26566
39548
22132
64609
19681
16569
11836
39636
23202
52801
27696
4444
35581
64883
34366
46586
34242
9634
5741
39607
55352
63132
46430
6029
33509
38434
2007
9862
53166
19333
37996
38859
65153
33285
50099
62976
53315
26866
62528
58292
14994
603
60814
19147
30264
31523
56811
19900
29339
13714
45310
12320
46817
43686
4866
31379
11783
62965
16156
16174
19585
18945
32977
17770
26905
28466
12252
61772
47667
38959
59204
32418
3717
24170
8600
37609
16970
18032
28101
39538
36950
2633
12497
63958
10753
20594
8002
21232
16680
24247
35681
5099
29313
17476
12902
38568
54312
47308
12225
10715
23170
45684
19890
40460
24838
64208
39422
11302
47105
57362
21695
25695
20220
28807
20609
5634
2523
34853
13176
47962
49160
39287
53687
55575
40107
42408
12983
15565
45301
5896
61697
43718
17166
61079
24318
19627
19993
47675
2121
29513
23197
19513
50890
4475
55399
15582
19180
19107
29763
9920
35241
1697
28192
48103
34517
58457
56427
36816
49167
24299
23613
5694
25700
57804
52756
57878
41715
54148
49735
28934
63578
48222
51590
63852
51811
54121
52244
48344
22304
11217
174
8885
52339
48396
45756
30779
53925
13
59082
25870
56921
1421
183
53123
13955
27924
35916
52330
15270
37030
46303
45185
15681
17689
45363
24778
7185
36092
58073
58238
3475
65037
14818
53083
18937
50315
21900
52031
2577
44074
8286
29232
3222
5600
52495
39808
59874
12075
26601
40461
56526
24180
46781
26428
22599
46366
10998
50209
36927
17464
60055
1468
55213
33580
41537
36437
45204
23476
65307
46713
11764
23128
60151
28400
64852
64398
57652
56307
43108
27262
49341
5755
60569
54790
7021
30769
54696
47078
35814
25858
7393
55307
17033
6262
4586
14246
35563
48538
19911
64232
41970
6524
60473
36391
1352
20968
13679
42407
25283
63141
2552
36923
21579
13507
6331
24349
23177
13446
63430
31093
60484
29449
16179
9467
1887
1889
26390
62573
30838
65504
16692
42614
18683
13709
2359
3001
64775
62062
7772
44432
32536
58391
42575
29900
17722
43274
35836
12444
16833
1012
43391
34764
59015
40551
11282
13614
57747
28222
59944
23335
34577
52748
30276
28574
39971
47301
63537
13706
49712
45293
48468
60990
7041
58338
7692
35709
55255
42557
60089
56452
47454
3596
14215
23745
39576
22117
16991
50573
31079
16105
42606
12815
61049
57026
62818
21782
58228
32756
14831
62130
8814
38071
48813
10182
5207
4533
20739
49515
21980
61926
27597
40231
39976
33341
62253
28333
19162
58868
34871
38900
9545
6353
7255
28521
16384
14220
32655
5437
40515
4208
27641
46882
51537
14953
42747
22037
30882
52952
34273
38454
62484
37006
9478
47523
45044
7179
48897
9827
52552
65263
115
33737
15912
10385
2478
38962
34951
24605
17761
31936
50095
1675
36032
33811
49488
33231
29228
46476
56274
28991
28808
31720
11583
27058
23302
36060
46047
24383
39718
25613
43739
29034
25889
6622
20798
38747
46683
40850
41008
1942
9629
3980
10620
56978
57891
45965
30430
8952
33051
26015
32452
57137
50723
63808
19183
19556
57662
24601
17780
19750
64481
21157
36152
49472
23083
24672
13175
28708
63267
45639
28342
24783
61990
14447
24992
50383
26958
31147
12536
27211
12942
21211
35725
53838
36165
33122
8329
63824
8710
37885
39806
29116
52141
23435
32548
17052
20234
45196
3807
49675
5395
23206
24088
37537
22948
19535
2385
54548
41573
13211
19341
58943
53911
55774
23831
20268
11630
56351
33741
56584
57441
41577
28747
53542
19097
44881
4086
26691
10623
61457
55485
40031
56498
25933
41206
25792
15049
62674
20467
60551
38670
6980
39590
54891
7400
3082
21677
12330
44354
5315
29843
56691
15614
63176
43525
24421
11794
5375
65425
11874
54200
11963
47247
19176
52595
21010
11243
60438
28677
47990
2857
31885
21679
1664
31581
10782
51972
36257
33345
46206
37021
35042
44972
61968
13914
46983
6907
44870
47362
59629
41523
135
44295
55187
22578
741
28114
10227
20541
36013
9856
59618
10337
8965
36663
8136
2010
15254
63644
32055
12074
9422
24812
21853
48213
43899
1224
6200
32737
36863
35377
14216
36456
8470
52795
19311
6425
33791
41978
33437
43565
14359
35640
60145
27988
33881
15376
3801
26365
5808
61025
63069
42064
15633
45912
62115
36053
15272
8145
46254
43120
14591
12364
59167
47761
8717
31318
58122
32379
3162
25630
30162
46603
7841
54464
31934
50072
32431
30726
8128
39106
64059
63594
14785
3917
29144
52716
28918
35847
60611
37551
14792
17358
64806
39052
21977
12725
48602
12184
43473
52948
54872
63549
62125
58741
23039
29921
32384
25117
10595
44633
57486
52521
34719
46780
31200
61266
56563
63663
39803
5387
64177
1
57032
53753
9441
57073
39223
46184
3154
46108
57694
49542
38392
47104
19266
36180
37057
39696
47856
19776
44057
50548
46189
17937
40833
2996
54928
53928
36376
42817
22545
20353
10302
22227
63427
34100
11397
59375
9568
59735
2029
6758
8732
42060
6503
34585
49884
64249
45008
46179
6350
37153
28225
44859
36432
51959
64295
24304
34772
1149
33093
63998
6000
14148
22119
980
10373
21546
43933
57626
47770
10578
10077
33011
19388
17353
56195
21605
34216
1375
18598
25219
15930
43163
32668
61545
1230
16621
8017
5043
541
24543
36872
28639
44869
2805
30193
39623
11797
37909
47517
30518
44941
52422
31428
64072
37776
29775
21266
49924
45736
8016
16786
10560
36071
49040
49168
64947
60359
18534
60541
55183
56248
47073
44330
10328
4329
56156
15876
28623
45063
13831
2611
64848
37536
40953
29659
38796
53641
49922
22914
42831
63546
38858
38153
58675
46425
7485
24528
52489
64184
33246
36598
9445
15098
61730
65369
15713
21781
13930
41665
14652
6974
32195
65097
56959
12957
2078
3892
60854
21494
38192
61384
43887
4225
55166
35951
25614
6041
11555
18083
11323
13039
45439
53445
2191
55859
14433
30330
12016
38529
16143
3923
65095
60272
22480
15875
6207
22711
14058
65128
28469
10679
6984
53564
34160
560
47631
58679
50042
47178
27105
1266
4428
43879
7942
62461
57860
25646
60707
12915
15830
4166
63931
37670
9449
26908
32089
62255
55919
7027
33187
65192
45412
48352
11889
32752
55456
5266
14660
51810
28810
510
47385
57670
35625
46673
46485
3577
37982
57458
30433
45458
55986
28841
7033
53462
6116
64866
54709
58375
7315
45920
46185
26007
52219
26037
31367
18098
637
11081
26956
35409
49557
33489
54457
26891
50248
9975
16022
50862
33541
20925
46800
60842
21373
14014
17303
27958
62090
63461
7520
12441
21762
10213
34133
62206
34390
7440
1269
3433
33433
64969
58273
37041
59271
27968
6094
864
63315
61571
34329
4696
12987
38618
29053
60314
1457
2177
16671
20423
1208
58681
38349
58258
40030
462
59596
56541
58484
271
43654
22885
53330
20530
48912
50055
26622
52925
18258
36901
48630
26353
55858
38254
56877
60760
13884
43637
12150
20703
13183
42445
8714
10171
36005
36086
50396
55136
3337
10460
34568
24114
58589
34792
24028
35028
37480
61157
9287
53651
22634
40353
57594
30827
15590
18742
26462
8830
37507
10198
3417
208
50107
29886
65283
55983
9439
8135
53884
23114
36055
40626
45479
578
49969
29535
56920
55286
63271
47929
34203
63148
22470
12945
60013
54553
1219
45349
6456
10854
31814
20941
30057
22009
27425
42490
51743
30917
53236
12998
27692
41472
53666
17745
58648
45476
1170
3641
11374
11269
40223
11449
46844
62064
7538
2842
6063
64451
6167
12394
24996
2053
49972
55823
20528
21187
47662
46493
42487
25037
10310
54727
1580
25355
4825
26055
52211
36992
61016
11011
2245
28385
16270
4861
9701
50285
63982
11850
21322
23054
53450
59963
8035
20505
53003
25136
22531
59107
7233
15885
20015
55330
57564
29036
28583
28669
45318
20704
53617
23126
42264
55232
6590
60816
17860
19820
23174
51679
40322
3885
21382
59617
5994
51497
48951
38378
15663
41000
36612
33668
63510
42331
48013
29646
57375
46877
24484
57835
20877
49777
46577
6686
29572
12848
20179
17992
63774
42756
30615
56299
10785
64393
36440
47988
33404
42168
45623
21723
42750
60241
34543
21998
1908
38503
58678
6178
38940
39471
2475
7258
35469
62044
49309
60348
6157
6299
15292
3399
23473
47994
18510
1556
57372
31182
43574
21925
43086
35128
36683
61621
64055
44673
7332
45093
48512
63550
54940
56042
5081
60169
14701
37802
55949
54923
50843
16199
49935
12138
63904
6158
9225
34829
20746
4724
49519
1631
14636
36294
46814
60503
27307
54734
52452
52068
18975
46502
27481
27045
58694
5910
35019
34523
34998
43373
34287
57956
59910
14848
31466
16368
3501
37156
64894
4989
16003
51821
56767
20238
27722
64372
33028
20462
41127
38877
58494
18519
41931
46471
34347
7090
27100
19431
56277
30714
52294
6572
52770
24043
36368
38056
17890
18423
28448
41501
19475
27744
59753
12339
51619
39564
32134
54934
46958
9631
49994
53699
47026
48812
41027
2130
19260
63602
56572
62903
63130
58417
26435
3866
39094
34450
52035
64466
30908
2654
5372
17938
37918
64354
65031
5552
19922
60007
21619
8547
26791
56319
40563
15349
20016
9696
24683
15798
48446
4656
43101
42282
26265
38882
48381
60916
64093
42316
57606
57807
16943
21580
30457
36820
57908
39039
63065
8436
2251
51989
61304
41782
37268
18074
2019
48701
2281
40512
1527
45681
7956
24679
20626
567
45517
38133
25704
55066
10919
22912
16207
11507
58395
33152
24966
5123
8915
22604
59451
14432
22376
47855
15846
41720
43295
63232
9733
53052
26714
44649
22456
29701
4108
12565
45793
39003
11163
31329
45091
40543
32264
37297
10075
64368
53049
64047
10033
59713
9403
59978
21541
12383
28150
35189
32403
54229
42691
63787
45913
53691
15941
4287
42006
23821
8307
47938
107
19496
10559
38092
59822
10281
22681
63244
24558
55636
51143
55178
5124
28283
63279
40665
63275
37398
3029
20921
17384
45601
49981
10878
27147
44436
18561
37959
20905
28109
47854
52996
19527
59527
15469
15267
33961
44759
19175
54253
59803
42994
33700
63607
33731
20593
43035
38774
13718
34968
13189
11489
36355
59892
30451
60100
43239
20758
40826
11175
40657
9599
24397
32916
17838
1402
40888
7588
13192
42513
39670
64277
5131
25708
50946
20137
57565
26441
56240
6694
21205
39699
63756
1540
12996
21721
1864
15965
23294
37607
53367
56324
44758
26216
54266
38404
11048
40177
61566
49459
36227
20628
44597
54785
2400
50921
39738
63788
26486
2376
9845
1116
8595
44648
12056
1754
257
57858
59877
40758
13185
28171
45909
9991
61864
31201
42317
60185
59130
27877
39449
23342
50031
38799
12761
37812
62625
533
19771
59734
25669
64282
42535
54841
16509
26093
20562
12404
9524
42875
19600
28729
28703
46869
18401
30440
55497
35116
3511
45995
50425
6171
65303
22108
59725
31309
23426
15660
6693
13683
12826
6688
65195
21054
2275
64253
22671
14505
11373
22719
18347
47015
28471
6168
34932
48866
41780
43241
60981
61035
58848
13569
37172
23485
59501
10522
29250
9659
55450
10734
55816
21465
13158
40433
26233
41002
11717
38644
52406
63863
8241
21519
34562
23684
61409
35215
10527
7385
23856
40493
10036
21667
36837
63775
36666
7714
422
8201
35375
64182
58748
48046
266
18433
64710
59569
57570
4880
34505
53567
22414
9069
43146
19021
45482
37416
53594
29989
56011
21458
47874
26119
56776
64387
22629
43843
34733
43080
47737
63619
19866
39645
60334
41402
9746
4658
12726
65404
59507
3798
21267
54117
12586
55469
50113
38786
48216
38700
65276
42348
61520
18065
10727
44363
62381
50761
60904
15625
27438
6106
233
25864
37275
58863
48704
23697
57500
27824
16388
32368
56036
20141
34597
64112
35468
4347
31345
35463
13548
11001
65236
26237
44143
41540
46862
58021
28380
25534
5416
15546
7865
6582
24313
26722
17440
18480
27401
5324
29716
1104
52126
54423
29058
39727
22575
11364
38694
36173
41895
10693
62025
62245
39820
41656
38770
41899
51777
51135
48754
13373
31474
50378
35682
35608
56211
49768
45816
30839
62815
12609
23256
35660
16189
32975
27930
47001
31002
7135
38060
56629
12240
9749
29867
9829
11806
9322
31913
35778
42957
59624
10853
56694
40709
28822
54591
37497
58382
54310
53820
19367
47592
55688
19836
52425
52705
48065
23154
30253
41186
31602
19742
1259
65144
33049
31196
33758
26172
44611
32440
51093
45061
3601
25927
58555
23644
20855
54711
8701
37435
24649
29450
6530
50270
25127
1885
57831
11670
29674
37415
54775
63853
39290
10238
3867
15459
55177
40674
10971
8430
55760
40986
8605
27680
49166
32497
57304
21595
41727
61150
44851
14651
8239
48026
21584
55832
5568
60846
56730
64967
950
27386
15949
12477
33601
59719
64546
19524
41814
4239
33466
43704
61300
27084
61812
45775
5968
55441
62571
11992
27424
61204
5306
29552
37640
13703
1735
53868
50155
17469
10670
21330
13692
24128
14332
24738
54916
43793
51251
30668
12118
35097
11087
37936
28943
16026
31501
53343
6475
48257
16523
61998
57185
5648
1886
5644
18106
7338
23082
16327
25152
36075
41871
19320
43600
30324
52150
16828
27330
13958
12392
59117
14335
47303
3810
16395
36097
25589
52247
35149
3194
49678
51333
41348
56249
33172
53959
28864
46240
8121
12571
29466
33257
57107
16426
6099
32013
17839
24846
26847
34791
9049
40270
24193
36310
2851
10378
50724
16424
22145
56041
51270
4693
45344
6260
24539
59408
8917
6053
38805
53915
23413
48737
63150
31929
2754
42844
15175
46455
25729
10511
18609
51533
2387
14397
16039
9268
56804
16498
47185
45144
55984
2371
33336
24788
56256
52875
32208
56576
33237
48526
2829
16778
60815
24448
14303
29363
12213
39679
5002
30327
27943
27238
22201
575
65459
54427
35381
4896
62344
23956
43994
38117
42161
62737
19056
33672
44505
52371
19537
64052
54472
3731
28341
33465
42372
47983
25339
26059
49113
18075
439
59319
24847
25521
23596
31522
12954
44298
1920
60416
17134
9957
24424
8444
12959
53839
16347
25835
40478
46158
971
35225
10311
38966
57607
16516
35351
28563
15895
41493
47643
26202
32369
59557
44637
43682
44691
47545
49418
42531
46032
53025
49664
29474
51791
8522
56618
15501
28060
55476
42888
1830
11434
17220
20367
5526
43496
21200
35851
15736
14449
14862
47305
33689
5283
2959
38909
34364
10674
28507
24566
27071
16402
60032
40578
51489
9181
14760
26880
17785
46086
12753
40505
20145
4641
16920
47961
23624
20520
52366
13687
11509
35472
35159
62488
2496
57589
29736
3651
33097
19593
46092
35662
27634
41395
59310
26767
25460
4020
10912
48359
5563
46738
14578
39869
19274
58945
53835
26262
40638
49440
60662
42320
54847
12881
25053
48000
2895
27201
49457
27174
10644
65281
62282
31145
25619
25757
8018
44219
13079
37786
19552
47682
4161
18176
62568
38362
61158
37346
40234
4885
33975
30496
10569
37476
25530
57985
42798
5927
17789
13299
54142
43947
38892
62907
18102
24850
29039
12769
26478
61355
46704
2484
12467
22362
61670
51788
38839
53731
51412
5693
27202
9497
55475
50771
22659
45894
41054
20841
15823
48948
17291
10375
52626
48823
44129
63701
65484
9153
13476
51014
4101
57537
4854
40971
43067
7728
9723
13504
40245
2102
50027
64139
18818
10653
1952
56455
9663
30498
12245
10648
2713
60824
46339
22230
17667
15378
44457
7672
64980
15858
41698
15617
26617
37338
64185
63816
43918
31696
64135
27336
24496
5295
35483
37787
64525
9184
9993
20711
64901
29101
11990
28665
34868
35598
51427
7266
15549
35177
4560
13431
34726
53139
45047
37680
8583
38407
24223
48757
31491
10867
55044
11548
52207
6147
1976
19917
8500
32549
43110
10720
13586
12374
62283
47182
33562
19113
52105
55203
13934
40436
23324
9151
52580
52806
54687
62443
55882
58638
57954
49279
35568
55547
9750
284
30455
60270
45561
49614
38003
53888
22951
6148
11547
4228
4373
43548
31032
11872
11160
39414
31392
1933
64661
38862
1450
29589
40812
62486
53065
37293
29344
19630
38798
48365
4647
32187
11235
28302
14475
44667
45727
17990
31230
54623
12546
65020
8809
17991
31717
24581
9223
23642
27070
11959
50432
20917
50532
53384
1257
10414
51712
43518
33711
49945
19739
9854
14974
45372
2607
62697
29686
40873
35678
55458
38731
9495
6345
5201
97
35586
21757
9073
9440
62234
63456
55448
37220
24245
3721
31551
51433
62549
33074
16128
6336
25029
6298
32467
28211
32848
42743
47755
29963
12030
28959
39810
52315
24837
52976
49078
34703
21357
1277
26734
28769
25679
41699
58105
18600
29533
47065
2125
34883
18597
11477
56686
59030
10318
2660
35739
12163
38486
41078
32349
39323
64436
49107
58783
30557
64505
9168
51090
54600
49848
2426
24973
376
20721
46945
30086
21475
14869
2724
2937
36282
42353
37274
12342
2948
10349
4152
35946
3934
42832
13177
3253
35791
20741
13571
7139
767
26235
12564
14597
38745
8498
37010
54902
61089
37920
29072
47797
8821
55879
62510
28467
45138
2392
40529
54395
36474
61576
10591
17591
27427
102
4359
20466
42052
63297
17219
6109
16900
38168
61651
3273
31114
667
1371
21892
15552
44868
24532
55287
64418
38319
35299
30763
4895
17433
53902
53392
50657
14696
60623
6522
238
27886
26920
36375
1500
30737
42202
15400
26969
62330
37231
6357
7083
61528
57921
42739
34576
16310
19588
45431
57562
14282
55561
53054
52251
51789
8314
64211
36720
57673
61531
42378
59173
26201
47369
24994
2714
30047
64864
45769
6113
7062
8428
13111
47870
2476
1950
35373
25845
13148
4889
25941
45279
41095
58169
28961
28898
39991
10710
9325
14429
10121
57733
3334
31956
13133
59957
50796
11814
43871
42198
14724
9555
38230
21914
38263
54259
8591
19697
9350
23626
18929
19137
51614
30719
63784
13599
65311
8690
14287
3782
35115
26287
53323
49153
36972
36534
5407
29891
37504
12694
64219
43158
49304
31219
12122
14775
34695
65104
10712
36840
62180
54863
15643
7666
219
31862
51524
18997
51764
10207
32929
29699
36776
15917
61666
38504
32652
54456
52982
27498
7159
62188
60636
30107
2481
44162
52386
52943
20027
1514
38253
11742
29185
57116
15261
50891
32562
8041
9011
41500
26907
64500
35639
39103
64160
39874
42966
1345
29431
41499
8036
31278
37943
16543
29665
33259
8768
57020
26616
17599
55950
32030
54247
54346
63967
45461
53068
10221
2871
60111
62332
18757
38455
41905
12798
48273
39007
13106
21805
48761
37276
62203
22526
21590
11167
9038
29875
44249
51602
49913
15338
35978
14021
62143
51124
54925
49817
50114
26753
46277
50709
11078
32246
43365
51931
40513
63725
51106
42356
11181
12080
60352
8195
44567
62974
42271
65506
55435
18355
63245
9435
1206
64787
51667
40903
16999
45235
35858
5145
37663
64931
50276
58246
47539
23600
55885
54771
62581
14088
45789
63996
9227
32882
58349
59368
10249
9732
10838
49732
62003
51034
41474
34921
41036
65206
4564
7911
11579
39747
44136
62059
37150
32945
65211
2413
43446
63181
30566
55763
27091
27182
32265
37055
33764
47441
63070
3149
55745
8206
25896
38024
64414
48062
4930
3342
62863
12327
5748
12244
53132
6934
56907
58563
61859
55869
61235
25678
17760
42409
28287
57029
27945
16824
52138
53279
17585
18125
15446
61403
10403
25600
63422
28503
13732
6897
30605
61228
32733
41793
47411
40372
1986
16783
35473
44058
23690
53626
59812
61705
48367
10506
31270
28526
20789
32054
65024
45645
45249
65460
65176
36299
3127
62613
36248
64914
30277
23231
47353
19299
17933
46972
16009
323
55807
27442
1898
20169
12802
6579
53478
54372
3532
3330
7177
6617
49456
49660
41438
37631
51247
60126
60568
56851
31214
61662
28269
27649
10009
47396
32894
34728
8844
33309
15294
56410
13646
54772
62876
13846
38930
39010
59419
7091
51308
8568
40288
48921
8388
63627
10607
26286
11108
45665
23001
63062
27000
29487
28359
17399
2573
50749
31006
36880
26243
41635
20110
19227
50669
44186
30982
44351
24713
14170
51094
43572
41508
20486
24873
10941
55677
29181
50243
19135
457
42518
34
62218
40974
26139
29171
49151
10068
10970
46804
28084
35767
10774
65500
22657
65468
8339
37201
9579
22558
6068
8825
6248
60731
14653
37279
29855
30115
6780
34894
45794
17847
44738
2709
7897
27079
57404
12814
39004
26968
26347
54334
37701
37760
28078
16246
57768
18185
35153
10285
32602
37877
31558
55996
22325
16508
47876
56707
10201
19990
9025
42206
14001
21370
45839
51873
9121
22474
32190
52694
14861
8257
41831
38626
53754
30002
43583
38077
5846
44190
52528
58875
44651
5175
59455
52797
53608
59907
4431
53023
38212
61154
32437
30730
62624
9589
11861
37067
58645
64778
6411
42476
44734
36824
4465
30429
27818
53435
49512
33091
10178
29828
60035
26762
12579
10450
16953
52449
9526
8891
7744
40488
56744
41862
33992
30336
39453
40937
36814
53658
43177
21897
60771
5758
52814
47363
50543
58231
65393
11839
3685
46252
32746
62512
56899
37727
12218
10928
20400
50582
2548
59986
4246
11300
61220
39494
56169
46925
31740
11279
42379
58640
36098
33245
15700
36566
5217
5253
35228
63902
59590
50636
9295
20189
27069
57535
62336
27263
21038
18582
57559
17192
39643
8386
23810
3991
11843
47273
18720
43720
25059
56115
64588
58765
63294
25962
5202
46769
20261
5057
27989
23990
14623
56726
65119
4355
35257
36961
13234
5992
52910
14670
50911
10037
852
29038
45272
5653
15071
34608
58618
6132
4963
14555
55346
29032
54227
14910
2841
27810
44901
48600
58481
13465
12026
64777
1225
31179
9591
64856
49076
58952
60980
46392
18340
1426
43917
31036
3007
19084
50139
54959
10640
20662
53439
31596
61249
58423
9729
53226
19116
65083
45750
14730
60765
5428
60249
47241
46809
18397
9637
6445
2758
50986
57580
24517
47965
28232
45743
57294
8382
9945
34911
8155
44630
24629
16964
36207
50157
23938
56885
44226
60057
30206
35830
36558
16535
30551
44885
14256
39628
41178
45830
44359
53417
7646
18892
27673
838
48124
14181
13627
60878
52760
51311
37905
6251
38227
13077
6381
5869
10990
63415
8502
34893
25878
65297
13600
38980
27976
62786
23079
41232
7355
6915
23503
37713
1567
44225
8411
7564
10026
37024
60447
26928
38522
26971
2479
32898
41669
46526
18583
3914
42949
4723
55381
14132
53789
16570
8977
41909
56819
44766
57496
27116
40829
38468
33395
50237
64816
43286
55245
32667
11911
16472
28621
11214
56952
25910
30307
10335
12142
46334
38663
53278
51676
43561
30296
33592
65365
33779
9600
34643
38324
4860
30456
41305
31223
56783
346
55157
50527
23908
43592
31750
46646
16983
34394
23192
60063
29051
38651
25033
21701
48864
53882
42375
16420
3197
27569
30743
16500
6383
38995
18623
53250
32102
44300
11931
14210
4351
9058
20303
36976
39118
41486
679
32766
9443
48158
32150
9954
22812
9546
21758
8178
51699
55433
13228
54014
9221
46966
33519
62663
63849
57624
30828
73
33393
36174
52487
39770
26815
57282
48463
46309
20129
27409
65001
46701
46085
6999
1572
40742
50318
12442
54035
26182
49262
47387
21835
17462
7336
21012
25934
48998
61819
35443
18992
25963
9704
27801
4322
60949
51392
15051
52902
39091
44546
14115
34141
55051
62049
46847
7704
43982
49306
936
2854
61899
57736
19246
48123
29621
29500
19635
60002
44552
56056
11974
2047
64604
20439
6573
38570
16284
12484
46160
13409
11979
46112
33493
37194
13454
26709
16805
7429
55011
16311
10759
25923
33682
12807
40798
7906
43740
31966
6548
2512
56247
35169
60299
16153
28080
48317
42757
14301
44336
1138
33004
30847
59988
6395
5551
25918
8278
50356
19258
3123
21028
57754
19987
29882
51644
49607
15536
19073
43738
49495
40456
34270
57428
17755
62314
58492
56664
43228
21690
63766
62710
34661
39935
54466
48321
35950
33054
13252
58067
29540
61340
59389
61290
43727
9966
24419
59293
32676
49434
59666
40037
24123
9019
29175
7404
61429
6462
5955
61026
37515
59218
24641
30732
18068
63585
24759
34979
32215
1169
39539
48415
19358
28580
22054
52628
591
28458
12416
12146
39319
9262
34333
29664
26798
27022
20410
13526
12657
5638
14751
46125
45250
60142
12414
61217
22784
16274
60653
41731
19564
7422
57867
16657
21903
59939
12082
34412
43268
37179
21967
2615
55134
47562
5490
57881
30553
23393
56230
8141
59922
10765
26775
7987
6606
62543
46762
17340
27527
31259
38186
58356
33532
11882
55605
17209
16229
15558
5301
33295
6101
11411
9182
55792
34623
24656
49615
59887
9122
22848
21655
12221
33254
22178
31349
15436
20335
36549
64042
30460
1320
25348
63685
35989
40641
56380
15464
10743
7282
21955
20538
32074
26840
65355
50018
8372
59608
48408
29671
14327
7625
31709
34121
29899
59601
41728
29113
43610
41907
23608
50639
58089
3083
52139
54378
64514
17882
44346
50370
37559
12833
24110
52202
32625
60396
29653
65249
41547
57328
14944
23991
26321
13217
13097
53846
47808
2112
17727
10558
37169
56966
14416
57587
36270
14217
18966
28999
4449
12898
53058
9565
17093
54571
59299
17296
38450
52869
43596
57578
33586
21447
33072
51613
50036
34392
1682
1286
52916
12329
5441
30981
25213
32798
24763
49545
27522
9980
4462
60258
53220
64958
10503
6604
55583
46765
22411
48632
59339
3752
47920
47473
12321
5632
22635
20427
46105
10820
47257
10363
56312
62922
40820
60679
48227
51350
58753
5496
41214
62657
44722
33116
56698
46961
30992
8883
40807
50630
25153
33906
40367
2265
38945
54859
52994
42471
27870
33746
61544
48692
28922
48944
1632
19955
28185
32317
17577
10418
58853
2164
8975
8580
30760
39595
28998
26205
9887
9787
45286
1781
25758
41085
20412
15202
4183
14812
49212
17968
8443
9079
50763
62178
45902
4259
5929
64223
45677
14154
21582
17055
6012
1767
46708
18575
33250
45842
24032
44086
21044
21339
25194
33002
13178
48985
41161
37309
32460
56601
11754
9953
39772
30593
13204
63689
33038
32051
46350
41419
47677
38534
52018
7278
31773
55279
53890
53933
31609
24384
6169
56407
30947
18346
1627
22923
49656
14587
57757
15721
8676
2550
3804
25248
23441
22542
31074
27233
63432
11384
10717
43598
5524
18553
58396
60133
7971
12859
1122
21865
54289
52544
35577
19371
30463
57442
10413
42293
23480
34610
913
22605
31134
42592
45114
49650
46718
50045
64279
33812
31400
51368
4187
33320
19596
35611
53098
4566
59032
23927
32417
16043
19912
21912
39705
17982
20788
48875
24137
45755
61738
50665
15418
56596
26663
33050
4406
39099
50880
20592
39783
2574
43830
47342
30752
47371
13168
27685
35665
24373
50490
49783
45702
14949
59143
32804
55291
26363
46608
56942
2241
45103
6287
57911
17294
52559
58837
4837
46017
25698
24475
32738
48668
64009
47029
42859
37445
26921
64341
38256
17963
20183
32873
48350
53955
25610
29197
30694
62758
50005
14875
54909
13770
31268
7369
11737
40892
45747
11603
7269
25861
20928
58860
18772
24550
11766
4045
14312
62142
11188
24087
25191
13407
53482
49991
50980
22043
57419
54551
13009
51672
50750
43432
3704
57434
42732
8200
26570
46000
32875
28924
36622
13391
49556
20030
23032
13210
27065
46726
12340
62850
9447
8801
34117
54968
7925
27949
17256
41390
5718
42036
48157
8860
40961
50023
64685
56090
19656
3740
2198
11720
19806
49047
16714
20519
55012
38947
4809
22438
39151
52593
21709
29550
13040
6981
54290
40122
42095
28108
17733
43769
38664
41538
63847
53409
37213
59891
32157
56147
40296
40226
45989
38636
21879
20057
11857
8235
46304
30936
27129
23746
11474
15837
37517
23667
11808
15554
12007
49773
46660
27052
37036
43966
60769
42045
26509
15410
7576
12308
12370
17883
29966
25732
4027
45999
45896
13839
64153
47877
39248
58720
59867
21867
40355
28937
35204
31784
36588
15620
13919
37740
22292
40338
7736
41123
38393
53050
18305
16687
25414
32765
38675
56548
60174
50211
11689
28820
24177
65231
3946
58225
64957
11445
5358
35984
31542
56933
44676
45709
8743
317
63770
62980
40320
8276
33616
27089
55517
57524
27398
44835
62827
13271
50483
38179
17073
41534
9518
58283
22045
27315
37326
24925
57720
61460
44674
38131
27159
35667
8353
53211
4245
8251
58855
5173
47289
35252
8783
20539
61506
61489
5326
62107
55813
32689
22638
41047
11416
23351
50511
36799
21201
2154
15918
50132
48561
62787
46193
23868
58361
64348
20726
21125
14611
37360
58104
22321
43293
9372
1082
12911
60269
37436
31238
48683
8861
56137
34669
17931
61406
64479
31216
28388
35442
5377
29490
8405
41511
20727
17774
41958
10520
30972
39089
9694
33216
22945
24019
60394
29678
63400
16170
54668
53615
63800
6230
63352
42792
8589
63930
23033
64991
56151
14966
38649
29789
60404
61600
26780
21950
49932
61001
39922
7788
9575
42649
2036
6128
6323
36099
62696
59714
4508
36934
63098
49508
47235
21070
41600
24002
1716
36090
62407
62369
60487
3931
14041
48954
43014
61999
45468
34663
31572
9628
50827
25224
49699
11062
10650
15424
51594
49947
62268
12655
12272
41382
54442
64491
64084
40899
12071
41327
10589
17056
41529
30993
58410
39589
61761
19006
7111
1652
53739
21697
12254
21063
22979
2333
48855
58526
28730
31431
606
26618
25413
51920
29341
9615
4649
32422
18831
41926
33115
11873
33804
48539
31311
53659
9519
22194
38483
35131
13900
5381
17293
39903
13358
12917
22929
51157
39543
18317
52360
63632
61594
1490
39250
13286
38027
41787
2049
2795
63413
39357
1573
40025
28112
32376
49840
27899
9883
327
44686
28243
56658
38624
48380
3077
22077
17630
38241
19854
58515
24721
18283
8951
5049
18732
47656
29637
43812
43178
35602
27629
49786
7164
15137
41859
63260
21666
6790
24119
39691
19160
25342
14035
3770
11520
53840
57563
37135
38415
42633
21935
40053
57856
43661
64195
34763
5228
35197
40533
21197
14213
10505
61084
8877
44108
7916
11899
65453
38929
120
11877
17505
62753
12076
50747
21809
12714
4784
62137
40611
55292
21761
22133
51697
2989
36954
21552
26998
34368
18253
56369
10547
1184
2100
58719
42981
58734
7167
37425
36731
52453
8117
43439
39936
11619
64751
31497
11260
18472
49220
30580
17713
34455
5473
5988
39461
25781
34742
10167
49543
9839
9891
50185
23609
34009
13076
17452
54557
6390
60245
36887
18339
52872
58320
58544
44596
46008
47335
57477
54721
19943
54013
43837
53903
62719
28925
64727
21238
20542
6602
36856
65492
50646
61855
36790
52693
50973
39346
636
48553
17639
24081
60180
37263
4687
39273
22372
9219
35685
11365
26781
6402
35198
52223
21067
6730
5841
4554
38398
22033
39188
13374
44339
53437
59245
27493
6882
12237
27834
59468
51073
57256
6143
9471
54381
36356
5584
374
16757
58015
60130
43181
11010
4949
16454
38309
43226
45641
51232
50831
30474
59126
61876
38610
28803
15547
62913
64159
63302
3705
65524
62263
45220
4631
8863
37040
52149
10253
20208
38627
48829
57081
26733
33579
36421
12468
44087
22741
24203
28980
51453
52011
37175
51386
13413
51793
64607
62039
21889
60522
63033
20967
37921
17983
30638
26645
6294
28594
34271
36128
26148
55533
64551
21547
47323
34753
56709
49060
63441
26131
56065
57134
6092
56938
56814
35895
30594
2092
14607
26882
46881
23224
9452
30724
48693
31716
36211
27323
42428
63371
50787
51970
24253
25823
57777
21819
7330
22010
1705
54813
4263
52167
54611
19947
11983
46772
56306
8621
11401
22938
63142
38194
10211
16918
6131
64695
35021
8582
13734
6343
5088
4887
46509
50885
39474
46040
30438
8816
4664
568
52362
9985
36033
34686
40390
57679
30240
21777
63048
24804
25297
10686
52144
46140
33300
52828
23422
26195
27795
34798
56534
9304
47683
8152
49540
7494
52895
22625
41861
50329
813
25069
34655
8320
12702
20447
38402
54899
27711
38225
50477
31757
32626
938
45191
20515
48535
5643
35199
48282
26756
7086
60768
47893
14711
418
64067
38525
64595
36943
18851
38619
56758
18441
21661
16400
10731
29427
61480
18804
20009
39535
817
21361
20581
10858
8612
48857
65007
14952
3182
27636
52042
18143
43025
5795
34475
10666
5860
47205
13523
37849
1164
23390
36319
30394
59193
19536
11146
8585
59779
1648
14960
33222
4277
18159
17854
22749
47035
16898
48353
20111
53837
59796
45072
47379
13335
9406
54141
8029
46828
63997
41914
58698
55018
54115
19017
30555
46557
16725
59064
20924
36797
38005
6021
52574
14025
34358
54125
36503
40056
24551
9036
34089
31254
18811
48486
59280
53020
10985
58345
33396
53263
28465
53901
7834
49133
42673
28910
20360
36379
49869
54637
33809
60148
37047
8288
13151
38018
31965
43194
9383
17829
39045
35471
25071
35452
11429
40805
39695
48767
33548
25442
58949
29268
30859
29839
14721
60884
27780
714
5610
979
37725
64737
30150
14403
48727
45428
57647
30586
9944
31398
41139
7505
27782
39490
2390
36522
64663
18469
53804
16447
15234
24220
24630
12457
4170
7379
24385
47660
46917
4633
63645
45309
48348
18686
25957
65196
33346
40172
47294
33352
55045
41322
63953
7405
54492
4075
4401
37210
63403
7499
56623
49090
52324
17301
57310
18522
8991
1840
23336
40042
60966
42699
20277
41502
17958
37980
24316
31343
18823
57573
14833
10677
48589
18214
56848
23548
51053
52045
48995
39756
13055
8359
49357
58628
64970
9468
55295
64365
18446
9238
29994
47642
13931
25636
59976
53668
23332
62764
26040
31725
24945
8796
41133
60351
54254
14438
55076
53585
28590
24323
52122
14386
22644
51278
24219
42573
34913
52931
64620
64528
397
52137
54087
61702
16004
1911
20275
15956
54861
27753
18175
60880
44222
13043
36789
9936
5102
16280
3502
17218
47052
15744
16090
28122
33189
44838
62236
22576
62316
60198
8971
57383
8454
41164
59846
38279
9897
12259
32623
47118
31565
63104
11901
51327
62129
20532
21676
57472
57202
29792
8158
49682
35024
10157
61907
56655
60838
31186
56326
63414
2676
63198
19309
57470
61866
49259
5706
27068
12677
35487
48101
18358
34082
41770
4919
45017
14512
50693
26223
11479
61706
18542
64955
20534
61334
9713
59704
63151
60664
48550
32735
16659
32703
61700
58152
47217
59406
57491
167
36538
38033
49370
10508
35426
17909
64935
16831
29613
36845
7001
64316
8034
57214
63035
13758
7150
57267
65398
13023
15181
32199
13190
22377
31004
11297
53654
58817
35171
29060
57277
17113
38176
25024
7368
6621
55878
47163
14342
5119
23357
24115
56271
3789
63184
30765
18387
30006
36649
48323
9199
42460
47503
62532
26454
50616
38903
9096
23212
39713
19391
63654
5044
13115
37488
35293
46920
42489
42177
24483
13723
13981
34436
48924
63661
18562
60268
57774
24584
29460
42077
9401
32290
20281
6265
20782
8748
55299
6259
3339
25595
34205
18287
57762
58245
14628
6235
11186
58660
44566
54076
42257
63961
24621
40235
44422
40463
38750
25316
28964
44906
51884
24466
63421
55606
21691
36286
14911
22405
33165
38757
57409
45703
25581
25268
21863
37743
19053
3437
22305
64478
15483
7003
28167
10041
11562
46753
62007
21177
26366
37205
50102
53276
1658
62942
49771
64026
34324
38717
53777
42804
20545
21202
1398
29576
65351
523
64835
37230
41692
4931
15526
6206
20655
52809
46702
23046
6824
62502
24194
53919
37287
58412
18989
59602
18744
47134
63242
48678
56514
41781
9117
43586
33218
56793
49810
48494
1777
11777
22835
24280
25439
64862
49721
41266
54066
19705
63011
47757
47149
35747
1893
1562
49971
57221
4257
9901
36210
7425
58380
22314
20320
11853
38667
25279
49585
60420
63031
17328
14134
22980
17830
25196
56288
65076
49591
36435
9639
56166
1999
44793
2361
41788
35460
36324
53887
34120
10166
8518
16912
45173
63838
51911
48741
9296
59438
10842
56366
20366
44991
29049
5838
46335
51432
56971
3637
28701
58207
55222
3656
49736
16266
60610
41174
2464
62560
61075
5858
60303
38408
61442
37572
22400
45054
30916
599
39044
62388
14671
31324
41617
25139
24640
14057
33632
64553
16542
61343
13372
9882
64979
1049
19769
27662
13462
10273
63712
11012
28541
49602
61449
6474
59808
34944
29211
57430
7651
43568
36732
2176
37212
53481
3988
36041
35099
3713
17461
30994
21550
63949
11871
14750
35545
22115
20975
62362
27393
11460
30978
58609
42826
4137
28756
39814
35601
11346
60743
4987
16252
42522
9376
35845
8642
7845
1061
36076
31975
13824
48618
26004
21899
57861
13461
14723
50390
29896
19512
20434
6458
5812
40785
530
28489
63740
20895
4943
37809
30121
62273
59211
61242
51564
29419
14773
33861
34188
19925
55421
26548
62916
26933
47429
28519
17017
29549
45437
20922
16857
12517
55775
38752
3631
28091
22353
36226
43724
65450
51393
57618
36928
6023
56200
3349
44125
53924
49329
7461
54663
44061
4595
11227
27986
58343
48726
36763
15664
64293
44577
23284
9643
4202
35531
52157
33135
46078
64714
10120
14563
64770
65481
7307
16036
39406
19574
55499
47259
39868
52074
28046
11034
65302
38844
43269
62595
9850
22747
59254
57076
17863
44449
1051
34787
47043
9157
44404
3739
50361
45018
15107
48982
33859
16096
4672
19673
32122
42027
4093
35783
12386
48374
46597
52798
59878
5650
44827
9851
54207
41039
5761
50786
27477
38783
32887
16079
15426
55314
9156
63530
47245
55604
14882
34209
65530
18509
17292
44568
5341
39804
11100
28075
57242
11148
52789
23741
36011
37560
56487
12778
64840
4387
58828
32392
57543
9552
26787
53867
53744
36624
31932
55845
6376
46663
14252
42163
35012
46681
33852
14185
7725
31777
42426
39791
21150
31241
23647
64748
19931
9716
3562
41757
23814
60965
58143
63100
35919
2323
25463
24839
3584
32968
51464
3215
32461
50212
14254
44710
30614
53180
17715
36195
9703
8426
62051
2570
42594
1470
58431
14140
3846
35127
41559
57548
6585
65385
11890
47723
9994
8855
49789
62629
31901
24612
23861
46165
25765
55912
14626
21230
57743
40739
17562
16032
6820
23535
18676
48651
30903
52094
46580
4840
31338
18640
9517
45192
1409
33048
37736
25479
51966
12121
203
15081
59315
60647
61284
22888
21625
12100
43368
22492
44939
8300
26501
41616
18023
56788
43670
41820
20794
46467
41330
65242
15761
6964
11580
55309
57161
55843
29073
14205
54585
19716
40064
63343
44206
24278
16299
59161
52265
15712
58534
33726
45554
20944
10502
38769
41740
18548
17298
57656
63094
30499
4409
40140
33894
17174
8896
1940
1137
56988
43893
44450
42612
24978
16789
29278
58891
21735
55764
50710
27503
51612
27769
55114
38094
15509
44456
2142
52321
44445
13757
795
24090
9078
38311
26409
14039
26903
23802
30448
18531
39127
40072
28938
19397
47374
33046
45164
18149
21844
27140
14547
42877
50850
45759
31066
18960
58031
23993
15511
744
8272
32020
49625
55538
47806
40737
46808
5288
14373
26667
22688
7669
22597
26117
27055
37665
62027
57883
57817
37029
25311
64157
17057
56517
26308
10836
27146
40279
22024
19429
21717
58752
11275
14572
9397
56829
52712
3764
20474
54944
10883
426
41391
49510
1227
38493
13827
5325
25563
17066
37382
40289
27088
24972
21766
30799
59848
49064
54842
38587
64089
58794
47715
4175
43413
148
63738
3314
5515
60266
52378
62877
54994
27977
53385
57147
4718
57136
7718
42280
35746
35882
37320
23826
48390
35064
58263
9174
42040
59699
59021
4216
20936
27774
36536
35701
8080
29238
28642
53750
36635
55355
24426
60960
37848
28355
43927
20060
64972
11278
16366
41126
31448
51338
60019
58576
20364
25006
29615
631
59807
58459
35227
42314
40634
58834
14919
49081
27135
41913
34582
37543
46492
956
51756
25599
29770
12734
28656
52030
53870
63350
29271
2215
3824
36395
32472
11257
53289
40734
9967
16046
17819
62494
5152
42556
38222
25663
13544
28056
33204
38063
49934
47918
4309
11106
56823
60554
43850
42689
36114
55898
50990
59818
30953
50802
52854
15432
8946
7140
24703
35074
63433
37714
6536
21
64971
39687
41408
2187
45150
24665
15461
27773
11796
11020
45904
11202
13804
59946
27293
26277
53723
6347
44702
37235
32324
28649
20214
29759
31695
32433
22967
12642
1780
10958
24486
59353
27980
17814
55300
14934
29743
43544
41908
29425
54559
44478
15492
57711
17919
64565
19696
39596
22451
2351
50565
8340
11863
38019
63309
33663
2519
28082
49492
29154
44200
48368
39026
19173
38956
26074
55562
20952
13803
59079
40617
59898
17446
57200
40095
31795
35141
30157
6683
32331
22608
61687
12796
802
335
10963
27407
42977
28069
2634
35952
9020
43459
47655
13610
12749
56400
19378
11294
2374
15302
53602
4916
40925
729
26885
3312
15903
790
1293
62227
9137
1867
30690
17491
40375
3816
6483
51199
19382
64362
50668
35150
14426
37738
11403
25607
64907
53632
52765
28274
12822
12634
57150
33691
59067
36905
43075
31409
16493
56159
47231
27653
29643
57732
52596
39694
58533
18745
49180
6242
7909
63603
23305
49333
21198
62019
23137
63355
39554
34983
15227
44239
52605
63675
65042
44576
39560
1624
14431
36718
32021
60875
29596
28071
42822
5382
63166
6562
27452
50954
16377
9434
14745
8847
43165
44849
47588
31574
21634
56594
11772
41653
20940
57413
31503
72
41579
24412
15637
11914
3156
42266
31559
7346
43465
6837
3767
24498
43059
26415
41601
61711
36251
5494
32612
31121
23806
59689
52140
6263
12199
60098
44236
45567
64790
24058
47703
50945
15000
26599
7768
46796
50080
4302
12758
27220
48863
24458
24589
49805
20378
45480
5652
58327
16240
10478
21803
45818
58792
51071
53719
29849
40658
22270
53689
23487
6818
49097
44653
36109
49264
887
34723
57061
59158
10203
54525
33851
38134
158
2457
62685
28327
19747
1570
18707
15288
308
4524
9271
38080
55034
39857
41166
53089
10871
45350
48180
50457
34633
15677
15283
43327
38614
18517
13748
37674
46205
20067
22824
25198
34526
23807
1496
30755
42033
1862
26400
37880
48150
53467
16875
39569
54738
32218
57664
6982
17306
52177
35100
33608
7268
21571
1229
13046
20979
18775
35388
58086
34190
52546
12253
35033
10444
58670
13578
12302
60338
37576
58449
61509
57885
3263
11446
28213
51988
57809
38569
46256
20680
42035
1383
7038
10944
55098
16740
30521
34972
55613
44309
12545
61906
21052
15248
10455
47501
7675
63954
26076
248
24957
24229
15282
33549
38843
59635
48228
56229
9232
36155
28694
28291
5582
60609
20464
41689
52647
9089
6058
44017
45184
12913
57337
26598
52742
55969
49316
52999
3354
24036
15380
61148
8175
30880
45704
12967
27114
30197
7030
52823
1157
4072
51528
35941
8902
41660
36318
25047
13547
1826
39931
1838
17148
16925
10492
65229
55160
65531
16600
41150
22268
57371
58898
32955
24953
53138
65219
13574
6945
61585
7137
15187
9415
33183
15299
27816
55321
46128
26865
43312
58298
16453
30036
21350
35654
22622
36386
65074
5460
11169
8087
27706
37563
8982
22648
56088
28777
32131
20411
46342
4645
47747
39114
34766
63086
17542
7642
10209
34484
58241
19489
57836
18425
40838
10165
36308
37168
38715
49082
37850
11322
37312
38781
44484
31089
20077
48565
30308
47981
8100
8958
53438
7871
62015
37019
42744
48050
8490
20906
28712
16145
51064
32814
48453
17448
60703
1996
3681
18235
44269
30217
25003
30436
13347
49473
37401
20112
51987
39663
33061
57453
57040
23635
34155
7732
30425
27546
16533
53517
46737
49916
44946
63459
65257
45566
22743
26854
16607
9927
62509
32743
10799
36384
54432
37260
12306
58407
43427
9200
13006
45449
42866
48884
41471
4847
30454
725
44701
52575
42910
52608
18222
35450
62701
51467
2415
29454
37009
42806
7664
42909
17314
18011
37120
29631
39267
26005
21387
49812
39227
13328
24254
30759
34152
5042
60119
13337
51348
19729
6895
58173
4283
46410
4479
7570
18753
35129
44282
6918
10542
50528
55351
62
7662
47014
33869
21289
37977
57222
4377
4820
36869
1484
62150
61543
53938
60155
846
49093
11693
57989
42291
60034
37649
6892
44947
6045
15527
61202
54150
17917
13946
59795
42495
1979
2838
41204
32751
54524
18713
37250
35260
12931
28828
43310
56346
29349
28671
48719
55477
2732
25809
304
7775
5343
58151
3394
48335
31982
55543
20032
33820
62587
26325
27002
49693
63308
34952
7242
27213
15362
62900
23334
51298
34957
41063
52915
62959
47252
38928
21239
16412
35979
9612
63517
27369
30893
21591
15760
39856
47258
37641
42695
62222
46265
9671
6568
26051
58560
31849
9864
28253
18698
19181
47654
63909
52332
13213
54971
56881
27991
33667
34036
50645
21593
6650
9709
48202
1684
40573
47676
7488
51075
12219
43662
38400
7069
5566
15357
21686
53407
49866
59752
14770
52906
56124
16576
42084
61904
36644
61420
14110
25039
41844
55772
15472
44285
45574
48546
45524
13975
57074
5901
23452
40590
38834
65039
46670
23645
41597
20916
38004
468
62033
18087
17641
18556
33818
42668
52471
14091
56605
64690
18039
53555
29924
7636
56163
7097
31547
65487
31347
50037
56567
12755
52981
23398
12495
58882
5879
31
15216
51727
38842
31022
45087
62358
48212
60088
43324
50479
96
39075
6706
43455
34814
32505
58018
32846
27429
28691
33290
39575
3409
47157
44934
1733
57254
50530
46854
32420
2110
18303
10243
48034
22022
2930
59175
22935
28646
5970
44842
22182
19783
52629
13908
37050
36933
59682
1140
8730
297
53685
64022
60911
21448
380
47299
30470
495
53981
12078
50118
46635
9022
45231
1551
61693
5199
65402
50833
20311
10215
4486
63820
37974
10462
55620
42070
643
44090
2661
64583
36893
9647
33193
44917
1612
2188
14927
45011
49364
6632
56332
60058
60665
49439
32815
45982
38406
37907
8795
30654
30620
64797
4394
18115
5425
6392
18041
36829
41342
43618
211
31141
14068
4536
16855
36489
28883
54210
24597
6413
32345
62500
33494
12790
4835
30643
26828
35259
28750
17059
11218
42398
63287
40356
48297
31721
31917
58433
50838
25082
19887
3421
63781
53287
18963
55196
11083
4350
10902
7060
7874
49400
29998
27604
4281
27523
35480
58781
8451
8390
2260
29149
41912
27378
27866
29378
45971
64905
50004
41714
28438
61437
30281
32636
50493
62257
630
25968
1361
57069
29322
54726
5948
38901
21252
25094
2933
19061
12770
33517
9879
53896
48501
27016
34570
61401
34846
39759
32162
14664
64188
17383
21189
9250
35749
25694
27665
26588
19433
44116
8385
13279
33765
47176
44526
7108
65483
40196
34916
4345
65259
13691
8617
9926
38772
53096
38855
3196
41655
51940
4402
19324
48441
26402
48582
62715
56887
33334
27375
59023
24361
23474
43515
61344
5185
5159
29245
63144
15018
25501
52983
47999
36094
29231
49214
51285
42527
64571
19811
57408
50488
37404
53259
51122
49157
59422
58315
23989
23129
19439
24491
18700
46044
48510
38185
65137
58674
16930
5673
14038
15671
16507
5272
21543
51353
54486
13918
21389
5167
47707
64672
13422
43722
30784
4057
265
9060
4510
6268
21025
30302
11728
51003
41983
41803
33154
61425
39870
26425
42721
13649
9269
41394
10410
24188
14106
13515
24086
21275
54172
10086
59917
28538
32457
28572
42595
64975
61674
62326
161
4722
19614
61270
4150
50269
57935
59321
60956
14940
46076
39134
59606
59984
22738
51241
61336
20252
42973
10596
61660
63702
18541
23564
21638
14608
32502
62275
16767
2432
10643
2583
13357
34738
57131
63611
58617
1261
37037
16163
9335
34564
61513
58229
44140
41156
20697
9391
34237
63520
53022
15156
29950
29944
51191
63551
48393
42389
43107
38682
33542
20586
63924
41574
50953
52196
2993
1271
9318
62711
16635
56193
37963
64394
55935
12034
22186
5130
33756
48865
33272
42285
59668
43577
17096
47334
38334
30009
17089
1941
3206
17613
29338
64205
28804
32016
13473
62785
13395
9889
17237
40211
11127
30073
62541
16054
25383
43857
34334
12270
42104
57808
55515
30736
13474
41556
15518
53740
1006
16070
295
62476
18370
2936
59228
4081
23121
14224
26999
22806
51180
18508
10738
59826
19410
30748
15516
