32732
16303
1232
29658
34519
8249
61839
45729
44008
62426
22231
54121
46066
12575
60761
40868
57890
47334
19561
14037
33630
6060
47686
39086
39902
4758
37726
33038
23208
48096
48540
46912
22793
56149
19564
59545
61556
41459
46071
51610
11741
45693
4212
29121
44617
4854
38971
45379
32173
8794
45206
7854
42073
11241
27644
46252
23352
64805
20407
41327
55968
39621
62402
37717
2657
24642
9989
58467
55973
44286
13796
7858
19901
49516
27642
34263
29006
65323
29550
3208
53946
28143
62085
43968
37000
57102
32518
8437
16481
31680
53384
9453
61351
45781
34100
52063
39277
52308
21128
6830
48530
52819
10579
10595
56316
63197
11184
62413
34247
12577
3902
24689
48277
34047
34307
48325
46691
12243
63738
26435
53564
31417
38499
54947
24321
21559
18314
42214
56314
43370
64451
40092
46198
55341
31377
11077
16484
17077
53383
40939
63951
43983
7000
50098
4459
13091
36805
31294
36242
10419
51308
7081
61793
15331
40624
56267
59235
27296
62418
64604
41199
47289
58789
62448
2505
53557
31676
23983
11832
58304
55657
31691
63454
35772
32361
6330
44424
28355
50419
51774
17589
30548
52450
9338
31678
31937
53382
39895
64464
53704
56945
14188
49335
47285
30101
32391
61399
17290
40342
24080
11835
36583
40871
24810
3495
13477
63631
6323
32475
28461
37340
32306
5288
41962
37160
21440
20203
13835
38999
18316
46972
11553
25598
37727
45718
24568
23212
48278
46758
50083
8575
32338
35604
21207
38566
45990
30146
61
42985
62206
40622
23016
64448
4524
5270
56370
37054
45023
20200
27301
26473
46748
34859
17881
34264
40798
11025
9635
3804
42535
33578
31283
64878
56218
7649
15171
30605
34327
18441
50633
60926
35223
30035
18821
38174
2591
11325
5264
46007
3780
15812
52452
21426
380
30710
30176
56220
16052
51216
43491
11387
13365
24124
20911
58722
53790
36503
48099
53541
27530
34445
47528
39789
26708
10198
3883
58885
21557
1002
29394
15820
43870
47676
45921
17725
16268
31227
38896
16266
9044
53533
21701
8986
7793
18260
43266
51098
33684
34504
1715
53072
15308
44808
8451
30207
38663
45387
55621
62474
37175
65273
55026
6463
23267
33208
2850
23266
11079
15632
49041
31186
38521
36923
17141
24433
24160
3494
45714
44006
33358
56215
4772
45725
15776
5608
48102
50271
31895
61874
12579
55024
45797
48313
33173
31409
12275
23464
60768
46277
34185
3324
55423
62386
9167
33343
26528
64693
54599
36842
54507
23723
6630
34159
65332
24571
22252
34442
63076
44513
62522
37741
26082
34202
53054
28323
33474
26909
22589
63400
43452
35997
63584
2098
52449
9359
49275
17137
35091
15396
992
20767
47667
41105
46980
58428
3031
23865
36790
57647
34080
18437
9751
31889
38037
21321
7206
33619
29791
20539
47424
58895
37540
12946
20566
30138
59
46205
39580
11039
53885
58323
4937
46714
18354
42092
23706
40301
59410
6882
59001
9472
59641
62210
20520
10806
50521
39639
23206
15721
41522
39441
26483
59457
58991
6571
27609
39703
39704
25433
20563
14989
6589
23095
48358
33514
1278
58963
54332
19378
60211
14285
58807
45366
23159
4078
55113
7652
643
13702
56043
55373
48462
64105
33332
58840
28486
62521
14135
48189
15491
59704
26586
64191
1561
4835
61219
44268
57332
3958
4892
24111
13655
40172
57132
31968
25372
46798
115
56084
24434
6388
42781
45345
22617
50109
36722
57774
12349
63131
7725
54205
40125
1859
26239
33084
49573
34914
27929
7454
20402
56068
58429
62414
12661
11194
4506
31492
9085
6541
49339
56191
50900
47279
41535
60638
30775
25666
15525
35502
56531
47573
44776
25514
52820
7737
26062
52763
16684
35189
281
22551
22998
57855
65210
13332
18395
35745
17735
9244
46285
24791
48567
12210
32608
9349
21412
64295
21043
58477
44024
35669
3676
2624
27348
29485
60408
46733
27590
32922
4462
25333
39877
18223
19294
25400
53752
13886
57049
4400
55913
20269
37631
23151
30748
62122
5530
55159
44228
45617
40413
52110
15646
18197
31940
41557
50585
64398
23731
25697
58679
44210
12904
27039
33315
32601
8162
58403
8632
23026
50838
9836
17291
64392
7145
37193
17601
52793
9713
16418
56542
42050
46951
28244
55588
46088
20327
24702
19291
37830
21247
34768
1759
22697
13857
30286
36139
41630
25622
65394
821
6152
38205
28046
36129
44221
41781
3466
14781
29183
45517
50217
52525
18762
63347
56297
12657
28520
26282
21920
17995
34166
17449
53426
63752
32182
28839
37385
21077
54542
52833
3358
11636
55431
45809
34254
9018
31923
27924
51723
44224
23919
34935
40260
55083
23317
15119
763
34731
42986
31685
30274
3588
35695
49976
32916
6931
41958
21072
26850
42278
46375
34271
24502
49014
3630
9542
16163
4838
57222
23776
4926
49333
35872
7612
14527
28245
28229
40809
5279
39493
9396
45519
59595
16615
12617
33087
50112
57664
11572
9898
28352
48230
41018
13353
13162
42075
41451
28571
49725
25822
55330
49367
2652
35673
8113
39770
45222
48499
57761
20372
58915
5276
25083
40601
21660
48318
44439
27319
7320
63842
30291
26508
8209
4328
45805
54428
13787
1035
17564
6593
16536
49526
48998
39148
7056
26670
29266
25576
32873
58644
25516
764
40126
38062
37342
36442
29781
31682
28072
34521
37061
37470
24929
24803
9434
34659
48041
56746
65226
4815
35453
61376
41683
31952
30194
39687
30825
49328
21242
41957
63331
30235
56402
7066
9729
37998
19229
55740
58865
21763
59411
64375
34825
2130
41965
25581
43372
43734
62849
12281
55905
11154
25085
40434
26578
29124
33109
27768
151
49330
34312
17285
64532
53139
3082
28471
60085
55074
11214
44525
42840
44274
28368
13674
31886
38836
45358
25756
62842
39485
5056
47966
23734
32078
41453
7872
48490
38044
14553
1719
29329
40597
54612
25892
34211
33613
47380
25561
64740
52114
10397
45397
44357
19053
14290
14632
40759
1416
20254
63610
58115
33820
33980
59796
34531
44437
37341
64160
40595
54717
34005
32640
53976
8975
35836
40602
22853
25959
31075
26797
52109
34674
19663
20356
56279
3115
10719
26240
51250
64919
3777
25548
39982
10493
65500
49038
34908
5307
30620
5309
59426
10036
3851
9127
20315
43031
50202
50042
36988
58537
37007
46677
40171
50238
19656
39791
2301
63277
49065
1727
35958
21513
40404
2474
28070
33445
35129
24103
25296
47515
35454
829
25675
3741
60338
13740
23116
55269
38830
24809
64359
48044
46236
48812
39686
43602
32301
45724
39262
5782
58001
13468
7574
21845
48496
50457
6893
63518
34841
6956
65458
64196
61621
5605
36871
35628
41370
41635
11360
12700
29084
48185
46752
36451
36123
17074
16906
57881
34585
238
3080
47674
64877
64695
41372
30108
34758
2442
36656
18913
63719
39717
20198
58267
61764
39297
2005
43151
37374
9451
59382
30983
54304
50654
13695
34630
10472
9448
11442
49122
35476
57529
19642
44730
61163
16895
15953
21756
39403
22817
33531
54292
19911
19325
13292
57620
13564
50327
15930
58611
55709
8776
57010
49002
39829
58048
16955
1973
17841
35526
15915
10804
17303
10343
21889
55814
59745
34860
55439
63772
28628
31027
24987
63028
18191
26001
31081
18702
13958
277
25628
6911
65009
53863
61717
5785
32390
25460
63119
16435
10726
63563
19300
17575
31636
12339
57381
39302
46899
58621
36582
49266
24978
40907
64473
10207
34269
45686
61487
31412
21503
62950
37466
42614
54510
10412
42749
25118
48826
14323
18336
15960
18417
14737
13291
19313
1761
53792
12665
42136
42236
22091
35142
1175
8882
34192
39643
45432
64942
37327
12825
39873
5884
23093
57187
20943
42302
35267
47866
56519
9750
21828
60018
54637
9410
7229
64051
55325
24983
13863
12358
23295
47903
9138
32671
28377
63515
38475
58614
12325
34458
18476
17576
54374
24664
31110
9978
34844
36364
44449
18918
37745
46274
47734
38519
33170
9892
38367
41943
51768
43132
26858
50266
24420
31087
32967
63188
20467
31712
63402
27952
20149
10677
60784
22925
36786
2305
13920
34326
7264
45564
38541
56288
37271
5271
18544
16364
36512
64042
39497
33520
44841
11076
25852
1758
18827
57444
11086
30699
55702
28829
14060
2897
40452
20900
57436
59418
24730
5868
41114
45430
20572
9735
17162
41117
11089
44047
14061
31349
26527
57852
9285
19609
4334
5869
55366
33855
51148
8950
13198
18051
7369
19344
12056
16856
56748
48807
53995
62845
58232
36680
59963
43876
49998
29327
37672
42721
25885
20762
21736
60878
55620
217
218
35439
54138
38506
65499
14205
1826
10022
57731
41554
49981
40483
47678
8385
28785
44116
54754
8397
65066
64791
32415
35071
20641
23847
15469
28795
44434
46712
27607
63185
18281
7578
5471
10458
52615
11191
7112
56264
14610
63626
15719
58749
22113
6809
6802
56749
29701
6803
34397
29711
30443
41051
9549
12126
29700
57229
29710
43772
6804
24232
54729
33205
61657
2556
27850
17923
3289
62825
45616
55612
60522
565
60425
53237
42691
62009
41305
27979
25542
13616
5465
20099
30439
41047
23163
27416
44524
45936
29833
16566
7139
5357
4093
34801
59446
36795
35089
30609
5101
33512
1005
41412
21154
57522
18333
30518
21163
46521
57863
34631
38293
15979
48928
61791
53898
12967
47283
6325
51685
57927
62794
30131
59271
52378
27970
2909
16227
21760
8949
9346
18000
5862
60390
19430
19382
54198
15986
52375
49490
63435
32519
20039
10551
50121
9159
33017
16140
16279
31079
54217
58359
37113
32668
14331
60951
17757
55211
38155
56726
46128
11799
54481
14460
14375
51859
28361
6386
38003
46130
38010
33844
36863
61520
23272
27195
63742
34390
44992
62010
41040
60247
19030
22246
3126
53964
47472
15430
63561
5275
13677
54763
57165
48939
36296
25836
13399
23716
53202
9838
486
17661
41041
36500
24991
47964
8170
18841
20522
5935
37625
45902
21234
59654
3199
23453
62220
18039
45268
9686
42331
9675
5266
26274
30718
6114
295
35396
13615
56782
13195
60545
17742
20774
22755
15361
62496
38244
18361
8961
4575
14274
3818
58984
62393
58672
5786
57364
37999
21593
24428
61540
51982
29638
47216
28820
10863
64097
15684
26733
35081
1718
17139
22639
30997
54005
50397
43962
35380
20689
10373
42270
38026
2361
51698
57155
15650
19771
38683
30433
11094
24424
54811
10507
41793
26273
17337
56002
49352
2412
24947
38658
17429
53447
57488
14966
5736
26764
50647
12659
578
49259
24373
4840
8464
58782
49903
30116
39519
44774
50356
41240
52178
11877
27502
41439
18833
18965
55202
10614
6544
61175
32851
30876
38447
46139
7887
51609
46133
51605
6389
15965
46711
15424
25138
18799
23953
47091
24508
19839
51450
9431
49960
61851
46930
27712
64298
11745
28821
53716
63961
51983
60254
22539
6122
18874
46214
17820
22135
4563
9782
38462
27137
33920
56388
63304
58719
18420
2238
3612
9257
31108
5217
30939
57661
38355
62604
58649
3445
8476
55324
12769
2122
39480
30990
15897
49852
46219
27099
24596
51932
5766
56703
27020
42383
39512
26683
11848
58927
42597
39303
5216
52426
47296
56843
57039
59634
59899
59404
28745
20167
11466
34587
25886
39502
10215
16511
39790
64505
15314
57141
21618
48870
56983
17810
62846
17823
13256
49467
35696
21743
229
60896
16596
59062
11156
4074
45273
43482
37477
2355
22006
47506
53575
46527
9420
16334
39461
56997
30563
27055
57021
63589
23565
12525
18384
3606
50329
55729
14696
58118
16383
6372
61187
45836
6185
26267
41726
22487
52320
21260
46602
33105
11710
38195
2477
45857
42931
4851
7213
58641
18599
44000
15629
58262
11309
26146
7966
51147
31408
56986
43088
41198
23278
18693
45315
6250
57784
42249
57642
63094
33027
17954
23269
58979
55770
32355
7653
45506
40794
45776
46147
31578
9636
24229
59632
34262
32858
31833
30929
48885
61801
13999
63052
29545
37099
35631
61120
5228
35284
36003
35630
14341
11984
25046
40253
58305
53230
44248
12987
15576
47913
35295
9762
33264
11582
59660
30217
17001
47210
45552
24531
37949
46339
56603
27950
63624
37089
44709
56943
29844
25343
16217
46588
37994
62502
64712
30657
11019
39242
45635
37499
5728
41364
28443
43955
18902
63614
261
932
40061
60339
59462
50661
11721
24236
36533
59311
20176
50105
25317
13458
20672
32190
2379
9876
40122
28875
57877
54452
14503
30733
54500
58316
59608
37094
11999
35674
5364
12815
3829
55254
49094
59670
61738
29176
33900
26823
61733
13648
18600
47148
14900
54818
11461
48839
60790
22481
4777
1409
7365
33615
360
47916
58470
48755
64058
37773
49140
28864
38132
7809
4031
14855
26869
41119
19677
56775
34603
39247
6770
62080
26230
46311
30819
59414
47897
18457
3034
23447
54165
39334
19225
45063
32030
15088
18869
4510
59158
53182
39573
46237
7791
51028
62019
35002
9598
62264
10664
40632
46759
40237
26863
25988
42709
21405
21561
41824
19552
60195
20541
56619
12755
864
16131
41685
5917
50493
47331
920
15768
53172
15013
5269
36592
59080
49146
31144
9388
16064
50373
23359
36014
29612
29551
31
63691
47193
44783
56535
36006
52704
21862
5922
21510
52817
51611
52799
42719
25564
26592
9525
41774
11316
43367
33169
47883
5789
63354
58524
32871
51909
1180
28767
5267
38773
49096
13876
10106
51469
9518
18034
29665
29852
13217
61401
62620
57116
5067
5051
5303
8760
46137
25288
41960
53010
45971
15571
65335
39222
5034
15048
35324
59427
55882
41842
2061
17398
62937
50868
32617
26039
35652
59584
47062
6364
39669
59038
63333
27777
46595
12705
7099
40666
34662
21948
34539
26415
35412
54148
5677
7895
63302
5142
10628
58704
4998
31817
40921
61544
18368
50204
60281
10448
22749
38466
16688
34423
34779
46165
39354
63425
51358
52915
62777
57656
8851
44138
29538
42102
55603
8670
40101
63894
57722
2217
29596
46146
31631
52539
22959
34880
37081
14514
20107
50332
28358
38567
23307
4503
52104
11769
2982
41812
31731
42140
13630
25878
18610
2665
30776
13649
61748
2517
57470
38618
60581
25819
55605
55898
33877
35311
2664
2388
25539
62141
36744
16351
11887
43627
45337
5083
49436
42199
6406
24937
37287
4891
58588
60489
35899
64069
53218
39847
7869
18570
13628
30382
20920
13010
28451
33419
5000
47985
64841
25009
16886
20933
8603
38932
15252
25807
39874
60607
10550
22795
25422
56207
5144
33540
51289
35721
51674
22791
45946
47504
10517
43973
44761
22012
7023
34297
54950
21666
14129
25328
47171
12061
30390
65399
26532
35651
21674
57584
46837
39701
2503
34527
64361
51032
28241
14248
6575
16325
15641
46154
11064
1349
12707
57077
33948
32400
61753
60347
12028
63019
3119
23966
34930
9372
43177
50876
41959
25575
2143
48214
33626
55611
50108
18007
41961
64598
37722
39698
54204
26199
4927
50874
33838
49953
42856
34526
61010
20874
19657
18011
45860
51730
8253
12549
49811
26203
2071
12846
21677
24814
18979
33067
2035
32845
15435
58900
17294
27980
21735
52315
6824
50708
569
4809
18526
21972
57035
16670
6568
55088
21310
22233
41967
28459
5036
15817
57122
51039
47788
38459
30182
47990
63618
2188
64080
24774
30926
2935
17283
47969
43873
25784
40474
34002
39267
41398
11883
25210
61743
40279
52928
10688
7016
30392
34138
52518
13397
29340
35688
1720
40185
12935
30822
30477
55346
29778
49885
42998
37550
36024
41966
19046
54641
12123
35329
16274
7731
18177
12277
33434
55174
54168
36995
63646
25875
18053
25308
45637
53379
43750
8639
26245
52136
29589
16609
17421
26989
20453
27969
10000
20051
30391
25690
27820
12965
46143
15645
29785
63609
47880
59992
61691
34575
47182
55339
56723
49726
59832
33460
13085
27012
2732
60484
28562
33898
39995
19432
24815
59615
54258
45713
61920
35897
13020
17295
287
24975
52630
15609
58012
52752
50865
46365
27757
53185
31059
24913
19681
43605
18048
3708
40144
26357
34831
64397
48451
47389
49357
154
4250
30746
41154
37001
49572
52111
30393
13066
28866
53385
33142
64399
1721
65028
54791
55100
53635
40094
10796
754
6612
12094
30399
57386
4797
53391
28889
48539
22952
18523
45535
55584
25574
21588
42567
36835
43517
27718
30432
41955
39257
12115
37140
6583
1760
59087
576
16614
16871
15998
22412
51733
64560
48641
13500
17289
35499
53615
2072
62645
5278
25303
19792
17788
58633
42978
29226
45143
5374
30714
48855
24268
29580
31822
15281
29708
58171
38458
19040
16829
63678
5018
14330
63147
59191
54769
59709
57910
16267
26819
38777
39839
49078
5274
13687
31518
3678
9764
355
21671
18017
46078
63724
63392
6889
28132
25637
29416
17666
13506
62745
11953
25220
2417
22767
579
62389
8697
4598
63003
57110
45931
14614
34994
8370
14450
50622
39673
9424
16900
48574
56961
30126
24361
46040
13242
37276
1305
7037
30097
22323
56205
8988
6209
61625
19758
3530
64054
38671
41182
29979
65470
23892
4389
44365
51337
53822
54993
30148
50655
21879
55283
50346
25820
26450
6887
39612
11977
42706
45618
62769
45864
39869
8163
18076
61716
44788
57308
47434
41509
64425
16724
37063
30167
31289
59624
39454
1328
29145
16815
39164
18077
3831
26954
54614
5671
35700
9940
32947
38163
2475
21393
61343
57461
13570
7714
52677
9352
9771
18275
22356
25151
13454
4066
59054
55801
28896
47494
63953
29079
14083
17333
62065
56802
13964
39838
38138
25164
54272
31231
60325
862
9430
49272
31035
29451
45105
34759
19464
630
39472
6548
29274
53318
6171
38356
58757
28506
913
12850
19517
44880
26017
7028
23497
31866
40199
63426
44154
57322
18178
48074
144
55756
30856
29893
64948
1690
30607
11097
35525
22116
36858
39834
22698
61893
4067
64280
28692
9615
45970
34514
453
9303
53536
26690
1398
61720
34756
26787
46407
7232
58938
35773
30704
15621
39994
57396
8571
46329
46011
5354
1345
18315
794
63769
54308
31346
31629
21315
7419
11376
12695
10131
44722
45768
13850
17586
12144
49846
15169
44256
3549
28257
48381
30485
167
23361
5529
58170
36093
50586
43143
58015
15659
11744
23741
48045
57115
59491
24924
18530
15126
60877
59295
41374
31469
57531
9317
49447
19373
42639
40646
20209
55091
32412
33569
61508
12629
62011
47972
17624
58566
28740
12022
28786
61121
54011
24145
60346
64879
37018
37013
19219
40042
34016
21370
7033
4211
20263
59468
11022
1835
38366
33938
9260
49086
53473
42539
13048
2903
12497
42129
22175
63299
50220
33229
53876
55247
35732
56769
11846
17623
54486
5707
12709
20244
19713
58573
36145
16472
40470
65396
4980
62059
14667
29746
34174
30567
56832
28952
31743
16005
61547
24703
49600
18341
54558
42971
44695
44751
20846
18700
33050
61635
16182
9625
55610
9621
29766
45251
41477
51310
2554
31132
37230
45450
12179
24036
27985
25559
10601
26364
34677
4796
51800
51992
31463
1689
57228
10420
58742
47685
8307
51608
9206
24068
35529
16851
18471
63568
57604
54000
28371
42056
2448
16750
26735
3665
27089
7045
31933
44157
25493
29977
13262
16176
35717
4500
46151
41141
49493
19285
14122
48589
60022
4393
56384
49351
25287
17783
63620
47388
24897
33056
27581
10547
60480
17433
12186
27988
17817
44426
39324
20997
62931
11726
17813
28474
36282
32614
54627
23822
10508
44970
2158
29718
44688
48847
9208
55205
18231
45634
44690
4847
16863
38759
49896
35099
39753
35839
59211
6395
17809
40160
27997
25601
39435
4790
55223
40128
3371
33530
48566
58031
1527
29193
42481
11757
21548
46959
63992
34164
29227
33505
17553
37141
10651
4062
42237
1111
14873
63912
30142
5265
39885
9831
4094
29690
33094
47181
49303
18188
5358
65467
53134
24684
19502
13306
42066
35724
15465
14988
53009
50962
50750
56242
34323
17612
5273
12513
23730
61262
32458
14314
46877
14379
15127
11657
36709
50641
13057
64424
1152
2802
63234
59801
20371
50314
15323
52153
51053
27819
46140
46698
49004
29773
43476
14482
39674
7368
50395
23642
50773
16602
17156
8234
23457
23742
42632
24007
8482
41608
31740
63240
4033
7375
19615
43539
44041
37662
6469
24076
62778
193
46411
3367
63506
19953
36241
3437
52759
7330
16994
42240
7322
18783
58114
15660
9171
20728
19100
61531
42841
42285
36846
22440
24509
1275
26514
5351
55072
22253
50239
1771
1266
19773
58659
32742
27000
49850
50099
55200
30042
6384
44693
34036
44699
58294
47863
20400
55868
37976
5569
61527
28375
57565
5780
30737
23782
7723
43074
52634
1795
14613
48616
1767
59154
40166
18278
61976
33925
56883
6134
27186
43058
12797
10434
28823
36857
14817
51564
1006
40450
59233
37424
17232
58478
47328
44624
60897
59059
6941
30915
41425
1309
25349
14211
5088
24252
63581
9776
14054
49880
22477
16034
19351
50102
58414
46203
38376
61998
6604
5297
26192
57105
11101
64206
61449
29698
42346
57244
6805
24570
6810
29705
6814
6815
22026
29699
1737
29706
19834
7506
38919
38441
15792
52761
4814
8647
41487
30196
52767
50196
16119
32657
39068
58360
49607
24320
1447
26677
23928
20760
41528
19644
52174
54002
845
44855
64759
47098
4325
31630
47846
32246
13319
13609
30740
61067
60156
22720
29165
29838
13184
51916
51682
54004
25850
50994
23302
17737
699
41191
42268
33722
22811
45420
49495
20813
10456
42133
15711
1116
3826
19257
19769
19284
10566
16751
27398
49557
37056
58306
62380
59560
5277
47055
60968
9689
30155
1692
13891
46977
23616
18412
20013
12581
9446
12876
12891
63720
1037
39784
44379
21327
64494
32747
25456
39132
44355
57822
36954
63814
62438
33135
60433
34872
61198
58987
1221
54827
18347
12323
30810
15640
1444
17382
50197
12726
40380
38744
34224
63467
20542
2174
48218
5861
14753
22410
21204
31309
25216
17388
43039
31515
57464
17144
25483
18429
27496
21512
53812
19445
16215
26739
8155
52410
26271
41197
10712
3176
27014
55004
25480
10059
18149
14930
473
19443
17824
41835
42141
26488
23629
36110
14113
9291
62444
13956
1360
59563
5295
13919
22299
24444
35636
19514
38083
25692
26413
27949
41163
53407
20780
38918
8768
3419
19746
60993
50215
15402
26826
343
52824
9436
33881
17377
40025
12714
64741
59643
13827
53563
5739
33490
2780
48223
7073
16446
55891
17544
13653
17384
23904
13072
22176
42605
17778
41467
55151
17583
32399
24537
35294
27701
17970
38622
2472
41184
12821
7389
58761
10252
61673
25069
19985
30846
12010
19700
51926
38691
51025
4727
38181
17387
18764
65256
11342
18672
25478
53565
30303
5131
26760
41931
1624
16436
43104
49337
42225
39949
37736
62662
24800
30358
62187
56635
15694
63205
25120
852
42554
28534
53214
14916
63981
23121
59673
29205
62440
56838
12569
3416
21679
63656
8526
39445
60160
23023
750
41193
25294
15917
65088
65104
14150
40529
34438
63723
26258
62
56357
58998
62539
10327
53204
11055
19932
2861
29466
45175
16736
65022
11811
5606
36245
42197
34346
27216
1135
62226
63922
32177
59809
48555
3955
426
40857
34267
27030
58738
20116
5272
47038
32958
46500
23708
63968
58735
54689
34875
39027
16060
54194
64495
60681
62192
23469
38063
36430
50475
31827
60445
27878
51875
59481
48552
38822
65367
31149
7677
18782
30238
34520
5550
28265
15561
57807
62439
18259
41187
24738
9297
8588
52042
23337
9021
48195
35104
50194
22399
37137
31927
13117
15639
50738
4914
45201
62461
35357
23932
28137
8999
60119
9440
9426
3582
43515
63775
34083
39863
49804
24021
18687
19059
22125
27600
48285
7376
19415
11273
8543
35986
3750
65460
55029
51644
61087
26509
31677
56632
13403
58092
63485
56936
53400
19634
4027
46229
53948
21824
4910
62445
10560
10309
26856
28136
46388
36999
62537
313
57905
44112
31624
46222
9582
12880
1237
17795
51517
52576
55881
35549
11059
16032
33437
19297
21091
16507
31199
48274
28067
16368
60257
9562
45401
34836
36753
35787
8726
24499
1530
31076
43454
30139
55970
7678
43604
36651
45215
62935
11353
15914
3901
49489
44225
36998
48976
51911
33688
46406
58386
41311
27805
9770
20885
30387
24491
51217
11742
29137
10273
33575
18413
61624
46385
58653
59394
29909
45948
2428
20350
64499
43413
51104
4050
14427
49504
14551
42413
35242
32106
39452
13913
30014
25580
1371
58021
24812
27806
61922
31706
28139
33461
46524
33221
15630
21580
56352
36309
25755
60506
52044
33961
24811
27883
5603
4063
14424
15756
1817
2186
37437
7397
29414
1823
50494
39707
32956
65105
39696
52274
43964
3872
13689
10383
13194
38508
19705
37388
43493
57527
4330
46700
15931
31216
60348
50611
51371
29333
7804
10139
4595
57437
34503
50631
22983
59520
41409
20573
37641
17862
49818
33690
56217
41669
19754
16504
4884
17169
34592
52946
11514
50671
25364
13121
37944
61158
57874
57290
44717
26334
48849
18491
30700
32748
44749
38012
43490
15123
5100
5356
10361
46335
16381
15515
7667
59137
63536
36232
2999
23324
9264
23161
8522
11930
15517
18434
35774
15519
57629
22974
44413
27061
62295
64182
28138
28092
10321
8047
17955
27238
23978
11628
34110
63713
19741
40720
50482
48054
54832
10706
16322
52560
32611
40610
22988
3712
40278
24722
51149
17664
24635
44186
33478
25323
55505
33430
58272
12080
43931
7847
41806
38201
37840
36704
47664
60260
18263
12260
23756
18433
25089
8653
51775
34396
9917
6376
22563
13093
12122
58389
48459
37608
6576
6856
42194
12449
63112
10557
13309
10464
13597
60459
17182
64949
24150
47310
7164
18447
62269
11923
10091
46387
58988
34196
57294
63943
8979
4208
37635
25114
9405
59703
57441
15494
38715
42496
42290
25857
3488
36802
45202
57430
63449
30814
22295
11302
37715
38834
5915
15808
44177
23091
10369
50527
38520
9818
16359
17239
35784
48538
35090
34538
32647
62391
30569
31688
63569
1405
44350
36188
16062
18654
31295
11193
56380
46740
35093
2064
52617
42975
17675
46384
24731
29008
35990
9461
26718
33477
36707
50848
36057
31835
22300
40044
22067
59040
761
77
6892
24550
60461
7034
15508
17172
61323
63255
16884
4213
28707
12456
21982
5268
1833
31529
10357
43535
15575
53310
56689
45474
44530
19917
49623
48994
15040
65430
25290
26105
17822
25075
42580
29650
31421
23547
40750
25609
50035
8784
56743
25896
849
57553
46484
56975
19557
5286
41922
48284
29106
18248
49786
30594
59576
50656
45772
1668
2979
32523
11347
54065
36939
51211
17406
39692
27206
7836
32840
26861
8959
15113
49062
17707
55455
17678
30498
22599
23029
39204
34852
47766
40356
43851
37115
54736
4243
32090
49054
2094
64571
16234
26064
28271
50258
4781
40704
26464
43090
53750
5733
10371
56251
25888
34837
24760
57254
33655
62787
48733
44385
9314
57489
22913
40870
53764
18864
6269
58450
32678
29583
31592
15087
30754
53005
4053
41026
48599
39131
58687
61814
54305
41645
24993
13474
11265
18910
11155
49568
30889
8372
2229
7547
46808
4729
6955
12555
41270
47753
2034
3438
30853
24071
21048
35837
3991
19379
28078
65524
54338
24780
34058
52572
56121
5755
2093
50267
52652
61190
16134
30932
49042
49053
14425
13721
43365
32088
30938
30850
8557
50824
38656
22474
12864
59349
58103
26196
18788
4255
56670
34218
7061
36609
33731
29663
10232
30487
36921
14552
40639
731
12962
18192
21445
32487
53300
40862
6267
42512
19701
45096
32292
41058
38866
28146
18970
29571
62659
38266
44294
9857
20303
27511
54891
24486
55416
9571
56115
12246
56641
42216
3160
47040
35588
32466
64038
2450
33359
61231
7626
25761
38136
23718
53311
43842
36516
5291
19214
28073
55855
10384
13577
35108
16297
35320
22373
32546
17883
14862
33054
14072
20377
18937
43093
58978
51467
23652
51676
38294
3757
22622
30511
24777
23964
31533
9086
24899
32266
41386
32258
62597
10074
12481
44535
28712
23468
52012
48001
44533
5761
6858
27605
20132
36149
40641
11857
24347
39419
47259
64789
47590
55699
14017
25156
1162
12790
41223
32935
23390
36310
6345
9828
44086
38068
51807
26742
2693
62798
40638
46647
63321
31798
23653
64721
53281
32997
28080
28083
32885
44754
4651
60328
43742
42203
4404
15939
1904
45753
56387
56949
161
4140
18778
48926
19066
53284
52716
2319
25199
15121
18040
18963
16987
5253
25015
46694
30505
34942
47695
49211
29651
6000
17477
2224
39462
9315
42007
34512
10057
43958
34709
248
31920
42967
29753
214
51319
24961
54853
44038
4259
46283
273
39516
8449
63301
62527
33475
33513
26103
65338
13438
64365
58848
24033
31757
5540
42556
54038
52735
7292
23240
41815
49764
56640
53843
45173
43455
62415
38455
20647
6859
34817
12676
768
9647
18061
255
22482
10477
18043
64466
1637
15196
32901
22079
46574
20516
45325
31461
175
6464
43821
41594
57985
15676
7058
64837
59153
37693
59588
4401
55858
15283
22310
11358
53757
9076
22298
8353
55616
18351
60342
7977
5562
27429
55051
22224
38502
26049
26065
15135
62419
5224
39552
58610
49409
39299
31018
39942
24739
6007
33742
17696
23389
21707
38802
16598
49030
48287
9471
54663
24848
36964
36966
16776
42175
63148
25782
56700
23721
58261
20394
62866
4464
437
51664
11865
34895
51535
52714
55856
55542
5294
18633
26694
14648
40570
14518
11619
27360
34918
28717
60150
5866
59646
21816
54752
36675
49724
39003
53985
11189
6094
55321
12680
48365
11277
16574
47079
34428
15036
40539
51333
64176
50852
28180
60598
41865
39947
63464
15229
5445
28418
22884
21690
33122
30960
468
62933
13116
6019
54741
64001
22382
53735
16816
36520
28363
46041
54359
6314
38737
12546
41067
25583
63835
17482
5103
9323
9364
42453
47466
19737
1386
19955
52574
34463
29140
10662
52590
42283
35953
24511
29731
64459
2004
53133
15537
59441
50187
45385
24692
9941
60602
49151
22366
57946
7255
26138
64743
44823
56437
784
28439
10932
60487
40023
1555
45070
61642
19794
8032
19859
26904
27951
35259
50905
45057
35276
5635
39325
57834
47496
17443
20836
61836
12295
62090
31635
21272
20326
14081
1179
28104
3972
14658
17446
18854
1182
28096
54819
62990
35955
33370
62345
11447
10644
32046
44898
29225
10240
3786
14034
31197
34881
14767
28857
56614
39425
11424
25571
13843
5795
5091
45804
20576
51532
23218
60848
43340
43438
34108
1128
29521
13834
36010
54623
38147
12360
53737
50273
3343
62334
8101
41272
3019
17497
12941
771
20305
46300
60585
50137
34418
6236
17260
2013
23407
60688
7004
56315
3531
26226
56851
34006
8288
52952
30489
6574
24362
28732
46611
53798
9968
588
25158
53734
10930
57162
5376
20939
11141
12729
52573
33294
14714
1256
18545
17355
17386
11980
52486
27709
39977
29886
39326
6492
16845
17798
23515
49956
13037
425
21663
39382
54692
26925
18443
62920
50417
63393
49293
38496
61835
62534
47546
14374
63718
2510
25778
32944
41497
15569
9672
11128
32784
52756
24543
39004
8478
17874
42265
5440
48199
25175
38208
54032
48314
21424
27879
14868
54192
12842
49283
5026
55897
29035
43963
31697
35793
23619
58157
6002
40288
63689
37335
47690
19010
55668
49286
56559
8948
15045
36072
9679
39700
27115
35726
26069
6308
15540
34261
21400
45870
5016
12884
17444
5949
28677
40630
10291
22439
51642
16680
31599
64815
31405
56175
55527
57951
25843
22741
42806
52650
62039
7590
63975
64768
27640
60637
45980
42807
43687
6310
2003
21035
46750
7318
41839
20332
32233
51072
20329
60624
53736
65385
3284
64320
56878
54360
53971
27652
3280
2048
8960
43218
8744
42271
39590
14485
22861
14935
35425
7842
21998
55809
47214
42334
51040
49294
32470
49285
26151
57828
27379
22017
19329
55554
56344
56862
58828
39379
22848
29024
14914
62565
59121
45566
59206
55265
17315
29353
26774
30885
38558
37049
23227
27528
57042
20864
12319
40617
41503
26153
39102
47455
7539
45434
11108
53159
22359
27747
28637
25635
23621
24038
33210
61470
45180
28108
16199
59241
8277
37440
12753
17007
2484
56309
34771
44457
23210
62333
7343
61379
33544
12964
51878
44219
15572
64516
26158
48686
58235
58479
62959
13099
12959
34127
54312
25985
33256
57596
48759
19492
44995
35004
32422
24323
14373
31101
2711
22400
18746
51798
18668
38222
62960
49327
39229
7566
42448
46835
38826
41312
37583
11733
52298
27533
26175
41263
15496
64412
26506
743
1511
32416
50701
13265
18598
17168
40991
22372
48822
27072
65267
4721
10834
11393
17204
18218
57794
53743
47869
60258
27877
59022
53970
39084
39900
14486
30761
60973
21404
25945
29231
8108
54361
51328
4268
46742
36212
2518
27412
23226
29042
45976
45974
52226
13974
23190
20585
33804
11962
37742
21876
23815
20834
50898
54053
58039
60320
32818
43008
8486
15421
39346
10096
16474
64559
33185
398
20602
44040
37189
21016
52365
54128
49115
60670
40814
55347
46519
47250
22762
41735
62209
2661
51356
5572
29396
64542
3102
54270
57566
46914
15258
52728
54665
38079
6008
18387
31012
15400
23598
37206
4557
64784
46564
56055
58302
53585
32909
460
17487
41917
1536
22306
14740
25016
4492
14739
41149
19123
50248
46409
8396
25356
36315
28659
31414
1164
51897
37918
43631
27593
15856
41145
15864
65225
200
42242
53934
25740
51551
16898
24158
25351
32268
36628
37787
48644
58418
20117
11884
17279
54574
18396
55248
6336
16012
50568
63789
62592
57870
47563
23945
51796
18506
55543
13792
31604
47646
38748
17951
28145
55278
40746
59261
44940
36915
38468
7835
30976
2425
53897
47013
60308
56836
63029
32835
31806
43250
18583
22986
54322
57633
49973
19163
52337
46537
43416
25960
65446
23031
56227
61711
4863
297
17430
20902
46621
17031
46189
56779
3348
206
5772
42638
40274
45449
31808
53888
61786
6093
10170
10382
35935
36624
55259
7684
63884
29287
25091
34823
44555
30962
59676
8345
63226
19348
46176
38747
58948
11665
47500
25492
34858
23074
53531
61511
54461
11095
6488
8583
16911
43711
12320
2338
30039
7829
31566
55582
47019
44548
59773
39352
61923
22665
54325
30636
36508
17999
3801
43248
57412
5283
19012
2700
14550
21069
55865
26318
47245
43544
61118
43760
33852
26640
2917
29094
12777
50016
1228
39327
43542
25884
1449
45853
32109
63908
63190
32880
38754
41277
36563
10745
21195
11978
42002
56525
43128
36388
22901
28117
18852
12316
22857
39957
36120
4865
51254
37399
28975
13854
3428
40445
18221
54020
61333
65238
45163
6496
13852
39952
40292
32708
12822
17322
42915
39424
30840
57867
15232
1813
49683
3491
57298
11306
13355
65117
59432
17400
26565
793
30495
29957
38034
15510
9469
6963
60333
7226
1632
5244
18986
61138
7478
9162
41125
6778
27537
956
58929
29475
10255
27540
15185
41404
23722
23377
58822
18553
5681
36876
46534
8995
41916
28605
35744
24585
5451
16964
43431
38219
51448
54003
36218
19738
43936
21668
8740
46533
44941
63706
55762
41730
14976
23875
26321
1154
45666
40258
11993
14944
19384
36002
24178
24051
30450
26176
55131
41896
48204
20291
25648
62196
47436
15498
20635
12388
41128
32953
21403
10298
56033
36053
27343
21415
63082
51510
53530
48951
5
57738
18138
57349
64111
25251
43318
7445
22782
36089
2622
52734
58879
53860
34583
183
45239
18549
10576
14927
13480
34408
22249
6501
10242
64580
33991
22119
48805
7734
54581
4558
39921
29635
55750
7228
33847
21095
21791
4096
60644
16633
38920
27077
37548
2501
19991
29404
37596
60999
59033
29356
14488
38553
55749
47557
12537
950
29730
56514
42272
18730
38057
37534
4935
12313
24824
49400
5693
19593
37535
14998
5233
11448
21698
61958
17937
47390
20161
43034
50946
28969
63089
39256
35063
9377
42009
47819
63729
14950
45678
5684
45549
54497
3571
3830
36862
15495
64697
3062
58456
54587
24551
2441
34641
21991
32939
36681
317
62516
64861
57404
65523
24045
44566
46103
41131
25904
19616
12587
47565
63768
4362
14662
15097
63774
23443
58328
35359
5262
15205
24048
62763
41873
35635
28373
18069
3189
5838
50070
41971
61436
32368
25141
9577
24425
12870
55107
21340
29484
40436
41878
54809
50706
58368
26389
19924
58523
47810
54435
41556
54056
15769
63092
799
40233
20215
1989
41151
20899
42364
61710
23088
51457
33279
56472
16056
9877
34870
14921
52232
5066
54144
14002
5538
56473
37779
45916
54838
13590
64869
16181
47000
37241
26382
57802
17299
46963
28796
30414
31360
8984
35928
60098
29857
55969
49657
29916
14517
20809
21220
39125
38379
42516
55302
21288
60415
51452
41883
57023
22442
24279
34400
44046
21789
19148
42593
38862
10483
11991
55714
16395
11386
46528
44735
44587
36220
11131
14893
16977
16783
24853
21431
24647
22250
55122
65111
12099
33798
22906
24368
30226
38627
16483
19455
59107
29905
58184
54323
29868
4473
56676
23027
61631
6522
27957
5886
2148
27558
11445
50753
58162
910
16650
42126
31692
51589
24341
54840
29856
9500
186
23941
32288
18073
23022
22877
10716
15958
6493
28874
38140
49417
50071
57154
57193
24148
57136
55573
41759
6643
13865
27688
99
35569
5611
61127
55494
2325
58379
30249
58512
29049
26300
43532
12741
14987
19334
39395
1157
56955
18258
51591
25223
7175
4495
17789
40745
40437
52982
7290
34038
22585
15114
63668
57330
1125
40261
9316
58731
25858
8833
31758
16391
41531
50548
51300
8142
9508
63399
37576
11252
4906
35094
8661
23039
2447
34415
33339
51045
270
31029
27817
60533
38263
42108
3668
32896
42938
16570
15204
9881
6784
48727
23696
9753
10549
26019
33503
15257
54484
33954
17391
10454
33010
43912
45090
61637
26023
4475
27344
32424
42449
32084
34524
22207
62128
50041
43460
47251
11405
50034
33730
34525
58443
2481
58615
59857
55648
5039
63166
24016
39913
35406
18943
46256
37661
39215
57996
17096
34050
43988
33753
34209
8693
15225
18576
46366
39314
63892
7761
9515
58238
29617
42011
47917
11123
49037
25903
56607
55449
15885
21724
1636
56423
17831
1285
35416
22319
62973
3271
53196
2196
26881
4850
16723
7764
7380
38874
11341
10167
14217
16433
9177
31544
40886
39918
32695
46943
33899
47126
53174
43171
7214
40242
39278
48052
46107
25055
57997
35138
10503
11011
34594
13673
18587
45848
9150
56093
38998
31348
33249
51213
11617
16975
29577
33819
30500
6915
43113
17684
39052
33486
52051
46319
39010
12477
28989
21411
8622
54716
21055
21409
44507
51612
618
30059
2459
2106
23559
25373
1878
47116
19358
14756
50251
35624
3249
4005
58667
35629
43410
3399
56433
5379
24234
59350
17585
45830
63885
62236
63488
17256
58471
55609
38481
5579
59870
58548
13170
54480
36949
10452
54797
57235
48493
16326
1017
26048
51434
13042
43651
17488
27120
15887
929
23000
9358
32467
41517
7864
22736
28113
21723
41861
44215
52663
54740
36898
19440
64887
12532
35258
7083
41234
48216
29115
42264
46882
19380
7075
54052
8068
24972
54347
52083
19569
47405
19347
35383
32469
50860
58827
32433
47261
54468
44818
14342
35725
55070
45101
34072
9926
61054
2149
4945
32724
22690
15322
3278
30102
46490
14812
6011
2513
22239
4048
62405
9387
21192
55848
50634
22330
53733
17378
65018
59549
48017
27836
25301
60750
47800
10995
39018
18517
31073
31870
23735
30881
4088
44619
5746
64276
40222
53135
43316
64563
20401
7994
17212
50171
3898
57556
49295
56692
7767
1806
57878
2757
52791
45975
27513
41919
24778
49995
30923
55155
41803
7538
62332
23396
11996
41838
48889
13418
11110
35936
61186
53973
30892
6133
59542
3593
44250
17677
4823
57953
36800
50693
3513
36803
8044
22272
26060
110
21532
41172
5966
4201
52510
3948
6239
29155
6074
53610
46915
27497
39671
11990
49983
18914
37916
25535
39394
47016
30971
11088
42345
34457
39670
17976
33387
22729
52213
8847
39244
4599
31539
40203
46646
25994
47321
7938
33119
50048
6242
44821
42607
58774
4153
51366
53701
62582
45969
49221
2587
21102
6258
6361
27242
25546
49280
9894
50163
43430
30640
31148
51622
39817
63129
11017
25407
32565
14869
25193
53813
5495
9319
32728
58576
38851
13657
4806
42445
23678
7776
59239
42972
52071
32620
57966
39135
37091
26939
19805
19966
64178
8302
15592
54738
45636
30043
60467
740
40754
13164
42830
63931
51370
19600
46358
40908
53961
5104
28482
30544
51783
6638
32114
27552
24700
28391
21488
15860
42012
28430
41870
25386
53351
17815
39740
38446
6738
55951
20521
23635
48031
62710
16887
51717
40536
12604
17202
15348
24067
14603
63638
4718
30254
29608
5783
36489
10405
57797
18716
11298
36008
59434
8050
30904
19298
29867
1609
40154
18737
55412
15017
10406
6981
58686
16188
49287
54088
56538
63852
25667
45783
34268
61797
519
27314
51290
6452
34258
47577
51988
65283
22441
50531
8477
27477
57210
37303
323
20639
51458
4170
62541
10333
63725
17687
19596
21199
1791
40320
47768
56887
24315
35956
21398
46156
25128
13460
17877
7494
45383
30322
2977
5014
7744
6822
16189
4868
48286
1579
32217
3410
5984
43427
38268
4919
49142
57926
52482
48601
24878
17448
7576
3894
28408
12389
18724
51537
20010
38046
18133
16485
21803
58654
49569
29737
16164
15557
61826
54072
5749
54608
17187
27104
62800
34128
51284
53132
25936
30325
49036
37667
49289
8100
16846
56886
64497
62068
33239
18505
33412
18163
48272
32704
55765
17695
9175
53511
60969
7845
63533
55017
42600
62351
32215
28531
40350
32035
37047
49218
56168
18768
51202
1234
62092
28855
26168
57319
20293
13846
30424
62207
57736
63836
23277
52025
1123
8629
8159
46258
21741
37251
56807
62612
8252
11449
18018
36755
54014
39822
46215
2578
27534
23712
54055
54882
29609
52123
33131
4057
39128
16278
51557
27874
55893
27298
32684
58793
61334
30331
13422
7491
49288
40876
36109
55962
10449
58155
6542
57017
13179
2991
32752
19340
60300
19643
63342
22926
6281
58473
29116
52116
1478
25577
30431
7338
5097
39823
34937
49984
27535
13766
41792
46815
53260
63503
52385
2278
58154
62339
18027
2139
29727
65356
24877
2752
20905
2630
33293
41250
51293
11701
36432
24741
27636
50520
60874
23630
15311
42025
30304
60061
6916
17688
27845
50429
8037
15558
14865
2233
8053
64444
51077
3940
26884
48201
10077
37979
64513
30320
59020
51230
49394
37248
11135
54077
54906
4172
16970
22854
37673
30016
52818
24652
50496
17689
43404
8746
3911
58818
50339
58945
37624
59606
56940
30963
63510
27628
52003
55350
32017
33101
2134
17039
8941
57663
1738
49509
5293
9529
34367
57113
55215
19410
54372
32906
30090
39117
10744
38191
4979
22126
33656
48320
2606
19114
34897
2087
45020
55420
34890
28249
22505
20091
13426
36032
22566
19948
29747
24037
30068
60813
54157
50259
24908
28622
59880
25153
59613
44173
47202
51782
18964
49491
39448
5206
8581
61267
53484
17791
48043
45144
20721
24094
48850
4131
4724
10056
986
53748
9780
57836
18474
58507
17411
9299
29402
37908
23087
51993
26487
41147
43036
55660
13582
6839
15390
10275
54874
4458
29887
49469
23418
48006
39943
46599
57590
47650
23419
28343
52639
62722
11677
40971
20259
26022
38407
62870
9428
43399
61225
29407
23201
3487
54199
34513
46482
24583
43494
48881
56668
53833
6435
10476
13822
37594
31415
18625
12907
8166
28524
57076
57931
25090
40077
43397
55583
60979
61355
45389
63573
7071
54571
49791
13284
50347
21214
34170
46120
39944
19290
12529
54276
59782
17730
51123
29170
15373
18578
44839
61722
5774
60770
43112
14123
1538
10879
1438
64704
53427
54105
29976
7924
2508
53580
8971
56685
44838
3264
12802
26810
44785
57859
22112
2605
50602
24822
5620
46443
53783
18915
10801
29390
8509
28743
10190
54774
10372
46110
2124
13760
31460
16746
12803
26857
2699
18060
34102
5546
56350
44316
51034
24061
24134
43636
29904
22405
54426
29840
17085
19490
39541
24245
59483
57182
46168
64122
33071
5280
5810
44261
45364
63198
54572
5408
9132
39937
31051
13826
7801
1934
41045
58655
44347
62725
17570
18980
19026
37401
6772
48824
37558
3187
54113
4109
26832
21075
16090
59053
265
27494
17345
45994
39934
13735
18079
37220
54586
10161
28379
20955
10521
41120
33328
29301
4298
30118
21418
11257
54515
32646
37980
17940
4918
38108
64366
23247
40541
18969
11455
31902
53064
8823
15177
957
12648
38047
61141
60189
43739
46688
33402
23648
9496
10606
13853
64475
26179
10532
50177
43371
45852
51805
51713
3800
14659
7600
24636
35139
57440
42736
21276
1699
57830
12841
58912
54419
40581
7907
48968
39542
12918
26228
19519
61303
29045
65096
65125
49410
51718
53347
44223
19278
15090
39398
52921
30088
25934
26500
8623
26370
12595
62335
12148
58317
5257
26729
35265
28604
60191
44142
46560
4167
28316
571
59011
7997
8292
13774
50519
32787
50168
51973
6210
55802
8596
22838
12293
62374
17527
45061
40083
53091
53817
29606
29430
25337
57301
6454
2362
30675
25611
31840
4539
15666
6647
21942
11720
13566
12748
18839
54069
54772
4103
1348
25032
11262
55636
33930
258
36178
18064
56601
29322
38460
48992
14707
2340
9718
10509
54540
62048
37268
24378
17447
24533
13669
45046
29654
25513
24470
19603
41897
57258
62422
46437
48995
37574
55755
5259
21033
61226
45088
40432
25592
34227
42510
9695
22177
26908
41504
16370
51978
43807
8260
59697
21711
31064
16108
37643
6005
33789
18822
63055
11836
62512
10994
1812
2334
37279
61945
58353
44139
46159
28946
52019
185
5531
41122
22374
52534
10128
53761
22876
23248
18066
28598
6507
16938
1224
37323
39517
36166
38144
57945
44192
18201
1568
26012
45152
8778
44934
22139
63825
42015
11971
12646
20673
33092
28085
40095
2806
24328
1518
60814
48670
499
30678
52790
2371
45793
62863
60515
48058
54521
43450
19386
40084
11567
21223
37958
2916
43730
43551
62180
24398
52565
41387
36196
9160
55964
38076
13304
11104
38060
26971
10005
47159
50433
16800
38077
38078
41519
21598
2312
43343
54156
34582
49162
29567
29208
3073
61147
58695
7681
4214
4339
31628
10933
54768
7799
51027
20732
6254
2118
36518
17016
56204
55506
39226
15050
20723
50545
39199
16932
19307
60267
36269
18373
30027
44349
21435
50507
50466
54203
48547
8772
5819
14325
1070
19085
2055
51884
18819
4783
27306
27260
58318
48303
8440
28102
4769
62743
45723
4147
65345
10838
18967
19740
64849
32955
46315
53234
27884
1504
44201
56621
44820
37211
43941
13437
11869
54753
62279
8736
44846
19689
44500
55643
48624
6199
16061
60923
17008
54273
49017
21018
14194
18342
38265
2142
29566
5873
10605
59761
60289
52080
63677
1994
17959
13953
54770
23253
22435
43406
39972
10541
34753
30030
6477
59185
9503
48802
2294
32910
36566
51598
2698
54006
36122
30065
54169
30057
18719
21401
43883
5410
30661
7587
44410
47979
50537
14011
25238
52400
64108
29743
61825
12561
15197
64886
29742
49665
53126
21792
26181
5243
27210
10538
43709
38651
51026
29215
23980
12757
61955
34270
28532
20337
37131
3583
24676
50498
45979
36483
42611
62244
32778
38838
63000
8781
63944
17648
45241
11554
21453
767
49707
26442
51044
22027
6198
19744
45543
39811
14206
14526
55619
30092
43239
41703
47407
49157
33095
48893
7237
25406
40762
52561
39853
62494
2086
20972
14897
59398
14474
5510
35014
46182
17379
63622
6108
20330
32730
56265
40739
31552
51108
16033
63612
22691
35492
7559
59114
19690
44741
5282
8549
39024
13895
65217
49780
39368
46719
30720
45178
64833
44522
7522
24085
28281
41934
30755
36928
42517
1423
7530
65052
2496
47302
35782
5793
13338
59405
40922
23235
2198
44650
47970
10003
57281
38934
37188
31739
8048
54918
61322
6424
59332
52764
26763
30742
56286
32624
49541
5205
61368
34920
36953
36952
56274
31551
30299
23173
14939
17493
27661
13051
20965
20070
56666
39917
26414
10523
50061
44213
63351
37709
30869
7788
14747
21911
59678
61359
7409
32731
24633
23365
29696
22785
53841
42174
20917
34205
32687
43174
13975
53289
23429
39058
22022
4735
41029
52491
30907
18646
19536
31659
55199
6579
44933
28761
43163
2651
16882
58750
29672
16608
23841
7780
15603
23553
37092
52592
1751
48070
2194
4973
2950
19345
22796
2777
37180
32167
29915
58665
58795
15614
38484
36944
56247
62683
6035
51888
2195
6349
16726
29468
14922
19248
35572
28364
62974
64736
50968
38680
29999
38696
41749
31812
56932
27629
55400
54159
5409
17984
41024
30878
36743
36155
30893
56268
51711
53110
19697
48401
32393
7251
11584
18118
37950
17380
14875
38454
24558
14905
7565
39766
17732
6390
17181
30886
52851
36967
15081
54781
8054
20019
1430
26649
54330
10976
36650
23538
5744
10867
14969
23972
42997
10787
54908
47253
34966
32549
14889
34807
40360
64504
29318
32472
24184
57977
17011
30292
5229
2083
26507
43898
33968
17286
26851
34660
47426
43790
59738
17872
42263
342
65114
60631
59347
49591
40626
33893
45477
20829
10265
56745
27240
465
18425
12074
35415
60371
22680
38564
25078
47262
33248
15139
33456
13694
7889
15717
24967
39209
42954
25121
26120
31383
2370
52831
40012
58453
10699
2649
37688
59792
34650
8231
24970
37666
20025
9903
24528
64450
34965
17060
32837
43874
11319
38825
22694
9919
19112
28016
4267
23431
35184
56029
1041
20249
7351
53275
16725
11607
47548
34561
59345
15695
28348
60741
31106
44493
34689
49188
57853
46520
39298
24482
61777
56645
16689
23082
9837
38816
4437
13644
51738
26232
23506
51294
40467
43925
30914
4522
27171
1779
24966
44205
60460
30309
9680
63169
36362
5497
20290
37448
11244
20274
26188
39078
39665
39816
575
40102
6262
19054
46570
47552
47908
53747
16620
52237
55149
8121
63313
10604
32319
53287
53844
4331
4696
1160
23115
46141
28754
39101
43991
16335
10707
64402
2242
58270
32853
7121
6
61862
40618
38536
56273
29200
55761
24944
53607
14634
4486
60307
54281
40802
52956
59346
56086
64997
38768
38333
18626
28071
20855
62807
58694
43635
30916
53875
63553
65046
7666
46572
58228
30141
46626
26744
289
53666
37347
43546
45092
39680
14918
31917
27740
40
1388
39821
28424
23090
30645
33037
44106
18899
36343
43905
41826
2520
58239
16459
43154
55446
52569
37545
17021
6519
17964
11728
20646
9121
7079
54714
16969
46486
48316
23879
26854
5804
7068
14454
39092
45478
47254
27213
14259
47270
14244
38804
17287
45534
22301
59827
46710
44175
55273
52613
57212
43522
47994
64095
51127
55307
8125
32161
32261
44312
17328
36904
65359
33340
11425
45154
9546
26798
21757
55861
4645
15094
9437
15898
16734
5285
7269
458
22037
39301
20084
65235
13633
57192
34289
61281
38185
30488
5837
3969
42125
57858
448
13561
22678
51683
34523
10391
39116
34516
47512
56255
61888
46494
40962
16259
18030
60726
53152
57334
62191
51464
36710
7246
43949
25242
60456
17474
10640
21784
42362
51199
9178
4770
50269
397
22032
19388
40181
30528
2091
32908
48355
3425
18247
38856
49299
2082
52864
21704
36337
39574
10233
2373
50955
50760
8232
43327
8081
60763
28529
38815
46713
42000
58371
56248
23843
6820
47762
58382
2656
2688
9825
29913
6826
6825
65209
23955
47765
10378
16605
32936
19243
27486
2594
65180
14633
48728
52979
40311
24186
5551
56657
12067
48431
6509
64254
43253
18484
8137
43466
32486
48439
47010
54331
9642
39168
63595
43217
7824
25353
25528
4782
13320
22885
61398
8149
50270
63517
57107
59367
14507
16342
49051
33324
10672
4779
15417
39907
18629
33932
23566
51914
14611
6529
57139
35079
4748
16529
34955
44629
57846
54807
33890
18154
58373
47774
12928
24435
10465
29914
29908
6831
32857
57984
33752
58370
47763
44915
29919
50952
58941
15655
30501
17481
26177
9504
30756
1984
42321
20292
9458
42888
39210
35478
41910
44348
18631
53295
34868
43259
7826
50767
31160
61169
55974
47008
54320
17076
26910
17965
33987
43948
58488
29403
20906
51413
27729
15164
57665
10195
29339
41262
47248
55711
20949
1192
20094
26381
42008
22765
4300
44039
7136
25844
48125
8946
9575
22003
15787
33209
28982
16378
25429
41328
21880
43568
42787
60138
64113
52889
35764
13965
21143
62103
27265
46925
52883
9484
64577
38373
49386
18123
48604
60112
30181
59050
13994
65156
50722
48593
55775
52930
32679
55567
24716
13313
30316
23454
48917
35111
58492
12731
60635
65497
63927
3861
14491
4193
11547
4821
36825
27076
55819
56048
59905
60120
38350
27692
14601
44737
51785
10774
2404
49470
51133
37242
50756
8769
49939
18114
40703
15832
28959
36895
18497
38426
50725
22090
42930
7698
40747
55080
45001
36256
18789
38911
7202
64278
27684
31248
36814
12744
22155
3014
59146
23917
64177
37444
49110
19833
39637
5936
31562
11586
29479
28494
42227
34044
4115
41770
32294
32395
38482
44917
64867
34739
13753
6459
14773
8214
64726
29734
38045
45610
4118
59829
32707
40555
29735
22165
554
56234
29102
5908
45453
33165
49160
15347
19058
15189
15868
9385
58292
43966
63292
27381
63777
44570
51487
29736
32004
20219
39796
22092
64865
61618
51315
38983
52850
40690
50720
16403
26920
39295
50560
8456
44297
60330
29069
57253
63377
64631
589
25524
41357
22417
31907
56629
54998
48688
32758
41742
17606
35618
26723
31802
43428
29681
25049
49605
58519
4196
9961
50389
16394
5904
51158
30532
29381
62138
13580
48027
18179
53537
21964
33306
58553
57660
31709
37530
3792
33944
49933
7155
15604
64564
38726
10676
4519
58303
20858
21541
58417
60412
12401
51065
27564
27275
4965
38040
57829
30357
64139
2268
2236
35813
52995
14640
49174
32322
52647
16406
33632
39878
39387
31252
24980
14602
25712
15384
14469
942
21833
3003
23318
43588
18274
30788
25801
6480
31690
40443
41701
2286
64227
60740
16775
38916
36250
64163
34485
22188
21231
36625
55166
13461
7978
6795
31320
48417
67
49055
64520
36125
53315
31878
38545
64188
11401
23686
47611
27399
29240
46420
18699
32571
53546
36815
58609
60440
48222
16509
51769
59729
11404
45402
36801
51659
42544
60144
8688
38042
5119
18243
43928
43580
54271
8217
50183
54817
30538
45081
46032
58936
26613
7378
52712
33609
23817
25261
37246
57250
26598
64889
41928
35978
3985
23491
2105
39020
31998
48929
48413
32398
47699
58079
59222
57949
43339
57937
38764
12298
10613
36425
35281
15011
19900
44888
14774
13175
31890
57083
35789
59739
35183
8819
64922
48209
46191
33496
47702
33302
60000
33369
33301
10116
59916
61871
1585
56364
57770
14625
30185
52060
36758
47836
44396
7205
11272
48921
12296
27205
22260
22990
11544
20300
41587
16972
34432
32796
51652
26260
38347
25150
53766
33915
27347
3338
43299
20975
16740
7833
55604
51491
3999
15916
59465
48266
40826
22768
32990
58560
55938
56868
1671
53823
62125
60911
21930
30343
24220
36641
49731
54534
6461
46419
65425
53945
12961
22707
51679
1982
10877
31008
2851
39856
17852
35975
3711
50132
12973
18870
57651
61257
29365
65202
60067
46188
61634
46422
3732
60579
57571
11699
65298
48394
43994
38085
19072
5871
10182
50953
32760
53566
34599
34433
33732
8220
10764
62124
7166
61384
60272
45606
7960
23048
45605
22511
33812
56839
60806
8461
33972
64012
31881
37078
21841
27276
34035
34475
52640
46350
23899
29258
38713
10738
40319
31855
10217
320
5629
32793
39423
61936
2262
4156
17718
22071
41521
17858
49760
24394
31763
56096
27262
2994
63407
57164
21065
61500
34359
10612
18288
64135
56244
10988
25244
61524
57902
8860
53041
62110
54506
41908
5992
5454
27335
33057
5957
56404
56741
3522
21537
12551
8908
49820
7133
41397
42259
439
30197
12852
63860
35365
55281
63177
3514
35054
47246
15458
29278
38700
18445
37458
40078
44932
1595
20682
5258
6961
43118
24039
31043
44119
40672
41254
60544
61442
58602
59365
55640
56410
48423
51946
43583
54894
49681
49968
1272
53756
39422
61232
31090
44077
55994
60315
55435
40800
11281
24155
45877
2997
64799
55633
48784
61806
56761
48786
17753
64723
52947
21177
41802
10416
44778
4574
40142
58354
51073
59881
53
14757
62021
59094
37110
59685
41013
17975
28824
50902
47568
8683
2327
3648
44440
22659
29309
57569
32414
14066
39750
23845
44510
1485
40489
52659
32452
55263
61179
6050
7916
39142
15840
22570
34085
22013
60546
38113
16699
48596
20675
59887
61455
16054
55547
41523
52241
9120
19777
43087
48353
49944
19636
19147
62367
51505
18992
58191
590
25488
33744
38890
32210
23386
60507
57134
48891
30687
2117
15936
1
37389
8565
39767
19886
30772
41377
31028
22903
58186
13114
27799
15851
45223
4032
42310
17210
61429
44187
37031
42406
61773
49948
54969
12498
50026
21727
48067
49901
19033
10108
41563
54268
39014
48877
9
47092
19990
61886
28768
35552
38608
54173
5839
63551
26922
45632
20726
49598
26912
4864
55644
21732
24672
46800
32315
44020
40373
59877
58197
52010
57728
42325
23366
43865
30547
7067
54858
56656
43307
25346
46754
56662
24377
4662
47562
64146
21152
2021
31466
27139
3546
23281
27930
14743
27492
19479
28582
39538
10377
44446
55870
34563
2629
63236
63593
15073
64556
9827
27868
10892
5505
19481
42163
16966
41137
41337
6677
64428
7193
60344
36570
113
22063
55315
7096
4643
38449
4633
51503
52244
28615
47815
35584
3057
35022
64820
44999
20230
53859
43056
12140
10674
11249
43714
36914
49250
25735
15408
63957
5005
14210
37354
49869
7524
59245
41138
11964
65151
51734
24578
30638
15280
4226
50625
60221
194
37350
60738
57410
26036
37501
45471
30816
28342
20690
23125
28127
19945
15415
41657
11370
46535
9561
50379
65475
23522
29765
64308
5853
54266
19504
55123
42741
15462
25018
34551
31145
28310
15606
34976
55076
7902
57054
48055
18640
51671
49619
49301
48269
62661
20358
29095
44028
33484
21719
59102
34366
42707
48944
34921
5854
406
34743
39268
62757
47898
32693
48602
36266
50376
46898
12531
42864
7379
59655
25038
27866
19375
53355
38017
2899
173
16466
7837
48863
28898
22645
14693
61586
64296
12779
7208
12535
40487
53362
20966
45074
8354
25020
29821
42131
48077
2293
42107
38675
52182
39979
32802
57688
24117
59953
12530
29349
13767
45082
50864
17910
26297
7191
10927
55635
44780
42169
54778
52191
28518
27667
37539
59143
9698
49260
6443
34434
48179
51490
52120
15972
36426
32330
35056
15256
11284
41158
60414
10495
43751
30446
41733
59527
20134
53189
46872
14062
8496
16117
2304
12775
62006
61142
27894
48833
61846
8021
198
62671
21748
38686
18452
3925
43992
26241
35568
27932
8729
23557
38193
18170
9871
30283
44810
6409
39414
36527
64654
45919
63130
16707
17913
44460
7933
28618
26093
46990
30457
31152
37885
60872
27682
25631
64415
25806
55182
41431
7623
35121
42170
9165
13126
54196
31418
25823
16861
32179
13864
47657
2241
3023
48019
51714
29268
61800
30554
50100
34604
62013
48380
13808
62173
56283
38117
44089
32622
44180
28233
22448
60779
28049
34544
3655
30842
208
35486
39648
28880
28052
15848
21806
64211
2281
33790
5688
12042
55889
3871
8685
59490
29519
31258
2193
28953
29252
21080
30794
44272
10754
22523
44448
30228
2961
30537
62287
31513
5133
26156
62639
4366
56697
14931
10042
61458
2733
12634
12638
57087
7084
51248
2748
52256
33431
50488
43096
56569
31916
3269
13044
41890
36161
63849
710
4778
45393
21549
62167
61652
2734
51483
47135
12881
25457
1420
47571
60132
45448
42110
47757
8605
33777
50462
26154
12893
19149
43126
42359
43533
59592
64131
33779
11399
32634
25788
25262
36504
28893
32569
62698
46967
43578
20272
12992
35533
53778
32264
44665
18934
12453
43690
61079
17463
63633
5914
55821
16956
9362
61471
47700
26152
44592
1363
51501
14678
58461
45406
58449
20792
59217
57239
3162
50477
30218
62914
59471
29594
29338
21141
28251
20982
29119
780
42768
31754
18142
39412
1546
22257
60078
51478
52543
59318
48494
49536
28400
6252
61857
32842
39651
48747
33964
10807
14359
1366
15434
3976
33403
26906
17116
709
6340
44759
18675
36074
64661
19178
61084
33966
47498
10577
46727
63117
2675
38535
29539
8933
25811
55224
17646
18751
34555
2878
35615
23675
61771
13887
271
32227
51616
57785
50131
54227
53443
60899
65440
28098
11182
15278
21045
20432
41520
48707
7304
11781
52549
16244
53749
4415
27350
62174
64134
5752
61300
30729
11893
52725
53746
62062
59997
8219
4123
602
43323
13741
33728
35653
58046
46457
45658
56296
38309
4819
38555
12990
47925
32219
29263
37762
43829
60731
48603
41997
42317
16784
7472
33666
43384
7645
10543
60893
16185
11645
32581
43030
1280
30793
43895
51320
5676
5751
25286
8391
41840
23837
24898
32023
4543
36948
56446
52944
57681
24788
39981
58564
32852
64992
22454
46942
4625
26040
26050
21087
43652
53138
4114
842
5732
62093
23839
36329
34532
2670
39732
46162
53235
23422
50879
24564
45654
8213
4117
23896
32579
598
15446
1981
45651
58685
42664
59065
7958
12069
50873
595
35884
59322
7196
21261
39772
47984
48481
10596
31093
54920
29631
45942
62485
44504
43648
34682
55356
34811
1139
24548
59399
24385
56287
44703
30239
29880
55546
30871
14885
59339
1029
60783
48270
9791
47474
50015
60940
43023
10625
63039
15959
54927
35886
30180
34114
40663
44797
28980
17996
30837
4112
21236
51893
56716
48594
61602
20250
46463
17902
49079
39509
30571
32032
7703
6432
2394
7194
52715
35305
24691
9510
1144
55594
19611
47464
57459
43383
13660
22149
51493
60235
26984
42381
26538
46929
1602
1476
35838
61202
35008
59303
56139
17890
26079
27832
2504
38913
58773
515
59436
517
30844
18791
16873
39223
38104
14481
38056
13717
45571
45573
29161
26277
64136
16937
18298
49366
30531
27160
51069
44070
63024
50128
38342
4636
440
18250
12664
63259
18726
18998
43375
20395
25325
32841
63156
55354
35119
17950
63675
43686
37166
63839
45849
55544
38981
42701
44164
52599
35559
3626
11886
49254
23551
64509
27890
17933
24176
46336
28204
20065
51984
52638
53277
1289
8422
11907
48652
11691
55112
16865
32155
18224
30037
9029
15991
42044
39362
49604
35534
38621
63760
24353
33023
58135
28464
43401
48573
8644
20928
44848
24388
53469
21360
19789
9591
56562
11788
63818
64362
48868
43855
33835
32527
44333
40773
2560
2332
19256
64085
9375
24773
53944
40777
36073
61570
52625
20036
31263
56018
45462
13070
10570
52668
59727
8210
51357
16862
53238
55084
2337
56567
64015
16186
52272
59071
52125
44944
6176
1313
55658
49349
6189
28062
14909
12206
62170
44782
32235
49132
22342
5849
28686
53190
53147
14807
3391
65397
46962
37611
24504
8424
26835
35903
7601
53754
27586
64923
16657
470
21278
38423
4418
14997
59851
40136
1141
22899
27445
13142
32942
8057
18732
29784
35323
1027
3961
15973
1695
12675
49601
20871
64809
34364
22716
17932
10436
63476
52731
22996
8641
26942
17712
10474
62623
8208
7470
22059
42800
28504
2986
12556
34904
26616
43680
27448
18747
50387
9026
62839
41783
28565
29775
14254
2721
24561
50140
8218
32031
26848
60435
57232
16660
56848
10655
50906
57220
3965
51154
32326
35551
44775
54122
52945
52692
27801
14755
61230
10973
126
42117
16360
41242
45683
59328
22525
29400
9565
21299
54492
34273
8063
36654
629
34800
58661
3967
49974
11761
3613
53630
46576
12213
1544
9033
43185
11756
44796
41352
44150
57726
61510
25874
49943
42695
14820
21155
5113
4858
16752
23100
52777
55233
1015
11267
42444
14912
64969
63175
54160
