63617
58238
22533
54183
31152
51556
64106
43979
54385
61883
834
26699
11890
8752
27122
20414
51414
16327
20136
24832
53780
178
18662
41831
46042
59148
17758
46233
4930
13817
19124
26011
13810
54067
15273
18046
54379
17744
6744
64651
35916
37903
3862
2788
48167
9670
19368
18657
51452
60616
65229
56844
17298
44559
4511
34688
25338
40204
27664
40385
27450
29588
34915
47645
65475
36021
13812
54547
34699
57974
9103
61662
17641
36723
50396
57595
36158
28091
13779
4151
30465
42036
55384
46304
31158
45650
26537
31659
30330
21667
38795
60748
18885
25998
20541
15004
34635
4944
60931
23738
9005
47523
35287
59015
28621
18242
21293
44918
58206
23889
40127
43427
25225
12629
3816
9921
11413
48611
3062
7455
16580
29241
60318
16686
42999
52788
62322
11525
10406
33286
50264
47552
65167
60133
55589
19364
9663
33996
7080
62953
12156
49971
32406
272
41844
32494
44142
7164
52583
57759
25342
1318
34803
25460
6943
42752
55551
20397
34700
3174
62210
51475
41825
18388
46391
1127
19354
1312
46633
13147
32041
41446
8923
10205
55175
34492
2177
62290
65224
29029
32789
2722
10682
64532
53673
18591
58440
49926
16496
27466
24289
10892
59336
40697
22644
34225
55050
36581
52573
31696
17170
51133
40197
24857
52039
562
46216
7765
39191
62923
20141
46109
62282
57377
58467
35376
16300
18887
4938
46236
17691
39726
42013
4134
26769
43037
8717
55678
16581
12650
37897
61511
13379
31990
15003
19857
34659
31454
31411
47650
34881
7921
12450
11124
12828
62693
45086
19515
47849
50743
11062
2799
54816
57417
49902
61838
37942
8313
34053
25636
31046
63338
20052
41164
51018
21744
17801
1467
30962
20865
52769
27721
59709
43985
17509
30392
29893
7848
6678
13251
12791
62796
52609
48642
29554
26274
15138
24602
1737
63805
53417
52080
54300
5990
62800
62348
52442
14207
62801
26452
62538
55330
12490
46734
50864
31674
42277
29027
29131
58180
47602
21742
18167
54060
7861
36896
30512
17972
29139
25211
19578
11082
36554
32814
33874
4479
43871
30736
11531
25492
49037
7625
60344
47355
65389
25697
45454
13503
13800
63456
44720
8090
49897
41163
23731
44610
55964
5708
52773
42974
62339
6075
14054
47584
2536
29471
40088
15967
191
58756
23147
27325
53439
61950
37072
44859
799
23704
11459
18645
7891
26283
9213
60379
48467
26650
17250
54184
11733
41334
33114
25403
53977
26971
54777
30596
51493
21248
62543
62806
24649
33711
5899
8916
26747
65522
35498
50438
23143
62814
63119
56544
29550
8438
52532
11900
57748
26366
759
18551
1041
45030
30200
64663
29132
27053
10195
7309
31774
57135
46436
65063
50343
27950
41979
11676
18096
30672
58523
21394
44991
30098
43742
57107
41749
26150
35780
9225
53607
21427
44272
15557
51961
49264
7217
2206
44423
55163
57468
33230
12495
28261
53895
49256
7772
42638
54189
18972
27612
850
16814
9293
56853
45703
907
27902
42280
36204
63380
52563
57043
21729
38840
41522
28163
37193
7363
59325
2840
40200
52157
23586
51496
37950
19480
31735
57751
36047
64457
27319
6076
18958
9761
45441
62545
10687
60233
28370
56265
63919
54299
51985
46181
62347
18491
9996
55313
2020
6640
13666
59649
8326
19154
57624
13012
6218
46504
39398
10726
8068
20226
61906
12753
2500
36626
64210
51002
57089
28518
17486
51654
22279
13438
22563
24945
31126
63335
60136
2944
17488
45432
27833
35856
40880
4788
25955
6479
22716
4035
64972
47303
51397
4791
54266
40069
5731
56296
38031
61370
57363
54583
15297
42936
35094
28931
7614
8363
56912
4226
1985
52516
28947
16491
60480
58843
7488
58176
12494
30823
24080
54739
37068
5769
62288
39116
6962
59020
13587
16412
54691
5721
46639
24719
38602
31992
10947
51077
16639
11207
49091
32805
7085
1219
26979
23824
28333
7476
48839
57312
5785
40997
47823
16946
43904
63806
45093
35536
23248
495
26364
58217
16352
2767
24916
4425
3738
51649
9718
49879
19051
12715
31169
31287
55226
8225
7615
16023
37250
21179
60283
27826
62030
42677
23050
63778
8182
36430
56955
6672
19050
46731
47072
45461
50534
21350
134
45626
60535
13015
6788
45096
7359
9012
7498
5000
39709
49883
41000
9901
60490
37226
25244
39710
61305
4658
1788
31182
61411
8163
59033
49647
45396
2771
51662
12153
10558
29500
27347
6530
24246
40578
35169
35153
24509
6208
18914
46580
61067
59522
28949
20269
38594
13489
47522
7070
64576
8837
10583
14120
34311
406
16949
18935
27424
5864
35792
49565
43122
61048
51137
32249
17216
28179
11018
30871
59182
13715
56931
7001
19322
38940
17246
53139
7148
27509
7512
27328
22960
30820
35102
17121
26355
20915
29822
6540
10402
51657
9278
61731
7730
53825
6321
55409
59247
26981
65454
40836
10589
48645
45336
59740
6492
56043
6330
56330
13713
58792
15083
24952
35537
48318
36709
42867
15048
10488
45425
32173
6003
10536
53174
24920
30406
3181
14275
64383
29440
19196
49464
13085
21113
14589
39903
14577
33946
38937
20383
41277
60141
61307
39368
59363
31034
37670
41538
12315
15733
52829
22506
51249
21878
42878
29614
49915
8206
25685
38162
33095
9691
25119
35053
8692
25279
26801
46752
34951
8940
5672
11385
29409
52642
17366
25137
30681
8265
47466
20936
52258
13950
49413
19744
60177
32863
54627
37664
52667
48193
36269
39680
14504
6547
45902
63403
63384
5523
40454
49553
64269
34467
4188
10816
37527
53343
34464
60824
61039
20963
45354
2545
64710
302
24247
49822
37969
27849
18928
29774
20069
31123
35422
27913
24062
45858
49146
29364
19622
34052
7143
49808
20958
61200
45288
29374
45606
46726
29627
22163
52176
37168
47052
65017
57379
45064
35686
31943
3584
38161
12974
8826
63130
13722
3994
43646
46761
8996
8894
18374
45478
26814
15742
25939
35812
34954
8417
50903
19991
42754
43944
7672
60614
27219
9294
11797
51022
39369
40481
26851
3015
27379
10574
50906
737
29092
4514
15727
56292
9508
29306
32164
32391
49361
26726
47127
28214
19411
34280
45612
11764
26326
30407
3820
33293
30087
37081
18838
16887
20322
56791
29083
8038
51647
54824
33311
56605
54822
46468
21518
38960
64380
58329
59970
39972
61146
15238
49602
48632
24542
5632
18794
33267
2333
61476
11011
658
46585
32687
63245
40084
25673
59549
41378
23981
8012
5781
10911
37126
54693
17914
23700
41271
37529
50038
33030
12316
27281
18685
12631
30870
58568
12975
31950
24325
37973
22174
59678
5424
23413
62326
494
15442
58406
19453
55561
47345
22429
39525
50376
33795
59311
42020
50994
9296
13170
19116
49665
43802
25519
61073
54702
14497
23754
3974
46332
61793
63399
42536
52170
19114
33893
39629
41380
12940
113
38920
46686
51201
23974
30208
44838
61844
21226
32681
384
2812
47757
30652
8577
18160
49196
35384
31054
36385
54087
43250
39311
18168
64331
46102
36084
44132
23541
64190
32505
48576
21731
48710
31685
37134
7629
49827
58511
24487
19697
59134
40722
49291
27187
17406
41623
13020
20520
44349
23010
43110
60718
10549
50381
51195
40117
46442
528
4419
4864
60130
34834
41329
37915
2305
7893
21857
64562
45125
60135
59650
18347
13231
24276
43940
20263
60137
25108
43006
50718
30945
216
10376
19414
9709
60138
33300
44139
52646
60304
21738
2633
46892
30402
11380
10453
15710
61317
3429
9558
12361
10111
39836
45403
32168
32214
65228
44609
38379
48663
57574
23173
21219
34051
3509
53494
49458
45897
30651
64567
65014
62843
33654
33179
38380
57137
214
6010
37736
14040
43185
20155
29335
48313
2485
47099
13385
57923
9123
58188
18380
38300
29122
62861
60211
14014
36358
64870
20732
29135
65178
23710
49726
52757
23212
17682
65456
26178
48370
58565
46689
28837
28753
33469
6438
50032
53394
43943
46104
27752
17506
37063
31308
29657
37156
30046
1431
32446
58779
52611
12520
9113
39531
38819
34502
39149
42534
21426
47868
49421
39055
35577
15357
61320
2198
15548
1046
29850
52317
52108
17470
63529
7546
144
8627
14110
54331
33397
48113
48622
32161
5373
42085
30576
27649
32171
10607
46139
63445
51368
12376
12815
46474
50530
38372
1379
51040
39637
17748
45645
59828
56579
4415
20261
51471
47651
11339
9857
15323
57946
13632
17196
13397
8945
46021
65033
14697
58216
1877
40680
1072
39501
11432
16185
40216
5586
1548
50794
17693
18541
46270
57711
42227
560
4456
49841
4578
1325
13880
8093
19686
45460
4707
56808
11370
59007
7354
63031
5757
48361
28188
44236
667
1523
41315
61341
32854
40477
49055
41229
59028
60495
41900
63421
5779
6098
7051
9015
4686
28072
16031
58979
47815
14399
13631
6223
58432
57920
27558
60527
65440
58433
59976
24774
17320
62514
52427
28917
39559
64863
64115
46742
48860
37409
13655
57706
1580
19258
49397
22061
44791
7610
29431
12146
39641
5596
7516
51379
35192
15253
6502
3922
35930
41079
61298
59664
8213
46883
41399
9790
35729
5571
58599
35932
9470
58472
12005
50514
24123
52959
2021
11879
24957
2756
59714
7503
52592
27553
24769
36530
7246
58177
51643
48299
47812
24947
11503
52924
44555
43438
16026
58418
46413
49606
50460
3735
1334
39558
18154
41511
47534
29222
5753
19197
51626
2200
37937
57749
17278
168
58594
62558
15772
61684
49812
42599
1675
7071
6037
4234
49706
12189
39815
34086
13344
13115
30768
18998
53557
30706
24740
41873
56940
34767
13942
61470
19044
40861
40136
22134
61483
36630
13196
34401
31481
43144
61537
65036
35714
50426
54566
39373
4244
26776
41317
57717
19209
57945
22931
56846
37034
13947
57421
39785
1596
840
60021
46196
53514
8591
27751
6453
7479
41019
62951
47818
49050
51122
55519
51880
58807
29047
49429
35064
11685
27856
50352
27782
31357
50593
14277
47766
6013
37025
15053
45382
4369
24949
33509
32421
54647
47843
38815
12028
56909
23392
48723
37791
9489
61022
31358
44207
32428
47878
1970
53921
36878
36951
40094
16799
56171
45272
35648
35559
7838
51262
46575
44206
18428
390
21608
30609
52302
18087
50355
42319
44923
45320
54910
52976
24282
57441
39686
36955
27312
30473
6990
13597
38295
28889
37828
42845
53193
2178
46132
38552
3323
13752
36629
60626
55633
25532
10990
59072
16106
12456
50358
12199
64149
40448
28078
51056
6566
41176
1702
38720
31919
57550
58819
57436
49333
33934
53239
28386
62400
43843
59281
49953
27842
59729
26092
41550
23656
24596
5072
50720
50822
32667
49658
54415
62406
6618
22165
37921
10336
33025
55718
42049
36956
6646
20471
39693
28544
10206
50427
31329
60632
35264
6002
28698
27844
2929
31224
42050
11398
49354
13177
51428
42761
17319
37838
63516
53190
56721
25993
2131
14517
23002
5798
48391
17603
10394
11923
37089
37954
8064
37825
3133
47694
60962
10658
1373
2045
39845
13935
52695
47441
5056
24868
42437
4257
20089
37833
19585
31914
1697
33220
10916
26407
59840
27850
51883
31953
33065
31676
28064
59784
46491
37778
10041
62407
12342
57434
40740
36830
52725
45144
41896
62975
38966
10567
59094
7024
8332
37777
36475
41916
54568
22434
49961
25272
38246
6878
41551
63336
25365
32105
35761
1536
50594
50359
11948
36954
2144
45265
43148
28680
3632
28251
63484
11692
14826
37026
21845
29717
32754
49904
27857
15131
41030
24870
16218
3240
49393
6497
41889
35857
32570
112
57892
14718
22126
20679
57074
16079
48671
61671
54085
9484
19420
38700
1474
6983
58993
63337
29682
25967
50669
62237
2148
44576
57180
20900
56063
12692
6762
25514
50317
22530
40480
60523
52339
5786
12143
4250
2196
3347
13176
21144
25749
664
60573
50315
55802
59538
60823
27039
49804
54783
753
30691
2174
41475
30991
27691
10065
32455
40887
25531
50624
60518
28615
22525
4348
34732
58000
14051
59537
49688
50156
28682
64726
40900
36024
7163
26828
25454
55540
24467
20919
1670
29498
55034
3739
24197
58145
3318
62596
12701
22309
53019
27036
15863
3456
55651
49436
45797
53503
24826
1336
3099
39611
3899
59435
13273
62242
49378
32927
21841
44133
5991
63714
6861
8146
227
34850
53847
37916
9323
7591
29803
19586
35284
20693
26804
28616
27074
15119
42528
50515
48355
3428
9974
25273
53595
53964
27247
54091
50067
19669
15625
26218
25449
35956
21502
53291
39213
42990
28327
6810
59287
56315
44745
65099
25533
32526
40483
54390
27079
60485
30677
25191
37843
39077
14511
53530
64186
23980
32489
41760
63312
42366
31757
16998
56411
48336
37840
64899
18387
24284
30456
4540
4922
42367
54361
33703
63438
45790
59671
62993
44984
25202
24735
34283
22138
46342
52794
64126
8724
63328
29204
51891
36632
13754
9485
54386
3229
55122
26620
22235
63016
10454
64468
25679
64145
51085
53173
15546
55897
63165
38157
27540
25464
641
62849
42269
17214
15883
44736
25706
2039
63922
663
54108
36857
45014
2871
63470
42931
61886
25040
2309
36540
28068
28103
19929
52828
50399
42514
48522
45050
27596
56818
54352
26541
17227
10466
35252
56617
27563
14464
47244
11607
27624
30010
48668
16402
2487
6210
43787
26311
32215
64709
37237
62445
3666
41083
33897
12619
40224
578
4956
52245
29454
15931
33695
38534
49373
63370
25907
4170
16114
51735
1918
502
23838
584
58573
60958
5529
16119
64135
32569
59665
26266
5762
26654
27531
11067
43643
11975
30520
7286
33519
34013
18197
59509
5063
1944
4402
23588
5689
12094
28297
43143
58563
42908
49686
36063
8441
7993
22037
59541
28055
26520
3096
408
36768
26015
60311
23970
36771
20909
3732
59293
6803
35493
34479
22699
28565
5011
22440
52946
5628
41075
28929
1812
30047
61816
14186
39499
6028
17930
5475
2855
42459
27050
64386
61034
54503
29443
39109
4354
28657
6001
7223
3234
25513
26091
26815
35821
27012
54498
1545
27847
37269
48147
60940
38521
8103
33378
31222
7259
33231
51971
8656
12393
62373
38448
62675
7334
36635
34857
7144
34660
39362
40649
28322
26413
26403
34071
41085
50965
5062
5831
34919
10211
34127
54528
23412
570
39630
40210
15140
30659
17727
46346
42211
43166
45366
25186
52610
30843
5650
45523
24681
31958
27855
5986
17025
25452
34601
33556
29059
6251
1895
2923
48823
25099
53378
63155
1800
31490
25327
53686
64346
25268
30220
57222
36574
35602
25729
24811
33339
20760
23324
36282
26376
39131
63692
740
51991
32011
50319
33852
29790
56889
25612
57570
4451
356
5737
47678
60267
38657
6761
21143
41224
60571
25705
16634
9008
59499
45305
26985
23652
32759
49679
14023
28315
4019
19996
32004
15820
64860
48092
15763
28111
36427
62284
22837
20686
14283
2501
29598
53969
13036
51533
60566
12507
14117
63889
47673
50365
7197
59446
9287
31248
49500
375
62578
11695
41898
14350
10245
55904
46598
59493
42502
51116
32252
33492
11936
53426
33807
1112
40904
9122
54411
38917
55550
50662
5800
38913
59373
42896
29257
9387
39631
42496
64766
7747
62748
33662
40341
52800
33496
40595
26813
8449
12050
37839
16746
29831
56318
37445
30335
18272
53641
5425
51702
62739
27686
62872
17460
55634
5066
37829
36132
54393
31365
52082
9379
24350
62582
46151
23643
42376
6568
32777
55798
63590
53635
37832
17554
18452
42380
39701
39492
35566
7948
22718
30510
8785
37404
3032
41500
28977
56079
5975
3630
26437
7207
43379
17426
29515
4572
40143
44913
42321
7958
60933
23638
47240
55030
59367
42063
11167
11669
38381
38092
61308
40906
32518
8415
22646
33399
59077
25207
5549
61567
64251
12141
30694
43456
6883
17431
18581
9481
11453
60174
33797
17773
22531
35794
3525
11929
50363
53634
30970
48880
49465
62715
27762
10457
17713
3664
57448
6007
56584
31138
14514
5069
50364
27527
13310
55159
49988
18463
23162
62585
46977
32027
27589
7291
55056
53620
56177
51577
50362
17261
10742
29141
53645
37187
28919
24345
33579
53186
2167
42334
63637
40213
59515
9565
779
6834
31852
6213
14808
11930
10346
30009
51392
44924
4454
52927
39325
65215
21200
34003
11010
65136
28618
29187
36142
35985
12727
40903
32508
38863
60261
63592
5699
43062
24064
45155
37826
11951
52421
20245
32811
38564
22142
47045
24861
54412
42390
54168
50656
25592
38317
50316
41254
33238
7543
31719
9445
23157
50543
36198
14140
46533
47280
11773
50756
41534
65493
17955
28324
8776
64884
357
34551
58229
51421
19350
41531
54508
29073
58469
41810
16297
6405
49261
28999
9949
6586
5527
9253
57410
50488
6205
14751
10949
47969
45073
61256
47842
39436
39814
31901
61295
6985
58692
8320
28430
14712
62289
44619
29805
30192
55114
42362
53676
18862
4537
49693
63634
8433
39787
51135
6953
16125
23521
41129
35128
42887
30966
53619
20129
18233
49594
61064
44441
27136
45161
12082
37424
4423
15692
2403
53093
18228
19076
431
21758
54054
3145
7736
13900
37936
46904
841
21937
27002
3580
59956
60818
40537
48174
62594
15128
42120
29251
60521
14714
55436
39479
64356
36334
45545
58948
7753
7607
24279
56927
50394
4421
5957
35957
21335
24921
54870
36537
33789
47949
47325
40225
41833
17195
13400
32670
12956
7688
27322
8744
40123
9731
58264
58775
58213
10755
21691
10486
28712
52005
64410
18727
54441
46626
38556
42354
31736
9510
38669
49192
44530
57052
50499
40397
8699
31137
7134
40166
27695
65293
35027
17979
52929
31988
20512
26523
20289
57400
4090
62550
57128
56988
58439
6913
21745
15951
18124
49923
44472
8555
3226
37125
9359
50451
36313
23830
5016
54582
16139
18533
56501
29193
59770
30490
49853
56668
5451
29693
7399
50870
36188
42800
4755
63329
12597
16348
63924
59799
54059
5098
39791
36329
38531
17011
22436
887
3879
51024
22389
31088
4110
13306
65058
50602
14772
58436
48806
37227
9093
37333
52435
23079
6280
58695
8525
60015
49527
47689
8500
32152
20160
55268
13063
55557
44887
58676
32631
63601
38215
20796
27076
46367
4753
57982
280
44135
17428
42620
45736
21808
17809
51400
30332
3522
61569
64668
26874
53490
59926
9067
44001
48478
55924
50203
42680
33643
4994
23372
46641
58423
47674
4407
54495
6324
5194
56359
38200
8069
24368
5199
55711
6327
49994
4404
45588
18458
6341
64482
45395
18286
52770
36595
64299
28158
18586
43895
40580
8709
48238
47340
4264
50017
7619
62449
45549
36144
23421
5270
21494
34605
5744
28186
49869
45832
18360
50921
32506
36916
61245
18241
49989
53167
56413
5251
27976
54974
58949
39224
4660
24380
9141
50740
5253
33802
12138
5940
14746
2458
18014
63070
10039
40170
37898
18000
55706
61290
23791
27034
63056
22724
44092
2027
5250
36425
16778
14151
38866
34017
20048
57673
7865
3579
30136
60825
45417
7218
19249
39666
26663
44656
37660
6885
53766
36027
9936
24934
51648
33564
39104
32844
49692
40653
57714
38826
31999
46710
14221
32051
330
30816
34622
63252
49833
8700
7850
51389
34735
38089
58234
40955
47566
46515
14994
55154
2715
56523
33993
13285
41972
9923
8891
43470
53997
40587
13257
65259
3430
54492
19821
26562
24290
30359
35307
39564
43588
15743
25905
31760
25486
8901
3679
61878
34513
56933
7916
15613
14278
5508
33445
20990
28181
52477
55784
39624
27404
24067
59863
64825
23894
29725
21288
4129
64844
64327
5764
57382
50205
9000
39732
53197
57206
53041
15554
48475
1632
29340
57754
17949
23025
14601
43337
3201
49836
54900
10636
41830
5964
55377
26676
40781
55765
59525
21996
34284
6196
27773
5237
34898
14805
12229
14574
6200
22761
20402
40673
3549
57330
31074
48837
34068
32785
4672
61988
3014
53185
4688
57934
58226
34114
52721
42883
20473
35495
12431
5456
27620
17076
40672
13767
63278
16490
10274
16350
28954
61230
12766
31082
3867
17079
22921
60378
36529
44098
6758
45136
52620
17472
30939
47120
41091
64046
7504
454
3627
34488
19530
50049
35334
57147
20443
49862
12774
45692
35400
61677
64842
29569
23987
21616
11681
62302
35551
59017
30085
64633
14922
10411
64031
61321
17520
8009
18175
5772
35360
20623
27917
9427
44569
4185
6326
32798
46383
55185
58761
12110
19223
11682
20135
15662
55754
49593
32233
8430
35643
28912
58972
48730
56213
2506
60944
17230
24405
32298
37088
33268
27357
64586
42450
55895
23435
8280
14493
45271
24667
61421
9499
19646
49819
60370
43240
20955
47126
64265
51673
29561
21640
53318
5989
17080
6597
59920
46260
48170
11113
57444
63750
50827
16477
65053
60909
18893
31115
23254
5682
10998
9675
61915
60811
50916
33588
22205
24342
57318
61598
38430
7517
441
31116
21951
24782
38688
58190
16708
51644
50927
46720
28563
36661
34095
9922
16098
64881
46928
33844
6320
4709
16584
56570
51236
39704
45689
19977
57935
44028
5426
46296
10881
8633
25421
44685
7662
52749
18335
8029
42200
36827
35866
44699
2013
57889
12998
7004
17232
1244
16800
34568
23845
21262
33674
10515
7145
43189
31482
63034
37770
33216
10347
12078
24501
45654
24752
32279
34101
60380
55683
55934
45729
13870
29964
18615
34806
34888
49630
34945
45867
27193
6432
22914
48563
27916
31922
42597
50197
46257
17072
4693
1078
59730
24498
28685
65298
171
36539
55748
10337
38942
28074
11910
39198
49366
26786
24185
32469
8938
45270
6893
41894
61790
17608
30868
54904
56398
31174
5158
14590
5603
63235
45555
51001
44293
10338
24569
88
59465
34087
27896
33735
25242
22863
4428
2042
19182
60314
56825
1170
16951
11270
52649
63389
13933
49454
50198
1345
9514
44351
1102
21791
22445
40753
18713
7020
56174
58920
57451
64147
63333
51190
43653
38951
25906
51563
15693
590
5824
59521
18786
10359
56081
35491
51530
36013
16122
28079
14691
22521
7324
1331
33434
3247
49394
3740
32967
61687
2728
42396
8192
25372
44801
8472
58668
47592
39688
24655
34929
21905
31006
3066
23444
36864
14953
20102
955
53492
30865
10531
59079
33731
43434
21940
46060
1019
28583
57432
13568
36679
24315
22443
51769
31936
52449
44200
65202
33728
35766
30245
24721
60560
46420
62257
45357
3968
30213
59629
60515
23979
20573
58723
2503
37106
4910
15455
39338
936
5031
30545
9171
35925
5994
21284
40708
21513
23455
3063
54703
20945
36609
1122
43869
43496
38192
43121
9640
8660
5420
9520
27808
21972
37686
10102
28933
6054
28097
9998
7089
929
28096
51761
42869
7870
6380
28609
13862
47864
51398
31913
62422
34271
21582
62696
6042
57622
27377
21853
39573
57933
62029
23965
58317
47653
1451
31938
39662
54198
23960
48261
10262
60055
55744
42835
38808
7056
17357
6006
15811
34820
41267
47761
62526
59539
6854
41728
27822
14024
24993
49411
31352
934
58841
59029
12
28106
27634
15817
49876
18718
31510
14693
52190
47873
36610
22859
27595
24588
36782
20946
58388
33859
36498
2249
13920
45157
39699
42860
44766
65246
26991
28231
23498
57911
14788
2842
43716
43793
61806
29597
30248
61086
33264
13052
26531
22689
51172
49678
8853
27561
25068
28550
11944
37975
59545
27564
2463
57676
26618
46951
6041
33906
24562
2207
36428
31013
1703
1177
18891
35096
42065
47899
65119
33043
27817
40281
46716
56865
6535
64957
47762
53474
25990
43257
20492
15208
16097
47458
52100
930
19848
61451
35154
10393
45202
22087
10107
30759
2176
60266
16909
16738
22700
27063
22185
585
33199
34630
53580
8135
935
23983
35186
45845
55350
21407
46047
27167
26680
22766
12335
55378
14569
60007
59535
2191
18128
34897
2181
45799
53295
63184
34022
5627
1348
20639
2498
37979
1020
57692
23209
20249
25419
22002
250
4446
25193
24503
162
40990
37149
29688
31168
22390
34198
60155
26029
26533
60131
41430
45976
11442
2793
47855
6792
34027
46952
29923
20799
1092
46223
22329
35504
17868
33075
31645
9669
55102
25476
3120
65295
22188
39112
30097
27700
22901
36397
33371
28520
8040
52441
41741
8941
42970
13743
48130
22629
16384
41729
42933
31008
3237
4269
43899
56097
13214
14981
49805
63398
17719
42097
44858
18884
9469
15218
60475
50200
52497
10980
63548
10987
28673
34045
3506
33819
26735
56576
59686
7530
11411
20118
540
29395
10068
57616
40324
13008
40716
36350
47270
21020
8439
54614
35955
47417
41169
37120
41293
9766
14632
5320
11666
54310
59542
41274
64517
61857
21861
29584
60470
62581
61381
1700
56610
27093
42497
32209
2733
48520
48408
14044
14066
28100
16941
2517
55004
58446
5201
1747
58009
31001
34916
63784
23326
49839
58438
17729
45473
15078
53609
48140
24768
4293
41878
18514
12155
44568
36625
13717
18831
6888
57080
12208
62026
42602
278
21206
57876
28432
41800
24939
50170
24194
34093
95
41801
49232
5976
18990
62016
49241
53505
13117
37302
45330
20092
1740
35584
18292
16184
7502
53970
27297
65335
7600
40770
19980
56719
34675
34756
44557
46540
36902
22119
33591
22486
45886
41387
50342
65499
41790
731
63167
5856
57267
57174
27302
20552
1757
44053
30994
3571
57433
32865
14206
38338
56817
37198
36959
23072
13253
6222
28823
61282
43218
58350
20619
5595
22828
45063
51651
24184
44804
64590
18669
31171
5088
59670
4342
53898
44377
30714
20620
34522
48643
52823
8173
60193
36619
62273
27737
2781
53733
51918
57310
34947
50322
4937
57005
4314
58854
33935
54698
11862
4398
36948
65275
52526
53703
18417
56708
33299
59107
53412
44684
58945
35542
45430
20235
2766
16358
48468
19535
32467
19728
7606
413
6686
59117
40802
31035
3009
62901
49558
16228
60494
17701
52708
2688
53372
32029
47435
22304
17732
64224
22595
29891
6923
21896
64643
49838
14974
49409
49234
49339
8702
55407
54830
7351
57056
50331
30777
42707
18910
56671
19639
27632
58477
47777
24407
28995
7038
30905
21967
27149
58982
57730
11199
21389
8424
59118
35332
41960
57837
13478
64591
35958
46056
48796
24539
45679
14833
49270
62544
16975
12885
1779
53415
39113
57930
58689
61945
50521
2752
21750
7269
25136
4844
1849
55024
36402
5593
62902
31817
17493
44389
28953
62534
21053
16769
7713
45633
478
43476
19077
43451
8434
57340
20222
30839
12747
39029
10430
52935
52237
19381
38619
23763
23116
9212
34262
33610
34267
25770
10941
60727
419
37711
20717
13787
42154
57576
19017
58361
39735
39367
39312
39989
58368
20664
64076
22400
53675
64563
8259
25600
4285
16453
64324
18711
55212
51487
42949
13534
44309
1095
15160
15115
56053
17861
26185
2439
30642
21997
16828
10703
59441
45916
3516
57378
3104
21432
24120
62004
16253
54531
1483
46092
37170
54867
23733
23855
18365
7214
26041
22072
11805
21197
54732
19409
62546
22109
2428
37723
25251
13866
34600
20390
2079
4071
39942
1300
14287
30032
43926
14127
16244
23770
45219
51639
52381
18755
60123
22745
11451
58572
17015
18414
54574
61053
11709
7624
1146
11658
62421
23126
16631
50147
36018
17612
54534
45705
32815
3003
17111
59415
10149
45783
57784
2077
35797
61533
11118
27619
29499
5485
30311
60108
16836
39440
7880
56782
31672
55910
16255
43500
50398
1155
45298
20147
17911
31858
63537
16151
38885
14811
59183
47459
65089
65090
1143
14218
17918
42363
61761
9045
29680
2954
51173
61223
39232
64403
22396
40362
48920
13001
52729
46929
45009
56564
25794
62230
60567
39949
9935
63193
29592
3859
46805
16283
25917
47334
27685
18803
2492
14571
11303
20684
50826
30252
3375
17423
23932
58663
21109
2760
3437
629
1144
232
2491
29786
52331
20683
37610
3449
17369
1050
47829
64223
53400
51565
46901
26662
50930
55946
30702
43051
35767
62224
13292
9242
47133
18302
7011
7285
25512
42246
56332
54088
41682
34939
56778
3719
8949
34858
47027
18646
17975
9309
19775
51169
48719
44724
32124
19452
47624
63469
35325
61112
39095
26353
47704
30002
2100
54047
59455
14663
22622
22610
50063
2101
4890
14430
9180
59448
61459
32652
25223
14425
49122
35683
21086
42929
38990
37426
53875
44798
19701
3132
34814
65265
34752
5955
28211
51034
24281
51343
13040
10905
14410
2919
36087
36353
51534
43720
43519
54806
8035
6852
64660
42520
62291
20876
6599
14978
50239
505
53525
23104
9127
40259
4749
63343
63974
56753
52405
50501
26543
16736
43030
43275
24004
25198
15349
22731
36972
64631
28788
33369
23985
50684
19075
58050
41287
26258
9240
28373
6859
24229
56796
54315
17661
42523
46600
52889
4549
46673
26356
31348
12063
63123
59250
41264
62961
45327
14334
50504
53464
61122
39434
20046
64426
53084
42307
65371
56746
12850
27708
20674
46938
17132
57662
9993
51265
13010
305
8841
43824
21073
57906
35066
15022
38288
12731
10070
49325
31255
60483
43617
21859
2991
65386
31632
39082
33649
8977
8804
39705
23959
9238
14056
5323
1464
2324
38553
63405
38635
64877
64415
21693
16089
2078
37275
11075
12283
17271
48675
5314
15590
10009
28599
6555
41419
30269
622
33481
30054
29684
32510
46593
63855
1997
32588
3364
56588
27890
3442
49317
17013
39420
28165
56424
42668
51994
52696
49315
4820
6594
25049
65372
20986
6101
51818
45899
43920
53729
49423
19998
4488
53972
63811
26257
16843
3361
63128
44253
32156
1133
51153
31418
51160
5322
47215
21671
33657
18372
36469
45997
2104
8771
59445
4848
36490
22617
55200
14417
15133
14418
25285
2111
59444
22609
17061
34855
18634
51740
55109
24961
13393
30730
18573
54621
62555
11660
61233
36163
30645
6080
32289
45951
49641
13103
54499
62521
33849
20017
35452
45871
58323
54329
3004
25138
44844
13183
59919
11267
24092
25283
56830
42394
25856
55453
7422
29347
11722
17674
63365
10232
11296
56702
1283
8036
37908
50027
45524
9451
18440
14298
16911
25042
38366
987
45410
42778
53983
16876
33812
65115
34192
24633
3128
2098
35232
23607
60987
1844
32912
9200
5692
22358
29685
4259
44594
58624
1653
55469
59171
6846
38524
32627
62890
63459
7506
39600
16323
26149
30058
4153
17168
49541
65145
35408
64404
15469
28816
13613
14382
39684
8106
17679
37321
43544
39463
58571
52141
22170
35170
52002
3675
20041
12337
20656
6860
31031
23715
32393
10981
51829
53180
46702
26629
18791
28776
15870
4414
35723
43768
52957
15761
29890
23480
4826
10789
60635
51831
24974
45494
6158
58642
36939
27522
10316
34717
30951
48713
47323
2705
48412
50754
2188
11913
7820
34285
65101
47433
57189
52546
12625
28665
64315
57917
43858
36858
9743
6661
39755
30063
9548
51272
19574
4816
59939
46171
3445
22264
45860
7042
4343
14965
44843
28152
25088
53978
11027
18647
62629
12132
48210
49802
45583
13163
40976
58608
12938
31592
4831
5418
59849
45968
5285
55052
62156
15301
57579
59144
15211
30042
51693
38928
22276
59773
45973
51061
50034
4873
57182
52587
489
58569
11825
37945
7978
21632
29897
50233
23497
29234
51834
1225
25360
5177
47706
17609
18630
54161
1030
7077
32221
13067
15844
4822
20031
24422
30581
8076
42952
11225
48831
56775
44447
15113
34186
1616
51659
32231
5411
15685
293
34261
3385
32183
9689
24867
59254
20657
3586
32671
48062
31623
26414
15244
32610
14433
48055
6099
63667
26192
25602
54426
4949
10099
41316
29534
59839
19233
25034
59317
8177
31121
60620
21546
60176
19006
54632
1229
38580
35706
60185
12936
49022
21167
29726
2073
21540
58894
613
27251
57890
16094
1005
52247
18462
26227
15009
117
56148
885
32242
9807
241
21501
63020
36262
57580
25763
35687
27043
5695
61508
31573
9977
48743
17136
30273
61562
40523
45482
27452
35668
57251
2323
29526
27442
35734
52276
20957
5646
1227
43790
5504
29967
12067
459
52542
21377
49445
61827
51862
25059
26489
43677
57209
14552
30913
6905
32423
20691
60982
35263
32618
49695
27987
50634
42193
26612
23284
36177
2603
3300
21034
9258
23447
27528
14755
65412
45280
32182
18425
25037
44944
273
63571
42673
21491
44327
46362
24304
55571
3253
24504
64048
3689
53487
51359
30593
50731
60609
21105
30249
23001
38265
55464
61430
38210
53312
26722
15021
2675
18580
1651
10569
36354
6457
54080
13816
22368
64355
33007
61139
50199
18305
4329
43861
40572
19136
3297
64378
8410
34604
48351
60084
24915
15383
15346
24819
33345
40739
40525
31566
18943
52529
7932
3966
42180
39410
14664
45560
13127
9203
9279
20029
34542
31294
18153
53650
1025
27210
40668
23507
50168
37086
58581
12344
25075
54064
8769
36527
15185
58659
25415
47102
11827
25080
5193
50206
29511
53608
33172
3378
45
49446
35396
47001
63341
45505
22841
63780
5891
19188
10131
53873
37806
3593
22633
42724
64560
20800
35118
46110
24309
18579
27284
8322
31691
10782
886
34613
11664
3425
15198
52991
22737
33635
59225
24784
25960
38632
4797
2068
54553
17435
25423
2507
17085
37802
32333
54530
57995
63179
30539
55951
9713
29530
11394
57825
46544
50739
13096
10565
35707
17277
44345
46178
39193
13758
56834
39829
47344
49035
36600
50843
29479
6241
37028
54242
48884
48709
18377
25654
64054
61315
37701
55603
56471
26429
892
41733
48337
47207
39301
11832
17519
11448
50831
16194
60522
60741
64065
18495
29337
21597
58208
14209
25969
5827
3690
58420
17193
64069
47115
29976
53996
40923
19143
3362
51074
23261
52712
56751
26260
43251
38637
15028
52689
60466
14795
44504
57076
64007
61240
31986
63813
29396
45881
34722
58220
21591
52999
10424
33692
6604
14843
65369
41625
65158
9605
23929
50194
35003
848
5259
23759
25631
57832
31975
858
46584
56268
21547
41736
21659
13889
39001
34505
51557
30829
23110
31421
11437
25163
32713
5969
9233
64721
54138
61657
36044
49212
56833
22455
21164
53131
32645
59422
19553
27790
608
64524
11915
42014
33488
49578
65492
1605
29158
63541
31420
45794
4996
36029
47386
26572
21587
11896
45201
14775
1872
58395
22884
52705
31853
55755
46680
47535
38748
39226
3444
1169
26354
35139
6421
43712
9965
13995
47445
21594
122
65362
36684
24401
55599
30753
29090
4878
29711
39261
52410
7999
62519
3438
4759
38235
11166
32705
1908
24755
15193
33086
18889
53773
52402
29829
49996
19361
25462
44131
59412
31582
27083
51652
35335
9960
10631
64571
26700
14546
19047
8155
34049
2072
22973
4768
5483
49899
38587
4608
49330
13037
45160
41482
3611
54164
25296
2075
63314
23880
9847
61153
17545
29858
54271
57866
43387
10182
51063
28272
34097
54762
51677
27579
7824
23196
63317
51329
10787
17480
57469
63498
37666
26599
40049
55902
9521
16414
13693
42176
14862
45268
33821
37729
46059
28471
48235
45814
30549
7677
42019
54595
10064
25896
54407
8498
22696
17620
53089
51141
30481
2443
7215
1337
65123
30906
60953
47226
50712
18628
60732
55241
48423
11496
62627
58397
41065
19181
21670
38838
47366
28421
63111
39428
4907
61189
32669
32928
48769
8566
40662
10882
35777
59141
27504
14659
5853
53396
16222
43543
58110
25021
45938
9479
37407
27233
13486
58369
47741
31594
24170
43314
61819
61199
49595
11094
26464
45277
23478
29254
2393
24330
6515
17602
39757
13681
44769
35644
25306
17687
34161
60180
21638
64507
11000
63308
25672
55794
34652
22899
32552
9819
26121
50795
25168
11617
36889
45152
33629
47585
30810
34823
65032
37265
145
58542
6337
1165
28352
21904
416
50311
3013
30697
576
3269
22352
26800
34678
27574
2624
8039
34219
59181
22345
26232
58333
23943
6507
43178
37591
36781
1576
63510
40258
64328
45940
52657
46292
56023
45579
50072
44747
50793
27659
24048
29285
54909
52973
58874
61187
1008
41782
13375
19693
60169
33401
12396
602
9318
9494
48074
43093
11634
47736
11699
55972
18625
45040
63283
61434
4135
39217
41259
55558
1472
21479
3910
31195
5568
46068
25769
56596
46217
2070
17707
24061
4494
61154
32307
4145
34007
24894
3094
43380
38711
4875
9858
5282
26962
53920
47626
32637
33091
59093
6982
36838
36919
32068
56
32594
10935
55365
47108
30385
15926
10289
959
21553
6109
38129
10109
20802
49662
226
50251
27837
1371
24114
44106
32694
29631
48054
35779
39275
27627
62829
46887
38962
41289
1006
37800
34788
59905
21048
55585
32700
28227
43292
60591
33636
1917
8344
3453
25295
29558
57362
26638
21224
47622
1298
29359
24113
61762
37602
56496
44586
41487
13301
13175
15961
62366
16873
1294
57840
51152
39781
57402
36481
53622
38258
63915
54707
25634
44362
3870
31485
60436
60052
40517
32744
29564
45142
14468
9518
47564
22131
54928
20505
7222
57303
34152
36843
55366
23226
39599
7762
16304
17684
56930
19905
41547
57170
62733
44936
2430
57219
46114
20105
59160
57346
30236
23251
23234
31483
52866
36113
18311
64783
22636
15375
22933
33288
58473
11438
53233
11069
49740
51865
2140
11621
5402
19137
17944
45558
14625
35496
22386
11849
39889
34851
30636
58136
10309
44722
34466
25310
56739
65096
38978
14564
20197
43804
43183
15120
19919
40542
38458
25038
43582
43739
18310
60334
65525
56200
8481
15062
6038
8333
31834
21496
19816
9682
47979
45666
59697
27984
17190
34008
56216
26337
29668
36363
58609
21272
46654
31007
48936
28925
3547
3933
13404
51663
60017
12285
58088
47142
19656
45094
27289
22995
7012
36965
55796
51088
27915
28826
33771
19974
60030
34004
31896
51446
15482
7646
58417
32639
28456
36977
26169
45879
51995
4093
60990
25485
42224
5629
58082
26350
19393
16335
48646
15161
36627
51199
42607
11861
43681
23539
37796
22000
12592
56076
41798
10866
17592
61274
19128
47996
16570
34680
59295
4886
33834
17782
46783
1438
41327
25641
12139
4295
47713
60991
59576
29535
28404
5519
54370
42445
11542
44059
32746
64761
33
36697
56365
46033
21258
12088
51240
57559
63635
5674
10580
25424
56811
39796
4981
13391
30302
53195
35970
13977
3667
8024
21393
31639
53837
25479
47047
31993
6135
1459
49128
14737
23171
12458
7732
30004
18808
35836
46394
41866
1342
43569
1158
29236
14260
40473
20355
35645
45340
38716
24395
28038
14611
8037
52081
21155
13656
47837
31843
50258
62873
43047
25463
33987
11355
60859
41134
1353
36189
26540
7852
60038
39326
9629
49158
50050
40973
4628
35114
4891
17167
25614
477
15660
63300
49623
46159
63846
23739
56907
18983
33249
54537
21478
21774
42481
22018
29867
16480
29224
60140
58126
15276
481
19516
39237
13778
27879
36637
34257
54395
34425
23416
9816
44873
31827
38945
63878
38083
27150
42647
23813
33627
25468
7313
20697
26914
49921
53395
30963
16647
62100
50907
11032
37998
30739
65280
8465
58133
43107
45668
11799
57443
43587
16249
34706
25020
18390
30653
588
23370
21035
41132
26899
60574
39317
18239
5398
33838
44880
52932
27252
54972
18275
44465
41311
23804
24561
49927
62707
58127
46486
27198
9829
50862
470
50486
25300
54421
55060
55781
30077
59935
57161
26228
38216
40429
10579
60550
5227
11086
27543
23223
50920
3896
40257
18757
51544
15137
48749
49928
28440
54903
12567
8140
41530
19871
41974
65020
42646
23027
40707
14906
30825
17453
22561
29466
22519
3857
9010
43349
9665
40767
47104
51990
12006
6785
7756
32593
13432
2873
3505
25470
51385
16342
40636
53365
764
21493
24716
52787
6945
26252
44260
11562
16333
32609
61116
44921
65066
48101
29520
54532
12548
6017
55498
40220
9205
12084
13686
46186
47228
28513
29518
24860
64716
57024
23477
10584
31076
22560
49376
57834
30298
12280
47360
20612
18217
62222
12697
27107
44549
47594
29393
58664
38835
52652
9705
60865
44213
38020
56602
64724
34277
58650
24512
26525
38468
28061
32831
13997
57369
39234
27800
23237
5433
13985
9545
16463
27544
34812
34399
10081
56894
30292
57577
20822
19504
29017
11931
9534
40894
65083
46855
56481
25425
2047
51337
36702
1921
45950
61056
29557
58113
47981
44823
24275
39900
46826
13178
11648
26339
8414
64705
31476
18005
36248
63209
20827
34650
6489
25297
53593
22974
42177
56726
56417
11787
42733
38839
59149
57225
38813
29046
20638
59874
18531
37418
11884
36482
36922
3021
21201
996
60339
24238
17182
21166
19061
27425
39393
64473
42764
17964
14080
30932
14055
19413
26857
4332
58273
58905
48891
38527
57590
36677
28215
2442
13304
28258
43306
54672
1441
57232
34117
47252
52239
14097
28453
64062
1307
39898
54671
499
42570
6611
14525
59427
20416
52939
59316
61576
55450
56828
12831
5189
6999
38185
38971
45946
28419
28913
8622
239
24311
59958
30866
18676
4616
18992
50454
24417
48933
46069
47497
339
12685
28723
41349
37155
38455
18314
44937
37885
47116
20287
36182
31571
15412
21893
26182
28410
4526
18484
26003
42729
21239
47179
48737
29521
58552
11615
27878
11582
40091
4385
58938
61416
34005
60587
56335
56196
22005
44387
3697
60262
2233
23400
20217
17518
44698
63609
39240
37694
64049
3223
9505
35519
50477
426
23085
9052
17199
46202
62268
29749
56809
52154
7227
56590
7666
21838
45379
40421
11858
1976
58154
13434
40173
35827
61615
21497
16336
63279
11108
17776
30518
38464
10938
2848
33133
4007
64744
6949
28239
16817
5393
56522
1152
2472
12537
10594
12958
8778
31665
45371
31773
32457
18574
58280
42001
12665
24759
6968
30105
19538
55675
63734
33521
24158
43841
4680
37951
31145
18944
33708
44893
47951
19567
56560
1275
34170
59704
9678
15803
7534
30398
25646
64052
13458
64109
43972
31789
33595
63139
42123
44938
55298
43692
7627
53666
22750
56779
53565
54146
42015
47312
22233
17404
22458
32750
36929
7057
21390
9759
52879
38212
61510
63262
21806
4992
18767
9806
33037
3381
45078
8117
47754
32349
8156
60555
20634
60706
27084
47821
55791
43352
421
61004
3439
19582
45339
11934
61837
57375
14996
32542
25652
12738
42973
36488
49307
55999
17039
28032
63952
62199
51186
45958
35477
4044
5022
38213
47670
47271
3826
20152
25259
24055
43466
26014
55701
56838
20356
28612
38570
45671
38544
52046
13898
8534
46097
34177
63994
33527
12944
60239
22350
50229
64287
26239
36991
11613
63791
28652
57884
51794
28906
60716
50917
10735
29804
34126
12018
14796
19668
22867
36599
21365
48385
28651
56806
51033
28146
5883
56071
40963
29212
13868
40924
20410
32445
31660
57023
752
24714
49217
1646
37350
18494
54913
27263
57566
56561
14970
824
15737
46200
29673
36556
3651
55020
871
8989
21835
7288
29563
30229
471
12953
893
32081
46379
24631
11920
5478
57144
16021
706
35382
19347
8219
8183
59330
7294
25588
55563
18804
41278
19177
64617
33775
59151
61745
27625
4066
27406
22606
27401
21042
42202
54587
10890
37470
12881
8851
64431
60397
39689
57649
42448
42370
34172
51278
17872
65076
7151
11661
17405
318
62465
1093
42374
13647
25450
30560
20525
31406
40476
44587
57872
15371
11319
60817
18962
43197
40115
20157
61869
31669
63597
43489
48761
23513
10854
23179
6827
57364
33066
30836
48353
12681
17766
52580
22317
29238
11461
10089
53755
17008
38293
61051
15573
35685
52127
2000
52876
30853
49131
7949
61860
28759
58382
12702
48156
14096
5623
35288
17108
1888
36222
45780
28422
10967
24968
13161
7621
53181
38695
5893
30806
8572
15583
45753
21769
11023
2831
3354
652
16209
4962
44785
55390
65278
55385
31616
60325
5732
45965
23490
52804
35049
12894
65092
38977
53817
56769
21212
56864
17392
29114
55917
8243
63961
12687
48335
3727
30315
21787
64865
63400
58389
21406
35437
62103
18023
13029
60581
53010
60851
60315
34077
37612
58129
28357
15541
56945
20247
41719
55031
47832
14539
24216
21161
58040
2294
36149
52979
25590
44444
44267
57245
27035
37266
39030
24560
48592
12447
14859
8789
3824
61215
52068
40388
2670
56428
30546
13024
2723
51325
15578
47288
62104
20158
46808
65134
19327
51286
31318
2779
5291
15628
24873
54443
18465
58383
24278
13215
551
37964
48332
16718
39723
47055
12048
16091
6573
31648
56408
35622
2716
60184
6053
3825
6313
49745
10350
33317
39790
28678
24763
31987
49714
47134
61182
62002
22593
55280
10417
47916
47281
63368
7304
23106
17256
33505
19754
63985
11919
58156
11855
19433
18164
19384
23786
17418
21343
35828
64089
8277
1034
39482
9050
7159
35420
29706
61523
6719
40175
58378
33005
21979
8324
21974
8226
60088
30999
18107
61623
49571
37099
51655
54747
63106
60724
4328
3175
5360
21935
5452
58533
30318
14217
31259
30990
54028
46245
45623
52457
24459
62007
61902
40498
54099
63413
62244
64901
59064
21074
24146
42262
46348
5183
2327
57905
19022
60853
38697
46208
35699
19125
51925
4771
60877
32829
33568
23075
50770
45763
3607
30203
62254
7542
46949
49886
15044
40138
38118
61054
55977
43879
14542
13761
28741
53179
25680
52135
62331
22423
61726
27068
50901
16899
19571
6703
60541
8279
6700
26819
2189
39466
43131
54619
39465
11734
32972
45896
10270
34054
6345
34059
23319
33337
25959
19481
56963
6111
14555
47214
26604
18774
29608
54813
18019
31253
19107
56015
14254
30258
31644
12334
56918
43711
52919
2868
20204
24155
12441
63729
59940
52412
39656
15139
5119
38964
57656
1398
18766
50379
54275
63730
46684
43964
52451
30743
55171
51157
11888
23453
20170
43942
3374
1063
64227
50370
42283
6818
39623
35377
17970
31869
21621
53375
22140
36640
49160
25319
27331
50821
3978
43632
43602
29415
40883
4653
9333
42943
5134
64669
65463
52693
12488
15467
52718
50641
42626
55820
13803
1894
7994
20864
42879
48331
23164
9404
39238
54143
916
48685
27260
13260
41126
41775
13144
54063
40748
33467
47044
27426
4805
27506
61069
48081
42593
29349
32129
56515
13890
48240
49233
27498
16816
33869
56770
48006
50663
14920
32822
18631
24840
18252
6086
56649
39647
11187
22093
28802
27433
45760
57813
9193
32767
56622
54298
20540
44467
7515
56734
47162
50202
5376
38693
33112
29411
58348
24575
17059
65148
51664
6970
23045
29962
35841
10704
35468
35727
31230
51132
18535
57530
4803
38460
54015
48252
2444
8482
5394
4002
16096
6498
56193
58274
13853
26683
30583
26837
16943
4860
24118
5283
48911
42834
49716
33936
23382
61787
15153
33696
34405
19055
39991
25861
35472
15953
65244
24515
6050
42410
46478
22255
33753
12677
63998
18583
22223
38286
34442
9550
9801
20339
3817
17582
61479
64680
43931
57823
16315
58060
40337
8272
31342
42773
14731
16533
60043
51981
31359
46578
1110
47431
7173
61499
60025
6526
30902
15304
47285
48943
37904
49939
15055
11535
51048
12135
53853
25366
10194
39670
60907
15487
46615
3493
6352
25737
21207
41949
58562
7046
46418
18639
58142
47223
4622
13976
31606
54360
20145
58736
48067
2662
30903
18478
48426
18447
65117
10926
46665
51185
52802
9838
40269
38987
43848
47470
17235
8268
63485
45918
46254
52817
35713
13172
37938
29194
58057
28049
46571
47079
26624
60145
50310
27750
54509
26835
18409
51166
10540
45615
3676
29367
56172
46627
3872
50798
14390
1010
6366
47733
21278
54602
49372
4863
24188
1989
9018
63332
51047
25936
3878
693
23905
24518
5390
61129
12404
22199
46143
2918
16207
59929
6141
64885
26229
65423
46572
60956
1280
33080
50304
1573
36847
25859
20303
47756
14302
17088
60349
47572
53798
27370
43142
10663
19609
55121
56777
31429
15899
19909
42715
19217
33531
4278
9218
24397
4440
29001
38194
27308
1552
34892
31003
27728
13640
41309
30388
24913
16483
58466
20007
22936
7867
20818
3162
45887
42242
12007
43361
37172
46472
13119
51507
13337
23238
39581
18308
59917
11393
60977
44378
48063
3947
11638
14758
65266
53387
31551
24802
1774
50568
54167
44760
29199
12658
63885
54292
64527
24727
37588
45975
50196
45085
57652
61778
58072
36588
6950
2685
52780
1661
15168
42147
7817
3811
62836
52970
59449
13712
45517
27524
55333
58891
1593
54973
3880
42687
12118
37297
2470
39441
47654
30447
55885
59437
19590
24877
33680
42425
21781
35057
4998
5122
42924
55448
57470
29899
26696
14042
9259
18532
19191
35399
56780
21419
53032
15039
50750
47750
26846
24241
53099
31279
17164
22136
45878
37165
34791
25069
24126
60405
40092
59907
854
39571
45486
37880
3596
29074
18991
52053
36409
32794
36836
8168
32084
510
26269
61105
27293
57777
21542
30735
64943
17249
59627
19096
30927
25874
65106
60978
65211
17034
19908
891
42415
7390
309
63801
48661
42963
20812
19924
20830
57518
29297
25025
53689
30367
57302
28664
894
26731
32090
32082
28659
22240
34056
54295
5421
57585
3831
763
35649
59800
14628
25765
106
54827
25311
52952
42386
42149
35130
37080
35319
21204
48087
31607
60431
24531
50046
47206
24414
49144
43023
27476
28499
21567
35889
57578
12077
11019
52346
7377
30579
62562
42595
28909
44122
32623
9463
41330
51553
22130
26916
16143
34039
21208
56267
46105
17747
4461
44399
24608
20765
40780
27754
65533
53510
49611
30089
15861
32357
35289
10724
32888
31899
10481
18724
33700
28716
35580
31360
11696
51237
45029
11845
39944
48674
22452
61627
39998
5956
2551
31203
58687
2627
41967
52259
16881
33754
26965
22030
25583
15395
56916
50410
20631
37075
51128
56665
13312
61980
32378
60713
45483
19295
17811
1132
48650
22463
11608
11050
56798
6083
47050
30834
5255
61002
41111
33448
15123
20117
41751
15274
47124
28260
1189
24853
18464
58821
20201
4744
2097
20224
25406
33964
23503
40507
33603
62225
49615
10812
22393
26181
37007
21486
31985
758
36441
18850
3000
10876
59068
17946
55525
48745
29757
18053
2687
42282
26222
23916
14613
32567
37598
64931
220
34977
31268
8893
16167
29025
57175
28305
57229
31726
7628
24526
7675
40419
9145
1663
25003
39644
29900
62883
21436
2642
63274
1228
46821
54272
4921
19506
42125
28433
19595
16916
15705
35546
24402
15617
2351
26811
54290
9957
39254
41755
38337
23459
51158
27777
18490
58641
64055
19206
30765
55349
32122
41630
53979
14904
49548
36585
11916
2706
20149
28587
43249
48182
59829
48455
64326
45895
16553
38981
29851
18073
25803
22830
51840
41146
17200
59284
43947
20167
58150
18557
30352
59408
45829
10849
23956
1919
1065
62343
62838
39287
10917
23669
17443
22877
33265
59882
46197
14677
883
13
40053
13429
53466
5439
54864
28244
13289
48086
3455
10654
38627
34573
1039
7298
45834
30195
7380
48472
1038
38277
58506
42709
56727
49983
24933
4426
47928
9429
43728
24378
11893
32144
16058
35107
63991
31242
34887
31844
32065
24781
56525
19468
27729
20430
1922
52094
56703
26901
30996
6636
44312
41159
37427
55137
29585
47617
15748
59390
11593
36133
3368
55205
59949
14200
26264
30922
3441
60210
23345
18442
22641
27164
49000
21381
23358
39464
34999
41425
1226
54673
32735
3958
16351
4905
17610
35099
57639
26254
35314
19897
64325
20516
7041
59570
40996
25762
54464
16331
12526
18043
19509
9188
59673
46116
26704
33806
26721
25995
4596
102
55207
26939
55851
55016
53809
5316
61858
6242
43630
44229
41562
11539
58366
60671
25312
13205
53971
14249
27505
49676
40984
35624
10189
37717
61962
19173
32715
20491
3707
54260
45129
39747
2411
31197
38554
54699
61481
5312
53470
22395
17611
27414
63737
24513
42399
43098
47768
6692
219
3829
56091
10774
26848
52577
15250
50796
8795
48913
30869
39935
37720
23931
58883
51601
656
48914
54465
631
30552
39481
61518
4979
32243
22363
1218
21126
45578
56761
8994
7975
39041
56364
23613
33012
522
46385
17570
27641
13208
29574
11587
31634
50001
46050
24998
62301
25158
29274
27318
31557
19266
5313
17617
7318
65241
24286
43082
36032
50938
24224
1419
62895
27529
12401
59417
51354
13169
7819
36486
43321
56745
45972
44765
38103
35451
34745
52950
16906
58155
64790
10502
13092
60637
60472
59188
19269
52590
45947
55576
4621
22838
51064
38208
3401
53659
24795
54468
15537
30615
42748
51551
35097
49395
28966
37177
62936
1013
43845
20379
50012
26384
15436
6957
34427
25322
4817
21023
50014
59675
32559
49014
65284
51176
26360
24511
60208
42344
6701
27324
47697
15075
20255
33490
3448
32319
60214
11967
59592
55285
30501
10792
48124
14449
56243
23355
34413
38896
34193
12136
45376
11085
23683
4333
5116
37523
57260
17533
62253
12947
44972
59213
2519
37881
22513
60549
19272
2269
53651
54068
42439
62151
50722
19099
747
42454
25862
25171
53779
34360
17878
9906
64608
63702
7260
29862
21384
43881
64123
10817
38701
1478
29958
36186
12465
53786
5574
17607
25560
3660
53932
44187
64372
17060
661
4367
45994
47888
26141
45267
14083
30544
20184
4780
23468
58384
11190
10167
11055
51540
63707
20093
61663
16252
33021
11716
58205
10115
32043
19377
33808
48782
10946
6917
12799
49704
26602
52059
19573
39833
9999
32968
7919
65316
3656
41714
32318
63521
54125
29872
60117
61845
16276
15637
51069
1200
18878
15510
55383
8642
5281
57169
65213
56578
47596
29878
58077
29176
57868
48489
47005
60717
30182
54899
23898
41655
25893
10714
22890
6310
36237
61743
36502
16212
39614
57231
10146
34664
2240
19666
62949
62454
12735
62160
34266
18693
19065
51117
25070
15465
57615
30809
1163
35701
52070
35888
2826
64706
5222
45492
39173
62216
7032
48973
13523
13154
1175
53256
1164
55086
9907
45547
3815
16763
10199
56109
50013
59853
39997
61507
64841
17063
37090
38058
9034
25255
8235
22460
54371
64828
60457
64568
35277
26632
30079
29879
51319
11783
12691
25554
48731
43238
53377
14650
60499
10080
55001
46634
56669
2088
31341
17353
38268
62148
50786
18632
63346
58313
5667
55979
14861
42208
54516
48977
34965
23512
18868
56730
60997
20948
4533
1879
55066
38671
8517
16401
30933
52285
52785
47540
3053
10305
19928
41664
4401
41058
62697
45081
10237
6971
65070
47147
12478
27276
58048
398
14071
14886
28693
60168
46316
50216
41717
43657
62504
55945
33832
20647
61023
58332
2375
49173
328
65311
19005
57311
15314
44847
44868
11577
2588
3458
30227
34557
24408
64491
26210
53249
53794
1561
9211
29888
64285
28777
38450
19067
39459
43222
26249
605
56129
41671
17670
54116
34941
10748
43085
42937
63927
18799
45221
40450
47471
2504
3113
12637
54323
43542
22381
64925
63689
63971
23194
12274
47543
50223
4575
3317
62511
25997
47457
35755
35870
39936
28235
55204
11992
6938
27243
4189
16863
8819
40054
26458
29299
10207
25846
16481
3799
12756
45110
33883
53348
58574
25832
29766
2656
20373
13848
33346
51827
42389
25670
52211
13799
45556
52894
57870
21118
58817
65004
41648
13080
44840
9482
57867
51837
42470
2224
23434
34394
37671
15833
43807
15937
62934
17967
29895
55224
33306
63355
46841
37675
26838
30166
19558
44573
64133
1293
60070
25352
35427
52348
51016
21734
54121
49362
57604
25401
51473
2888
52179
2535
43639
65251
61884
14293
10202
22949
49064
643
56345
36565
56388
27785
42304
57233
16957
27610
48274
48237
6565
47618
49286
36003
64920
27455
44836
1882
25027
65460
45475
38660
60392
20821
6931
23533
3272
44593
58564
39966
42874
41074
50212
47438
38919
50043
1462
14282
23502
33646
39654
59598
62174
324
14041
28859
9207
50761
40991
978
53661
63212
12350
30038
15699
53891
10072
2053
38988
15135
37852
24685
57015
20918
13087
868
8944
911
27760
45967
53351
41016
42950
6455
35133
30482
58566
57317
29894
47121
31513
51986
21545
39469
56946
4235
42749
15281
51900
1442
38241
46738
25557
59439
2751
53063
26866
26868
2095
37021
19068
64124
39150
10321
6386
25325
32301
51438
35011
28679
32268
43970
41345
49889
20058
63373
2993
11596
48554
22705
52445
48041
46594
54593
58055
48032
47796
59165
39070
42935
55098
44787
52765
25187
19465
270
49522
8810
48549
54009
33814
48326
40703
44195
16897
42516
27502
64334
6630
43097
27248
44796
45344
31460
28555
24190
64010
46241
43956
42173
49633
97
11138
63133
45058
60160
5617
38651
51758
53741
396
4510
55290
32807
3954
47230
59591
60439
9140
65088
54855
32179
35515
51229
362
16735
47253
30569
39192
3806
12444
20314
34913
25455
60442
2986
30053
44307
14361
28987
53327
40509
24135
22553
20119
170
34491
42857
55362
52814
18597
6973
695
33575
56012
64521
15260
45263
13934
3919
49314
28756
29808
41161
22550
64471
6406
22077
60080
24766
54635
14363
45795
36228
11739
48559
1018
55779
61791
14495
28008
52133
20115
56135
10304
52723
9914
49466
2231
54479
2457
42665
22895
54674
31796
54604
59588
58393
4747
36413
3289
27650
46440
51723
14793
15130
2835
9576
11162
49856
53696
52196
16902
11329
37136
23432
11518
19667
15984
56982
32816
32823
30043
61328
26958
12599
10982
12498
39056
43492
6424
11361
12611
60230
29931
40367
43718
24485
62078
57606
20901
14223
29920
32780
41105
2917
8295
42781
14005
16195
56545
43195
43697
34125
62198
41737
56901
40006
18617
48863
15313
3345
9137
44173
17501
48108
6694
15330
23344
48799
32012
53250
58398
32033
49017
61435
50856
42641
32113
49318
2682
27258
26504
2616
50760
4742
20150
26392
37541
10401
64715
56253
53936
2800
20875
15983
43648
26382
53761
55614
17007
28586
19193
60182
58441
37173
11134
29664
5114
30396
35575
64462
47282
3255
41297
42117
30883
38439
40441
19448
40234
61633
51933
16925
21437
33143
3194
24035
44409
47289
2114
28846
11121
37867
58487
65494
50309
13781
7928
38908
30750
40515
37150
20677
10788
32340
16829
13255
29185
12203
19232
7724
65401
22552
13416
8270
54688
14046
2057
61461
29708
4699
59249
36906
63546
56386
38465
17397
64857
43453
19627
9257
54336
36760
7213
15978
1029
35557
15762
56974
28390
27275
62025
47726
47220
51599
15827
35442
26606
23978
6216
47314
12212
16293
63138
45031
29009
19886
4968
11635
34120
65465
23816
10650
27230
9619
3625
51202
5104
40340
61994
19034
8341
53493
22206
64191
49755
64351
57568
15805
55162
4724
10139
31053
52841
42617
14444
14783
33774
42128
2464
58818
40908
43710
30733
8948
6377
40721
15838
54320
860
10228
19496
13254
29747
61817
62415
16819
48078
4639
44373
30300
5465
59702
12654
53888
9551
14191
42779
13248
40606
63812
51538
26195
57660
19815
13111
35874
7210
57971
50982
12760
9872
5347
27986
17507
36444
16326
62440
56697
5362
30835
39832
48635
21950
31837
39069
20290
9887
33828
19012
8351
51344
21941
42538
50144
56104
62893
29325
6577
62862
6553
32262
29126
17441
544
25083
13258
11330
47830
19887
62506
17047
44126
41015
18250
55962
16700
55165
25101
53507
54718
51041
36559
54549
30443
40303
18509
55992
18582
51923
546
13261
6044
42555
14429
37556
39243
24941
31694
31167
40953
60063
60979
53909
9116
58919
58513
3796
9686
21888
24589
50344
39993
55881
23609
36487
43593
1276
62072
14947
40284
722
17534
33329
53566
34085
44959
5516
40472
9956
44215
17951
3406
15262
45634
1614
49818
37160
17347
55303
56819
245
41806
34537
59531
5090
65084
47580
44382
23651
11604
25201
56876
44051
23708
12314
11876
10955
29121
4027
51631
27234
57000
41724
32133
18394
59669
65253
59051
11128
14901
33637
24411
47705
61881
2649
30683
42091
58456
18083
5676
32650
57177
52987
41375
58922
36548
2911
18131
10725
3677
29154
51737
8167
21298
25817
51927
24436
39692
60622
49698
29902
513
12480
16808
61364
64718
43169
24604
21172
55300
43563
57007
47872
37918
26219
61578
29889
35757
12486
52570
37886
17313
56658
26049
44505
22623
48647
22252
12319
47241
32094
9022
48651
33203
15496
4211
40934
45722
7822
36178
54416
62280
28923
3566
44479
60428
32136
13082
16060
33967
61568
10155
24412
25051
31244
444
53730
31537
29348
63973
62848
2585
49415
38033
55627
49308
61574
3090
30121
267
42345
48185
13480
43905
10588
54800
27415
59851
47623
37661
8350
63085
21121
49235
58921
16545
1131
32601
2744
31815
19675
47800
24760
57831
45927
62430
29892
36497
35861
41727
50778
54119
26785
25373
47234
57941
11522
1564
21630
48821
24044
51078
47578
43172
20618
11414
21537
64394
2049
55017
44713
12360
50054
36414
25006
42713
847
44396
208
35740
56376
34073
32085
44723
47714
58445
10731
62541
53562
49275
63564
48292
28220
47866
8696
12000
15711
5502
32176
31822
28367
28210
8185
63803
54077
44670
286
42917
29365
1522
2006
27215
57380
63015
16381
10366
57027
24196
41854
49514
38225
65047
11165
61666
46249
2216
29904
50471
19589
25850
32067
53008
711
43968
36852
43211
61697
5106
60326
10922
9882
51352
50590
59306
8339
64515
17645
46485
52041
49225
52884
26436
51358
40343
39837
39831
29765
2265
38583
49905
65517
46350
39830
9616
52801
16435
43967
30463
40102
59343
64861
61319
33218
59394
32204
37520
41856
19758
46592
31614
19261
18629
61204
32460
45998
29256
62723
11044
52644
54683
24893
51100
12476
57393
6974
46757
18900
43791
54438
40786
2247
52647
52134
36017
42271
55345
15172
20633
35146
55502
59069
24670
40428
28754
12188
45012
18235
36882
60335
19580
2742
60969
22575
62340
53299
57569
2902
59682
4038
448
41223
29802
21796
1968
23429
63471
11497
3496
56832
50682
56195
15799
25335
26640
41120
45674
47791
20913
42766
45996
24750
31319
62172
15854
19004
20594
59687
5635
60685
54590
3640
59677
13006
29801
36
64603
60367
21062
30591
59567
41947
29287
57555
26736
55792
34217
60403
56259
63954
48367
46859
17067
56125
50924
29778
6363
23826
63195
64232
39749
62306
55438
25429
12676
4073
44700
58637
48276
24696
23620
58500
44550
41488
13591
16462
30048
52733
40936
16251
21225
57903
51575
52301
64809
15754
31296
36988
65232
31320
23946
19827
10416
17968
53022
23769
25586
32590
32463
38093
58132
13700
33463
45983
25867
23990
17899
22227
62233
7082
16656
29007
27736
29492
13297
5389
33682
2973
2796
29123
48552
48453
53145
20144
36037
64439
32046
19171
34397
18460
370
26424
63114
48038
30640
15033
47144
62412
35215
13382
42828
7969
12420
28640
13952
4112
15934
23716
46024
9084
61265
29814
11834
37718
54922
23721
38812
25466
8237
30329
48738
5570
43336
32256
49756
15800
22585
9195
44413
46861
35091
23717
58527
18266
34541
28606
32146
8718
43950
4217
51387
15556
2121
15433
44853
5205
18093
13708
26626
55006
21352
58092
42203
62067
32327
45196
20345
7497
60049
61291
65512
14789
42235
23057
49640
31731
20580
10527
39628
52214
60532
37345
28296
20524
42372
2699
39725
62411
4834
12864
5235
63135
22916
29965
58083
8451
14641
37712
10587
29055
15769
36265
48317
55005
27772
4064
13729
22186
46603
12709
29097
11645
29015
8913
47231
11909
23201
15907
23065
22021
41124
4070
28402
48558
52700
50859
58352
36711
63322
41133
22047
21788
17567
46524
42881
60274
56144
13383
20442
36798
30323
48186
433
8387
14648
54730
16292
61595
52433
16786
17980
42461
42191
59097
56577
49125
12848
10923
25436
43151
56486
37725
4460
21348
62579
21576
52295
30293
10732
59090
57736
7728
13366
14959
42441
3421
15558
30193
48065
45601
22441
11228
52998
41907
35466
21410
29988
36786
13189
34329
19944
45232
44613
20360
46031
43147
40717
51712
34986
37715
13736
23070
44544
59801
19851
25334
62718
17012
7316
18346
14627
23208
508
34404
13690
31651
65067
22041
50849
9347
35426
708
48556
27622
41127
41201
8937
55075
24346
24497
11065
41914
29707
12874
51958
58355
21633
25304
38518
56729
12392
23038
57659
9277
3417
29817
47985
51165
46162
12867
43590
27177
13651
11852
57988
4125
41121
36040
55112
2764
14897
8968
47679
36596
62712
52694
63487
23258
26777
1355
38582
12472
24884
1667
29837
2623
60968
