46413
44601
58023
11315
25054
15412
60192
3438
18012
13673
13625
31660
25187
61471
51465
53470
39024
31783
12465
20194
59529
8859
16115
13055
40804
10922
38382
4302
64726
37319
54719
61297
65024
42701
59715
61120
43623
29834
4025
10327
16451
64294
2131
19057
18371
23456
49129
27588
9694
44982
16426
11909
8501
26940
44918
40033
15771
54337
13876
867
13361
12974
52799
45128
62958
55737
56374
7688
34538
25
41403
23041
60277
53816
42319
24267
12894
21229
61999
48883
43940
29484
18974
23453
17132
32174
46316
3118
40803
4761
55105
24198
45031
64889
46992
20446
36054
10929
46241
54758
53366
36375
12438
58185
57745
13692
12411
60592
9237
2550
14650
4362
39356
37875
47022
55582
56446
207
50596
46463
59287
49945
50154
49134
3790
54906
41152
4352
36062
38389
47897
59773
55923
451
14238
2754
42439
50303
43126
9850
37009
24231
32112
39509
62054
26959
48147
58666
56185
62722
59298
59756
50833
13605
15221
59209
4466
10487
10578
29266
42494
25929
32599
2561
601
3870
58355
53891
17456
20322
31055
59828
46097
36531
58722
5605
24111
16666
24401
24042
17085
24698
344
50950
57467
60364
46990
21027
49771
37901
58714
32893
59392
45724
64120
61373
24046
49344
13817
5043
35133
13238
35314
3178
58100
50879
63958
43927
17900
57521
62142
24175
25047
10279
51687
58447
58773
40842
64001
55101
45353
37008
13622
49357
26273
8856
24413
39428
59767
37855
16719
19835
19278
1118
1055
19578
46222
58239
50600
48094
55570
14646
54601
9860
17840
26525
40413
17050
63814
28797
45358
30245
45494
12657
53218
65337
54122
44241
15423
53867
12221
34476
59246
46435
12895
15165
23374
34846
15712
28524
43569
58807
40361
59161
1152
51046
531
13764
33111
64960
57203
53064
55318
27284
63232
17604
30067
2864
10532
35239
8895
54346
4650
4323
52225
57903
4093
2017
42008
41192
12263
39693
25412
37020
56241
44242
26931
55997
55645
23820
54879
37129
59995
27534
12499
45166
29030
60246
51841
54865
28469
4933
20521
14534
47964
27805
57939
28771
56297
65004
45344
40513
23124
12848
47238
17220
51913
28718
35061
11325
43060
57566
1843
3081
22177
13374
47135
23035
61495
20418
47811
56497
58227
13010
31002
9076
60791
10282
52958
6114
42149
37511
65284
58480
45346
21528
22481
60797
33135
60343
1820
48730
59825
48284
59779
57187
60506
29998
61614
60996
22647
22266
25991
62138
34566
24628
2982
56503
48977
884
60249
13503
60981
38381
49384
56413
3782
48881
13617
4714
58152
311
38354
8994
41
49056
44443
58156
54405
19042
35921
19381
46102
51833
20868
27621
18545
50221
1399
22814
8478
12944
13232
62016
17436
64088
35437
30559
48041
2684
44515
5156
13516
56713
56695
32443
25513
24515
62136
59891
60865
23063
62325
29313
63238
8043
44151
3200
58182
47566
19861
55532
8496
8264
52238
6468
1425
32033
13523
2464
4321
16372
29394
31762
6161
41752
2416
47085
28536
54986
52945
62579
25356
41534
63923
36428
53874
38002
44317
4882
38341
14641
55126
36641
61002
43982
388
45001
22989
44525
10107
32942
8161
12227
6850
2556
1596
38721
21468
12830
5548
145
61249
26193
59342
54399
14398
27074
15443
29577
57830
47127
26752
22656
58885
28544
46635
15131
46570
40491
21004
21500
270
17527
28942
36180
62452
36340
47768
53158
32912
15572
54415
13113
48905
43117
18934
64397
40191
847
29580
14283
49251
8569
63447
40312
6749
17528
42937
43897
33564
8942
26606
61772
46781
50556
36573
62250
62025
29936
20763
28587
55963
37620
58210
2868
38858
39380
18938
1639
43775
39490
9730
10955
35458
7682
32284
4868
51847
24916
49503
42926
64474
3875
14427
49754
12978
2489
49274
32829
5631
47979
12757
46113
54138
25472
7413
43998
54925
86
62287
18676
18561
28434
51898
11475
45987
18949
16655
28289
18866
11695
52328
54517
23924
48822
14452
21742
59992
45417
46016
52801
29763
24488
29277
60182
45013
13653
19217
4482
64465
15966
58160
33361
24181
23318
38988
9852
7232
9593
22471
35811
58081
26412
63412
41076
48380
17864
49088
35810
26288
52195
38516
21142
14756
18590
41921
37814
28906
44542
10783
23812
64127
1340
51360
23999
31865
51204
3193
7403
29072
53387
13255
3973
25754
38474
63867
37582
59099
32645
29782
51375
25916
25507
50321
47580
940
6620
40148
7204
61159
53331
16716
21628
25692
26502
46794
51864
28592
37146
41635
35942
5597
62236
6168
47533
28046
59351
25353
1359
19786
46881
26510
7564
8097
51529
18573
47231
10015
49673
17580
19188
39032
10070
50541
4944
12756
47114
16084
42801
11507
46175
5308
37907
23943
3220
30501
8368
38514
27061
7749
4824
64116
16214
6160
11700
34941
23582
3563
18803
62110
9477
40375
43105
13037
13275
6572
42496
10622
6839
45446
33700
29583
17408
31318
23559
43263
40394
34572
51501
14520
7363
63387
9352
64155
8396
29769
65288
6494
46920
4249
34090
39187
18188
9738
58128
24966
18783
50668
45048
9615
45580
51062
14046
17029
15278
18614
64782
17762
3977
32801
16094
15838
43521
49403
27238
3604
22269
17821
10458
48994
60638
61662
52705
5904
8209
34640
43294
52704
4757
62204
29989
62398
9658
30586
35517
44851
2361
63849
19018
31870
18176
18491
36313
39585
46796
48696
20484
62873
16625
37690
55892
50062
50689
61693
273
39955
61065
50577
2776
46497
63275
28681
10092
41201
34858
5633
7471
15155
38409
31843
23459
9244
59404
52246
35501
38881
61736
63469
11094
9440
62286
35762
37399
30577
36042
2358
62524
49896
16932
48565
49006
11523
45519
8623
3976
42388
20428
59499
38467
30349
5482
45852
7586
59832
60684
54368
16184
64941
45562
10182
2777
6799
6912
51227
28894
38221
44714
8298
33121
47629
9392
20471
36035
62815
62189
61987
40675
8383
61811
34674
37236
28948
35769
61623
65424
52861
63890
38461
26579
45704
10647
61426
16634
16550
49215
54349
15827
3400
52976
11731
46508
22483
38531
35771
46912
63425
8432
28889
23473
33272
4805
51414
10580
9030
38231
7855
58758
39294
40646
41159
34130
9719
63870
3248
3072
49784
64638
62807
62249
46578
49242
22163
29251
9072
24730
36318
26590
47618
3094
8930
61433
7734
14729
7107
21470
28126
58634
57886
11658
24142
62285
7026
33590
23880
31079
58053
22969
20660
42883
34509
11599
31858
27747
36410
32718
62069
60371
47183
32493
22874
16714
3102
39582
23233
60401
33222
15315
17642
15267
11701
65081
32850
31202
45622
37420
58653
63276
44284
60941
11757
8278
47032
27351
22873
30585
54677
14670
33149
10884
29521
54388
1180
43107
4852
65513
1753
11051
41718
29114
63168
14163
54585
15580
50070
9373
23755
26785
8570
42604
53236
48220
8199
30572
16934
63379
11323
58228
13228
19406
7668
2500
12162
38891
19339
35966
51701
15457
21322
11246
47417
26582
13014
33977
56276
42790
37157
47412
14544
33586
51407
62077
33618
17990
43207
43210
52570
33014
58880
52567
4326
51380
36812
34980
43559
3637
36236
23341
47832
8662
30458
62354
63705
55433
65297
62263
35537
4091
9931
8321
57564
51499
35459
6684
42995
55338
40080
63456
11320
69
1419
23608
7449
20492
51740
58844
30365
37133
64369
23860
11631
56935
43491
36455
4305
27344
24152
12917
16476
22101
29117
38563
37038
30524
11391
7
2998
15470
51339
4322
6687
14179
25227
55498
19496
2028
37384
62957
9680
43280
61700
32501
52984
60144
64829
61628
47026
27520
21968
46914
36614
12576
31776
56192
21179
45008
5504
2100
47215
22613
43500
49497
4310
33021
63181
23589
37782
28470
31792
49036
13532
8584
50329
37152
8552
5434
43548
18972
38921
7113
54682
38914
35445
20549
64240
5987
43430
32002
33612
21952
30034
47551
40062
35573
7482
54116
59862
6353
17771
15569
11774
42253
10880
32560
60206
46729
1201
64992
6251
29479
6676
50661
42476
2834
37170
4970
31964
11324
28571
14384
24866
30094
59954
20747
48794
8315
40562
6859
17250
22246
35547
4601
62450
7298
42559
3024
2220
62824
27319
44967
11978
36684
30695
44679
13027
595
27383
22689
44490
18725
17570
23804
57959
54270
14441
57078
59653
34930
32795
25051
64756
52053
9341
54971
28043
16994
39625
55332
6881
50683
20067
15018
63736
53796
32797
48164
21286
14615
24102
7876
57638
47304
770
48965
47296
14258
51656
49832
2308
29079
28423
39619
689
36521
32429
3070
1719
47568
12923
25404
6321
17124
54939
40508
18584
50619
58610
54070
55117
29301
15103
48642
19505
19857
9718
59179
50224
60111
51859
30182
53398
40138
63049
49786
57432
8734
25365
16167
59149
47569
44457
31142
55950
13477
20066
40511
3661
7938
56286
27275
15100
25417
54530
25422
2955
55298
36454
42170
44702
55446
57318
26922
3176
60659
20351
1064
39193
22149
19032
38147
41800
48091
59586
50590
14439
34164
7767
51957
48432
58481
61106
25200
20572
34815
16708
16963
9409
32891
24105
10386
14460
20960
63095
44364
59316
40905
32823
64295
1813
14155
31136
9063
10978
9458
9856
20802
34992
56361
43630
64109
43212
40199
28430
43753
49085
60157
25698
42474
41839
27843
64587
35233
51655
18732
40254
61881
41830
21709
3267
3035
57261
60657
44696
22682
27355
15511
2927
58879
13930
15036
60852
20190
59315
5149
53597
16688
7544
38376
4563
9057
59183
11885
25090
29793
50615
41902
19584
61098
14023
29805
3012
15089
26868
6149
25332
30388
39683
18965
34960
14651
12080
55639
44693
42183
4094
60148
56283
29058
22144
39228
65039
52372
25652
65333
938
47666
44955
50034
58546
13429
25118
34216
7399
3963
4027
14150
50713
36798
2249
11879
36789
60147
12090
60331
19585
52809
61990
25865
57075
2011
2475
39231
13929
7659
24971
28760
63869
36916
59379
7602
47798
4080
7710
17624
29142
62385
56890
30454
6356
33846
24905
5456
15354
29456
54258
15094
55540
30117
54004
52811
27129
49015
47298
49740
32224
60913
64728
59383
37314
32423
53185
12785
26356
14535
28660
25549
55209
52232
19232
26819
1220
51652
23464
1736
8503
47058
46387
62430
35593
14555
4690
49353
50201
36165
63162
42890
3276
57853
63264
62064
56057
2888
5047
63945
47944
21724
10285
23835
50207
4855
57560
17441
21052
59130
40569
18968
52755
3017
5411
29626
33688
38928
6573
32540
32620
49935
19245
42891
47538
721
2378
59377
55392
24399
61401
36765
20831
403
39826
64402
37220
38932
508
32646
59397
28756
29155
8074
64589
11679
18809
56029
38911
45978
21997
53732
14324
7927
25230
56821
4578
10474
43125
55786
30944
37925
12094
54065
55115
51424
57844
21925
31931
60908
8086
27967
15353
6036
35214
65336
35471
34055
50865
11321
29906
9221
38620
32099
5289
25328
13528
19447
593
12965
23609
41105
54666
46535
164
56027
30484
62636
21995
26705
55215
22681
42003
16645
15955
44713
39717
15662
27237
62696
57966
31056
62616
23926
61800
61832
29147
20440
7672
62083
13177
46947
36400
56674
14333
1992
2723
40631
47941
11968
30098
32162
5295
52228
58843
39073
28403
24494
39831
42401
57181
42613
19237
54609
26555
13505
15092
65029
30653
24180
21702
24980
63685
26263
49464
26710
29256
38153
12087
24973
57843
26763
54535
53068
31926
42921
54670
29157
28485
51325
29968
36184
60169
8965
11068
55915
15091
14285
27527
14459
30641
8894
2712
32146
39338
56416
30489
50679
21277
3037
54691
28069
10891
30774
3492
38390
23621
63151
54880
43413
14549
33381
64794
45669
8429
11607
42910
56130
15447
26268
52969
14676
24065
37736
36594
36834
31918
1052
599
36287
64527
49825
15479
5387
7423
20166
27777
42603
39447
64856
64234
46015
2746
31873
7523
62227
8330
55155
2879
46735
18729
24282
31270
38028
43642
6666
61387
40240
25050
1754
35174
41460
8026
6419
42768
17076
53841
49157
14395
10208
37769
30127
34180
49105
36673
7543
13789
12873
42740
2412
7016
19241
50281
23659
9308
4038
4196
4622
57710
12394
26058
16729
35283
18017
1006
50027
27637
41352
55526
42072
57701
60127
2400
44086
22524
59871
6988
9157
23606
14904
42433
47630
34498
29416
38321
11884
45916
35342
5636
44685
13282
58539
58266
6043
21533
56683
19167
16676
52281
35660
55686
52966
2374
22530
2697
14233
34448
1087
42898
51526
2154
21160
3423
40573
3428
21167
51440
33429
43176
14557
29329
5796
25395
31569
52113
23785
34482
40169
35929
44622
51328
17910
58709
28072
13104
1444
37775
40005
3535
26968
36683
37455
54692
8675
6888
54372
21699
19171
14941
27578
40249
49106
14173
38027
63476
18721
34179
41500
14303
53936
52588
1796
1348
41824
6569
63670
17767
1391
28488
55394
61402
17328
28517
18029
9313
4625
35046
666
43675
18233
8672
28081
15449
64550
15446
24438
29856
64233
46655
39580
44000
3032
35091
42598
43730
5412
5087
2410
2732
43570
23618
63207
63026
52069
16332
30395
18479
2957
8644
40856
14352
5982
61118
61845
49392
3320
40902
29938
64393
14932
42436
28987
11696
29055
53515
8728
14321
55680
41642
20859
27189
40896
37838
57435
10923
51001
38026
11213
25907
31775
37060
36680
51362
51639
54597
32688
26526
5491
45772
3609
45991
5757
35982
29601
40309
717
46180
55028
24681
59380
58660
62629
52139
57332
30096
49018
1730
60663
36240
21862
12790
22891
25430
24717
65116
28086
25179
21717
50350
52806
26775
7274
60165
30409
25067
12788
18959
56509
49863
19558
33761
19174
53299
52314
24078
65300
25660
48349
48813
56876
12393
25512
60189
12344
27277
29467
65119
60421
59685
1743
15059
19808
59477
16522
6312
27081
62566
15314
33647
12787
46117
42878
56871
20181
7157
17306
14031
752
29733
31369
22670
25821
63967
43576
27705
65042
10336
39199
40376
42340
20826
29939
61447
23499
12797
10473
50428
26918
14684
19399
27357
26563
35206
14653
18368
42069
41778
15302
14323
57636
10341
10703
9334
39219
39029
37635
56159
46091
16866
40373
36717
5787
3364
29367
32298
42337
48543
1245
25259
1996
6080
25737
44579
12211
46872
14255
49401
9904
55084
25079
41798
2750
3324
21753
29840
5488
15763
44347
37432
21832
41278
20108
43472
53181
16508
16297
2247
63525
930
1839
9505
64812
10529
51932
4909
49269
57841
46187
15610
57074
58615
9228
26105
34662
12534
6794
57557
16649
56672
28671
64735
26367
19833
38733
41295
36422
46524
41651
4032
7148
25420
14970
14537
22167
10538
30122
31724
53886
21793
57635
50613
59355
59389
15563
31970
58377
24480
24510
45464
39220
63482
27170
53611
3798
436
35385
42821
17738
19320
18582
8886
6772
29468
46856
10528
24478
197
41646
9854
1734
42290
22329
17286
33517
62546
64983
62610
38713
61971
7360
17252
36227
25819
9864
34395
18723
7010
3077
47547
4195
4630
44662
43115
42899
46129
36952
64231
24032
439
52591
31230
58389
45544
46503
32238
7555
49830
15068
18571
17268
47953
19989
14296
39493
62276
59259
33833
20937
28294
49337
47542
37685
53842
15060
62800
39288
5262
19331
11313
44056
14804
47721
35310
62557
12761
3658
53344
38714
47546
38982
33682
33762
33069
4615
57703
29212
28032
34996
64602
18953
13734
36471
33302
38704
47536
31090
35544
32309
25885
7779
55564
47123
30460
64494
10135
54044
58373
64338
14552
16784
39762
34902
49790
4800
65443
52596
26766
33276
7615
21720
41454
28916
58265
37832
13287
9715
2574
31977
31246
22708
58877
15721
36646
27177
40435
23565
49126
44045
50419
14025
63173
2151
16884
27192
22537
65459
9028
20723
55694
51763
12035
29948
31832
46996
12701
27209
25291
39808
55881
22375
6729
51785
50640
52746
12699
41992
25293
11481
37893
19673
43562
28796
29350
21787
49029
24077
36741
705
27435
51051
13258
15719
25751
64480
22473
8326
12504
22965
58825
40056
11845
3723
36768
29200
58131
6680
57230
25644
50249
11020
64632
4485
18196
34231
26497
45890
1882
4057
46304
47134
35581
54230
14292
44060
5921
33305
9333
41996
8555
11250
16088
11626
43764
7830
2263
48588
9652
26482
30958
55451
6089
22344
37181
26110
37050
11800
57980
42751
18566
19783
18994
40480
42456
18274
56425
19825
25808
48258
33896
64890
28414
22370
41834
43252
43110
11881
51895
37879
17774
63210
63033
41619
58011
58933
35977
50277
34652
43550
1966
7931
20429
58094
22325
31561
45620
32574
64013
33249
2841
26746
40173
16896
29452
11637
28648
25263
4254
52114
59329
58866
38384
20497
6028
32317
60672
20230
28483
47697
6878
20808
52050
59761
31653
27256
15281
6096
65193
29651
49073
46054
17110
45054
28141
54759
34560
39544
1049
35533
6558
26234
9823
30908
8499
44862
31795
30278
25289
11943
31790
33360
44567
36150
41980
30009
48861
15889
52538
38402
11656
58506
40270
26680
27490
19479
8581
10938
26278
2621
45403
23141
30260
10390
62978
50694
55381
56260
13886
2894
15452
58820
32770
46080
62183
18888
693
7805
4723
47221
37235
11585
3910
42865
41588
12220
61810
2119
37613
39959
48485
10941
58030
55289
61130
36369
24822
14176
14227
43918
43854
60086
34402
48628
28557
8960
56576
27699
55543
55238
53910
35681
59281
27990
26015
52029
41027
12732
37900
53671
16189
45931
45026
6813
45369
19998
6120
32085
3145
11349
3917
42786
51175
47702
9083
24251
19699
39958
42462
24974
30993
16356
15382
36623
26095
60400
16147
13368
25742
44475
8032
30345
22323
17486
3418
11996
17189
38828
28726
28199
16630
62866
55352
32626
60751
23944
62867
48326
20605
49780
63966
34049
61116
10476
23683
13775
38290
18554
11621
49736
54945
24787
64734
23470
29299
27599
5181
21064
31622
57889
15383
35436
12564
4724
24614
21582
13267
57548
64797
38099
22494
50755
56100
19782
50868
50880
55243
2590
62888
48179
34806
48306
31777
22564
28602
25656
22333
59102
47442
41341
45342
34296
57901
50884
31914
2963
37885
7728
34847
37597
51614
27226
9451
34593
56530
7918
60250
31948
51742
18410
35657
1970
36767
16314
11908
2627
17878
43437
44560
55114
8510
56807
18821
58177
36393
41165
13044
7228
49358
48278
4885
21495
12266
913
18956
59083
63680
1010
53300
58801
30482
58354
16383
54419
16616
3525
12987
24192
63315
39626
19515
14993
60998
17021
44670
36389
31352
41914
38475
37357
32191
45618
22999
2639
50248
15418
6003
53583
61709
33745
64117
47038
35599
8261
37722
37719
53468
59129
60172
24796
18057
44458
46926
17559
36973
47059
18820
28674
45628
61171
6358
7479
47950
24321
18890
23941
57049
17621
29522
58186
46475
43536
54007
38908
51728
33020
1773
48620
64159
13788
23360
62068
62172
26362
39196
53456
17688
52830
33367
15209
56247
6198
28515
51406
60511
12853
2443
23397
19498
31155
42960
52174
17891
41532
40894
54342
12340
41366
15158
40046
28211
8504
11912
29864
28019
40350
42812
16611
9867
39541
16423
29101
31349
11740
63378
63458
36175
22076
12508
30273
5872
45556
40748
45125
56528
44252
49901
54282
25913
2019
53859
33816
14132
62968
30229
59064
9930
58471
44860
26549
25578
8765
18960
45869
47803
57552
30967
30970
47936
18700
8358
2880
17785
50258
48124
17000
59831
30271
19591
65485
29908
59678
42698
19953
53459
50005
13015
26677
36436
22987
38907
44430
28251
44240
57430
25782
53425
46543
15153
16709
55644
38379
16590
6270
48758
14909
45020
25019
15522
13372
15287
51906
55110
54566
17017
8999
28846
59856
34394
24067
60416
53743
28055
65330
58286
14044
19595
8162
26550
5493
41703
1806
34341
18555
22475
929
44948
13472
45858
29328
64059
62514
43733
38896
52658
26878
52674
62690
44053
30549
20719
28972
37555
2253
35484
967
8402
54018
49923
5437
6095
56030
50251
41143
22711
13018
59490
56462
63041
3466
14087
45578
6762
6425
20593
51039
4989
4876
18769
42346
3954
11522
519
53941
106
24718
17262
16544
47481
53810
14966
17984
1975
14399
49200
37680
37083
21151
33822
50133
3505
2790
62805
43166
35782
33719
15034
11418
32378
14594
36408
36121
2076
9555
40141
51627
25326
27678
62695
62641
35877
3648
32914
62615
33607
32656
28841
31448
44051
34034
38025
15276
42447
20172
64592
21973
13444
1978
51967
36576
49218
63871
39365
4144
44197
44070
854
39021
64025
20143
42560
36582
4223
619
23509
39181
48634
44203
46331
20527
6584
63259
28887
1880
28695
51377
14501
60373
7306
18937
23163
10777
43171
37964
2326
37617
2793
34400
53716
41338
39125
27371
3334
10779
13200
52665
20750
32860
10034
27757
63282
52681
32140
55736
13085
52910
22551
27414
39957
15980
64683
24059
42779
37120
2838
4175
40557
21658
13208
15317
44438
49115
11221
36119
15061
36311
62787
65175
49828
11128
33722
36065
2064
36078
42915
1876
9396
22267
14849
24118
29509
40132
38666
1879
53059
34229
65255
59595
31982
2960
20509
62312
32498
33452
31904
62967
46002
33838
34944
13161
39868
3617
44003
56026
9327
35193
1626
16251
41577
18730
10714
38405
40726
27348
4782
5218
23507
44237
58717
20495
62213
23347
6740
62160
2656
49263
3186
50618
19449
57349
65280
7205
1551
17601
50246
6978
39274
26765
42588
15829
16894
38324
11219
2530
25984
384
45236
53127
7430
56504
8544
57594
41372
33493
5514
13779
1421
1316
36619
44771
39234
11622
64619
8826
50255
55705
16064
3086
5310
20170
8887
62962
45865
22098
10443
36605
12184
3036
36818
8180
10749
5507
18724
65506
29757
20487
14289
33098
39038
45046
27575
52804
18572
38640
47209
40775
49439
45676
57941
12960
7120
11510
20135
24798
21982
3100
57337
5771
31953
9055
64672
64907
24158
17914
58972
3074
20352
60670
61317
40002
45436
43784
63241
40533
15058
7495
29582
28787
35271
37352
30033
5431
52227
35380
14291
7899
58602
23135
17778
23703
10105
57689
20517
26577
55992
15337
54241
64508
19951
59265
15841
52788
7351
54630
63361
4832
13009
46061
34569
46689
96
55988
57690
10293
7909
18299
17873
63139
34461
49361
62438
62737
9908
18185
4454
21812
38933
48735
8809
40336
5123
5739
7921
7118
42467
51743
64089
61698
45063
18182
22251
26578
57650
22054
22255
45964
18697
50498
57243
49735
6836
19995
30226
35685
22482
22060
62439
52504
36211
24365
24547
21605
7275
11197
58826
29406
7352
39138
49385
11465
38008
18466
8187
58255
13020
61593
23962
3073
60389
48831
45662
39377
33819
43789
17339
45093
14801
27356
42595
47603
20465
52398
59870
17985
3373
62851
14302
4741
14558
26975
6686
2258
11798
53247
62500
32126
45235
55166
61053
34293
55161
4064
14318
29235
6845
10906
39305
61755
37661
64999
64049
14898
47534
7637
10881
53239
52226
3815
14290
20185
53995
65225
16290
39688
33925
2496
35253
49713
32070
45350
18448
3075
20359
19877
61314
4340
13363
12391
63244
64961
56568
47332
46477
39430
61699
3725
15459
52694
6193
65037
7934
45233
10351
3370
18844
15658
31414
58835
22477
4644
20938
16086
58212
1793
2383
46809
41995
63750
33821
41713
17739
50549
43116
48836
41162
34172
9002
50604
51460
54093
15486
16026
33353
61704
2062
61632
35839
64189
65105
24727
11086
32335
36831
22872
56542
4527
16009
10770
58842
3335
21311
45728
5773
30748
37514
56206
40886
8918
1838
14419
19226
1886
25096
52866
49669
38816
49226
26882
40624
33541
7552
48366
15258
31632
5353
30263
35309
63895
54262
61517
25635
62341
27322
24557
22930
52057
12145
19667
6790
24457
63000
8217
9599
27208
54373
5340
19672
21
1515
7718
49902
39433
2367
44641
40035
62656
59576
49133
12051
29552
13770
36295
6611
32118
40214
9405
8593
29482
7584
19980
39262
44315
4320
10782
48365
46000
42012
63812
19679
38937
38015
39875
64584
41290
41981
43360
31074
61367
48494
9846
45094
14905
25245
7312
7305
235
22043
17670
29797
37654
55889
5994
38605
9729
64374
24279
26978
45955
17223
42955
20141
6743
20401
49366
34473
22616
45137
28925
29401
18943
24315
1107
63411
12803
15225
35643
29013
49915
53715
60630
8213
51535
5484
63742
1711
510
6271
42345
13742
16929
10765
64518
58384
18531
49908
55277
23818
12510
45730
30372
34325
21823
11380
61398
56534
39715
15462
51341
54657
51519
43321
51732
63366
47004
1673
62955
50582
60446
21268
41200
10772
10301
27241
13927
4489
62141
1258
44318
61901
46332
6721
59091
58012
55991
25106
16343
63197
48745
61088
24183
50136
36425
4067
34714
30978
4777
38110
44039
14530
8753
26626
37970
2441
12711
31276
42773
44551
9250
38368
62084
26859
51772
7490
30867
37255
19552
65281
15556
25745
58738
26513
59514
53967
44304
4456
46207
8305
32649
17182
1669
59495
13562
3180
58548
27739
64097
27478
54770
12479
37226
46696
57585
36706
16224
28409
53608
10537
33751
28051
39004
36927
49468
30647
4658
30961
60106
59506
17447
24106
21351
34053
21746
47436
47509
57891
3767
2930
1917
29347
13740
18317
46451
32342
30244
6423
4809
11960
48875
45847
33768
16843
11848
3813
41158
27427
18348
38566
1800
24096
40925
11664
39496
29623
24167
10313
39103
59428
63253
48855
1137
49266
30650
18311
31465
23934
36911
51451
39907
36939
10928
45196
41386
3586
59638
29859
7809
64190
24885
13490
50820
11988
38373
31180
60
55648
61307
6874
55900
32084
55782
54470
38257
13236
5150
11712
19388
52017
55527
4564
12903
58966
54912
10588
1898
34558
53570
38468
50348
42197
37539
30241
21475
13497
51593
22877
12763
37977
51170
6276
26633
51585
54385
63144
56043
22757
59861
55193
51450
52745
30972
16521
32380
25584
22996
1908
11161
18126
38119
3189
5141
28697
34624
38422
62701
65099
44163
18459
30188
12002
21446
45826
2885
20677
11922
21737
61877
31920
34194
51563
47385
935
19441
34656
3056
40634
3792
17484
28060
62321
53551
59425
59093
14799
43157
37184
23067
32255
13561
10875
51924
43638
5169
53497
59893
30399
27617
16052
14609
14964
57612
64944
36202
36120
13880
64780
2852
60629
53762
32103
44649
60945
28243
14796
53390
59574
47437
37194
55550
4610
25822
60472
34828
58536
28696
11865
31798
59194
15815
21745
37842
17576
48038
26205
27408
25968
45584
6857
61027
6663
14662
62091
26641
27480
48442
16767
53621
1905
39936
49966
34051
577
58740
45009
42743
8120
54319
45253
53402
58665
58806
31010
15041
61231
51027
7616
33651
56857
9514
40398
64572
16851
61371
27722
65377
59733
23954
21490
35242
6723
2594
19869
13260
14059
9978
23320
58425
37482
12116
19947
36128
50632
27508
58974
16407
59228
48338
48534
42215
33500
10541
64238
53137
371
22397
65316
47856
10619
54178
46640
3497
15814
2737
60485
57173
41919
56555
61232
20945
36219
59834
62877
51671
45951
20318
35923
40367
57289
39641
55415
55365
45899
3470
3868
47558
4486
4248
12888
51675
51249
58217
13642
30516
25228
35749
60500
52605
50427
14408
65456
18423
51787
23691
23093
43392
19094
27462
58964
35260
58422
43592
56883
44459
41774
5824
39795
56700
41484
22917
34302
43393
1948
36702
36611
49071
46098
899
16352
48453
10379
34464
44538
10362
51780
34472
46445
65389
49068
8087
35236
35238
11851
1193
345
52184
42302
61328
30850
55034
39480
54968
47078
3710
49299
4677
26129
61554
39950
51647
58319
46595
42004
47390
26300
24471
36610
17429
56250
62432
24563
33208
59585
28106
9845
38657
59979
58483
48224
24477
53131
7382
8471
16937
9837
39235
45311
65431
36082
29825
46778
28537
45637
5179
50765
26826
39900
12278
16944
45160
60942
14348
60198
53145
27718
55673
20375
48336
30968
57974
38838
46358
13908
14080
46585
30810
54250
59440
26291
18218
20807
45328
52466
60467
41757
1858
34598
22161
57159
50519
25716
47324
54302
33369
62425
53446
13231
19280
12694
9767
5161
23140
562
47011
58659
49609
61967
13685
3986
46377
6884
13121
36002
20072
61220
25836
41109
23088
14539
11886
998
9783
42845
41117
30172
56180
53989
32633
26692
52376
62435
9376
60969
14073
6462
14771
19722
17105
39168
305
58828
16745
32426
53503
58874
58341
60322
3622
14249
24196
12674
47889
7911
11176
31745
59629
15107
33779
16599
55462
2816
60234
13684
46880
8795
27042
62034
11873
57718
11589
3230
58903
25173
47395
24057
41659
35743
39345
59539
21107
7221
46721
17216
27729
32131
57950
62840
17855
26204
53087
57472
31744
32592
65344
10522
63334
1186
17299
4221
46476
64912
8073
7764
15195
50568
4709
36374
5914
44698
16903
21451
55495
36149
13571
26195
48144
33123
30825
65212
17214
7003
61781
29798
19654
17126
4718
64194
24090
2245
22099
15192
46242
43045
64259
31758
49213
12300
51018
18606
31836
16997
36663
26823
45184
1808
17710
7024
35603
35148
8412
52330
22108
49301
42840
45726
25962
58706
4843
53868
5744
59188
55054
14165
11144
60298
1476
44672
62460
50930
3987
61506
39182
54479
57409
11038
49996
14780
39118
16321
48263
37242
6893
40449
15198
15228
61667
53450
23423
52741
32609
3561
62475
16829
43490
55434
24500
61180
4749
23039
1888
28864
49483
22215
27457
26161
15702
13398
63328
55635
55643
55995
35605
59997
47737
18259
30192
3634
2830
47776
13271
61616
53187
60375
13172
16127
7299
17943
2653
50402
55863
54801
36086
43944
58451
44231
4553
27713
6539
44914
9722
36256
58640
36752
10716
60320
7660
53482
12264
29333
25436
50911
55833
61468
2049
49831
7142
36988
20559
30665
29336
1993
851
50719
62790
6248
35113
24412
62796
63428
5227
11862
35870
53167
24025
49114
55452
45191
50793
37765
17138
44568
48344
57811
52611
53009
33426
42635
19692
45892
45658
8247
3445
59711
38223
36592
59349
31667
22307
47714
32525
27634
58277
54951
52147
48114
11166
12600
17493
1486
47537
19537
26977
38551
47491
48746
35625
37986
56392
17359
49009
33424
15641
60926
24585
11028
58060
30988
38482
5108
33636
2370
17996
24988
44798
43089
35377
23504
53050
61257
50789
52682
4092
29471
5391
26569
56524
52881
21190
31504
53844
2132
62563
14420
57896
20406
32069
8788
51138
36481
30864
27913
32204
40057
21419
616
55605
29288
49014
25884
25887
44720
27906
46367
32163
23673
64038
163
21538
55896
20583
16895
39570
46599
195
47956
19358
743
60828
40177
48909
64093
26990
51085
46299
11787
38837
127
19810
29373
62753
15870
48515
5882
52416
48467
54426
36887
13175
50090
23967
37991
25838
16093
43515
54772
65356
45573
39965
36314
15864
36122
26813
31797
15707
61493
48351
43462
62853
32297
50786
34720
46468
14027
41498
18128
4949
12109
45498
21638
61847
5083
64548
61719
43124
60799
891
22085
33635
58484
4501
57166
25674
20252
55169
39787
5935
49759
35744
21076
25615
32406
29515
52897
45126
49652
34958
55823
27974
63496
25172
24559
13045
19593
11401
41034
17967
42630
27313
4538
62762
19214
23998
65509
49613
23726
25614
30562
26473
6311
62562
39782
29809
39857
1542
60664
17780
53593
40926
47758
39573
46969
26032
29737
19815
24295
34764
56251
65435
33053
13933
11588
61933
36041
2756
45734
33970
17311
19729
51059
55975
7198
7983
59344
56353
27043
54715
20026
20698
45685
37333
46800
20470
33828
22573
43148
14606
63373
7972
5300
17278
44730
13342
15929
46594
63678
17257
58654
41505
48899
32299
18540
1036
1958
33195
50291
64245
34675
6317
23534
37696
29762
2807
11926
34759
49508
51505
53144
45431
56793
48728
45455
9259
2565
64987
34343
37865
38610
44823
9937
62810
24572
64132
10365
64033
43591
32978
31425
47219
47445
30845
62434
19958
62295
36458
16328
51409
11711
8646
39981
46864
27654
30588
60550
31936
43424
43885
9143
23440
3666
8802
48724
31666
44278
54276
61944
16134
62874
48399
32972
10096
53520
6432
54036
18835
18864
22413
27651
49153
50742
10098
3396
7447
64511
46262
3395
10748
49045
58119
44014
51309
42807
22974
27662
4516
15970
39485
1634
36210
14978
28955
59869
39971
51707
58285
8347
11569
1861
8767
47825
34754
61006
54245
35531
2394
60504
48390
4967
15093
3221
33742
6456
20195
54548
36289
38950
7425
20966
19100
3393
45664
54660
32985
48719
9598
33625
34236
63344
33064
49207
44566
17883
5638
59345
17291
23840
14593
20020
48206
6081
11566
32009
41965
28965
8136
6145
16646
4141
37687
47524
21348
39360
50076
45323
1094
18714
14843
28588
1470
56993
50795
60444
63650
29558
51876
40117
5134
45274
16213
36424
14930
36273
30227
57882
13331
15008
10138
18056
34391
31133
32375
58614
40310
34158
46751
61925
55879
26499
55826
61459
9819
18136
11929
53541
37451
46231
40679
37243
44131
38280
34097
26707
51493
8611
31013
44718
19050
61531
64835
1865
26805
26716
48313
8467
4354
30704
26808
5004
49700
15361
65238
31517
9778
42429
11530
46854
24552
21111
20257
20121
31581
42627
20015
63798
8191
40384
33282
38944
19419
52927
2050
22827
61137
58735
20262
3764
26522
42636
33731
957
44076
45092
49571
52989
4736
64750
40174
23637
13403
13397
10037
12430
34321
49580
3432
37496
45525
15363
63260
28882
27635
44321
30247
6150
28722
36587
63186
54769
51155
23315
29489
6386
34137
26812
65483
29497
20347
18042
42618
49210
47315
18090
4154
26803
6891
33395
47107
48995
51496
18858
8088
65523
13066
62896
9031
34679
24120
55248
3673
61058
50176
34672
61272
6389
46692
11083
36457
7689
18859
62369
44155
3456
3794
28290
52486
4930
32890
3377
33733
50429
2886
64371
49505
42753
54150
64210
5741
38565
12806
26374
4383
15489
39348
2153
44461
55742
44067
50026
6605
64669
6640
64204
11635
33858
1923
14211
48309
7476
41676
65052
10862
57265
8292
17366
8119
19025
63721
34841
44157
1411
29928
44328
7638
23373
6112
22596
59991
50974
29490
15374
65136
3150
60190
53192
40128
62298
42370
13086
4151
8459
253
21886
61136
5025
10853
25685
61950
20869
6624
41388
41379
38617
58430
6480
63193
40279
30922
61742
54516
47444
2881
6646
6484
18770
20890
64614
6285
62499
37667
36208
49583
45806
6924
3543
12130
51889
24903
51224
65345
3216
50440
29960
10695
48382
28626
63707
31895
59822
24679
64270
15534
6352
57657
15362
63305
2675
26215
39938
47511
46857
27688
4662
39362
7669
51154
31624
8582
17807
25117
57851
6949
12535
35331
31525
51150
8636
41369
589
33466
13058
37082
1035
20791
58103
46362
3071
48335
9078
35332
30179
31854
41198
39562
2184
33456
29314
14074
3746
56818
7384
33710
14458
59937
26671
4333
25135
7869
14762
37061
33464
49467
5059
1151
39941
17662
42040
22624
22632
43603
5867
15401
58044
39172
30706
48120
40617
41879
41272
59388
35426
41817
12110
33709
59339
2005
24318
53287
20624
7429
19910
18976
53922
27802
52146
40186
30052
47845
60427
47389
21008
16588
49236
39919
45842
24586
50260
4807
15672
51002
25632
40055
46861
60461
24271
56715
58566
12746
13945
55485
24311
7857
49491
56856
19369
28826
48808
39112
16852
21617
6442
887
9370
24845
36004
50638
23419
15700
59382
37461
14100
4608
47680
51945
38133
12686
15843
43205
51358
25393
27723
9962
57855
39176
40531
35731
38843
12996
52115
58617
6744
49814
22754
12197
38051
23337
31712
58110
26781
32661
25250
16534
64006
44617
7604
61020
54076
42156
26720
37776
3752
24115
42953
18308
57611
15852
36896
6287
10511
13047
31899
30801
11257
28325
45767
2925
39845
48802
794
26046
31840
31841
39605
25256
16409
4618
1715
28816
38660
46706
60452
9201
38293
54909
16836
7816
576
12017
3797
43582
4293
16378
6668
50203
3327
58356
37478
59081
3411
22713
20814
30180
39916
12023
59124
17475
5174
41548
6671
13054
57719
3436
19625
21768
26733
53645
57852
12256
26066
26860
40532
10446
31314
39106
8164
53832
34722
25966
53870
12030
1724
47427
3739
26916
43721
48581
61427
28775
32933
42646
34827
2411
48341
53928
47660
29655
62473
22354
35586
26301
28812
38915
17658
49770
42002
7074
60041
2796
22361
12381
60671
26660
30190
47092
22006
50893
23030
25124
27385
40392
32696
56482
50627
51997
14886
58159
46663
55039
31145
48004
24203
36123
21382
57343
12298
50477
18796
26914
63221
29162
14881
45752
41202
21183
340
29421
23103
61205
62617
38114
29281
45155
29039
39567
83
18441
35475
57120
59144
34197
58968
24133
48872
54480
27644
7851
38417
60181
18793
32643
2493
14860
34122
16117
4341
46149
38111
65138
2997
54206
11549
22571
42022
55399
16402
5140
53518
11633
65218
16594
14422
34058
26346
40379
38479
60409
31818
8025
30246
16753
53404
5138
18069
51984
33752
24924
11126
32273
63407
22638
55244
1907
43898
21405
64949
44796
40264
56484
17798
15222
24843
43934
23186
15963
14269
31073
1037
25611
62220
12580
42958
56402
42944
31819
558
62153
56148
9961
28256
12118
38256
39737
3210
32171
29171
52752
43482
54768
15626
33233
60936
24920
4281
49833
41860
40623
14891
47885
28443
17781
20117
21915
37298
62005
26623
15407
47694
64778
53723
20921
55801
1205
12321
10649
9442
1140
31822
29666
51597
42256
42848
7076
14455
25890
39242
60410
58904
64405
20811
35134
38117
59639
37253
64101
37516
24825
53746
33245
46324
15941
31038
4594
41909
60987
9832
29033
9838
9959
40452
60159
17610
34019
63307
31821
5267
15404
54324
42055
46793
12579
14257
8993
2310
55804
14871
27498
49989
58541
18310
31814
65313
29976
53613
2642
60637
60156
24350
3083
3611
12270
26218
54026
51641
22222
33106
31809
51908
31897
27245
60667
63
24685
22532
28716
25338
29745
33004
52381
18985
63159
39373
32919
13837
22425
17350
38809
65465
791
5571
4204
53014
3771
42637
17871
46516
52098
13336
32576
4207
24558
31522
40389
20489
35824
50285
3167
23476
59434
57601
37671
36070
53784
60074
51773
47180
48487
40154
3847
46494
12053
13733
55031
4667
15887
3933
52918
59955
22353
5515
43337
12559
21960
41220
57653
55470
48118
23316
34808
9176
58091
43468
45105
28898
40266
61642
27175
11479
27056
796
57513
4663
46219
44576
25068
6237
45782
9230
34381
7601
13579
7708
53207
11502
4298
31148
58034
62049
57117
48664
11386
43232
63605
24550
65247
57713
5372
48356
32583
29731
57902
31337
57000
63261
46458
44587
15424
13308
26811
22777
46715
59787
15709
19225
53200
64473
32938
37213
32778
30350
18144
30139
6641
45878
13040
31474
406
63860
28328
64214
16358
3749
63192
3778
53727
19954
10350
48435
36667
21442
13210
22723
65277
51845
13202
19675
17383
11483
43225
37679
48483
52414
62837
11169
21283
45312
37551
33024
9807
60333
53034
46726
16153
34272
61008
657
15265
56058
3613
46771
64522
31520
32144
38183
48374
8115
2792
20850
52282
60619
24615
23572
25253
51861
62892
973
50774
12445
20006
4945
34694
47685
59348
56175
14823
45785
17059
63444
28606
59679
58994
5347
46730
41263
61141
22233
37443
46132
45675
54574
44867
1848
42357
34645
33939
62174
21253
102
9011
63437
54080
58085
43459
59783
44505
16553
63170
64468
48873
30712
45422
65518
10661
3112
17956
42625
17770
43609
65278
52104
28192
7013
18657
59480
16319
29829
11584
19097
56444
64099
57238
29059
48252
16788
17815
13986
43507
40272
30910
41857
13273
22126
21059
46666
35098
63401
59942
55551
54569
54015
54651
59386
58618
60458
28061
57382
33178
9381
4024
64103
48654
36708
64413
40635
59720
43179
47918
49960
41242
56824
1728
10829
29289
985
2149
2856
2829
59170
27426
56569
27405
47906
62940
18627
26938
44776
20112
48928
16693
32353
63913
15621
35089
4028
1306
24202
8791
64184
6759
43723
29365
32824
25658
52717
11011
1131
4770
8058
48641
62692
57398
4324
55587
57148
16146
10424
58395
18273
52048
61983
25854
8998
60725
4692
54099
38105
12018
21545
8798
21386
5453
28140
30352
62040
29152
7396
24886
44118
60765
5743
34540
44164
9628
25650
55862
11869
44876
42019
32815
20294
28007
14341
30699
59001
11999
43843
11049
33764
31458
8384
18137
6187
9610
48070
13048
5674
14531
10822
4575
24306
6998
58376
11299
20806
14457
32205
43458
4403
36327
15623
63421
27031
42421
9882
9432
56685
58104
11121
20628
30708
27147
39983
20724
23421
57972
28401
54119
26670
59557
18857
15217
18632
5600
4224
35718
62479
46553
3598
51857
46320
35723
11717
61897
46709
7520
6527
7530
62476
16601
19038
10637
51589
60879
60031
61475
60287
9601
53478
49963
18819
13833
63016
49420
1167
52677
8594
62712
15547
54614
27725
17656
12591
9496
39260
28477
54870
14415
55015
37497
31072
9954
32906
10634
56868
46460
36406
4231
52471
32590
48331
6757
6152
17051
58233
36203
46506
36117
2162
62930
15542
55917
12588
9299
60162
51771
39263
13321
5415
37493
26464
64424
29600
45394
6735
25017
23573
37984
25010
55887
49586
49593
43989
15381
41302
49934
11285
25265
39893
60437
4877
7958
39594
62573
38703
32658
30060
18061
13657
570
8250
46166
59700
27750
52620
6132
37442
7953
4979
63455
38163
20209
34689
18059
59255
15375
56196
1078
45570
24544
7532
64885
50599
37938
45139
43678
62553
41058
8142
53198
35571
57437
51239
62124
39783
54973
19102
99
42233
48830
7535
64410
29514
62788
28690
33237
44204
54158
6136
26027
55435
11091
63294
7049
6158
48823
47171
63319
48711
6242
29673
34201
33299
12565
19822
28971
47283
52618
63287
60069
2159
57177
41415
43184
3146
20215
52574
62302
40205
40751
58729
50304
64634
29169
62264
44793
6453
613
1311
17782
28013
35638
51101
29285
30329
30281
40651
25853
14347
26462
1308
54559
27041
41252
7059
43524
8869
14596
6577
1543
7250
11345
50061
9151
14852
5582
8295
31635
26784
64345
22456
38821
49225
12252
49273
64409
42920
27269
2299
37404
922
31
33251
20843
29166
478
6159
51220
54611
27838
5270
29150
62144
60321
44600
58363
23457
46419
11181
37697
17792
48186
28597
33720
40682
27758
31888
48110
20651
14298
54745
33275
16455
17258
841
7842
6170
10568
46116
63349
22856
59224
33310
33454
54307
41066
54830
13084
62561
54094
40133
56617
29884
19199
354
42838
23596
61842
50355
9945
50014
50656
49050
21327
35110
3761
1674
28262
65504
18054
11438
36515
46221
47745
28763
49479
53202
58333
7843
17248
11888
57942
42543
23984
4911
18049
23737
34068
30063
59956
32694
16697
41056
20656
65512
42245
48168
2579
42532
5588
27249
8083
57884
7720
20088
60652
1977
10072
45643
61097
56985
48991
53281
25503
18428
14630
26851
32290
46561
51538
15102
33895
32830
12847
59972
38129
46652
4222
42876
7390
13638
20798
36889
34585
46190
26908
29396
31069
629
58111
8004
16205
11744
41112
58361
42111
13633
1104
61430
19608
28150
6603
4589
54756
64195
10292
694
27841
57759
10844
14310
60068
29053
14631
23137
48140
59683
36105
3891
20068
50897
4186
2992
38413
58810
11624
5077
59353
34105
20090
29480
34879
62763
29529
47371
31985
7511
39122
8293
5758
27853
26200
37656
35863
10888
61435
3890
4835
41799
31016
39662
44736
39099
64157
28751
59830
53823
447
60503
50357
7372
23687
6372
54610
45946
53996
59899
43100
41930
57219
59167
23635
25224
14175
58622
460
58473
17172
5798
57428
3776
57260
55072
57499
60579
58417
50095
24200
20792
56892
17009
64450
25665
5159
14938
18408
19610
40091
44840
58426
29874
48201
33508
55682
56506
45388
18715
42241
52773
22916
28523
27466
61279
15045
23036
45172
25859
57228
17566
50218
42217
59199
47472
60544
27402
12115
49976
30815
60462
37501
35588
18903
18039
44326
24588
14666
43230
55384
24187
35124
39979
12679
28447
10124
62766
39964
32086
39330
19745
62361
54869
14790
35608
20584
58550
14198
22243
52718
27213
24641
12635
3989
23792
47740
7241
60241
13758
5316
51439
28252
64918
26719
56246
26941
2140
26433
8963
41687
55727
40717
17997
41586
18359
11245
41699
30456
1251
33634
6770
46762
23645
56502
22260
23203
17790
62212
57724
17130
60487
47920
46244
32784
47968
46908
53138
18495
21694
32624
57486
37619
39648
64799
38889
64665
28740
27904
955
34886
57338
36339
31259
13405
58170
32279
557
8474
38264
56036
39937
16164
8908
34243
14098
19941
37056
51153
54708
4393
45714
34602
43713
12020
28875
37508
64475
16175
8790
18295
60890
52606
14636
9786
54084
18045
13400
44832
6398
39980
44837
47871
47339
227
61924
3429
22635
65487
36
19080
40620
22611
10043
45371
22545
23176
28721
37507
63497
5841
54872
21741
16763
46144
48099
3155
32210
44353
11681
34054
61513
1856
34004
61561
38202
62778
27907
20325
19375
27916
20261
15616
48304
58462
61277
32638
60092
65437
7320
15820
8374
30284
8771
10192
8773
30902
53119
53334
34592
56403
19904
27450
3998
61702
37559
17477
22570
57196
3244
465
346
15940
58876
46020
56071
37805
32206
58961
10439
30465
17001
60352
47393
15172
1046
22278
12935
56411
52450
47730
13142
62453
57197
44846
12726
6653
8131
16571
10040
29881
45361
10044
12942
35478
13552
60512
31859
49075
47447
58711
60601
8039
35252
35935
2833
25219
45598
19948
41773
59839
37454
61068
15234
55732
56811
29649
993
11643
22995
36411
37858
42615
8296
57267
23928
56796
13602
51166
36803
8517
18264
12123
16602
46587
45389
16410
34346
30250
1214
54308
64011
1200
25688
18805
46115
59634
59735
13892
59200
65383
35428
32323
47865
15183
22055
19739
17173
26429
39804
58809
58166
47700
5400
15958
6521
38288
3628
40630
12189
44951
26449
10383
5557
30965
36877
44413
4841
12261
33318
60982
24189
37091
2606
15559
8543
20338
55195
12769
63302
32030
54833
2660
49522
56905
39632
4169
25806
36147
11353
7262
64601
4217
39132
65035
247
51472
3069
63883
39968
1190
17760
49681
57272
55754
14277
50554
52206
18027
47523
39491
2125
2870
35083
42375
49283
52905
20635
8102
51144
44186
43870
55168
65185
43149
55609
15578
54537
2865
44359
46243
49292
28852
47601
48202
20569
31214
7497
24441
63864
52560
51616
20898
17948
38539
3750
23396
43198
17644
6531
35274
40050
63326
48718
33062
31237
36440
15123
13078
54700
48429
62846
28844
22506
57052
42102
34234
49339
10215
36551
20404
35157
32786
3371
18379
13117
51485
38152
63879
38122
5297
17507
4162
57812
62296
25145
48710
62270
65141
5080
26982
64317
51486
45449
61140
31120
10065
34610
3944
44421
58589
17817
523
9229
32616
5303
14976
8235
56317
11242
62132
9645
10908
30433
18991
51916
27118
61754
44794
47489
2058
47682
37537
58761
21839
32457
64227
23911
46293
6000
10066
37079
36763
37945
17766
38121
63314
33059
17202
20211
63699
10344
27403
34877
17796
15861
47824
3125
7031
60381
17106
42330
35536
23517
29238
11976
13611
63667
24052
21804
49035
54534
29511
48898
46521
3130
26470
3054
46752
36771
44052
42195
51483
36777
52257
23416
14095
50523
63898
2130
23493
30135
2791
47278
34784
52909
52287
5579
22061
44593
5309
33608
52420
45270
18980
16759
19972
10179
50801
61048
22738
59251
31641
54862
21828
63615
40742
47210
20210
20863
43137
26661
25465
58318
37700
34419
43602
7970
25454
51189
17672
26221
33117
18687
33220
17650
18022
49284
56302
54137
4494
53162
6727
36979
23887
34507
42382
48541
23388
43055
7017
22683
7690
59993
21706
28074
18717
55080
38310
8022
22407
27650
45198
42311
33928
31746
27
63793
54806
64880
18051
4863
48028
24023
31884
44833
29494
11243
58831
27788
16103
52527
30147
10455
53479
53601
11828
21430
44311
42913
36787
9393
1548
64221
21287
54963
40400
19914
617
24053
20070
24904
1014
8345
54113
26173
37337
41277
16129
27649
63656
14214
53230
51809
9443
7240
35822
54325
5601
13836
12567
3059
37051
9636
16284
19671
8939
16810
18808
24518
60180
63262
47486
10544
58590
18079
42200
15783
62469
58917
14983
61581
3614
59376
39221
39510
4282
22123
30518
48924
65104
44032
23748
16823
23209
52638
61456
62365
4014
3228
45553
62055
26293
63547
7691
48997
37233
28945
64932
64839
29687
63900
15197
1469
58949
15744
45843
31747
28893
32768
20064
466
37625
36038
8609
2353
41399
21553
26296
22125
7582
540
20615
31838
33587
15189
40806
11684
63340
5996
62657
33783
40667
14405
38547
38653
48631
22581
4360
35393
101
19957
37485
11085
8276
47206
4974
20204
32394
49158
21084
47835
58056
53809
32887
35403
33941
35469
47648
55372
16503
56730
10954
37197
63441
21799
22395
47487
56475
43888
18474
537
1539
4653
63022
57859
47166
37200
42205
28254
6580
47262
14598
58756
24109
47540
3576
32521
24844
17403
40524
64380
48394
21855
15358
6253
49305
49572
49024
10067
26311
50538
65204
65493
41131
1604
13827
10551
14913
17285
40306
63219
9388
20481
15184
19220
785
64953
39218
5014
36585
18996
59486
52520
33664
14937
23979
2455
24013
63938
18484
20216
22678
22772
13826
37673
56360
57172
8020
17153
26866
962
12633
19007
34834
56357
3483
1580
46444
31621
6549
49463
58042
6185
802
42594
29773
65142
55937
27489
10396
40129
22231
642
48350
36864
53139
38178
59433
64748
56271
1884
18060
49711
9785
2057
21757
44838
24549
12234
60476
44743
25515
50662
10077
3668
52298
6433
25505
28148
53573
42402
40065
60178
3493
23532
62508
8094
7123
52831
21090
44754
36220
43767
52516
60243
6638
39939
31327
46860
15124
18224
10804
27477
28583
23666
25325
6277
45804
28370
4214
60368
48176
53280
36361
26793
39952
52666
2402
39232
51554
31042
12241
5528
32562
61584
36691
20307
41482
40553
10017
33576
10300
55356
1964
18462
37209
34774
17811
28549
53125
55690
46676
10246
39065
44700
51769
52481
29560
51240
22517
23371
44380
30544
24254
26371
39477
60558
2146
21332
8682
50797
34295
51887
37803
32192
46105
49054
44280
30476
25197
34477
43650
22584
36622
19550
19040
52633
32728
23429
48517
58421
45871
11540
37857
65097
61597
46525
19544
57440
8103
64663
45701
37614
7650
37684
63564
36995
11109
1299
34470
37592
60253
28999
3619
40850
37666
1314
20349
22221
38252
46848
13847
43031
55604
42601
25938
22801
63600
4963
35755
14086
62847
9412
61404
52912
41917
3481
53035
55820
48342
23976
29787
65233
20212
54867
51789
18165
6644
20468
265
37980
65154
64662
36304
30003
29685
11655
8041
29005
9811
49611
1024
524
37768
53690
13831
22983
29363
35991
60590
41524
48956
6309
36748
41082
17801
4886
58428
36951
43075
28295
10562
276
34668
39588
20548
34681
23651
31031
30407
49188
58416
56262
3689
61129
55993
63567
25527
50128
40732
36900
14065
35612
52834
65374
3440
64313
38936
55593
54831
60918
5440
50610
49662
55130
57135
8639
61900
48966
57081
35099
54265
57846
60202
64975
54820
52727
59333
5497
47988
47388
57124
27390
41744
18286
27817
58999
34070
12582
49019
27172
40287
37424
39960
47370
10384
7545
35914
6098
28305
27585
40436
58703
59764
38460
59126
50132
47986
38560
30026
29669
5107
19619
31275
40715
52908
60449
51164
385
11442
3770
17661
55612
48792
37434
47434
46201
63568
29181
13587
6099
54502
59727
30463
28529
55391
10677
59763
32949
48137
13835
62720
34002
45907
49721
4210
42026
23095
65472
51161
59949
1916
39982
63562
48293
30639
42665
63178
6031
34348
34898
9629
59768
54560
14346
26532
15877
52556
27149
9029
41074
26445
49734
23667
34255
60201
60531
59951
48478
45039
26779
34747
18149
34071
25910
57280
62785
64831
544
52553
45377
60451
18200
5086
37519
65229
4912
37119
35670
50900
53682
55642
56942
38692
37784
46403
56990
44965
25923
9197
1935
53966
8243
59391
4673
53560
53517
41721
7391
48245
10128
63818
1208
4083
33689
32793
17654
59387
17686
30964
12048
57084
62618
13581
59343
9362
53654
64407
1989
26294
32169
35918
30255
13391
56381
44140
56113
56550
24297
56294
53430
56507
26858
33202
9806
51275
586
59940
50623
39930
47016
30539
35102
50192
25905
57179
47695
59948
52800
18800
60530
27406
28514
26071
5278
60325
18825
34742
48715
49912
53643
46705
14085
59939
13909
25416
18370
25456
10947
56167
31151
715
48973
30534
49194
59907
24939
61176
33476
35073
54792
58008
49865
26639
13669
45828
55560
43631
54785
32271
16996
28421
1286
716
37918
25348
22979
22343
1878
44087
8808
55331
56532
36283
39102
34141
34781
55460
59482
50320
20044
39707
44682
10005
61152
39436
1544
1169
5037
33831
5346
27388
32439
8000
42733
20334
23996
15474
4821
12725
59754
57985
11443
29252
18192
24619
31539
33837
26690
60344
31526
4336
6971
15969
12050
11484
25759
24696
1390
26951
57458
31445
14499
44068
63912
36052
2540
40550
61505
5937
47477
21906
57664
56591
10601
3247
20346
423
59521
33290
43827
63693
37771
46037
63851
23049
48379
64421
14403
43012
55412
9857
32153
26698
6133
56836
55496
23153
16011
51527
62318
34510
35080
63396
22444
38063
51657
63582
55752
1739
34497
410
9379
40096
24505
2042
32256
27875
9088
979
5568
45841
60072
25057
56953
32582
43736
10944
30927
19635
234
16945
34269
43439
10001
31586
9241
60835
32082
6511
11634
16530
26304
58209
51446
29660
27667
11807
27732
26118
34936
10798
33065
9060
15899
41583
18193
30982
23407
55300
36356
20919
19044
17532
37425
25092
51462
21674
25546
6654
19912
55261
13576
14494
13475
23175
56642
62062
8806
31290
58444
18247
36349
53644
21133
30043
59952
32247
55047
13879
15318
15535
26867
11077
31879
59520
54735
33884
37306
10752
57046
3727
39441
54850
5388
1051
43856
12897
9780
50803
27947
21112
22173
63726
56042
11473
56956
33738
62717
23189
10773
40476
4977
33739
31420
34567
44695
65152
35103
14433
16403
61211
20746
23588
10118
17843
36647
51025
29709
24788
32727
27037
3881
42187
41316
29699
55519
26542
5927
53240
52135
47380
54304
52512
25186
38157
6798
44900
3606
55505
32293
51602
43662
28511
24207
51782
25909
58230
39725
15251
55541
20885
35845
31311
31223
52960
65460
58374
42975
12036
57092
57069
27659
55027
20874
43679
65279
33597
46738
40800
14009
36786
24621
13370
61281
57054
14922
61406
45947
36957
42199
52482
37494
31231
52424
60745
36604
31548
39557
23047
53448
13250
20789
11519
13784
11279
53444
52305
31501
36858
36618
39192
12829
14364
45817
50524
28127
47359
59758
28453
27206
45591
52777
13920
50783
31967
36141
43836
39270
58977
26807
56833
43231
49604
30058
47492
55020
31487
34903
47901
50245
5587
1622
54901
10974
52469
29659
26625
10006
26396
19988
1618
6532
17039
58246
21109
29122
26116
65335
34259
16772
11796
39309
29756
3117
14733
8658
12082
10463
12466
57055
45653
28214
16230
24756
45551
56827
18242
41186
33266
57372
14012
53692
21871
63682
14621
45173
36353
9316
44198
30991
5878
10992
55488
32699
18321
64555
50624
55225
21920
55191
8640
5429
63882
45922
40906
62634
63235
56556
33228
14560
3153
51502
24907
3693
5954
49276
8837
1422
36947
34901
56335
34779
24649
3154
25843
59058
42325
29533
10675
47544
63613
26581
34292
12882
28857
38495
59367
24789
26364
31493
54532
32179
10809
2012
50002
40182
31495
50792
43670
20167
46248
52669
38488
15259
65403
59725
12528
5211
13926
21017
48796
59745
28789
55106
17219
42799
17296
31434
24799
11891
30687
47783
63841
37663
43412
32964
16096
569
47609
50461
25084
56520
31325
2990
19355
41562
31054
30115
51068
26216
33375
20560
25139
14141
9097
59628
28396
3902
22090
46434
63959
6001
18033
44727
23405
54761
1573
25977
30809
18134
18811
62838
1577
30031
30079
50671
46613
25693
54645
25973
46617
41320
13297
31292
56142
8414
35423
19582
60480
15182
49802
40521
44624
21071
12108
21492
63813
56178
3226
27500
64825
5761
21842
25582
2763
56939
42547
49328
64583
35521
5607
16298
8210
18265
42298
38829
12436
34080
25242
24723
28205
49556
53395
21977
50342
57490
22788
48228
35606
53907
50159
44367
6854
47456
16995
61170
27062
25386
1591
54397
7875
41212
6323
39514
9326
53097
3972
4793
53323
57408
21440
20432
25156
2212
43643
51824
50056
2619
2552
3908
35895
4700
6300
51547
27032
23197
62375
65351
63640
15003
42135
30868
55921
25676
47895
41933
52403
37017
14832
33125
4120
64376
62663
8071
42744
2812
41680
30512
24561
3403
23540
23029
17940
26490
44839
62047
48578
9127
21664
36656
14266
14484
11640
46126
43150
14668
48155
63249
47729
34968
2951
18588
7370
62191
38727
41813
43494
61282
59153
23015
21719
24352
12265
47170
62750
30866
30015
50559
4117
64373
11081
57561
21435
40981
12505
2889
36075
31605
6966
50511
4134
60776
38954
56712
12645
47408
23968
36747
37766
2700
13797
3502
64422
3495
4600
41961
46168
27341
4286
34988
53897
10567
40663
43085
35473
60938
32724
32564
21319
55966
16295
16573
15054
24950
3450
1061
45512
58701
62472
64952
35554
30393
41110
30681
10398
29962
65271
50587
63336
37016
13803
20926
14130
37743
64278
51553
16627
13155
7268
38442
41580
11948
82
45138
58863
26703
31609
60275
21039
38709
44211
3018
46424
36750
25284
32270
40231
46330
3168
40918
784
40836
23048
47144
57770
48566
8283
62577
43199
5233
1726
43857
51290
46603
54136
25620
38224
17599
60940
2267
60681
49089
1576
63641
33922
18678
32641
38325
17538
25976
23867
46839
46782
49555
880
50404
40230
36478
6637
5
18
61717
52719
38693
8216
13756
17343
61837
38169
18467
40226
2608
62689
6370
56908
19112
59527
30283
29821
51438
9932
36810
19652
32929
51998
60875
49172
30677
63743
65017
53056
59522
50901
11747
43707
43452
32635
26905
12918
42263
58316
59523
36558
17806
8481
842
55145
46050
48597
46024
1101
40961
39589
52871
60965
36116
37686
37238
27417
58744
23881
27547
38711
52374
13079
11218
44166
34546
30531
49144
60126
42608
13013
40271
41945
4986
61888
17809
11074
11785
45883
30594
43485
240
63859
31608
19266
55358
55518
16637
64597
28194
61681
31817
43822
213
46202
37834
35788
59414
32654
11894
37835
45329
1519
19553
57498
40519
8649
51037
27545
50333
20176
2466
18686
48532
23521
19166
3877
5621
30249
62872
53165
33857
63524
40672
43140
60882
4638
46146
32019
40130
36037
38967
17473
35780
62198
58565
40869
43202
62614
8109
62498
16686
60696
30581
5973
9468
46200
5154
51345
50465
35085
20189
4153
46402
40314
51067
43866
23024
29665
62856
55310
64849
33887
19314
30184
13413
3360
64950
23524
15657
11706
8969
36093
20970
31001
51548
39233
51778
28491
43845
39148
14050
17337
65089
26657
31787
20858
23034
48025
11460
6806
51851
13934
2915
11269
63227
19384
25623
53042
56348
30642
8699
29284
35705
32612
1368
3336
65018
8688
25443
62842
59675
43265
65014
22030
46639
2195
57146
45823
1079
64
31344
52361
6683
35020
4857
40073
12507
12639
49672
3765
44962
40763
57565
8703
21314
14217
31358
49718
6685
21394
24459
41545
48775
45134
15790
32227
54564
45895
39444
29148
46528
48518
45074
1001
20504
22554
55181
46533
63005
10785
20774
45781
17737
31610
34973
42228
35706
63507
12328
24616
8287
1123
14446
10308
3042
57378
50470
61510
47587
51433
37841
50681
4116
50489
50821
19198
29132
12827
27125
28748
11361
26553
38118
60142
53767
29504
55512
29151
34224
4856
45912
45880
36472
20860
25049
36552
55304
4776
61825
10956
36730
775
16847
1988
53091
6533
50931
28349
57754
60826
50344
46357
11238
1714
60876
27059
63031
65234
27363
31686
16939
18928
60136
37770
49208
25312
61138
64426
58216
4147
52540
58443
61400
10210
12752
39532
10130
17006
11762
11554
40501
159
43029
63829
54418
54424
32653
33172
56082
3610
13082
3279
4707
56033
6387
25462
16330
43980
3562
36360
35016
63325
43708
19870
4150
49566
10184
50162
49552
53528
7640
19928
33976
776
51284
33864
10104
53672
42266
773
10787
65262
12254
44031
61973
28300
56600
60807
46280
22933
24449
1097
11997
56885
38959
46905
60453
37992
43994
29889
41723
49341
27342
21358
16574
13501
32183
63781
15053
17705
49492
24921
65511
21280
13761
3270
60130
51839
73
16731
25571
26662
25626
1954
11374
32885
3557
35874
11247
40558
64762
1985
27335
46305
66
44248
54684
42189
18587
53879
40979
53580
29016
59113
9841
29031
25861
62345
16318
59492
61288
65124
14693
5197
26724
4612
21359
13925
3631
1464
57366
60257
14194
63113
3252
55231
43990
57371
37955
31510
64087
33450
63788
20602
24603
50605
17080
36341
39067
54995
61091
22083
1608
65360
7257
49738
28927
50408
64521
34696
21478
21233
20488
28191
61457
14957
7127
29095
2395
8002
22259
55385
37692
21024
58930
23484
34650
45089
52404
60516
35940
20625
24722
24728
57605
30532
53396
46797
57496
42243
38718
17596
49079
40706
8851
52998
53875
37535
17042
56719
39155
35715
18199
11108
12399
18255
4087
12762
40047
53960
10727
8919
55851
55490
9548
2773
13479
32221
19676
55528
31211
24246
14485
63418
31249
51078
35607
29853
43696
62749
4008
19876
14741
56442
2508
30684
30887
11921
33777
62044
368
51806
53005
12571
21911
23752
6957
22741
15525
59687
19665
29847
42972
19227
6338
51820
5360
42490
36452
5905
37127
54587
60836
26875
13463
32080
1172
43388
56595
50187
21676
44721
55095
8951
59884
55428
38093
10502
62194
40559
24394
783
15972
33159
46865
14447
49679
41934
42299
6307
63018
60001
28285
4325
1697
48816
49388
18731
41432
12345
8445
23732
53305
39702
52182
36534
60856
52335
18954
53854
35350
65442
55176
5583
23814
27931
54118
22803
57515
60739
52518
8957
5752
38204
55583
63970
56932
27116
8815
14386
62795
2673
20039
32553
37428
17568
26162
10731
47734
38348
10007
48893
57763
62489
26425
13746
8568
37023
50890
8825
35555
23985
17557
58007
39933
57444
32920
14129
3943
30061
10139
20775
56420
7937
64612
24676
44212
18377
46337
49395
65046
29096
22966
47340
31128
33619
40931
35323
44992
7906
28260
16893
7088
14642
46099
24327
8170
19054
23827
53275
54287
44183
12315
46474
29207
122
64509
45500
45168
52265
23593
2563
57361
33132
26521
53277
13412
387
12317
48377
37545
42793
48720
9924
58633
20599
12921
17692
23639
13355
17795
31400
1788
61028
43771
17102
35655
45679
37402
40329
5512
15466
32408
6436
23406
64664
53352
30488
40088
43768
19866
44519
35992
54542
57448
31896
50881
19903
35246
2904
47462
51909
10052
32955
6232
33611
40505
34279
6216
15410
3263
16757
19588
28203
39651
57697
9415
18221
64383
46286
50972
23888
40600
40597
4319
56599
9357
49375
52650
23821
46206
54029
59875
49677
39883
5195
26212
9363
9572
35211
13935
64818
1971
4451
13461
17301
42223
50851
41160
29935
15521
24754
31675
55691
26202
16830
31399
28264
51334
22690
54446
52213
49502
10733
9325
11560
25699
36012
11768
42137
44267
42956
29438
54237
58594
29424
29638
23902
36381
48626
50006
5955
3677
50363
55396
458
21974
37125
14436
23019
35048
52827
26614
15408
42527
57709
48357
19710
44404
64309
6053
41041
31541
35637
51271
14885
11118
6330
16517
27173
39733
25870
18129
32763
7020
4552
32219
55183
16760
16565
10586
29503
3946
38210
35995
30020
52549
59236
58046
30442
60203
54834
29885
41920
59481
40549
36649
50915
14828
2847
24945
15976
36488
64319
34091
44981
36328
21615
60772
58133
759
147
56708
60008
15461
34693
39523
51090
61788
7667
20797
64616
56424
1236
12388
20562
8698
39603
53348
5549
61592
1534
27079
11766
35262
28510
22087
35255
903
23006
2632
33654
12851
27181
24040
46520
54541
16713
54229
7361
6404
3026
