8043
55908
52228
24831
7012
31920
5475
1122
54228
35489
6755
47392
34096
34311
42414
8811
12131
41219
37103
64203
4355
6045
10141
13135
57997
28541
21214
14805
3965
45499
19835
21134
57773
24927
20551
35373
22125
64708
26170
48737
42640
44469
52047
38848
30815
4585
32712
24727
4411
58954
22542
44896
31885
10302
26012
19292
64057
52840
59360
56406
56697
58338
48206
2062
60976
53352
3215
14245
49059
7472
19497
13924
11301
63717
55764
9707
2159
50679
34110
30725
64520
36522
48646
25986
9632
37978
20924
48591
15894
29132
14781
19689
54156
44130
39987
40152
16244
27855
10319
11234
7609
38598
42486
47285
25445
32043
17374
42336
15208
51062
55334
47934
12091
54788
38124
35424
45314
45627
19043
17090
10852
36700
6707
57568
56894
49364
34193
20236
47920
15163
49411
26731
57572
58077
14812
57787
40803
27238
59979
47691
3510
9028
2155
53507
58024
24901
45380
23630
46997
56126
9022
11701
14255
63539
62559
39174
50613
8166
32651
24900
17107
13770
21579
54675
27922
17466
33116
14083
30281
26815
26581
63798
42915
22609
12568
43480
47200
7212
62964
11356
44136
10795
6441
22979
55589
35438
56505
54048
33148
56784
27073
31707
20626
63216
5065
43181
11852
14400
52239
45773
27391
35336
34314
53135
33197
6089
19049
13117
31709
23406
22953
47463
35408
34957
31475
11756
31720
51631
27296
35488
9377
65156
21223
28200
35816
3624
52871
64772
46105
13211
13259
23228
16093
12836
61053
59027
47412
10349
19716
60990
47112
39127
50144
34665
57044
18084
6082
26156
48226
14005
23971
64053
3906
48501
11241
12564
37935
37483
47429
56480
11366
14362
16347
45228
44901
2991
34005
15897
35394
8758
5280
65322
62632
10770
33322
2390
5450
26200
25878
21070
53841
26120
46882
13005
62595
54008
16999
22141
13673
49469
37486
32520
48391
50837
14080
10309
61965
53981
28526
62892
44910
45744
29227
26175
16341
29164
40917
21910
24684
64331
3730
16876
14092
10043
2841
49949
4799
45365
22333
1824
64860
52793
35621
16497
6559
1317
1653
42594
5679
22946
28405
30437
9823
43684
39427
52924
61852
58277
22770
40246
15856
18558
5433
228
13960
59414
10810
39836
7284
55244
11420
17437
54237
13412
55427
30867
60365
48291
49832
48836
36519
23167
26829
45933
35535
63366
21371
1634
19695
62172
40784
1893
60127
1407
1829
5989
49765
41896
24373
60047
44620
13671
35891
4143
43287
60714
26903
42748
22025
34689
18600
11120
35026
17673
7440
23617
2854
63986
42510
62026
41023
52883
33187
28595
57955
41068
57453
4796
43692
8124
29155
38668
16867
53532
57836
51462
57160
30344
9880
23732
61553
5832
62978
38452
30277
7624
17882
56963
26312
12320
48988
6088
52912
39135
143
60144
58284
15915
16032
59750
65242
48492
14501
34853
24804
19211
55466
52668
5449
13149
48759
25544
37783
60151
49581
45464
24984
34191
35400
2399
35530
46712
30227
18231
7959
16615
42342
62749
21282
57927
60825
11269
37129
57674
29559
641
32990
16714
7515
18423
17026
18278
36706
15354
65295
322
30463
59160
63825
48476
2758
58433
56339
32272
11846
4369
22776
25467
23946
9476
29587
27255
50508
36212
5256
23284
63066
12596
21741
47358
59645
64653
17841
11133
57534
61462
39238
57645
41674
51807
43833
17230
32547
16455
20148
43968
25141
37749
23599
60003
13155
65475
12974
2957
30195
27363
58632
15893
31427
35452
22046
45741
20419
24618
54988
52529
41565
5419
5418
22623
38920
9567
34714
1854
42177
30565
9557
37614
24366
10085
2943
62971
38877
32952
14511
34871
49620
1654
40926
10022
63429
58085
20912
44141
17519
57717
27167
43168
54599
44156
24661
60852
40713
41040
37893
60436
42187
22876
29299
25193
49839
35957
7097
35126
293
24589
39422
61464
33884
3748
23945
60233
38825
60229
39589
51827
39197
54176
60426
34370
12611
9874
59282
34376
41384
56507
36545
30210
51587
30156
55082
23341
63523
45071
38464
52026
855
40010
44166
1489
38924
33409
30534
7989
50342
22352
45639
44453
24368
42832
7098
34730
60267
36517
15211
62940
43997
28123
51970
30320
38826
8474
1648
3547
32421
28954
9505
51352
12915
55734
53280
63160
2082
8277
41997
59090
58088
53503
8287
24851
24148
57409
54987
59926
47289
3944
40845
37226
23073
12315
25024
35147
33200
18803
61704
39118
17533
10080
23590
11746
58237
10525
31976
29416
41376
37744
43979
19028
60232
61471
60226
25050
41670
14927
2726
13313
40888
29652
9667
37005
24014
54826
24834
57555
36339
19616
54960
29894
16793
60057
1825
30384
51785
27976
40311
9599
52166
22505
24895
35000
30224
30238
30904
45495
3400
30398
47894
14283
3344
2243
10385
13854
23429
3384
23388
57642
63435
16763
14298
16225
26819
57455
55827
58905
41182
53234
33332
57224
45117
23063
46071
65321
31781
6531
35933
45762
11154
49989
57046
54978
23192
44677
60660
58016
2485
35436
5538
39218
48165
1216
34950
38897
48486
11626
19252
37533
43796
14746
26362
49901
56594
54318
31758
34281
44755
1230
58034
54303
16960
33058
32407
40585
15510
36725
22109
49065
64719
22111
31329
28585
49477
765
56680
9313
20313
18484
56074
61963
15515
44342
9032
31683
45009
60789
22536
43721
64256
47072
20364
11019
57184
30964
30970
46530
6732
23562
2295
2971
31395
61195
30329
7241
2808
58187
50196
41214
15572
30975
11012
43304
42055
35800
47515
12732
52579
56504
52259
19884
52835
13036
3972
48067
26098
11620
19263
9175
42660
19837
42287
23195
37020
3027
22794
2157
48350
10658
24779
55572
64182
34770
19978
55028
39145
34198
23088
29941
60460
43187
18082
7253
45160
29947
24637
26056
43313
11785
3578
19530
35238
23450
25770
29944
39688
16986
41131
33944
61754
45718
5241
16950
17896
7778
3575
15945
30998
26811
36093
37393
60637
64339
17207
55917
14412
38860
28081
16945
3987
7785
56631
49768
26890
1137
51125
32829
64819
55561
64744
44939
64830
34773
56607
40770
64371
55508
48838
1561
37011
18948
11936
31248
46019
21393
46367
23559
46787
45851
15583
45776
10457
60870
7777
47713
7105
64866
11795
34515
21445
21245
39225
54266
51119
29177
35333
9295
16407
29287
30967
63482
51324
46152
54625
1186
61759
3491
63487
21771
65495
753
58838
44942
38995
2223
60319
38081
8091
61677
25650
58018
37041
54068
51151
52973
50287
29330
21756
14814
56258
13201
48833
26638
15329
26619
47118
10178
31719
50154
628
28482
37892
21500
56717
9292
29113
43854
56682
9972
13773
63918
7076
29173
57565
21856
55975
42962
31829
45739
35481
20774
12619
11023
20770
1070
18819
52807
33880
1226
62527
54874
37526
19527
11538
61789
48192
1105
19278
3750
56232
9516
47972
28677
7185
61997
16357
12966
5717
27225
28592
49854
44976
52893
56606
19400
35895
22413
38545
62452
50951
49472
63047
58265
35917
24782
42631
41166
26449
14820
61512
27655
3529
46068
4053
49431
33363
30325
58264
43032
1425
11830
974
3829
9831
17691
16502
60873
56676
39976
37249
42320
59060
26940
65075
49243
53054
43080
64867
24579
327
5732
3109
57041
22482
26943
17548
20300
31516
51701
15232
30207
15754
32127
41163
2253
26593
26961
34963
3745
56687
54721
43415
360
52158
57772
62
59303
9204
3807
45112
716
63180
52159
16416
11631
51886
25886
26321
22018
34296
22029
27175
25902
35648
17817
14887
35389
38526
42627
36071
64174
52510
17692
27425
55108
31789
57357
5967
53979
5701
61923
16511
33251
28799
56195
4019
64798
56679
40765
59544
18505
8495
12288
52590
45429
62573
31684
64878
28936
28269
14134
42949
11623
3526
59017
44195
3523
51704
59013
1709
2980
58279
24580
31379
59557
20698
15242
15744
31743
727
51670
5244
2165
8843
4014
49435
22817
40262
16768
35477
22120
35447
20996
26402
60308
34935
65474
4056
47145
32064
57761
12215
26982
51146
10484
20455
705
37384
62891
14848
14407
33729
44948
41491
53473
44057
4007
42196
55479
62193
40430
61665
45732
57624
46617
3266
31732
64398
57620
10564
34900
40376
45099
40460
12037
65285
55886
2903
44866
1926
11843
57159
7782
36301
58240
32993
56076
53660
33086
1378
58250
56563
50504
19165
51522
28806
47861
60475
50344
65366
20213
23871
3564
6873
34300
60780
56859
11692
23456
60933
35532
58496
18670
20339
49257
61505
57424
55752
32180
57214
49383
43335
10142
36566
23103
64812
43331
48564
19704
34159
40480
9838
64164
64410
53733
32346
7800
60105
35586
34424
33435
27037
16446
12213
44026
20987
53634
33134
31944
61925
54278
19401
63952
12104
2535
2177
14785
56321
40605
35791
101
10646
23254
11473
6973
58990
40940
40677
48197
53566
15524
14959
28440
22935
29502
25399
52756
12038
6735
25136
27984
35899
39162
60206
44602
44890
3955
24155
43724
49750
52534
53844
53129
50650
24379
17550
55198
30293
7739
57232
23810
49133
28565
8529
63981
59092
33891
39903
1304
31083
10593
34415
25495
36154
26901
56688
56109
8966
10440
45308
30272
22948
10151
35909
23866
28320
24334
63352
57414
22277
53735
57971
27429
28629
275
52959
41900
58858
15540
8679
32869
38556
49455
55942
30769
737
53173
43052
36511
11632
17206
33806
21322
53763
46912
45157
65092
37298
36501
38674
60013
39448
4671
19882
43165
55090
47212
47523
5434
9546
52023
59712
28684
56566
33843
24048
41291
39328
19246
15861
20837
44665
53789
42123
35386
64374
28635
48820
33740
52965
24304
46826
56728
11128
1461
51228
39830
34122
58326
12076
2238
28435
1664
1400
24295
34888
36661
17677
49975
18701
27989
40581
46725
61341
26941
56317
59351
47923
18381
50116
2271
26739
47849
38575
56075
52217
45306
56811
22928
8549
15314
18101
20981
20284
12668
53851
16817
32349
62457
50778
16974
7643
64972
3924
29534
9181
61021
4580
6116
54401
45282
19541
18820
19534
13428
9712
21915
32567
6164
21101
35961
53147
14091
7091
4670
22719
1257
63655
12628
17512
46325
13827
63730
40532
47077
5769
7251
28249
56375
11869
2048
37078
30629
11458
65102
33309
34711
24337
56909
56819
39661
40174
43314
36259
12690
34418
17553
12098
45876
35028
51713
24912
3032
33811
46864
60491
58328
33821
44567
55767
5135
45875
19018
5658
11314
43794
17622
32012
3429
11131
27087
7128
33014
43368
42300
16131
5019
52743
40963
26121
40945
39892
5247
17904
5342
9758
43212
32570
11421
1890
44566
50857
47458
24956
60109
5138
62118
6035
48959
46541
22958
37603
52639
31878
18184
60350
1517
4920
41862
53585
33941
47654
34576
3439
11883
53282
33089
25731
11613
25780
42791
37190
2139
14685
32988
44786
53816
57230
22346
19268
35495
23799
61549
27123
22437
1030
47692
46665
10453
18947
59234
11349
28045
63222
52873
55293
36119
8349
53611
22951
38216
14790
51975
55424
19720
33245
30976
38919
36394
36932
28198
57119
19261
7992
53982
59172
4071
4826
29218
46401
9634
7383
58528
58334
59605
9283
47949
31235
10563
2023
31548
6710
12145
64439
56484
19463
47003
38070
7218
51345
32315
23021
9075
4290
52775
47109
13267
35235
38494
59771
16023
24487
53596
32333
20000
36562
25794
42888
46998
53267
17617
18517
35006
12374
23564
39383
28811
62778
4587
26792
28564
15159
6379
5058
20085
13697
6515
17530
31539
58047
28555
7581
23300
28610
46575
54343
21186
43259
63401
42394
40051
15617
11971
38911
21572
14528
47434
15389
55883
12044
14368
39131
54856
44655
23726
55686
28521
62677
34991
46660
41746
51606
15798
3182
59220
39158
28628
47390
64130
49563
53549
38574
24822
34610
57950
20451
40641
44858
25972
17226
46958
53949
37925
25895
28665
42574
57578
36897
46869
6473
44095
22169
13857
41684
52985
1427
6291
38812
51683
31232
34835
9173
54066
47428
36814
56785
55056
54907
36111
22529
17454
54796
36108
59761
31678
56855
54573
46103
10871
9255
21667
19015
15380
45932
64989
46077
59085
33180
51188
29034
32631
46106
58325
40610
10685
11105
4919
17979
30233
7920
19985
14926
63721
38197
60237
19937
15877
63105
56017
27326
27148
56463
50871
47821
42592
2781
38917
41266
56131
55124
61701
4984
59996
51253
47085
64985
9327
48417
22432
31457
14670
35245
65174
52641
61861
47581
30882
65490
64354
55147
17988
60635
8125
2435
25092
29798
56442
24998
44600
44544
34094
63184
8397
17325
34583
39125
4961
20497
58989
50706
24123
941
21818
24780
42561
41686
37426
56354
5845
31244
1156
538
44490
62745
46418
5205
41312
22289
57736
36907
55362
41671
17156
23623
2026
20031
23347
6935
46865
535
2613
58771
289
14549
62900
47031
38915
22461
65372
44575
41647
24570
30539
52401
33990
27268
21689
13548
43587
8314
9082
28858
40719
52075
61870
43708
18902
58778
7501
29630
41468
30029
38783
29724
44351
21195
32626
51945
2225
59704
9034
29314
4764
29099
56707
30268
59046
33678
42425
61238
10547
7386
19044
24385
48049
47397
61974
29614
11967
61043
35102
45073
13260
44710
17761
22321
44672
6241
48403
7458
52258
42585
9235
6516
2344
13595
33561
20796
58546
24011
16414
20295
59831
18510
52543
24006
38219
833
19618
34212
39159
28525
50106
53303
40071
8436
20673
11311
43567
44116
61399
8765
34335
54586
9330
40307
45088
54038
16478
23263
9551
56664
20877
33128
9598
28757
44403
33357
22932
32745
14277
63079
63022
38701
49215
14488
44221
28305
12720
42646
16757
42686
42711
32872
47325
33609
24054
4575
33605
38684
6404
9798
20755
30528
3637
27632
64533
878
22774
28400
24349
18508
34729
17551
7741
14948
27741
39148
57150
38117
11541
22070
8473
23706
52791
24813
5690
29599
13842
36372
16579
31796
13848
36595
47642
22775
11512
36291
47856
46608
61402
34931
30383
41803
26795
7125
20560
34379
22336
30294
3053
65177
4327
20784
34374
4152
52794
24009
50264
6165
27280
60874
61802
63762
48608
28632
41594
40433
15553
13578
29414
49514
3530
26529
16947
4888
20109
23879
1296
45846
9813
55005
30031
8414
19656
8471
16449
30021
36167
42120
16956
54841
37296
7645
56067
59399
14383
44098
6261
42563
16648
64811
30560
64353
52532
28520
14788
45090
29777
55571
25468
10638
9358
23541
25887
24057
28897
16765
35451
57639
23545
24053
34326
1801
24307
39747
18322
10708
1017
53155
6774
36350
36632
63886
59126
46891
43815
61024
59654
2626
61978
40737
42164
53650
31946
49557
36802
50877
7653
19638
56022
32321
47124
52583
61356
48937
26379
54300
51668
57233
4966
41305
51770
38025
16778
38298
11147
14736
21778
52580
30374
42330
19637
50647
27905
33444
57635
8968
36952
55565
25643
19155
31784
38232
19869
8178
51798
47643
37531
48362
26439
63692
15961
52576
24086
6011
56400
65084
27578
34227
38953
28443
28037
51261
45119
33793
7427
21501
38811
21435
6691
6153
28621
57882
45614
13132
36047
19149
39111
4253
63472
56685
35057
24494
64889
43229
9006
11337
54678
62567
58164
20367
147
53997
40102
39489
3810
23644
12517
64028
29058
1644
35059
55318
61578
49328
15438
20711
23633
29689
60964
28496
16091
61683
22856
47724
40378
45014
17192
22624
23198
65498
52822
46625
18044
56842
33067
7745
39469
24115
10511
2560
13483
4203
2417
41774
47052
11371
25840
30439
32577
6440
10353
23836
324
73
59722
20804
17204
43538
61423
15165
12865
44764
35898
15538
34738
58607
4170
22652
16400
52370
35411
24137
35626
52832
45787
53275
63794
65120
28246
17931
60463
18357
30331
51127
51326
54342
49227
14934
59859
45590
23075
27748
27318
20556
15691
52484
34417
25533
44547
57352
21155
43714
23447
47174
27658
39685
38774
61300
7873
61751
54269
6514
53358
49843
35708
56599
50147
38187
47794
132
25749
55259
63041
17772
60132
53301
58494
35918
24174
277
55428
21179
34821
55947
61803
3204
40681
49510
31280
23392
10249
37903
44474
22813
28186
14129
16364
52394
62630
877
26614
9050
4955
43975
21336
27925
33487
40451
52601
33233
64865
27108
58259
59575
41976
2783
6772
45413
1011
1725
35658
43693
37905
59916
2734
26391
33427
22890
24127
24122
9676
34691
54844
11419
58317
29653
29184
50125
22847
59949
47987
19079
64552
19940
36458
47954
52113
23537
50071
3389
23400
45122
43606
57022
3930
60124
48914
4167
11485
28434
37121
14357
65484
239
55961
18331
27945
52844
21378
62635
55788
64864
24102
34142
60912
32054
15888
63639
55986
33403
58115
4950
13966
15381
16211
49947
25062
33772
45005
53217
57028
20371
51028
34572
61224
63244
2097
20824
36927
27490
12072
2014
25245
35794
43366
64931
4028
16971
20588
64875
16937
39894
12437
41014
49760
49008
32031
41986
55944
32581
62171
12101
6972
32218
52587
33253
15212
35711
45858
9566
43055
49513
57457
28124
26887
61801
39919
37381
42952
21907
24501
18497
6704
23870
37900
63493
48920
19676
31762
38440
1163
16396
13552
45905
55366
11481
56196
53321
23358
56654
50583
7569
54952
62516
49053
28573
50507
39442
5473
23696
53319
52294
59197
30341
44949
40534
54576
57390
22575
52588
9797
6005
33141
64876
35823
24708
61633
44132
1397
27367
32074
42573
49260
13311
6006
8684
8534
47303
36815
57276
65487
49084
34052
53663
15079
41152
9310
24768
23522
14561
25590
3367
50044
9261
45763
60711
21919
11134
20293
8828
37013
56647
17712
58482
20621
42375
627
9989
828
63208
61472
53349
57619
5993
51797
34134
11591
28603
35803
54085
16399
55030
44479
42207
46384
26732
7023
61798
44582
14104
29232
8102
25132
973
21384
32116
56820
21502
59911
50276
23290
62205
56957
64423
54764
33019
33612
56436
7336
60706
17344
41987
22802
23060
60062
30440
51144
39576
9570
1320
2174
9067
2282
50970
3362
36410
19099
36766
36412
39835
2845
58672
46883
54780
24535
47669
32067
5511
55769
3452
47140
41217
42576
23387
45130
17203
12424
51035
61731
60340
33016
71
35795
14562
9268
19874
38274
13896
57418
13890
565
31594
24050
46899
8037
56323
1455
16458
35153
17216
7339
11424
41390
34288
4662
49862
57562
9210
26124
31663
62161
18217
25337
30879
34048
32287
29736
8893
23292
15592
37301
5940
48942
53853
40736
23076
8942
42317
1684
33205
62861
30526
18788
58276
25378
57406
61585
10048
19984
64645
41320
46348
19608
38488
9792
26935
39596
19352
44992
44715
32289
33075
9896
32897
3824
8873
3859
4788
48146
53683
1464
19624
31554
28213
16550
30280
28258
58366
32205
58359
65119
23941
55877
11176
32769
39408
51219
18436
9009
51703
57292
58379
56460
42182
12582
23151
30835
11956
21215
24192
19998
25641
14763
23936
28634
9246
50651
13164
41673
17523
55102
33947
48944
32217
1998
31569
54158
11848
61355
46910
60689
53045
18813
8333
4578
42906
13575
10054
27258
63418
65028
19516
12210
32862
13046
50088
22426
14450
44998
21242
40253
25475
39871
21871
54408
7816
22804
40656
5795
27666
2472
16454
39652
56520
35391
31896
42311
55104
62606
3912
52927
1301
37168
8940
30296
8932
44076
57000
54923
9579
44878
33315
37174
50337
9825
50516
48629
8614
16033
6568
7791
54696
57446
31437
16228
28902
11418
29605
20835
50347
33392
42970
61849
16374
22778
53020
53736
25724
23210
61968
23546
45357
39753
33375
41381
55110
62129
48919
45855
55743
40511
12316
30017
8574
62297
27970
46918
8225
40834
44382
39728
31966
38295
19047
23433
49759
1935
31649
14750
63450
20802
20690
19566
43427
42002
65262
7247
61820
48624
41643
19942
30844
25545
11119
37624
58901
44480
18441
15942
7813
60808
11604
43515
47939
45963
14373
48202
1674
41822
53826
36812
65190
52317
8963
36983
64358
33130
62227
50858
28394
22161
10430
14011
10815
52130
1879
41778
6589
6093
34727
6562
59580
56925
8781
43384
5657
44068
31405
32439
55214
42833
44097
1356
34927
63712
25976
22538
7725
49356
34111
38949
35064
62153
57121
57120
22532
39067
29695
18476
1691
47336
10872
24215
31174
52678
21184
9345
34358
48660
26327
16026
45236
14799
35788
47694
743
37843
53640
42860
16515
53077
23714
64997
18690
63072
58449
26114
36033
46258
19161
5642
49553
45940
12439
1293
57356
31443
1168
4419
39235
48201
44938
51446
32344
30538
36931
47917
14818
38207
47855
32994
63658
40726
42714
59110
39386
53793
56778
63542
12789
62957
4737
19543
43161
2623
1208
34866
10562
36332
40120
17826
53192
4179
7912
57676
55470
19939
5641
62817
31984
53421
59316
64497
27179
23914
47739
34595
47663
22865
62534
53543
58397
22571
13019
3774
64986
63082
41102
3097
44703
32821
50683
42026
23964
12643
25483
48
9951
57778
54639
44100
16662
19576
56704
23449
42568
58039
25369
53645
49172
29491
44987
1931
59397
34710
26789
1874
45652
36081
4938
43826
15270
63006
6719
43820
44164
48213
23196
11864
23980
36361
23112
29456
40023
44635
39141
64590
56254
46797
39088
18054
20741
54315
47453
46028
1759
54311
26463
52413
28874
42521
59462
52138
20745
20045
59432
8818
54078
37681
63739
7577
23555
4647
57782
58938
2559
32227
35774
10643
2805
11308
31954
8050
4963
52554
4529
57590
39789
21889
54862
51309
49562
61118
27806
6444
249
9444
2286
22685
54098
18499
1762
7764
50522
10844
3042
13425
56542
17621
57837
62127
32641
59373
55885
57415
11759
22959
58030
4733
648
5618
6930
21165
46161
38859
51625
38135
51147
33912
10691
15036
57488
27232
49146
5868
55903
26071
64979
6813
22943
8905
52626
37215
2561
37165
59246
16444
38837
45336
4034
33104
23418
58678
43346
59138
40024
63559
48420
16674
64671
44093
61990
251
12363
41484
14341
58446
49333
50779
19316
60084
28946
40453
41273
32487
53329
4980
28801
33628
11753
98
45830
65152
48847
63735
43987
59808
14558
59899
49327
60744
41187
31072
31364
28953
17186
43539
15150
6850
48322
39543
49377
194
24595
9837
16235
49271
54692
28350
4973
2608
38832
3098
40716
29297
20753
6197
47953
52824
6622
31462
43781
58324
50523
46002
16645
47431
27216
58594
25224
23931
22061
19715
64771
29816
38913
61725
19329
54689
16547
14046
15739
46111
60012
25795
36440
56415
55269
54795
15926
31908
64696
44525
44855
62791
19138
13454
58625
48194
55088
22302
43448
53048
29723
62790
64776
11492
60755
45023
34385
63271
30170
2138
58432
1151
27066
7090
55938
26879
6771
19390
55314
55736
1140
31857
48504
8049
13563
59982
5559
15035
54720
44599
61430
59905
19101
38079
44738
56051
34256
8266
41666
23789
46596
4089
55695
31936
60011
23636
3768
14552
345
62498
17442
34112
31607
17831
50711
40473
62746
56713
59608
26508
34169
2035
6271
31031
28344
39385
49879
49087
23540
32003
7315
8829
36099
34160
35162
57723
1433
43132
29348
40865
32695
37231
23407
14698
25036
62966
50251
14307
42921
57746
10898
19640
56506
65292
1867
42270
10508
23439
3248
3264
41435
59551
12848
1562
34847
37932
50862
49753
12813
62813
33960
43428
14743
25005
3897
60594
43257
2889
17983
62520
54804
42736
17416
44224
18740
25293
5477
36808
48457
63578
42063
10185
20546
63027
51136
58770
55909
45646
33421
38992
61824
4243
37664
22207
24652
49929
28977
44397
9380
6236
44616
27510
15117
20510
47019
11410
52816
17190
62354
21599
35175
59947
1403
49351
54058
63197
58235
26812
4810
31769
48688
64944
49868
14508
24207
60155
9177
17179
41943
46186
34837
34247
9183
44492
8602
64924
5836
8315
63130
64311
385
19041
11780
29443
15003
48059
26582
13292
4631
23718
26733
28625
7606
9475
42031
62571
27140
35663
57536
30330
47403
1386
53099
14189
57520
24185
34621
59157
2298
19498
27504
57127
31578
64598
22090
42094
38247
51570
9733
736
26647
27181
35089
34088
3081
24795
46337
33702
18575
28563
58491
15530
10660
7867
42346
11707
51148
157
43707
16675
20555
42746
16558
15692
58587
53961
46143
4940
42593
49786
32460
26888
49924
17869
12778
21913
59591
53388
52656
40250
1866
39129
10806
23893
2576
22375
54966
32316
15867
1723
21690
28347
26535
65116
63520
24647
15205
64953
20631
47594
14448
45161
34237
3036
50964
38954
35560
38626
54751
54662
6087
63314
53668
53669
47432
48964
3494
22049
16420
57061
35570
625
52603
35183
48560
6644
4626
37478
34623
48336
18283
32529
13252
47389
37044
32432
58740
3905
8603
44594
46150
18887
17425
38050
22584
61075
19809
35174
44727
25531
46029
59435
46262
44386
38635
9015
6193
27301
53723
9732
36967
18593
60307
59228
6766
45521
55911
35474
18995
29909
34156
25200
41488
8453
12941
45710
59981
65347
49633
46352
15344
59404
34828
2017
57213
44925
2022
60737
20291
47211
16909
52918
59625
18422
7318
22272
40684
15505
63583
57198
43051
3950
26497
40350
36616
4413
35997
62739
8201
61592
36061
35622
37184
56539
52080
11360
41086
13666
24702
14919
23742
22525
3548
53304
7893
16055
47106
9765
4145
7997
4158
36002
55556
7740
8254
57462
44332
60268
52435
13954
23986
3112
6536
63289
25299
26143
14503
21576
24803
39988
55368
56501
7215
57144
60221
14853
4476
47989
60741
64521
61786
47818
25211
32143
50585
18596
21879
12545
28077
49043
4709
54737
21297
19213
8097
30501
17715
10242
9474
63171
5486
48949
26522
49589
25013
17116
23713
15383
6668
42900
39533
37238
49526
6671
23569
32964
61556
61636
32884
51889
42820
15527
37933
53168
21439
48318
45152
13935
1631
8197
65509
16684
58809
2100
37472
10365
25043
37982
17517
60804
7985
53621
29276
8241
12384
18606
30145
12094
33032
62180
26015
22469
13674
12093
47968
19685
51908
52436
64514
18149
16599
61390
18797
35379
11359
20076
22933
36176
43894
60684
34157
13775
4464
53531
8827
37036
43898
48143
25130
32122
61663
35480
32804
12471
25464
61384
27581
60717
56115
4378
19243
60110
47822
282
3005
11111
30840
34936
38249
26538
51114
15661
61149
15934
64903
27260
38425
34220
27565
34140
23864
24359
36243
32147
48935
47715
2755
30936
25204
1108
59374
44871
35603
53290
12603
32511
15866
46455
57154
52802
55872
7602
47992
8032
18591
39926
13523
31469
46733
58584
52142
60369
27908
39854
59366
48539
56723
52214
46368
48081
4394
739
19472
16574
31213
10394
54614
47926
5600
31856
4397
16656
18588
38738
33671
2245
16036
58029
16072
58423
37782
59040
21081
11207
52111
33489
4856
48009
45362
14541
28516
46763
43526
64295
61823
29398
10006
9470
46498
17658
2520
13402
23432
45618
3951
62607
20825
3853
2452
20569
25707
40228
30371
57306
40443
4592
37360
26794
50975
27944
18581
4466
45746
31494
24867
61611
26352
380
16985
9241
6951
54007
62199
38618
23247
53059
44516
3666
46216
31616
58633
50983
34643
4389
8537
14917
50143
17648
968
35737
64605
18394
42408
15202
36862
17526
47533
26443
24235
23431
5889
48800
12858
7158
63647
21050
40064
15239
32527
8525
30788
11254
16218
29846
40832
11211
30394
16855
6899
32262
1540
36736
8111
25560
55493
49797
21132
4600
52738
61239
21512
38568
38016
16549
65164
12286
49541
36338
54513
32554
6398
22451
13585
60416
56871
29737
31960
45623
14027
51589
23458
17662
62638
59042
60288
15450
2193
10644
28676
27685
30729
11328
28307
18414
4135
19768
20948
12279
40871
64818
10816
53814
3847
27398
25072
56260
5887
22147
32131
48416
60272
40059
46740
63617
55092
58593
22062
38306
25634
39879
34268
42779
24377
29440
6142
12337
38986
44118
23969
16993
41218
2046
58283
1373
3474
1419
46560
38784
37454
41569
40842
368
17019
17723
51748
63075
41966
36746
23242
41002
41735
7975
3463
8362
3519
32295
61818
29629
18008
15229
59652
4602
16532
59174
58398
8793
32521
41955
13912
54002
11414
10408
31994
18453
33501
64093
44092
59602
23557
55286
3543
3322
4837
50689
44000
64490
7806
56033
15209
41770
53889
28193
16287
51246
19179
55644
10049
62860
14665
25045
51440
13801
13914
32005
35098
31870
10687
339
25384
61540
38938
61574
4978
50827
48380
22921
8564
4797
3421
15481
39882
31864
15727
63152
2088
29521
57011
12746
49994
12367
47379
39065
13465
50831
65303
29121
48421
3040
40301
34251
59796
50822
17300
19785
11924
56836
32911
35983
51251
26585
11315
43373
61009
17176
20670
60260
56412
1542
35049
62056
3546
53864
7400
61373
44451
26804
12284
35471
26485
17929
35733
15674
42088
17281
57124
21337
29872
7664
175
15636
31955
12795
29198
38151
528
28922
64348
41425
1371
6393
46400
16667
42451
57131
46574
5307
25102
26314
13001
44989
36310
14207
5432
11580
53992
64344
1751
10684
13295
687
24607
14351
18411
54707
51743
35371
28797
59338
40394
18622
16276
9930
52212
30290
56293
20617
59801
47427
24121
32301
30657
29122
52209
32906
40296
11201
25915
20038
41929
35694
44579
58516
48864
7651
36852
18580
3117
8755
5934
3657
12547
33515
22939
61014
25455
874
53858
54208
3979
19371
20827
55824
9465
35450
14218
59970
40955
38143
45384
16649
55143
52298
51056
45814
2419
43857
55870
13050
33145
56829
62785
53984
21862
13214
23708
17618
43004
15708
60932
49927
396
50158
24953
41922
43371
42455
27393
54634
52289
45326
13391
42462
65423
49371
62990
11773
28927
12558
63640
30722
2180
5502
64943
21321
3928
15039
16277
14009
15881
12751
10062
51836
26955
27589
52191
41046
43728
64477
56313
46717
30254
64218
7015
44454
11957
31680
20015
51930
3258
29484
45670
39632
36249
10024
58330
20541
64611
10210
55829
27117
23401
28720
3107
45075
50979
39040
41176
17611
30014
35420
50566
11808
11862
59549
12390
48781
40609
52866
36478
25778
47912
13553
58535
55492
65215
7786
19182
54829
202
33704
1834
43639
56438
54545
60816
45418
34397
25534
3238
40087
50406
12780
6206
12231
33508
60437
56748
13760
5372
20209
26002
44988
43737
32922
22563
30249
22131
51524
32733
52348
41804
40431
11990
48339
41204
62024
9810
62385
1730
64504
13686
26764
64524
35401
54502
8189
10494
40785
37824
14551
18893
30810
61227
16254
20899
28308
18448
2146
50645
40195
53508
41598
32796
59236
21028
49873
50575
8653
11524
50655
23238
31918
27458
19140
29471
6445
18401
58886
56059
8303
54896
42883
28118
5965
57611
3198
23677
61619
6812
52397
62544
32255
849
7279
18188
39223
52604
41327
37915
10164
35182
46284
49772
34579
4204
25345
15680
53114
8945
35662
52769
42
15367
55201
34243
59587
18649
52154
46945
62431
25271
55670
51049
33331
27138
47067
29554
63803
3012
56443
57864
8662
47247
39264
52592
62652
45504
63337
30051
35504
7141
54004
58055
15742
46951
49810
56177
20179
23067
20769
25249
40546
56159
44354
20923
26039
13774
53673
47426
24523
27297
65131
16607
19193
42446
52269
9146
31983
58302
6427
35117
14884
41597
35931
51024
63320
42691
60391
1295
37049
5116
49192
19198
30834
22412
13029
63058
54244
54953
5289
63186
31637
3257
42536
7199
9781
46707
59825
13482
33321
50642
61601
9365
18154
40951
58690
31879
16689
25764
32498
15249
44973
33264
20021
46274
4138
44347
12199
5148
541
18038
54052
57374
41154
57492
32505
45142
33312
56952
60762
58521
13709
21330
44420
16183
58424
40958
12445
11218
11510
24965
10290
40537
50375
55458
52909
46280
51480
49604
6133
12921
15149
15289
57803
18970
60772
2040
12022
6612
12671
55465
61332
46277
14575
13385
60930
54702
34681
41722
41710
10856
49115
13471
2822
34825
52731
13807
52516
32767
58595
55527
17146
34534
49876
64383
61001
8732
6982
25775
39725
56803
26112
33278
26089
46281
749
19320
54170
64013
14824
62711
12009
58037
12166
44037
33585
42348
38221
37860
26065
4004
50128
43324
597
45106
15595
49648
36136
52045
19771
34044
20025
39686
44966
42374
53469
58517
3725
29422
8688
14043
3756
40582
57802
60330
61240
55656
47273
1780
12581
44008
40233
4015
44425
13397
5332
44445
58050
49655
57796
15807
3131
16207
60258
16105
64419
59396
56918
58514
50423
41805
16543
33225
3563
1537
35544
51862
14015
34035
8916
44801
19560
54774
14671
58520
5088
28916
33769
20479
35590
41726
17236
3309
47347
13459
19396
43159
12756
33434
45312
32755
54560
4139
17150
51159
15495
62704
48761
57738
299
45928
57042
50844
61940
27266
9532
4012
38713
51982
25461
3565
1708
11476
31598
36052
34784
21699
59634
35825
1806
6991
43017
4003
9108
4230
41190
52271
35578
38619
2079
57728
2757
13460
6361
65238
36213
33998
33517
32756
8723
2231
56812
58597
5139
36134
46450
58765
19310
46048
56214
17396
12666
3458
57788
32764
15544
39604
42339
38933
59035
14377
63454
23553
62962
42798
30256
33514
43649
1599
26667
5781
27731
34382
23560
28925
40835
35067
57807
60847
3514
6221
1912
57741
35554
22753
64192
5457
54649
24364
40988
31240
48054
61935
30023
57935
61023
28626
383
37438
39891
21365
61917
46511
10678
44648
10407
62945
26454
23645
1607
23952
4422
28633
59006
48003
43607
45902
56297
46724
27880
42724
6554
27382
3820
1495
2890
15816
37234
17134
64639
56243
45300
17130
48903
62348
39942
27237
36691
24990
61675
41629
61742
58113
54505
53550
14683
60961
35778
26207
46155
50757
36873
24827
17126
63015
64621
62309
57799
13066
13268
42722
29931
27875
38716
42504
6908
56303
49652
43208
42718
38154
17054
5106
18522
46203
36434
3368
64592
18078
3409
18464
27888
23018
62939
62466
24142
28961
6676
13950
55895
47485
6869
56290
1917
36571
25521
36943
34626
55012
23957
22193
48012
63957
20198
41740
20202
35310
56883
39059
60636
50327
50261
741
61345
7766
38251
62496
32001
26083
14623
62159
17239
8561
42416
27176
48011
39921
56295
17198
31712
47370
21326
36660
54963
25642
1936
44570
26126
49642
51102
34542
56475
64737
24347
9631
15089
28735
13635
33602
33779
36298
52372
18178
16206
11729
55868
23961
378
23665
64365
4361
62244
25983
7955
49607
53610
13476
20394
48013
56298
31876
53967
27502
47829
24873
43013
19424
25839
351
49556
51732
38534
65293
27691
13373
17000
64285
17053
41576
50976
55982
44903
48870
26823
55435
21359
37116
60966
64619
33043
35309
57797
18041
29920
59458
31251
57229
62951
40930
54376
1345
22713
28447
748
8492
20632
61744
38013
48487
52151
50644
51004
24734
31978
38450
62767
1474
30036
58957
53948
54255
40263
42712
48987
42778
57098
54270
386
58163
46514
25123
2380
51164
63010
39829
5366
47796
22020
25970
42717
18697
57441
24921
62469
37973
23512
48533
27512
30299
2304
38176
62560
2694
32175
63233
40494
16652
32160
45156
41407
6428
42401
28238
61193
22229
16572
678
4860
14159
23872
45437
49346
19921
6463
18684
39423
53910
11895
26263
15631
43098
64746
26092
47916
31019
31795
62531
60315
2250
9190
52194
18764
13550
62072
65060
17334
31209
967
23412
59872
37775
63026
56658
4347
31961
53940
51317
43801
44831
46264
12509
34677
20764
44376
38126
60910
55557
23709
61303
27464
50131
45780
58377
25734
17461
47809
64215
40420
22287
43557
62030
28843
5866
52801
43719
22116
50108
53519
54645
22541
46552
10559
48907
3200
13435
28538
37595
53919
42617
63073
24321
39937
25454
38102
38988
19168
37961
51597
27656
131
11499
49279
9613
59581
47084
57579
48837
62536
33460
24922
46129
46536
40099
15741
39137
5865
47764
31935
34018
49803
35862
24140
35584
45533
19448
14057
26001
24796
35491
61958
21492
32337
51861
9540
1870
23674
25942
13159
51358
6569
6085
59143
2489
20558
53036
529
61131
14987
13338
47111
41604
53544
40777
13447
41348
44935
38116
41446
25508
48376
2061
6313
63176
46681
4962
5681
31413
35707
49791
36626
21597
29243
19354
58202
56989
58860
20866
65506
6387
29482
17285
54163
2509
61727
841
26690
59610
44175
37760
31685
57346
58327
55709
11061
15757
45679
3233
39152
5410
54427
11464
64481
34942
26398
40422
41983
53356
52173
553
3537
23669
55822
47139
52376
62211
33260
9638
29466
50696
27058
27667
3280
34047
5765
15254
63992
33994
23656
16201
46477
2738
55874
36175
4633
49280
7942
50241
11022
25763
9012
64305
64582
6617
23039
254
36303
55380
12206
42989
59950
3590
36868
22030
9941
25772
52870
43215
19301
7250
31231
28544
55131
61337
45882
7364
15215
63377
61017
57625
5107
32841
13138
35513
27101
15487
54805
14722
41931
56276
53447
28175
5631
54117
286
9249
23133
55267
20098
10798
11195
48325
25753
22587
60394
47343
44119
9362
23394
3712
10466
1261
15363
21700
44886
25890
11468
33271
29144
25856
65006
22612
17575
7189
50671
51118
56863
57936
54637
20608
38487
64234
38461
60440
54888
27779
14137
51675
4344
14894
7198
7926
51858
39416
47061
21711
28294
36518
3840
6739
41853
28341
46816
54912
54223
41743
18284
61513
44782
16860
1075
34036
1281
22583
14124
7760
50856
57490
19234
5453
8695
15887
42625
59481
54548
35515
13007
45296
57268
19151
60201
48368
36761
643
14098
58505
36201
56465
26095
734
14145
14055
24143
3664
43112
19673
8692
35910
10952
49667
39412
26430
26101
5320
64058
108
2183
57729
18653
21708
22790
40545
3356
36782
10296
53180
49442
62956
17568
65279
46506
57279
50924
29981
28421
1493
2833
47785
57680
60123
12811
5299
36205
50002
64975
52991
22210
42633
17598
2727
43294
28825
20959
55933
16586
29659
2540
58498
9254
57870
39470
46697
40614
61492
25479
21901
10971
13468
5861
63641
51863
36768
4876
6124
2541
19570
1593
609
8901
11150
27900
52373
19237
52445
29552
32867
30948
49136
20095
58288
54970
44507
56105
2153
56468
30523
23816
43722
46288
47044
42231
55236
48139
47092
61184
43874
55663
38708
60214
39286
33732
22335
10061
2625
56808
36624
53232
40720
42655
51041
35210
28073
48835
30781
7457
58805
16700
46764
6092
31487
19205
28846
62669
30049
30357
12134
45514
28066
22967
46954
11942
46585
54042
27558
11533
61139
16709
431
39382
7935
24928
49098
40003
51052
34075
64233
48409
64895
20231
64897
3212
2793
24442
9435
5736
25396
51389
49150
16107
47720
44980
16097
9653
29607
43135
5397
25754
52982
24940
20858
52343
54902
25680
21642
31085
14311
25251
65383
23503
58095
6416
52070
62375
14130
19834
45765
51104
8181
43829
49099
40593
26528
23739
64544
442
16428
64338
18891
32368
29786
57660
47047
28056
55239
8443
65214
7115
20839
33556
46751
32358
10526
13672
26102
10055
47543
32702
20863
23468
40470
41157
64062
18056
43881
51710
34295
32273
64906
62185
37921
63511
33348
35813
45768
1718
16900
35810
20627
27579
1808
58835
25207
52879
48066
19919
45348
51504
41071
2357
34317
55969
38248
4370
1274
17043
27850
2586
3259
17277
6759
50293
50438
28656
5929
55533
3184
26595
56336
41787
25628
56253
51837
24029
27539
6946
41658
13980
27569
27575
65048
15759
2925
56346
30920
16163
31496
27418
3194
31823
10454
62191
65514
31693
7013
48207
55183
52859
420
30477
54514
54527
3336
14410
9997
28130
12734
26662
55503
866
7287
28670
42084
55504
3189
26403
46639
4298
2467
11787
39115
5622
17818
19350
35291
48934
53916
5972
7366
43674
9392
43962
29185
42552
17499
39578
20928
29561
36639
14592
36400
5907
6575
42254
1244
35181
20943
62683
47737
55145
5470
64072
42471
13446
36217
17169
29574
17607
53615
45164
7039
55309
12413
45684
51823
41819
18871
35322
22678
61932
36307
51619
61475
1469
28755
47075
9911
54224
20939
13640
52170
5959
19687
47050
13124
27265
57353
58934
26000
43490
58419
3002
29263
18037
26399
52072
852
16802
3813
26758
37133
64171
6242
18340
49233
40496
2998
36959
35861
26088
10686
53540
9811
31721
18781
25950
57678
61806
5308
43492
62313
20448
19863
10386
29379
61198
20935
42141
36449
7988
7516
10413
16130
24839
47238
53908
24508
1026
48840
37754
622
18136
48147
39579
44324
30724
9996
50582
35038
30977
64720
11292
36460
17040
58696
8345
46631
15421
20938
15502
47734
30295
19038
63516
22498
38583
26910
5834
62262
18236
43816
3648
31407
14179
20932
28475
22052
48655
20144
42440
57063
25909
23747
5361
64743
63701
5733
6770
25387
24522
60667
6929
5578
6331
8371
34541
35024
35908
634
26838
15099
37332
42996
5644
18272
15049
31723
26289
54511
14190
48475
27337
27767
65065
51885
26267
31378
4374
59607
2258
59635
56584
61310
15677
51818
20047
49199
35279
43176
39166
25697
42099
43566
10444
6934
39659
48581
43
1643
28714
14065
52418
45258
62016
631
30755
64495
52938
50472
18051
61478
21850
38795
42060
1967
60055
11968
621
60623
50963
4531
29838
63688
38483
61678
30248
55707
2265
58614
17925
20933
50351
44463
30405
4177
47567
43173
33404
25870
30054
22398
8243
1169
24947
63980
6942
50906
3183
23989
44355
45969
12774
56815
1695
31243
24561
36391
23820
49658
65470
22245
1651
56913
26415
31559
44971
5931
52457
54093
18005
37898
61519
51384
55209
42163
31958
5067
48217
24226
5829
65022
20818
48005
49800
111
17408
13399
6117
16186
12378
40944
14682
38128
39296
21049
36992
49653
13370
52357
23641
22361
49909
20793
51077
9305
44583
13619
10788
4673
36946
11005
35877
3288
52231
4527
60709
62277
45469
64169
13656
9368
37957
40954
35341
49367
37906
5806
37002
8359
11047
16367
8643
43596
49370
23029
12202
20751
27247
26717
51160
41731
54673
49956
18378
41714
16863
64571
49813
55029
23785
39232
31128
6175
7525
27795
23642
5090
15447
46754
63051
9998
32772
15246
8832
25414
59406
48119
22403
19239
51067
62714
9549
14319
52336
52732
23738
20838
37525
49183
12809
41845
49663
49611
26917
49636
56806
23528
5872
44161
7401
65267
18383
28429
38119
55798
16110
5104
14573
8422
47852
24409
48946
49662
48010
35747
5368
12890
6128
37248
15266
8958
57911
28687
25997
36612
8702
15085
61
49747
61934
28242
6184
20783
2944
34544
40686
9112
40167
10
59711
7312
4696
52629
65336
5179
33645
6400
58772
45796
55979
37815
25687
14752
23504
2018
42364
23072
247
35289
8449
62718
61270
47222
8711
23830
60470
15851
50382
59565
24293
2713
23443
27160
17582
57251
15957
41719
26574
58684
11872
51935
50715
5997
37529
23881
12082
55530
64569
49671
17143
49447
5930
41712
23854
37202
22091
60996
19480
2126
20790
46624
37458
26970
10073
58965
846
58175
8455
17820
11904
47226
6838
50124
29772
12540
1905
58590
7191
20333
50958
11226
38894
19827
30286
54252
63004
20666
63983
19547
34284
36357
62063
31059
3697
49448
50426
49605
28084
41098
4965
54035
59612
19552
45598
22224
10556
24711
33723
52081
40166
23262
10867
21996
6322
997
26856
16575
24291
6639
40466
48302
16655
9127
29996
37601
15341
35005
11494
31456
10410
23222
305
61071
21299
50630
52162
5098
44590
16628
60277
21406
15433
457
39547
20359
12701
9128
10405
58322
9767
33499
16365
6895
59609
48357
11320
4778
40478
454
595
55411
21224
20121
20096
35311
9211
39233
62620
51163
63032
34266
64636
45404
667
61550
24046
10082
33801
7605
50161
1215
58530
60005
14998
57348
2369
45190
29003
4500
20925
36333
11705
39205
14446
193
63977
17333
5173
34485
5490
57505
21804
45379
37590
43811
35692
17616
18011
62473
43822
63813
29858
22831
39267
38956
48760
25119
50142
64011
10637
37853
36031
63245
36025
62149
48452
9706
40679
51337
37928
17971
48541
13215
6386
21904
21968
20963
52708
29085
17707
1985
21918
5720
3826
5716
48518
37571
23402
13209
54322
41211
60606
8701
10030
29086
57798
31274
20934
30777
45488
50496
59873
10901
15115
59853
55660
49416
35552
51580
61084
32464
61736
20817
63733
43574
23378
62889
49140
38843
50167
20585
58508
14837
38514
8087
57482
30830
38411
43221
3571
42485
7531
25913
6907
9140
23890
38981
48260
48265
60343
14141
10600
63246
21517
302
3901
3399
2631
53481
22358
8467
50404
59115
45026
18410
46572
58691
21830
36334
53243
25658
61927
6182
33372
10982
49591
34930
57019
49368
56467
14606
39739
63288
52541
47091
11399
1857
19201
6629
51239
1286
8522
56810
29141
31220
64000
10642
21300
64862
56236
16274
42307
5115
47162
49524
32166
15981
47631
61539
18477
21125
18406
49804
26787
4623
22927
16284
7100
19759
17767
2784
16748
9625
46004
18396
11739
47381
40996
1321
10954
5126
29951
20557
13002
57497
7673
11676
64299
28887
6915
35630
63475
32665
43679
7674
18881
23101
25829
14841
23928
52962
22180
9147
21257
42071
8458
5216
12927
53032
58201
32098
15138
61784
24863
57484
243
49587
17387
50972
32060
17453
1733
9791
48232
21631
50467
54553
28002
62830
50053
26094
25635
19912
47810
56834
12731
54990
6319
29702
19855
32668
24181
4859
3361
40158
44552
28204
12781
51499
32721
55275
39716
55103
57056
1266
29280
47556
62890
53412
39268
52830
10396
28264
42845
39949
2873
53957
32096
23576
9113
60618
28715
33935
40601
52617
63783
51763
7932
16281
58663
55605
58230
54876
15295
44356
51329
12562
15659
24733
54120
63799
39869
9264
36681
1491
1598
13442
52618
63116
40428
59978
32359
33155
1027
25918
55762
62221
60640
25864
24371
51564
10125
4894
40574
64646
32153
12785
28880
9200
11246
45084
14378
55676
62612
12138
22410
41000
12276
657
18999
16111
64713
55397
15954
52109
35706
3800
1843
30973
12186
58052
63628
7171
59161
55354
61994
23993
49318
14418
11531
55398
40309
32658
10639
53905
24926
49095
44405
59785
6510
64397
36281
860
50408
5411
32800
56908
11221
45309
28161
45879
18021
49586
45519
57128
39743
54889
57082
29819
57088
1153
21455
63804
62390
51927
16250
34813
60225
46134
57863
48225
49504
47030
55600
57263
1587
16537
12459
34872
16694
5653
10417
1640
48173
5064
8153
50509
62887
6410
8698
46516
14849
20677
30083
31982
545
13354
52677
41253
35135
26285
13584
21562
43362
48894
7971
29567
32159
4336
48768
31439
60405
3281
53246
8366
59045
15902
726
33844
27201
31039
12192
60197
4118
23349
44196
55393
8489
56773
26476
54521
49465
7883
39970
63227
52313
13136
59477
37493
8904
3525
47087
7237
17711
63665
2760
28940
24189
58370
12735
59025
49736
40781
28860
3374
50310
45252
5932
54821
42042
52091
33608
41338
46383
43136
9399
13636
36658
50334
48877
59803
54368
49468
48046
43736
57690
367
63280
53868
21210
1238
46169
13738
49964
52240
3957
17337
39025
1445
6604
48508
9322
9133
33079
2782
7365
58475
59676
22692
34743
21777
17578
50457
50135
33589
59875
56039
7970
43804
42234
41343
51466
15422
28749
51451
6289
15523
2899
37504
50309
49438
49694
12626
21593
57655
5904
8184
37512
46130
12634
48170
59225
21031
53125
60384
16815
58435
62453
22843
29665
34551
44202
25550
55367
56987
5353
38950
23915
49770
24703
12222
42075
42208
46629
52992
45748
46886
34375
41648
5586
24511
2007
42580
22722
35645
50224
23835
47107
33838
40721
49585
50409
30919
47803
60174
49847
13972
37350
6683
17874
59109
35717
34955
59448
61761
6725
46677
58671
42664
31902
13329
56271
3780
37161
54996
28451
49490
44922
5317
6600
2019
34363
51161
47275
48228
28524
56341
19473
1842
59547
7714
51154
50674
17136
6903
50554
41249
20918
50705
38457
18614
53842
18667
38003
13031
1847
47985
43668
15053
38460
39374
36454
26371
12317
43379
11441
39920
34911
34831
14945
9072
18233
40524
5922
18200
56350
13884
30955
13888
24206
15139
32419
25297
9618
52722
26251
60944
58583
31028
46164
22874
7111
49959
17330
54522
34291
34663
59125
13530
28181
62634
60325
1565
3286
21594
56042
29759
55247
1721
50421
13831
53791
57689
248
43637
50974
49285
61650
5443
48156
63117
22937
30942
1284
53391
35571
53786
58305
28893
62756
6695
16705
53450
13692
23764
45295
58081
45779
8595
25470
47159
39360
55212
4387
4386
16905
38269
28604
62624
59148
43685
17457
24134
26086
63273
33745
6852
11026
50849
4624
29051
2513
14170
43588
51850
13736
22873
1892
23591
14764
48039
5575
33652
19502
8176
52371
34733
18742
39083
42175
26729
16857
48317
48373
22559
2630
61340
8352
50268
31391
27836
46091
32207
16690
43939
4350
40878
41093
48341
12493
5117
43260
47732
47970
37366
13075
444
22032
62761
21561
1903
29742
30453
8837
2518
12602
60951
43105
45610
42233
31330
50248
20077
64896
49776
37356
1705
30846
30476
40258
43891
31907
39121
13106
64721
44895
7666
52167
9238
31581
61000
15171
58545
50652
56850
9354
26586
32174
50649
38217
44561
63505
37616
40113
4368
8209
28743
33452
29642
3554
16394
16934
58831
36764
7453
14162
1500
53237
6469
19471
29566
6862
2993
39982
18160
51248
1594
9089
34241
28661
43999
4814
20265
32947
52388
16406
33688
22056
62743
58131
12598
65353
37370
64673
57526
14995
54879
54824
5506
55242
25274
10648
20216
14661
53031
36402
36634
8442
40730
3377
31219
43537
9578
1744
31403
39837
26351
54816
21723
27727
63672
19476
11597
63359
32739
52208
25241
14372
50735
36358
10076
7282
21219
57402
44514
58319
39966
55900
28071
8432
49656
64445
29600
61741
58826
40673
17678
5871
58404
63215
15356
59972
33285
36069
28074
36076
25195
64265
33552
42682
13690
28064
43878
39195
2844
24109
13298
42426
47229
42878
56424
51596
7380
63438
64494
29161
43548
29396
13307
34433
57089
41449
9236
59797
19558
56942
28839
54351
42604
44647
33932
9217
38330
37588
33950
52013
25259
50388
3834
47606
9718
4343
43879
30067
3357
29036
53005
28010
54886
12304
35561
45105
4731
48953
27698
82
35756
42626
30718
51072
10238
64161
56745
29200
13898
60353
64618
23729
64271
62992
33292
63209
9281
14123
43882
63354
41721
39163
27824
4900
42678
25184
44021
27835
28179
58415
22546
54234
33560
2021
52675
59132
38061
36846
8518
63719
5855
61178
59883
1679
21979
31491
50419
3929
15768
16898
33152
18892
41654
35730
56738
2926
59034
15773
25041
4820
36234
53249
51234
41051
39983
41410
34304
9247
50907
16834
6413
41595
29014
59376
16489
20001
21190
51162
43233
47557
38706
58676
16234
19486
26821
39715
25080
41471
2577
26490
64630
9720
35820
32418
62659
32377
37581
12195
27568
30368
27408
15777
53863
12497
2006
13182
24754
53857
53506
28044
43332
2620
62882
49396
64512
592
35888
39460
23532
8654
19851
62049
12460
42595
51503
27407
28363
22901
34278
49270
45490
47443
4722
43226
25077
34282
2580
40694
33946
35467
13343
30662
38445
38615
40379
38849
52662
11430
50733
13337
7338
50903
1990
51057
43748
43523
31431
49902
61705
19372
31273
38768
16989
60600
58600
14490
33875
20808
5928
4124
2428
42938
28957
35350
40689
14060
32334
9426
21166
61067
49907
13877
52406
21117
30907
56946
30174
4703
33954
24694
49966
45869
44763
11801
47918
17336
56110
34083
38470
22203
47662
51757
28000
19947
35429
11010
19379
47196
64307
64276
6754
50057
46792
32040
48584
1188
26489
51351
21698
43246
28402
56965
42034
40590
15468
57603
9165
3673
26588
37432
14624
11792
61627
51611
41932
53667
62835
32202
36353
10493
8445
10167
50989
63465
41322
61262
22323
47735
20400
16238
32369
1551
63339
9260
4689
9253
12653
49485
60049
52363
8785
47534
45421
7571
34635
23812
42859
65508
36101
9906
61620
6446
20747
29680
16294
30509
42191
14961
54819
45234
56366
49766
28159
9130
33937
35557
13860
11276
37391
18570
25252
18191
39079
12365
10283
21429
55148
26034
28588
7904
24790
55505
56878
14617
52845
22653
14086
19993
27307
48686
49521
7521
32235
39825
25025
61825
25723
9125
44257
23281
33323
34513
15690
58329
21168
63278
10235
42974
30608
38734
50814
61442
36831
32219
19313
12577
10951
11983
23403
34427
28156
58323
48028
48356
27312
48510
482
55940
39913
2463
51449
45311
38770
54146
16314
30107
62833
33241
51138
28842
29536
62765
50610
48069
39080
53728
14546
7677
23050
30761
39568
747
35585
64942
57691
53852
16864
27708
52229
45678
62960
64883
63064
57967
11289
40175
45683
54243
3508
15116
50253
24180
1576
50303
2345
32298
39388
16827
12260
11182
14950
14404
37197
4429
22811
30621
45600
7086
22800
20845
44435
1949
28906
58057
52263
7152
47846
217
9005
33376
17889
22148
54518
47205
10675
7244
1932
14936
13869
60630
18561
32300
36270
38068
45693
33675
53635
58883
5802
22238
34080
44530
23248
42847
44803
64597
62392
58968
39692
38271
60397
4910
19949
14556
39210
58384
31470
50728
33725
56096
55264
48842
64452
4141
42198
20029
22377
11605
39370
36855
57600
29948
3509
14345
13461
55447
25815
56874
11245
39719
52374
12769
60829
40644
32724
32237
52250
6954
48672
13724
43535
54225
64260
36839
21473
38301
10571
2085
56108
40018
60757
22803
8100
12474
6453
35262
34982
12994
2795
46381
15313
46382
23963
57709
51915
57899
23505
39381
60827
61199
53691
39071
31467
3332
16296
63099
62681
10067
16128
58190
25263
48221
50330
35786
23078
3465
18413
63777
21874
17271
52462
57509
33617
54364
62004
37706
16289
19538
18551
33936
30262
2037
18896
26679
21704
57020
54259
32244
44711
46213
37380
12228
6753
56864
63478
13474
4547
23924
26486
48052
371
32253
25868
11609
6382
57812
63990
28253
49522
56964
21730
48878
48412
32679
20623
24008
40551
30658
30740
33053
51396
13537
17815
45742
4650
14493
60182
33643
49731
22095
60245
32382
1058
12973
46535
29820
39512
61212
37326
18997
52665
19663
42675
62295
4558
34688
1993
16977
60994
39367
39506
30665
43951
39636
40373
2600
13262
13134
30220
21514
6063
2479
59964
42015
21625
47593
63194
44513
63069
45366
56454
47904
50714
39132
35097
23086
15939
21220
29987
49551
2025
28609
23489
47637
15457
48306
59928
30416
61783
53901
22551
64378
2597
41522
25370
3058
16849
46795
18801
600
16224
62246
63882
51852
56439
8465
17959
43205
56190
8321
37817
36828
39883
20083
9561
53576
26902
30065
16462
5713
51177
10079
36728
53639
48503
9564
57422
38994
52206
9822
42780
12800
44698
26239
23013
49387
8418
32034
7406
21750
15770
20716
14197
26876
51215
28947
43947
13782
18723
3359
57948
42445
5121
14337
20237
21281
27845
34798
29301
7669
26382
464
11249
62918
49603
45753
31564
29902
63287
36984
35267
34977
27349
20162
938
24237
33890
23036
2516
23469
36481
9738
58821
19904
45500
14915
60303
57405
40193
53442
4879
2255
29744
54012
38625
22480
47558
7024
57632
166
2868
34271
11214
44103
42960
62808
16672
62770
43581
64663
15584
65439
26682
38634
51082
62045
9187
54749
4038
5925
40198
27739
26506
21509
64428
4846
58255
20253
20620
17366
31363
4142
3769
65178
32907
3668
65230
57429
31130
26695
12584
10065
15905
35814
47284
5758
2411
5133
2879
23271
42766
44861
55072
3586
18222
57939
44696
16397
25300
9969
26353
64086
21787
29641
27570
8003
21635
37147
31895
35022
42309
48951
30878
19707
5779
21272
40225
46758
18379
29094
53520
63885
60698
10862
32807
2612
31481
44578
63581
4767
31489
62090
14338
18998
56570
10392
38147
52923
43569
63232
33354
49117
3226
25709
52733
42752
62913
44192
49614
3350
16912
48545
42695
13949
35282
28050
27840
15091
31081
34371
12369
35276
22043
17521
14539
58641
30547
62832
55070
57832
17779
63702
32551
63865
35465
16069
39017
60292
5620
64127
15916
23463
41220
59191
26918
31339
56193
23767
26559
47410
46752
4817
9384
19191
55243
27449
59929
23375
41311
2476
57389
35229
16622
4080
52171
11482
49315
20380
4358
14978
43889
56642
12999
42559
50693
20962
23934
11194
34236
673
45345
14355
56107
4730
16918
31342
18858
41423
25944
5417
42122
29802
3013
2553
7743
59818
21103
58947
9518
26110
39415
64863
43279
57685
61872
51741
41408
49365
47250
32463
34613
45564
3449
63285
22382
26209
12137
49206
45002
29637
43155
45607
53783
24943
47417
63109
13891
60954
59194
25814
39184
16710
60949
49871
22228
61565
56899
5451
53323
32686
556
15634
60809
27161
50712
38660
24413
1827
4163
51461
38245
11552
30240
21094
44025
50697
18642
29475
63704
521
7466
62943
3008
56742
61132
42556
16510
22586
38744
51339
28390
57470
469
18124
6632
54181
43948
8273
47839
20696
33591
30287
32353
20350
33475
21494
20693
24339
61294
8533
35652
57125
39085
37346
4399
53884
29013
61440
25992
55801
64252
47988
435
40486
11535
52867
42057
36471
17329
38482
41592
29728
40012
27509
863
53315
50352
43988
14510
48328
50060
58281
54403
26542
54808
45132
31803
7016
19954
47714
11937
43204
46263
47415
5617
721
2843
23534
60704
35167
13527
60408
36483
22044
13845
13669
14168
31337
30148
19341
59474
39358
50072
51632
21474
22384
56005
63837
33118
42864
38694
36640
45003
19674
14498
39126
43109
24560
60159
63408
36945
652
1706
21232
22315
58272
17910
41644
10234
41418
17961
33887
27973
59866
58654
35127
18002
46138
25302
30124
22014
20377
3067
41956
39481
8779
54948
32759
48017
56382
43545
51643
33518
32482
56876
24747
34601
42148
62110
60514
31453
47355
27272
506
48022
20610
44105
59672
17681
13911
39139
63722
10935
6729
21228
13009
16149
9776
19545
30858
1046
3423
49074
29722
49773
63549
55285
23681
788
63958
63544
63607
52126
13702
34605
29575
14491
17018
24330
1613
30851
39607
42885
6219
29572
24670
50513
55759
55894
55741
43482
55015
20736
60872
33438
31612
43972
21308
18158
10389
30863
9963
18400
20467
35512
34678
53146
32762
10861
35914
55977
23965
48683
18516
54563
61164
30681
51274
33596
25759
64430
29841
50901
29847
36586
676
61420
14259
11193
41404
2818
6191
11711
50372
42264
41067
46666
17050
39477
2695
47473
17458
36775
29312
34458
41265
18263
3210
7865
19542
65029
5314
16113
44070
35787
17895
31875
17248
10468
31886
24028
34082
27061
53214
9698
21363
26148
27276
28534
5776
63029
56666
33240
11571
43928
28731
42180
37612
8351
64573
55343
63035
51157
3031
54461
46220
34419
3466
37315
56954
36778
39958
6957
25095
16730
44213
5554
61416
55437
54991
26026
32181
58881
670
39625
51431
34538
8562
26959
1986
9455
45524
42560
38035
28423
56061
32743
45571
37930
29840
11777
49725
2069
46217
60250
51213
51314
63651
58262
50380
62663
14901
46211
16894
37537
32330
1051
26307
33431
57367
17194
41794
17594
54733
18527
8013
60753
6955
33217
18705
59459
663
20022
54767
56186
1340
27304
52700
12012
24802
29370
51724
22667
48685
33862
27997
12515
656
6730
10479
792
36256
15398
38370
6298
658
60017
27625
25167
38578
23832
11085
62716
24302
65160
22
18772
6918
11329
62106
3677
36177
496
60696
3885
45850
7156
2351
51327
671
3487
51952
28338
32502
41603
25691
3218
49399
29850
39802
25067
14843
55112
52207
8401
25715
56578
34577
5960
61215
5739
52488
46917
55206
13130
20302
62660
28789
2820
53297
20664
1179
19887
56949
36933
35781
35359
41764
57496
32263
60018
36582
33866
64461
34558
61666
39750
33587
44033
13202
18074
51022
2507
33088
13795
49325
3082
26254
23169
24918
54254
63636
58114
21774
7153
51691
17503
38767
29052
53309
25949
50923
510
18108
3223
53742
32748
50432
62708
46321
14036
17916
37635
35545
52238
51454
36876
16927
503
61892
38424
43745
22494
15585
27430
52232
35122
27472
2778
46443
34462
62786
44115
64241
19104
14126
25373
39792
44836
58356
28357
46326
2202
65384
20715
45187
38742
13089
4109
264
10932
17286
36832
30849
56569
27631
51931
660
32257
51165
56473
16142
18123
61536
25161
59355
11706
61895
39165
33817
20457
2228
40856
49896
15953
629
27178
61421
40028
26865
53843
8895
64016
44038
36037
25805
33374
55534
38047
65363
64435
11771
9699
47850
55278
63637
9443
53124
666
606
11556
54570
47125
38389
42147
22947
55297
50465
42802
56113
39410
61943
25557
57947
32766
61517
50420
14871
2239
56093
24419
57149
52616
26054
3001
63788
24878
37169
50189
16704
19317
13622
42896
37427
62287
27684
4097
3379
20535
55422
5311
3057
17035
57395
23299
55154
29854
5873
18297
29043
50446
5876
26714
45820
11210
7949
41298
9030
13453
21638
805
7437
32752
23382
24970
52224
2469
16699
47700
23770
24857
1062
46137
32055
7941
46622
57658
447
9390
48916
47895
61323
53706
58221
35159
21876
20836
60485
16173
32128
44311
21826
9595
4822
7964
2709
11515
18009
54365
40880
49120
50466
23154
15694
3781
4106
21460
42539
59830
57681
38366
49152
54836
27177
53701
55240
10069
56148
48936
1034
14408
37208
35700
58538
59185
48796
43821
45096
10631
30335
22409
26104
17991
51883
35280
32082
15042
18685
35701
2429
27330
13146
45320
15884
65289
32793
44923
41107
58274
46759
58286
25023
1233
59561
43516
15895
356
25638
48032
59552
15896
41500
48680
37258
18674
40604
65433
12416
27859
17954
41732
58056
39808
44911
45149
21259
50262
42639
57312
27843
31319
58817
51040
63522
37633
48436
14243
31632
62305
51754
42104
62524
12806
8165
53711
59918
25737
51453
56615
30581
28510
43605
39044
37888
54947
53871
48596
55802
59838
9775
59475
62490
42889
21377
25998
26956
20584
25912
62257
38208
38939
57319
51156
2034
46434
39498
59221
12632
1681
60646
18240
5423
64807
2966
28734
28231
52519
9817
32405
61774
50243
37
2283
57290
5762
43823
63382
62164
6396
55443
6479
59166
19440
18287
29245
45704
6162
2907
50284
37355
8034
33855
64400
26139
13742
47032
27346
32499
25126
58407
46478
25717
22842
21295
42121
21111
9891
18059
30432
1327
11720
11935
33297
1950
56776
59113
32565
25011
62177
42058
34933
48083
18168
9169
47053
41257
60916
7622
2270
59848
34215
50214
45531
41495
11978
15995
53707
16507
14866
21559
41037
58586
27421
60697
15746
47418
59863
32428
32396
16540
1787
60041
13344
46319
14602
49951
45755
5389
45123
57613
44770
42763
10544
42697
18458
30466
61660
4171
36192
11341
21002
37640
45621
52763
6846
11322
4555
42192
17747
62744
47765
12922
27530
13752
13722
16887
33633
41088
39515
57048
33984
23395
62826
55430
20266
22522
50035
45304
577
57260
51688
58963
16636
53488
60639
9061
33424
49817
64406
47760
16423
47055
52636
64460
54759
2774
8338
47330
307
10763
6496
35705
3372
65133
53311
12183
20602
54685
41582
52054
62456
35500
39396
64475
22850
4993
26192
33430
45259
13612
41751
57670
11310
33768
17175
32839
45647
35594
63033
18736
2546
56983
34723
50077
7612
18963
6460
4716
7868
38349
43338
33490
46486
38623
53502
51383
28275
55258
38801
63145
10715
42688
468
2866
24709
9011
59582
15226
24902
13403
13907
20384
7321
1477
56543
26589
33274
49872
30282
19514
17854
52805
37858
13023
44805
54897
50698
5349
56226
36937
63100
35086
33991
41101
33569
51460
19792
55550
25607
199
49443
57252
23913
49988
17771
42794
15500
21438
7213
19841
9656
20149
245
25007
23909
50286
4540
40993
22220
40116
50939
48111
32586
54155
26953
46153
28169
55351
60348
27417
60902
62885
10449
55703
30345
9334
76
21348
48797
34767
8294
50876
4548
28948
6580
34815
4173
62285
28468
16006
52687
25586
43542
34234
41246
44827
31894
47033
7083
63937
30213
47029
57665
13043
50624
38328
42579
9496
16083
38229
47635
31968
58213
30880
21441
52969
47094
40013
42672
31534
64226
65018
64558
2798
44539
48399
58058
30714
6065
48138
58808
9186
10724
47103
8348
24971
13064
51501
7919
13349
25278
10442
28937
64402
45808
14599
5963
61484
36963
39779
42404
15440
42987
29186
