35358
7841
41901
9056
49194
2954
52930
60961
63796
23876
29521
14367
22714
37321
41693
51754
48184
59345
33179
49313
41368
44830
25817
33811
34029
45321
56748
23163
40014
53683
36360
19422
55791
1136
34858
55701
26006
14017
43935
10425
16753
23754
13231
44817
42336
48563
36851
34138
6674
1912
38195
16498
27536
29780
46093
1919
52506
43610
37493
30030
64282
14202
47424
35668
26196
61820
64258
27550
33167
26354
16797
61385
64128
37155
43875
45234
38444
15609
33447
33891
32247
23612
17587
42468
45065
4023
10519
41275
4855
33609
27821
50100
1584
23663
58399
18704
41214
38767
1143
33117
10078
4960
5490
41164
41813
1651
21093
19042
50169
4250
61987
61232
32244
3375
20973
18237
33907
32811
5502
59733
40443
22881
57782
47550
44542
18960
37999
9315
35182
42169
150
11885
47044
3100
28103
15240
42473
13005
2401
29479
41072
9463
44086
10484
60590
15949
9121
50011
64825
13706
4351
42447
46589
20920
1457
13610
44858
28316
37516
41274
24725
44395
8603
35418
7134
2743
55095
65492
5319
19659
40320
52404
24423
45448
49534
53604
10850
10839
58673
16510
49290
2361
45341
17450
9017
49691
20112
37450
59053
15273
20028
12330
28876
3737
37628
11004
11519
23913
54871
65207
11249
12759
21723
57458
58409
42591
57500
48842
46903
13334
65084
44718
6854
19582
6858
24303
51991
42005
51722
6686
14741
44121
11070
16977
41876
40004
19543
56518
45330
50565
54186
61018
20125
64522
58929
49962
1427
41684
33531
60729
2765
52606
5256
53959
33184
40720
64216
40998
25308
59023
23948
2590
42833
57464
41127
36857
8025
21336
9751
20127
53844
8293
8662
26073
53972
1163
169
4905
1300
20933
22130
32157
57238
47235
26409
17793
27290
11433
65065
34465
26728
51096
17436
48787
38381
26844
6942
24825
45479
63249
65350
53755
41739
54137
53568
36456
4651
13305
42715
57563
4892
18215
41129
59808
33988
63875
37881
7511
54273
45866
57430
36102
14860
54182
10052
21346
4515
21448
20470
6398
25611
47243
14936
17342
25748
485
60425
20994
8400
40431
8721
16566
11338
50090
34841
28158
28841
271
7091
11549
48303
6583
11225
48093
18575
26372
39880
11866
5462
34920
10487
19473
45302
28147
30297
6283
6836
32801
27011
28249
57786
31304
40326
55896
46978
48120
53817
20060
45579
19421
32785
28989
19793
37576
37804
8429
8039
18553
26752
1699
60763
64003
38095
24914
35742
9908
52229
11542
30356
22971
1847
46757
41791
7263
22963
10682
5978
61500
48805
4690
64193
6387
58871
9223
57178
38795
60650
57240
40606
2890
11155
49521
56897
52658
25091
10655
12077
30857
26291
47866
19541
54614
29722
39629
32185
19230
26760
16399
10436
47996
26468
47621
6597
9150
45687
40798
18340
25370
39925
38177
4478
40414
21816
58885
55634
18282
37421
48384
30414
3441
18475
6275
40594
49287
6068
54095
58298
41373
20864
27689
16517
46667
1369
21330
10808
59356
22378
56373
12284
53304
4806
16444
29897
4810
55491
48318
25407
6296
35731
17792
36269
59905
46824
38225
10953
50797
47097
29662
3840
12734
26790
23825
57032
23050
37557
46344
17167
23496
5161
24584
8413
12090
5763
10368
55509
25792
49494
20107
29201
33401
17143
33624
56336
50306
13566
7426
56657
64428
21718
50311
14880
52929
30266
46212
56636
56030
38020
27255
13327
49011
28554
53198
64766
4077
30806
55382
35256
20831
8074
44551
12102
40752
19491
61421
51359
55819
334
4036
6554
29689
26678
18083
37908
42400
21550
55708
55029
58161
54550
10109
8479
16004
48252
7428
6226
49913
36255
33557
34040
45386
44050
15193
55989
13317
12477
16969
28975
178
47080
27986
35586
51176
29023
16428
19401
17535
39965
41311
5497
60876
21970
10157
25470
13643
43916
28532
5789
24899
3638
686
37919
39311
40820
25113
58417
35982
57694
19259
28728
40131
60894
24665
34282
28535
41437
51512
43805
20004
44748
25458
20636
17395
65336
9717
46834
14660
30783
31822
12062
53613
49531
46003
3438
58329
20893
3500
28830
65506
61042
18596
19876
1314
14147
29131
17191
61580
335
49997
39365
55151
1794
4533
58743
7005
12365
11250
10691
41782
38310
4111
53338
11948
20639
59102
14901
11853
39225
12197
49885
28529
37877
31030
59662
18792
34149
52237
44036
50158
26687
4195
47391
49560
9091
38299
9097
41195
47541
14816
51814
1572
50414
48349
31956
17953
3647
42562
50852
16554
39028
34369
22642
9090
32941
9102
20631
95
42174
52427
41741
29233
30808
51338
29014
9931
21061
6784
23315
43355
58442
20217
15503
23982
30098
31278
17184
8387
324
28829
38955
11847
42405
34423
21538
7536
59447
61372
25810
1448
23199
32675
11315
26086
39619
54020
229
20000
36920
29955
37419
42341
22768
33770
16756
7962
11688
4105
13261
40360
21712
21616
30298
28973
45244
21453
26013
26010
53329
51980
54339
57554
41340
46216
9347
7073
9353
21622
50307
2337
22804
33031
36882
54786
12465
33827
49898
35828
17494
31524
11044
38253
48143
42970
51152
18143
48029
44247
25261
29786
28026
62554
25665
35400
5288
19313
3558
32751
48220
33449
6917
31301
45908
16187
35734
1101
39843
23311
16015
63958
55867
16003
134
48341
58137
26952
43056
41647
38860
10497
14540
54610
30387
12474
3770
8341
17725
1413
21893
50970
28992
50699
32926
49612
62260
61417
4787
29665
32142
21898
11589
62547
12869
43103
51196
10234
57919
46022
7192
48808
60608
46794
4344
33442
34660
33096
63029
28253
26087
34698
61401
25728
60360
30194
16609
22724
14577
17505
10993
49608
34050
11031
42282
20207
8388
44874
37674
16104
34338
58659
45831
26963
36504
49306
20302
45441
46801
38186
42281
11729
1083
49961
52266
44366
26590
63571
17345
56807
4315
27649
60621
24175
44527
51498
47950
4100
52683
4529
33133
20607
41059
21675
12701
6452
28322
20591
38032
3103
53341
19278
39852
9460
18323
42070
37606
50468
37610
6228
45798
46765
46754
49956
28100
44257
30490
43948
46217
42257
38024
19317
47989
56416
26609
42892
40409
13970
13825
18334
16184
50319
48460
9359
34923
12138
30969
47245
37583
2969
5185
55384
27203
7795
57221
62221
45123
31477
31859
50895
8486
38644
9646
13365
58024
17019
49498
36500
46415
33698
28477
25675
57070
35882
62841
65395
16704
9725
59486
563
21043
23167
28015
49633
3195
27697
36002
36991
64459
49726
19748
8571
575
57750
53750
31526
58131
7576
6132
12916
60662
16855
524
34758
49050
54527
27511
15708
28091
47783
62912
30605
1465
7070
20562
50015
13108
59383
46706
63272
52554
5064
12849
42312
51119
35642
32626
13839
42076
65324
26417
23570
25997
47023
64238
22621
44653
30877
26373
42213
7822
28407
5213
47463
5140
50757
37680
15998
16702
21714
31182
58899
63525
57946
49447
10338
8000
23699
37649
35511
2492
9377
63311
56301
2624
57904
43578
4503
25720
1144
1372
43594
30346
21334
4536
24876
1468
57784
2686
24843
13709
42634
19490
41503
29748
41796
23827
44844
52304
1157
45133
51607
5151
1037
9024
15153
31307
7811
39017
60836
59220
17729
10857
5928
49245
62331
18939
2510
21711
50473
49522
10624
33735
21097
222
44872
19595
52148
52150
63219
28085
57401
10175
30575
53030
39011
13831
56306
39488
49624
36020
41654
28548
50466
39782
52780
19598
58794
65137
10631
44102
25684
58479
29407
12391
59627
2650
34977
26243
49846
42132
49196
33918
39495
26484
22111
12857
62098
35895
62326
28242
49185
6355
59104
65148
46587
42066
39078
33299
56826
46401
58233
49912
24506
29074
36967
45899
65183
15364
60209
37815
28128
20870
39082
18052
20126
16132
4386
53032
17982
17250
2709
49979
45307
35687
22597
2723
10960
5536
16319
31186
59389
39415
56023
29140
3432
58354
49784
24514
42862
21166
38006
23909
50624
52151
55006
61163
60955
57693
39399
18248
50472
58468
55874
23447
63161
49184
13608
18865
1678
1151
4543
37848
22862
10350
65391
49910
21698
22103
58645
10800
1991
19784
63201
62741
749
1262
12890
40701
33027
29469
20532
15850
42157
36541
3053
24705
11818
45562
23954
38898
40748
29788
49658
53136
11235
27928
23095
27630
35254
57157
25221
30483
7066
17091
28553
22538
12134
13416
32001
21486
35712
32491
18669
11411
37342
44685
43713
54861
16146
45825
63675
26830
31257
33571
48648
10419
11247
9577
30940
781
56102
38520
231
5082
8408
2067
52207
64711
60291
7388
57515
36118
38183
18665
8886
46080
26735
11480
58966
50201
50049
64210
42693
61962
35946
40567
35831
5454
19734
30435
8935
29191
10527
41295
48507
3745
52433
37773
19061
26297
64434
64318
26359
25309
708
51425
36437
47606
36517
13489
9126
20171
32347
6599
28183
29726
58990
9131
11905
16962
170
51040
16556
9492
54617
41132
26225
20800
89
16111
27790
31327
51137
15666
11434
8068
39440
40686
30999
17979
55945
52039
2601
37831
13984
22811
26982
56699
43503
51147
55124
6106
43643
50825
18123
46766
13989
54867
41720
47352
22827
2331
24911
64998
27866
39499
5204
9210
57516
8071
10532
8252
64801
1099
57303
31332
61084
21769
51051
36508
37335
59855
48300
8609
45984
46731
2759
57061
13441
54051
25063
16686
27350
20203
57700
13294
39489
180
35855
61419
23553
50574
9048
18066
36826
45911
37546
26150
2787
31494
9576
23734
11337
45738
30352
11193
13896
28559
35822
65191
13567
12937
52395
16453
47091
25151
7493
63824
52502
28773
61412
5745
62271
38673
11188
10506
53287
42497
47038
477
52567
51462
48298
46688
37982
38849
32881
36417
19569
172
9706
28682
14301
59236
10959
7719
37016
61446
60701
25886
61997
50092
55615
19328
32459
31201
29291
17229
25566
62996
56917
42045
17309
15250
18697
8972
22667
6487
56997
666
15899
27776
22585
59768
3352
29075
56889
24229
48998
19385
63596
40848
4762
27085
64633
33838
11374
65115
33934
51208
37889
41234
32394
30949
60466
17261
14666
10531
41329
65261
15256
43338
28543
41490
2348
4747
52961
52129
9376
38722
3261
11916
3751
5731
62892
37659
33355
40568
9296
31179
21784
21800
34808
36756
40151
20194
37869
16866
46249
51226
6480
37462
38184
42261
44807
16763
1301
2344
62170
29953
28991
31214
16898
50145
26785
4771
8398
10128
41032
1882
45114
51340
50691
7445
53472
5507
40908
39785
57117
31285
9665
41194
6499
28539
10380
51194
27127
10968
1704
22181
46944
41060
13640
33673
31906
11437
30315
53033
62321
26103
38138
3946
24512
10382
15900
14671
13385
62205
47935
24737
36809
818
26205
15838
43156
61351
15551
61407
60151
50914
61049
21801
54931
47630
20851
38817
58164
21410
10442
64328
28500
4032
58303
38826
34295
25814
36219
1701
58087
36690
19934
14619
9213
8770
42641
8663
48230
26023
63439
39452
36731
51691
4741
42646
21165
38729
5589
48099
43666
4989
188
28703
39484
224
22287
64309
49936
54545
60213
22815
50821
11753
27368
58796
10913
53978
57711
10812
31641
24660
39289
52268
10712
37472
12358
30827
4068
43179
33049
12673
49362
8079
65179
48406
59303
24187
45664
38457
41470
28536
58943
34892
46722
51840
44840
20266
7940
57613
24900
4031
40465
10811
18476
11644
10912
45786
36220
2217
39150
11292
25714
20596
58093
34781
1680
30820
56387
49870
51375
58968
17210
17929
65000
14501
6910
36485
63919
30444
46033
4329
29501
51797
55381
44901
43205
20189
20395
27299
33755
12426
63055
20626
39578
225
47846
45309
39660
10481
27302
50875
49189
41202
28153
11245
57585
62479
38285
25282
23586
34802
64972
8856
3954
18111
30943
17423
37528
28920
59156
64213
4342
6643
61432
29902
3600
19565
28831
52657
1792
47264
53871
21570
20022
7198
21020
12566
36715
26363
53526
58470
58390
49529
3861
44560
26706
3681
26769
2396
30880
31694
2931
40013
27643
33071
10045
20918
20774
21367
19237
40335
53591
57453
7581
20783
11663
46141
14724
27403
7664
7806
43742
19070
14077
17124
19830
63136
38363
15498
18804
21949
17058
42477
16121
52145
57595
23127
17371
20912
16367
63300
53508
51125
20176
201
36547
44422
17353
25681
43142
61505
7677
9327
35469
39253
49218
59406
19834
37987
7473
61856
35746
40779
36227
17360
39959
49843
20187
56740
102
43912
63762
14863
15973
40484
30684
37671
55025
41473
26449
45887
38749
17835
24475
1628
50474
58464
860
27184
8542
61506
49957
57599
53301
61103
26487
50014
55359
34535
30179
45438
39531
46932
39358
16900
7054
12644
44647
9320
26638
12169
44457
4206
46560
10901
17771
51749
58312
48223
22416
20239
35423
4190
2648
35856
45447
61995
14986
57327
13621
35525
26105
53306
52092
3314
41494
24157
9074
40191
43532
34903
42407
61096
27740
55454
2460
1432
30811
34068
17761
61670
41158
23135
46829
52431
7186
200
10864
12922
10621
28927
57680
54253
4346
9316
50469
51387
42435
6494
20244
21710
13605
57587
17206
22940
9326
23214
27481
31596
21259
14855
41089
32866
3553
25793
13477
8008
21277
51756
39545
56810
61239
18650
256
39786
54451
33923
8877
14689
12715
41241
28970
53021
54158
1389
25114
14231
47978
17985
54429
41406
34337
34321
2491
31458
29856
62574
18350
46907
21357
39125
17161
4569
18033
25163
6625
31541
53899
59123
24910
26002
47158
9541
38639
12228
6634
4940
33001
35887
63032
42280
10197
9632
1320
2341
4549
54583
57942
31069
29698
16653
31817
26783
24948
29288
43334
42277
64144
25870
1317
21797
52505
32336
35657
36689
44258
40850
41318
49628
10055
49491
38181
47242
1291
318
36165
4531
30616
3138
24828
61259
19139
65508
4620
64352
5196
18895
40831
41530
26107
49075
22261
34935
17627
30088
57316
55812
17524
19186
18640
24770
14076
34215
37577
956
15015
35476
1322
21802
41155
7853
6994
32512
56492
27817
584
15050
32139
2763
21386
16271
60619
44001
1321
12362
22711
57691
41729
37172
15090
35530
48588
30630
58744
16295
3260
50425
35239
52253
56142
6990
39551
14583
63501
64338
45389
45985
20595
12635
26579
27131
62527
46215
48432
50318
23468
2988
15383
11369
28155
47077
54785
54930
38267
12936
9346
18119
9358
7013
50957
22377
19301
47973
45966
39966
52799
1932
51816
38126
26909
38114
30523
42756
56165
17616
57074
4200
18651
15791
40367
19118
35171
20041
12559
48309
29025
12104
45677
28806
1884
30796
49712
35398
55340
34943
31617
25478
16624
9081
24431
59218
25153
5575
59113
62638
11039
40252
32686
40977
23868
60844
23151
3618
60315
40846
4530
33773
39539
44523
29039
11326
64940
63653
64492
13358
22725
55143
9817
35353
36586
33598
54681
58353
30888
1211
15089
46194
24951
16767
34479
40733
9922
30269
42074
56625
11689
62737
17498
45802
60332
29782
27549
28284
45741
14073
18812
17251
57609
13213
39182
41888
17417
33642
48197
19475
43614
6149
29161
63657
22945
15667
49020
4661
22431
17598
53428
50112
4671
50813
60992
1879
60583
43896
26425
63583
58453
28022
42663
20052
18280
8883
7564
4790
27263
44098
43649
53124
47943
16160
53270
32120
60963
35
40395
22481
45491
16784
49420
23353
12199
29078
40802
44162
28094
46409
31063
62835
32891
52847
59777
323
16552
21502
13980
55797
52790
29945
53296
54195
5869
18862
4929
22516
10106
28964
22210
18958
31012
20001
32927
32924
49650
631
61017
57359
872
12656
6946
22772
17441
2745
42814
12653
31015
9495
32190
11461
26094
60800
22727
3383
45435
35421
19342
37550
35437
55146
49719
44514
46752
17742
55335
21490
61472
52603
2327
15166
60492
30095
7542
43550
61369
8468
3753
39631
48815
10553
29676
49117
10903
40620
21994
3674
32975
43796
13269
59453
45996
49558
48346
45955
41012
40644
22833
24258
47167
18732
34079
26927
2477
31049
37858
31967
37870
36121
8934
52363
44058
8996
56100
7860
8938
50420
7732
1553
49894
44413
38761
62550
27553
12554
16238
11695
51710
24379
21248
21934
52547
29244
34047
7433
27538
30815
40759
59771
49669
41
49869
9021
32132
11185
3699
18622
8030
7170
64487
40206
16754
50916
27230
37673
21834
27508
37882
44806
9938
32410
8339
1397
36593
37023
39003
44696
45832
6658
59044
65354
34298
34430
27256
33843
50041
19340
25841
36493
12577
43032
60898
13133
13310
1013
20754
30283
21224
52375
14755
10002
28675
26871
39913
20885
27223
5662
49584
31858
54646
12106
39914
39776
17569
46348
17110
31512
53493
10582
29674
24504
4845
26744
59401
8922
49043
18430
61224
62639
56559
48637
3367
38188
29402
23639
58301
5666
45893
21804
59630
39010
41854
7359
17988
53240
40957
18174
40072
49162
33868
56816
61508
63147
47273
40975
6649
64191
50096
8680
63989
20026
47885
12068
45707
35195
56535
26864
45962
49388
40064
22837
16680
29313
58937
65140
61593
6031
31636
6286
42748
25818
8834
8046
35385
10451
57253
19379
56743
42920
7224
25514
6079
29169
11874
54288
26870
46330
53885
35123
11322
17704
55165
18585
20040
11167
35125
53520
6675
6681
11327
47831
5243
11886
56817
18144
25423
43749
7205
57404
23455
4733
3418
20167
61338
40435
53853
6277
5934
863
10005
32014
17688
40353
8906
44035
26934
34628
54053
46751
1774
31804
24925
37092
56822
2795
21406
7845
12647
64466
54773
56312
10047
49298
43956
46074
10042
57776
12204
18820
33302
53983
36023
56895
5036
56188
36919
30344
29047
54313
8101
24210
37816
52681
57183
64673
40680
47218
61342
6305
21082
19381
41298
55316
63108
56532
9030
37120
7093
15134
8599
25718
51383
8781
33865
43422
8298
26176
5494
34891
57911
51047
28280
28777
30529
461
51792
16441
43219
42195
8833
32802
6845
17706
10806
61827
7813
57791
28807
26254
48122
45814
12219
4689
10470
58877
19806
56890
39022
62163
32471
56314
37640
23636
388
28557
51123
14841
45827
36355
37177
47990
16667
55715
19634
36168
17035
56182
26173
59119
12160
9052
9768
47265
20057
47567
30710
53548
44113
25140
31763
31018
59786
13092
20808
158
7782
53829
32498
59884
18603
50589
17245
7492
15601
49130
60740
31014
22983
29533
46442
17083
42199
38301
9578
7289
32515
25306
5832
48780
46240
23796
63685
394
41902
10568
34901
46838
22693
13137
58979
32467
40673
17452
57556
8655
35821
56669
37327
19258
42220
53557
64034
49937
23967
42069
29651
3773
46241
17460
21901
61181
28050
26717
7722
55235
13834
29932
62276
17484
29983
51114
47018
12385
29858
30124
13463
12859
45990
35876
48769
397
10082
38455
27741
39137
28555
5742
62059
34209
35399
9720
50168
2231
7769
34057
35392
21496
47782
44402
61612
49327
35885
28844
43461
52472
11976
48548
21805
51937
31870
8507
11907
38307
26499
29432
58084
34778
19672
43407
20806
29
31741
11261
59764
1093
8608
29102
46729
6376
59562
64376
61396
58292
53976
607
11727
1325
46845
8248
65480
27252
35305
57071
41316
42561
28481
13657
51706
9490
15287
25419
60256
40870
30200
17975
26017
30593
35588
9125
50827
58135
27451
9120
39441
53981
37483
8497
42315
15895
9644
10924
18661
46725
34063
9387
18979
5031
54414
37648
375
23022
54156
54318
10801
464
34564
30923
1100
36565
34036
44238
19781
42719
40592
55768
35811
63512
25674
16354
63708
10184
2384
6109
2469
50818
10918
17182
48888
61160
32135
64375
63941
51619
55717
55635
1805
14078
6877
8077
22949
11918
19502
10805
38007
40270
32963
45048
43318
19998
12674
9638
43108
22952
56415
8891
4098
12205
17242
53340
12202
61879
29530
56048
11358
49069
35336
47892
51988
49133
49066
63737
21284
56955
37292
23775
649
8508
22980
47499
54120
38286
42714
4075
28933
11481
61464
14346
10606
30296
60534
59032
3206
52479
20351
50432
3997
19570
64256
8042
29898
23552
51187
44070
16405
39053
3142
47985
61591
61381
56302
38878
58237
19059
41186
33453
2534
14695
5197
21977
18075
33783
61027
24243
8456
28398
58244
52727
49866
37885
19722
64114
17858
38550
61113
3690
51694
31316
1493
2440
25600
43950
40289
8743
40109
64708
44502
46998
57248
16603
185
13976
25354
44425
57865
39919
46576
24712
39368
48111
26064
10547
4877
61194
56291
44764
19733
50851
24658
55765
57871
4570
26510
4020
13753
47497
32817
3380
29149
3625
52775
57060
63173
44668
40973
17026
49948
44073
45486
10948
1901
7453
5479
20560
6391
63040
711
8346
51497
65055
39181
14142
40825
62287
9781
11355
43473
48301
57344
6151
24842
3542
32308
39775
38185
11643
7762
33833
60522
14175
51099
31204
18276
10371
2244
4257
12736
53975
24587
56834
50854
33349
18786
62958
49834
14169
52262
8874
46008
38295
58286
34256
2342
7206
41497
37719
1541
59034
6323
39320
2821
23160
64879
5897
44962
28635
31233
16157
64387
53418
8618
36677
40056
51494
48245
20946
3258
10369
57403
59038
54516
51329
42382
55624
43264
46869
65221
3908
55515
62152
40385
10518
309
21749
30480
58224
44623
18809
25394
56050
55118
13129
12503
20132
18198
64118
9841
51728
59333
57768
44448
45180
25207
55516
28610
4916
62178
16759
10699
63729
51192
62147
34294
18527
1765
11046
12176
6918
13574
52191
53116
49046
16468
60584
34824
52838
21759
55157
58790
43162
3098
53374
29466
600
27287
21080
13077
51962
27291
49660
38924
12993
47012
56918
29032
23157
45591
16467
39998
23221
1033
23141
56114
45529
21485
44974
23109
48545
8028
816
12865
7560
2201
60828
62478
1324
64078
18104
19824
20016
37213
34703
42284
58388
24494
10400
7136
62885
4377
21951
62680
14285
9309
52139
25889
18007
52559
15178
27764
30066
27767
35904
20975
50441
2495
33646
11897
12994
64157
61529
42475
37363
19078
5884
7202
1438
19057
41000
52238
43731
14735
21946
20637
48051
54216
54826
44638
30984
38395
54217
33386
65424
65094
53886
26964
27720
25716
22172
25719
55881
31038
16587
64965
8006
53874
4253
59482
33612
39734
41007
44341
13290
29807
7474
47566
41476
15518
64600
3927
1695
57155
2094
62278
40449
9070
34403
36946
60823
46870
29404
63700
42753
23134
43169
57077
24471
10236
36150
37672
29690
40495
40355
1166
29759
1692
15367
9132
27809
8366
52578
677
28986
5541
28305
22767
34132
43501
7534
26483
39525
8546
53498
12292
56140
39374
6988
25902
14975
43312
13
39558
29940
56042
47346
61587
23525
29034
28066
10907
44005
20228
39909
1381
15082
48212
9319
3045
51957
17134
63145
11431
40281
49606
16942
11305
55339
32840
21144
19234
48845
35419
63503
29741
17214
39743
32301
64092
40236
53103
16933
1384
41826
20710
61553
34949
38605
29472
37312
16722
63304
7518
3675
3364
30691
42152
37102
54250
48265
2235
8851
19837
37998
48643
17200
65426
37988
24545
30008
23200
2579
24957
53873
17648
7030
41944
2664
3920
58126
4796
49106
19318
16327
45301
32295
23043
58104
101
55908
56863
37350
24716
37269
41485
61100
32873
6441
13048
12522
9650
29532
49251
35002
7685
57244
44701
61482
3583
36986
55243
46879
20685
38409
27530
31248
34106
60669
59175
17513
62893
49346
6493
53803
35795
40248
42775
37499
36932
35401
49958
5059
5065
53810
16785
2614
35728
31090
26424
31358
41283
58629
57283
38192
20485
61021
3673
45943
26193
27473
23503
65338
10573
11472
29519
19534
51022
16281
37038
42730
8082
24292
13802
51938
33872
6699
5608
48458
55163
25712
18113
47289
31588
30540
39405
17817
61900
54631
56243
14747
7207
30006
27484
40235
15971
9850
41833
8566
20768
3559
64635
53092
54762
44530
21442
33999
21454
47345
49577
53000
53875
10036
33003
61114
33599
50170
39648
39887
32484
17811
11444
15552
17131
55383
60096
65228
48405
54294
60508
24207
60109
57774
57229
17422
52551
18446
48338
32419
48625
823
34707
44385
44543
37790
54778
16656
58384
20877
12172
55354
6808
30148
56489
26204
40948
11946
49263
19276
30738
10840
40610
29738
49578
8778
25522
12387
37682
51508
47948
28795
48902
32590
52998
37274
54519
8946
24589
39845
40249
43941
15098
57539
17740
53252
37356
47437
11966
13799
62673
58568
44536
17936
1313
16266
36729
17619
4241
28306
25994
65239
30795
41428
24579
29483
40233
24072
54262
37118
54266
22866
40713
6133
34623
22193
32289
64832
63302
34823
17044
40029
17125
57809
40651
42385
6595
12434
38836
30636
1636
2000
48904
39035
37163
39410
59821
25945
7340
28044
10560
16462
39772
34917
44755
51583
63906
38196
36122
29812
54351
2610
53482
45488
24738
49297
5927
52777
21113
11572
60703
57579
36353
17156
40293
22634
40765
1259
44841
56702
23709
28279
17439
61958
37969
25245
61223
49006
14211
26794
62790
40062
33367
39858
38486
12162
48292
19723
11815
25044
38616
51978
37073
40541
49435
58939
63631
50647
38405
40221
4718
33601
50442
41172
20045
52358
36260
51225
18171
37840
45036
57545
48397
46317
62997
63987
12326
55256
17805
22859
26506
53125
50280
53127
28769
5705
40403
61180
22133
54989
52626
37423
3622
61166
3368
25565
21250
42691
59054
20011
50235
47435
47656
26872
61902
14587
61370
45816
10345
65079
50567
11325
24466
7123
3769
63371
48258
40433
60709
16194
13609
35504
12560
41288
39839
45528
40678
10339
26488
42310
63116
43838
31184
33913
1155
22835
399
25934
740
13948
16314
7819
63747
948
18866
49190
56311
63164
8496
50471
1220
61093
32144
53577
1667
53238
2746
38719
38254
53607
11561
58965
20976
43249
24092
16994
21857
21364
38891
61034
46077
58653
52201
65135
10472
57300
48510
24038
22587
25006
43729
32331
2887
18579
37936
2667
9303
12339
12895
34743
17118
43495
26509
44681
64438
10954
42010
61444
14384
28679
19713
2506
35825
47869
15951
8007
20960
37021
31854
33310
13391
20635
41102
7063
60705
25938
52582
1833
64489
41325
46951
40107
43364
61966
52907
38495
44675
50715
27719
10589
50195
40656
41807
31783
40209
40214
19411
36137
19417
4145
9332
64266
22365
46573
37660
26142
2292
61623
58007
62933
61934
43597
63206
64171
18521
54640
52897
8521
38658
65413
38647
48992
8714
728
52160
42221
21830
34819
13987
50276
25376
50749
6606
52065
33901
23753
22050
44369
64491
54116
30753
42000
61098
24156
64804
49593
29064
47481
19483
23014
46563
28819
17295
54766
57681
49283
41959
24731
26873
21778
39705
14148
4318
12733
4108
13438
25472
24777
58824
62683
43466
19556
30081
39676
43911
62451
63520
27396
65298
14550
46647
16411
56143
29563
3569
42620
60951
23867
4828
21149
64015
8527
5633
44177
17288
60803
26885
55704
56623
9997
61582
38476
47374
31120
54383
39552
50291
49411
52370
282
42377
42708
20500
62391
34619
15327
4911
59157
51901
47951
48400
60863
56120
119
40691
53481
13435
63530
30427
30928
43733
54552
21065
19629
39274
64481
34734
44763
41256
33784
7914
48371
7325
21523
15788
58674
56163
52958
21470
57996
52649
17737
45359
64071
15759
34004
20419
15041
45058
58440
25304
4565
7014
22212
3568
13277
34600
21271
45615
51181
60079
44447
33791
11476
38436
11577
57459
54651
47758
27280
60348
61988
25809
13421
25136
60877
46089
17722
31933
15103
49295
36359
2338
38757
44187
47004
11424
48227
62308
32073
7402
30617
63152
60366
62915
57714
56960
42736
25866
58395
9325
55995
44427
21707
52911
32701
35691
37984
24262
65333
52555
43615
7287
37188
53303
20061
32279
41243
2014
15323
63582
60633
17356
60076
57787
21993
62778
31429
62773
22288
31178
32460
16644
60609
42101
25283
59660
1295
31089
14038
53935
10512
29638
7282
13952
14199
35863
27168
45793
13713
39946
33958
50285
37985
10561
51321
1645
28165
56353
63343
45747
38009
17662
5
3145
7111
61057
61676
16260
44728
53576
40999
1158
14625
63535
22273
35245
43960
35446
6511
24307
17496
45884
22376
47998
8180
14767
7177
39778
50136
28856
12801
35594
43959
37127
22810
53625
49980
31103
55727
40256
2722
21869
25950
37097
33475
44375
47690
46772
29157
46527
47551
54777
51568
51574
25695
25790
55230
25439
12508
13083
48052
17228
46695
43745
13153
30574
64026
51232
23681
1147
3181
18686
2311
22318
40311
60036
56221
20598
58693
6157
42455
37708
46955
27196
40039
19955
18022
24728
30782
60257
4598
62702
44034
46699
62660
22627
42866
23303
23527
31365
1639
367
39322
45850
17468
11800
13333
16577
5782
37426
46696
19117
21729
54924
41626
43203
27707
22508
33776
50887
36446
26511
39077
6884
42910
24006
54379
46142
12334
58156
46960
59246
64308
63513
49943
22002
4359
41504
19292
53009
8105
27972
34932
24516
38274
30583
59930
61985
20663
59520
13664
53862
16033
23011
46017
65236
9271
33470
7451
40835
29959
62559
34521
28538
20006
45672
6402
25867
62792
18790
53550
64107
9009
46693
41677
18422
23841
14336
49463
21355
40540
11982
50784
18380
34568
49991
31955
41281
21763
14174
19580
7742
21605
45284
59443
45049
644
8090
26311
54382
48289
2504
36524
30467
47972
36056
4975
52360
19215
56358
36678
55820
14150
43290
29334
47182
30254
19002
32302
21943
18315
23137
55174
4948
20465
30425
58463
15859
9485
39690
48644
606
24749
51215
2291
47857
42498
14508
23545
65161
7326
4740
30316
45164
47663
45348
26651
6596
21086
28181
12803
17852
28573
4568
58516
33075
62735
63467
51088
57011
31149
42826
64058
48582
9974
28746
43193
34135
25766
21730
42932
39466
11662
5583
8445
753
25436
17707
36238
64570
20618
40420
23032
29608
59658
20231
42943
46935
38243
5645
39469
243
28718
7902
38255
22342
55271
23708
21455
31303
37599
65495
55289
11684
36588
10144
51999
59801
28706
17698
11821
52501
7570
52938
58857
24815
37448
33525
2215
4421
36109
55419
31356
55385
18851
10567
58359
20139
14569
57976
14157
25362
57650
39453
26906
52682
15823
22220
45400
55033
43314
51620
37896
18764
42991
8792
17055
51857
47721
16984
57497
19371
7138
56459
64364
14701
9389
24880
30626
59310
5913
14099
13789
5778
12524
51989
28184
29041
32778
61437
1831
13502
52973
44715
12239
19880
53402
58407
56630
930
56949
10925
32472
2819
64851
40955
27622
48102
13149
22871
60755
54202
43779
4700
20261
53159
11336
33372
35335
39846
16321
25868
11715
7199
17354
56054
49233
17357
22726
48629
54529
4255
24813
32474
1709
47704
12415
12212
52793
19025
45959
18860
49279
44356
19180
8967
23316
47713
35265
65368
12921
47874
33491
7678
50475
59270
16893
33991
4723
42366
56315
38780
20689
28132
59177
61618
7577
29830
55216
62445
29574
1104
30159
17709
8590
12915
53941
37358
24300
6553
62602
48204
42003
27163
20267
18014
64085
21925
35981
17703
7346
39018
25479
44710
2472
47655
1052
63916
31190
29209
44801
23973
32537
7583
49214
11691
21296
31194
20744
21574
33529
52384
20507
29654
23255
64151
55221
56092
61800
25930
11682
50593
29062
29656
13762
31366
16988
7572
54556
41596
64163
30962
20270
25361
277
16185
32192
56727
20039
40614
26852
3
287
45504
43765
63561
31935
41952
9619
5324
47116
43873
13794
19245
58206
3540
48330
37262
47605
28999
17290
16904
42836
47397
8334
17546
42118
32030
42367
16366
10894
3079
28456
1545
48729
41752
6341
65288
54530
24871
23820
5165
27176
28164
42547
17947
11536
28707
15113
9520
32769
2063
4906
17701
3648
55302
20698
35603
44865
43534
48451
5580
33862
29637
30412
43344
36762
25625
61908
38052
28212
44325
53455
15676
19048
53619
40361
7115
43744
34898
1064
53546
29236
45409
20863
20311
3089
62056
13786
61974
41135
20481
29486
18011
31264
15314
19445
20183
3588
14698
42470
3867
28208
41532
23818
20225
53429
42610
12044
40357
43760
47654
47140
33606
12512
25618
34067
8991
56874
44415
20722
32596
11828
56613
48991
27636
7743
22903
43996
45423
6052
49823
49514
20405
56872
4518
15116
16173
21191
45003
25341
26102
7780
35268
54234
58263
11423
1962
1044
31274
3652
16744
56772
24433
44656
62457
4801
47900
55488
1540
14965
41350
56343
45420
12353
65463
13778
11807
35470
39658
39574
1939
32587
16613
11963
6057
45196
9342
14749
3807
5690
63273
7193
45881
3230
59625
46137
58475
48411
47899
31135
7187
61339
42637
54541
13978
7906
48620
42158
47903
64629
14525
18168
40238
15953
61564
24068
33273
35573
39165
17832
45352
39952
63761
36557
29886
41669
30395
29619
11375
34414
14485
39167
54207
22730
12020
20259
10084
31157
55994
24176
51834
56827
53715
51837
57958
53525
21315
45508
62333
34771
51919
13777
5919
12558
42449
64030
18015
44917
8776
36884
9481
41084
13147
52858
35315
16892
21255
61677
51830
13488
63538
24412
59846
43863
1510
9123
32992
30011
11117
52344
7953
63797
11783
33917
8418
18788
44471
24409
40048
30136
43418
5824
55279
46564
28802
38920
2684
41031
11096
55750
39826
213
44472
9202
48224
31758
31982
52456
53950
43434
31146
19005
15032
27755
64074
31833
24563
44163
63345
39144
36976
13212
20748
40532
59935
43010
3717
39321
10790
55932
22995
13132
58605
26979
36288
4123
59624
42248
9711
15074
43943
49436
30332
7712
27841
19478
37616
26218
62595
64939
51611
65357
6008
31308
13427
58389
21403
29781
44785
33653
53894
34776
64194
42137
18492
25638
41594
40584
39092
21644
5559
11939
33485
27400
30937
2230
41262
1060
9874
53924
5002
35329
32966
24414
64314
16131
3239
44593
41666
63510
19731
4228
27750
36428
60241
7443
52076
7971
3780
23354
54133
53164
65265
2800
60515
4035
3910
21414
56876
6872
23571
13238
62717
10543
13211
5429
35484
31496
18744
54711
43077
39418
47633
39486
57885
62494
59430
54708
64149
52077
47467
37449
24241
56908
13384
5716
29925
28451
52417
61785
26469
41746
35068
16222
31865
55061
13411
62529
22954
12894
49928
35242
19547
45873
49996
14623
36055
44281
55716
33899
31467
10967
1899
6813
47457
17668
3511
59734
53828
3935
26968
8432
56388
57124
47284
16614
21848
43449
23196
21432
64170
19724
65411
19114
28075
56457
55177
1935
24818
1888
26525
54824
11961
20462
34297
57004
12259
28069
9020
48235
44473
49768
10135
63888
57815
23921
63078
6046
17148
37692
27744
60013
54997
62932
43442
50796
12448
26200
1367
48831
33100
24858
48468
64560
35672
5765
21641
63780
61298
18305
17314
34166
24543
36142
2032
26702
50104
39310
21368
2029
64655
33301
10789
14768
22847
45754
44578
39976
64472
211
51048
5766
55346
16218
18263
50664
29151
4765
50257
46826
35029
33300
31721
8229
49746
31913
61199
4734
9819
29736
13838
20540
27048
25181
16456
51313
41759
59833
60887
52789
3637
27738
32429
36904
10336
13688
64063
10926
27132
17003
60467
40259
57005
16993
57669
47669
44464
4728
63119
6240
55224
35844
48357
57733
4393
30831
37473
61679
11873
24863
38204
42843
42197
16989
39280
54860
30017
11486
50793
40239
35751
52856
50736
59571
50487
58569
42349
54428
39298
54433
4617
42725
59151
47250
45171
26773
46606
94
11171
53667
11856
29739
39820
60690
45829
7491
45519
34845
31507
32657
35561
64396
15775
49610
42059
23424
9940
55117
45835
40764
65340
49052
7760
60547
18461
16147
50877
44353
16616
54449
42571
5939
8872
29251
62606
22035
14170
54802
27685
6262
47682
47253
22536
38050
58969
61344
49731
2583
59896
33068
15537
2865
9440
56697
43423
26700
5890
21820
18578
37555
2681
46130
12861
36775
39975
25124
28453
14249
37890
33070
3419
25646
17626
59835
61032
62465
33060
44585
4890
5129
31555
62431
31686
18825
260
36863
40905
34846
26782
5338
14254
59797
7881
11601
24279
43798
47163
42806
52597
27624
23617
48386
26458
3331
51915
5937
36903
31715
56624
57351
55013
42514
45365
33916
11178
26532
47731
52732
58055
30760
27617
27619
1766
13697
30564
6731
21532
39507
12128
30602
3930
22539
51384
4612
40513
54995
44920
20075
49590
51790
5684
44575
42749
21690
11094
1476
650
35135
64471
8855
61276
44880
35137
53850
6810
50662
34509
31422
2162
42198
34240
53314
63257
7627
22362
49021
35710
31268
39600
9870
2099
61295
54557
17177
50867
50752
49234
20640
2992
13065
249
58631
14110
33025
39675
30295
38769
63361
2724
42302
64397
24675
13409
5835
4230
45173
9858
58638
54033
38226
59140
51298
30347
28267
51918
43933
39291
58155
22947
41115
7283
38853
24538
53185
13993
14932
45369
48747
61046
38057
5211
17635
47733
64840
63326
7751
52855
39020
17961
39286
65373
47458
41611
52209
34377
40023
36628
39745
51306
52529
52168
4949
62107
29604
26677
44570
3510
19007
10342
15304
11098
39454
47793
6245
5115
36663
57513
44558
47821
38998
40572
47823
60723
13281
30774
31373
24090
64819
36840
11244
32536
35203
37441
13728
54204
10719
34638
59478
48993
51549
61609
13376
6030
31883
64567
50187
29974
11813
53104
32786
32367
15898
44470
63972
38781
12139
55223
23764
25757
57739
61179
26407
37122
37695
25905
55598
49977
5879
51258
31117
35705
18817
1467
18306
2108
11129
28283
23730
15128
18346
35635
192
41395
9558
58993
7377
62497
2788
55492
24921
9209
16073
35270
53186
58903
38434
54274
35645
32420
53222
39254
38972
60375
8535
41672
30955
23052
47678
39652
1360
62294
42555
3333
30102
59547
46535
56627
24752
52595
9562
45635
505
4697
41539
56397
47944
54672
17743
61218
35198
27688
53110
39091
40141
45573
6756
2057
2523
18516
53907
21812
40393
22436
59603
18914
36388
40229
44396
5343
8062
24564
20290
2158
1117
22691
59803
9170
43888
21695
48654
46436
2017
20277
14464
29728
28811
37440
23451
44744
57121
25229
13501
40099
60411
57985
50782
12419
27794
57461
49391
31064
11430
42782
7405
65019
14895
56476
22192
50971
62631
60572
55895
64211
43025
57468
41998
35225
35226
22938
1054
49601
60008
25374
14203
42961
60402
20285
27944
63655
65415
44442
11186
56255
1398
49648
52349
55833
28468
47151
64448
64919
19320
59765
32107
34286
63446
53684
7322
56719
33237
37730
49455
20430
48382
48431
23115
2372
28014
9699
60007
54344
33523
27405
14101
15628
14939
54876
45817
37661
25779
4094
35347
34457
2433
37666
27943
46337
63376
47416
17717
26989
17659
1392
43513
21060
59250
52346
38424
42343
19332
6187
3577
8316
64444
43508
38308
56179
4849
60484
52038
36479
24655
47987
44733
15991
64457
20673
20739
27672
52945
23719
61438
6261
54625
14061
64787
56454
28595
18454
38081
57614
12597
21592
61539
57997
63440
6622
55680
35201
11274
20747
38465
62496
49728
47652
15416
26932
33981
46443
15031
26403
20435
7425
59206
20721
58818
8713
8236
64045
55219
52318
28713
30553
58724
63356
6807
45934
41265
6957
50286
55361
45921
50273
38043
41636
54126
9323
43026
22937
60413
41597
44519
61545
39755
19067
1283
36550
5576
58404
43905
51622
6770
8360
43908
14116
60407
21597
28017
37629
17194
45346
8749
4563
11733
38334
53214
33623
35342
10195
51665
55592
39548
56093
23251
50283
45740
39528
45931
53774
23356
21825
29848
34109
2164
29847
41844
6867
46176
54123
41056
1416
37029
6952
44433
54271
58356
57983
52496
42279
3913
16459
31544
14127
51831
21588
46325
48216
59841
62518
54506
43136
52537
6483
62359
28916
33018
21121
12091
64737
37588
5212
50364
31871
7757
7506
49785
33892
57152
55978
17185
39569
10885
27934
24803
49085
56586
38069
12877
4091
33743
18990
63020
41820
36320
33736
5598
22198
29789
20782
62223
23281
4809
33448
60481
20360
5714
1967
7958
60075
44791
10952
3323
6944
48175
62434
30152
34609
16535
60494
12140
62537
3777
38895
46457
45411
44797
26125
40795
6959
49509
53603
32205
65425
15456
48764
58394
23477
27169
25628
427
8718
41078
46084
44566
4130
700
18177
29408
28452
44809
2728
26081
4427
60146
34702
30092
27106
25118
39223
63542
48778
4480
57975
36650
54764
6729
8259
19169
620
32938
34930
47703
56709
30274
16807
8968
29355
22630
48517
5121
19036
39390
16557
33564
11964
53407
14069
29682
61666
63139
56991
5159
34284
31651
61233
46076
21441
25358
55982
40731
49274
47115
32133
23140
3641
7523
47380
53741
50407
12410
40792
62036
17067
49554
3803
20714
7305
36384
59866
39674
64425
42355
43748
8324
61678
54661
60329
39515
28449
45731
64682
26863
64674
7923
40708
46936
2932
6485
27190
35996
47356
3778
49789
37252
57145
56812
9279
41818
18721
17412
40842
1383
49831
30745
34151
11546
15982
43657
57427
61867
29777
61731
22200
17323
39850
44180
4418
6725
56300
48694
14599
61383
8261
3052
48636
5321
17349
48152
31001
16002
6003
33511
45417
49277
23833
47156
53744
8791
38161
8665
49788
49596
55378
141
24391
42024
33189
31885
55202
21013
4192
25390
2804
27680
8992
50735
36044
55022
49074
13330
42538
26876
25125
8580
15837
31940
20964
35503
19524
27979
39580
39557
20990
5515
26106
59315
10537
51381
54509
9433
7108
36909
63974
6833
11548
21859
40996
36349
62568
38827
36145
62272
59838
56118
29630
35320
58830
45820
24268
19194
56420
19193
13503
35021
3164
14799
35317
42677
61972
3593
31628
5886
7981
1832
2434
48781
61253
8900
51437
4486
65088
21245
57227
22510
38949
8643
20895
49653
40788
47161
26681
50151
2965
52687
45960
15818
53738
20415
62875
28805
28133
61094
24853
27006
64521
15317
52601
8452
19240
16978
52316
6923
63543
32061
27639
1185
49439
25081
60622
59998
16488
20455
60069
39623
43268
17385
58656
52271
47100
19440
20539
4857
5365
30703
49496
62111
10707
25244
53916
64167
63148
52709
31302
23955
9224
2395
23025
36473
18601
22292
42233
15511
1038
40625
64835
56932
30747
4657
22244
30790
4904
6702
36549
55803
33336
37337
50493
45500
14224
62265
47774
27101
64087
14947
5620
47765
8233
17919
35745
8796
52556
22406
8701
21375
49683
60546
63333
29156
61557
6937
63299
53906
38303
10434
4139
59869
24343
1159
36906
24865
15595
36629
49757
9130
6834
26400
50357
46268
24046
59711
34213
58831
27303
63158
17057
32836
54441
20763
1430
27391
47730
36860
50294
47485
52474
36494
4129
15635
61880
18344
27687
53423
40958
11721
12933
13140
9956
52315
50723
26626
40911
59507
65035
57898
64324
12442
48697
12399
27393
57878
20332
17613
47768
26405
9929
40849
45252
26364
54206
37556
15011
24266
7528
54980
31163
42163
51104
53988
30748
27858
22174
29036
38212
62286
35009
49821
12730
63869
11456
58911
52359
59452
16223
16698
30105
26161
42451
56404
38232
25909
8652
1491
45935
43949
56774
1649
59335
57564
46691
61810
56322
4300
3311
39323
15950
18925
37690
64977
49490
28792
26414
33519
6533
14782
27219
3000
28462
48479
10113
43711
48133
46002
44312
54343
16406
46946
65262
24247
11028
4654
783
36928
48797
40987
4799
39313
63617
28420
58734
35656
59868
61066
26304
51758
54395
30244
12005
23582
16812
6012
18842
55053
23927
49592
44669
17747
30561
63662
62597
64388
63057
50833
28454
26967
43898
51380
48079
51242
19503
37590
23399
9094
38967
30650
8384
63741
47030
37948
30819
32747
2277
49815
52055
26942
55507
51430
8242
1694
59626
54397
5794
16148
47981
53634
19183
49569
21180
6182
21415
19405
2834
2950
58423
60571
28974
17438
24400
52752
34002
10420
50490
44721
9051
39266
48077
59966
65365
43794
63822
26650
33348
58892
61064
45826
61866
18392
57311
3940
43305
34893
56999
64343
12070
14665
24240
17723
10207
51403
56271
44423
63124
59766
47034
39789
12057
11784
40266
39650
21885
35909
43229
63445
14132
18880
34274
15638
3422
38854
51717
44418
18947
11095
44911
47602
61267
25496
21684
54398
27162
16431
14771
9274
49078
50135
33014
39186
26039
46140
9856
43395
45151
44150
50762
5771
62797
53529
9714
17712
26211
40390
28968
28395
43064
14350
42212
53474
52723
38709
28912
1959
62008
17447
21288
6820
19739
26214
27059
43298
707
8736
25860
37970
36681
29919
35862
32449
53628
39842
18076
39628
59184
14251
10636
40225
63555
51057
27839
447
55913
1637
50802
11919
63732
62622
59687
9867
63217
38904
21156
57523
42733
5760
3727
42304
65129
21153
61619
49993
30134
43630
38230
9861
49986
59688
23830
43375
61273
18060
24976
42399
4509
12453
41171
28939
43856
11059
25231
33502
55016
60557
13543
18858
63914
40808
55282
27459
51095
239
5609
55015
17881
25501
50552
20520
54018
38612
22142
7766
3504
46781
29771
34580
38234
42027
32710
6251
62810
63354
49088
10347
45514
11862
64384
49615
38778
54401
15770
54679
25498
53509
33496
26408
64983
24565
19474
55222
53244
21163
58469
16882
20771
26406
13785
8043
49786
3796
35041
28459
50993
877
39172
24056
60888
47157
33660
26461
6230
40440
44967
21409
47546
30805
29376
13321
19290
31500
12113
27469
11174
11503
23842
52725
47884
30765
24003
32526
17238
7078
15861
40387
15218
17232
6014
55227
52082
57872
57952
11347
40226
26411
55341
34782
49777
49044
20316
47949
41585
63357
10326
10341
57675
45371
19528
4727
47812
6246
57065
55525
20969
56914
33495
47818
64984
49281
61269
25782
62747
57529
20867
55059
62025
53830
7083
45052
16957
13448
26467
19858
12891
19497
65127
54407
53120
63640
21006
39608
49488
10123
4709
61617
40803
58523
33166
8806
25923
35670
10348
65123
25178
16059
756
7951
39366
24275
56112
5146
50834
23029
19654
47303
23170
65204
30436
44291
15457
30447
25928
35047
35048
63647
42584
12491
65124
46904
33522
14236
33369
29189
18664
27464
29871
18663
17875
61759
64068
25225
23566
55129
1945
8038
15868
29860
15733
21846
35538
30307
52936
39057
3446
9920
60376
46697
57165
6423
21689
20780
18368
26032
12769
62563
18584
39403
18522
57822
12015
23040
39512
60423
31481
27590
12179
39857
17886
45792
43952
43667
7681
10635
37478
18583
51256
47792
22543
11403
35365
26413
60170
11134
28859
18728
43958
28587
52829
23278
10670
51389
59264
38963
11838
40452
1964
20731
39124
55709
15114
38563
63266
27274
44321
36343
57225
43396
54971
22760
55984
18580
63939
59600
29117
31153
41670
13254
62909
63437
21772
40603
41748
63720
62742
16692
41462
4066
47359
27181
58844
42697
36823
56661
16600
61563
24039
27758
59016
12906
20963
8983
40599
17799
539
19698
16920
13581
20700
57732
52585
493
42735
33016
14331
32461
54284
55741
24199
57034
10358
22019
18591
42533
44918
53897
17757
32636
65478
37088
57760
10776
61286
6752
59551
36871
53772
23555
40822
44373
15451
33480
28851
33759
64807
12494
53430
40512
56609
51760
47488
6192
42189
41691
4420
54737
63429
3734
17849
19578
65159
11883
57046
22020
31645
44544
16703
7390
30321
13169
26514
62654
24327
42159
64775
51020
45872
7296
65512
51304
58517
32464
62328
45239
16569
8091
38902
20995
56496
62740
23845
19801
26165
58267
8698
26933
1902
9631
40324
42324
16219
48105
28687
1200
24334
11002
57963
34128
6125
18590
299
62509
63185
2541
18861
24544
38336
44546
40856
52599
63430
14056
23273
41469
57615
53500
63489
6660
48104
52854
52848
27226
55336
44293
24922
3101
13788
18652
32523
57308
3696
8032
47830
3702
15731
51719
49623
20065
24009
41169
30433
7082
41051
45520
22286
21936
35575
31086
14727
655
63683
63770
2784
48231
39901
32507
24047
49156
64630
49441
12684
11404
56174
38067
23465
31368
9579
17551
44085
42120
25425
47982
35938
60830
50361
18999
10620
41565
39810
50272
59839
13518
13540
19033
15564
42206
19819
12676
44290
17223
37997
27083
38973
35404
25632
14039
9336
60896
28394
61380
51154
64843
65009
41868
20172
57643
29240
5524
17870
22922
18615
40993
53806
24864
43710
53535
54695
21264
50927
19809
19482
65205
44846
42501
20671
9313
34094
40481
30785
18465
45539
7567
27238
3966
2780
33668
17151
60874
53121
117
46189
13044
64208
42528
120
64401
18236
5156
56079
8359
17489
52521
6053
60503
12868
13588
52539
2284
18743
20670
50234
62121
20554
57385
39463
4017
7847
54587
39210
16269
41553
19319
60313
45632
6962
22432
54461
4749
55526
21459
48851
49652
46785
30372
4844
65339
22241
56604
17440
25636
57605
14279
31620
48561
3027
27942
14532
49908
935
23723
21437
12209
24445
520
55073
29839
15259
7861
46259
17544
56612
64995
9106
54127
50779
63127
48420
10976
48965
133
9401
13041
10133
21693
57379
52116
42306
8768
51052
653
64657
17978
52334
56738
42016
26921
63728
28466
6007
65119
17431
53486
6420
31774
14684
15516
30205
46180
19058
40618
13311
27105
12030
41857
1414
5315
34345
40123
25106
59628
57972
55880
22509
44726
30005
28919
26858
38087
62834
50424
47613
33555
65014
18455
29372
39464
7967
39213
5522
28385
566
20667
54065
32114
30590
3919
13515
4936
1411
21891
50185
38041
55690
45103
42845
38660
22435
46412
54719
14917
21295
41554
18701
59960
14703
58539
42567
24585
29093
21627
18133
1874
23486
60065
59740
53320
42545
10587
46190
3225
25993
4899
8402
14527
50321
62511
55869
19742
9067
3324
51115
4340
7313
51291
26531
1921
57391
50334
52222
46177
13496
37995
36665
43079
14967
24702
11438
26124
58081
57222
48049
17705
22723
8273
16738
38136
9207
24720
19197
53888
7527
28865
19049
36558
17279
57382
62292
42903
39468
39983
53747
48595
14548
40923
12432
5459
18678
33788
62816
64002
59683
19307
56578
63232
9312
46187
25651
36169
4553
41831
31088
45079
48437
58708
58941
27905
47979
1118
22790
54187
42046
15707
19449
59962
5686
39411
57192
19066
39122
16793
53249
42824
49469
60918
11508
65383
37898
42761
4384
54609
38366
16419
54894
24800
45749
6703
44000
9330
6270
55329
48158
65313
17424
46203
48028
63325
45551
38573
26581
33374
19407
6515
13232
31771
34881
25278
6860
51745
59980
60489
20154
62235
44968
42658
22217
22783
64794
54023
3630
3316
55168
42371
50331
19670
27535
35007
26480
7964
32841
48757
40997
52171
42136
27026
6474
51846
38275
13024
60270
61838
49723
59483
44146
38011
52819
1233
27349
8761
1550
15836
29586
49454
62513
25523
18020
42873
56606
31133
33643
61263
685
50671
9133
34775
9581
20910
12497
53307
12105
61568
41909
8363
56972
36723
5381
17050
35229
30415
5060
47936
25630
41342
56367
60354
21508
22732
27729
18879
13039
26578
13398
34350
35107
18988
55748
36545
16673
18874
54096
55140
14031
25267
52125
46444
44735
38287
59283
1800
27655
47644
14304
57607
45329
9084
7797
43450
33459
44007
33222
39739
121
62475
690
22890
35754
1198
23233
52526
28936
43278
14324
56223
12637
63801
58783
50258
64433
15728
47518
56401
33915
14398
7268
39317
12034
44682
6711
4891
38785
44409
60993
9066
1512
9390
53855
64827
16701
51144
41173
15540
26172
4171
58238
46950
41658
38983
28343
53399
14107
59200
59836
53241
28511
46578
47794
32690
36902
28409
41119
24759
63518
50077
37697
41212
58711
10414
63843
1288
44933
60934
46520
2382
40040
52870
40700
48310
36180
7058
41478
53228
19991
13655
12804
51247
5999
10830
13879
17848
22589
54812
15797
64029
37777
64790
46700
28696
37760
42085
45764
31690
1624
64548
47180
18041
52820
38349
33439
18108
44408
9138
1815
23507
21832
20195
4356
48746
48638
18668
8020
39324
30775
25311
5637
40305
5529
56521
20892
13116
6043
59810
62177
13020
45340
1449
23579
51370
59632
7635
14200
9700
39664
64672
11967
41206
2218
33360
36985
37979
44732
44805
47436
61216
39273
44618
62774
33753
15010
32863
17865
10037
29957
26992
39045
61713
33952
36296
65258
36703
57887
47824
64809
288
29572
49315
59760
19526
62131
15231
27594
40722
46575
34170
48508
40893
10248
30514
31175
43370
20812
64814
37795
12852
1056
55711
48882
20161
42309
217
17249
36924
48327
3722
55632
5472
12836
38513
54087
5070
12004
63073
39308
65075
11349
55954
3263
27357
25134
27029
51715
27694
62921
36676
40611
17971
7982
45231
29438
32165
27399
11574
42849
23018
6144
45566
47270
60343
31395
31989
53256
33482
47610
57134
60805
25142
48676
15012
3820
51042
37187
16897
21534
63800
25380
38986
8664
59975
3512
2232
36336
25183
38569
36896
9862
30309
46129
42950
45542
45750
42572
338
15854
48014
43512
35873
59277
20925
31907
16672
58739
52708
14177
10000
3435
62232
45198
17319
11837
56417
28483
1548
36873
13352
37786
53504
53581
16558
50070
27681
44195
32605
56718
58663
52654
45222
64615
54906
22341
12920
53823
28130
45498
50500
42615
7508
5375
16164
41068
64456
36276
9770
31372
49039
6896
57339
64555
13052
55438
28032
61474
57855
37367
34445
20135
99
50026
52735
12498
209
27840
9493
49036
57801
62837
50549
11820
26210
9065
37740
23534
18757
25584
29688
23693
63926
25518
28712
48137
26434
58745
42075
63601
34413
56296
7012
34593
59664
65048
56602
33343
1905
53028
39336
51750
26269
44015
48594
52772
38
22420
19750
15678
14274
13173
1690
50702
42640
29544
10886
14058
15871
37734
50021
35859
23865
57128
21269
1985
31251
46637
22252
7704
32827
53179
13037
58031
36170
8481
10020
28486
11219
32315
31522
48951
11870
35726
56820
61808
38720
51748
14152
9321
34529
33213
5997
49188
34003
51847
27534
42592
46398
7367
55664
6737
48526
37781
3483
55729
46478
7460
45982
64201
50028
44792
26241
24945
60875
63168
6029
51902
27954
30613
48556
61728
2873
17519
41026
20957
44178
38672
22513
45188
15469
3047
27714
50710
27249
45216
31727
4804
57080
28024
44002
61493
58623
44328
45432
43478
64495
55154
46970
58240
15502
58720
61703
21197
18136
53798
33816
15479
52362
3008
1279
9554
33245
16752
45556
7721
54954
13678
978
22913
48030
52025
64313
23568
16712
23259
10048
59245
37751
63026
16437
54085
23900
60379
19370
59057
41812
5236
46384
57671
31427
4815
63313
57478
39432
32010
54804
58277
5476
3719
33739
31678
8914
19499
36182
44674
4385
50225
53491
35101
46039
60673
13988
54723
44509
365
19419
19145
43234
64120
1767
60785
28286
46145
60536
22045
61901
24916
31938
1876
2570
22700
1643
26267
38625
57752
13214
38636
34450
64881
1887
40761
62190
8190
26596
14027
50896
18200
59048
11590
16046
45886
2036
32021
29222
14313
9636
61725
37953
18045
18070
40295
24115
3687
56035
34579
19727
12962
9015
60529
44138
45719
54219
12174
25051
43738
56098
47705
19633
57171
28194
45913
5809
23222
3173
27326
30642
53457
40076
56403
17038
46598
1898
8396
27816
29515
52515
5655
43080
51062
4412
56995
45992
15490
14715
18973
58996
9042
48540
2177
52377
41138
29265
16863
7653
6663
32961
2494
5987
16142
2820
24403
1803
15842
12542
44188
22157
27925
51966
10053
18427
4337
27792
29046
34342
1733
29668
3357
9025
22595
18064
27382
16636
15280
21526
15086
4772
20813
42872
64980
16865
38760
52576
48277
54163
50930
41714
29569
40257
63419
26765
25447
51442
23768
42994
49627
33685
34833
64623
50961
45002
9877
33009
60575
10603
62225
43245
18061
46702
15454
18383
51566
15353
31281
27780
15443
42990
14654
61757
3315
13112
57658
38843
53665
28670
51767
16699
43235
47335
42525
1702
52374
34429
9884
39817
4788
10593
57091
4052
25300
57823
23262
5839
25556
4574
63965
61364
36691
54165
33364
15651
20109
56330
38674
51718
45399
10475
28074
13413
39051
13774
49692
63085
24639
30606
15381
16717
26128
55603
26951
55825
8444
30862
64550
44054
48332
45880
31005
60486
48263
1212
13450
64641
60287
11562
9582
5074
48457
23454
44212
62168
17559
43592
59513
17478
46117
26709
51127
56633
17222
13293
8419
40364
28245
17560
31828
62167
36844
29719
9225
12047
52750
60579
64277
13930
15589
19345
7049
45373
5280
42777
60818
50459
55214
5737
15322
53377
6050
28475
6715
53820
36078
44012
36317
4683
52784
20038
28230
9124
8136
1193
59058
57657
572
58731
52685
64867
41099
33135
53364
27493
48708
12682
2100
62039
12215
51820
49445
51817
8563
57294
27383
24719
5117
504
34945
63141
30286
8352
56361
36645
11072
28036
36492
58618
13001
963
42369
15173
61434
26615
36314
10628
3859
37503
2096
37652
18502
793
59987
23683
25794
65245
49613
60182
15070
45434
55131
33859
14869
49535
21456
44913
47732
7535
16241
15059
36211
17152
29534
11288
31067
42067
41484
55403
22163
11823
32440
31414
10276
51110
32513
42581
63494
5635
35439
20245
8799
52786
12484
51863
60819
45183
28239
20408
15085
49564
46677
44517
40875
8211
50242
54504
7817
49970
56406
11086
11550
42596
4201
46908
31210
5730
5513
6274
58795
43891
52185
60544
60707
47909
33294
17604
33264
61310
16242
64953
10177
28047
24028
6130
56101
62214
57447
2857
43349
29790
65315
55188
17945
3081
61870
65090
11087
45430
15690
53098
18432
19140
9494
6063
3025
37070
13004
31482
33734
48476
33536
31162
49403
7524
15313
28045
22216
54239
26067
46470
8949
1504
61534
23124
15952
4275
32438
36796
61265
49832
17141
38712
42254
44794
63996
38844
37613
27496
65317
18508
32896
36893
41758
63137
4286
51752
63375
16894
29936
17645
12888
39555
5982
3883
19515
32589
57922
23075
8678
37354
56887
39134
30068
55238
41856
17642
45762
10990
14192
53943
42387
529
35911
36512
39226
26948
62460
39667
17914
60857
42214
1820
46836
54749
46272
51658
28143
55659
34459
25952
12926
16322
57494
35052
55661
37878
533
32789
58022
33846
35951
56605
57434
29861
43463
49629
42272
20666
26613
57679
37035
27679
41641
13585
52169
43648
42925
55915
3453
24297
63988
1111
30196
45421
8789
49508
48033
11407
16791
32243
17421
2260
20922
55549
59026
24271
43535
16124
49179
7529
62220
60386
24017
14520
13570
36117
15786
33840
61426
6083
5974
44628
42011
52465
51223
2532
45322
58951
48446
35988
44818
64116
37129
61280
38521
8849
27450
1580
45404
65377
29622
15305
36265
20412
15324
9500
34574
56026
27532
10143
46835
3586
4207
6339
58489
53989
32447
21510
15244
36649
17139
36939
22223
15276
53659
41446
40785
47930
53172
41808
22665
40441
50714
29268
951
1567
37026
44061
16792
6051
26818
5019
46165
50268
854
58948
39663
48989
16254
53851
1487
22753
15325
51244
58005
15321
37349
23171
10849
37355
54152
25966
4245
23183
11683
60325
33684
7145
28372
8604
64546
8759
14818
48765
56750
61980
36949
45858
33196
48173
16362
36157
1860
64360
28785
43038
40223
55670
51199
13569
6950
51188
10152
31687
17910
6683
18951
62984
4517
41681
3245
5616
29562
56959
45467
24057
6948
49515
58640
28874
19444
45422
63956
36302
51822
12924
53140
58660
16981
38678
33451
40698
30883
55785
40901
20753
27262
532
23398
32644
3318
44200
16497
14105
48036
29266
6220
11802
25991
37907
31576
61509
61770
48248
21074
41143
2353
38297
5820
52320
43818
29119
10096
37224
46984
7756
42328
64061
43874
1612
21073
28759
9655
40322
2654
2830
48671
53864
60535
21653
54478
5291
28988
41819
30972
21701
64580
44925
16841
20044
41874
800
34567
37729
11632
41951
52400
9036
21377
29323
28293
53096
51560
36208
16094
6799
45697
2403
26079
53385
2406
48834
18970
29398
30168
25199
42738
36413
6987
51557
37622
61851
29816
19275
50029
58518
47444
24225
52063
50783
42974
46710
50880
852
47810
19649
1204
21246
34409
46420
13459
9999
9292
20433
7000
38931
13457
26071
41707
7888
50840
36214
38807
57828
46034
51030
2188
24602
43372
11426
8164
18569
24597
49663
47860
28331
55313
3174
2213
20268
15299
25197
13163
21467
5300
53982
43474
5055
16604
11229
9690
47316
15064
35618
48863
47577
5339
43481
6527
22154
63240
50492
65192
12295
43783
47348
60516
39475
57365
50837
24138
62350
17099
16666
30554
14163
6222
62492
48516
7747
16211
28655
57965
1656
17201
27803
26999
41355
13810
46484
19583
26523
35004
29573
54327
59071
55356
755
47052
19129
40770
13166
24305
30665
12883
15387
42009
46228
39639
26762
27991
26711
64479
3924
10521
11558
58212
21378
50252
34232
61101
53168
17553
56953
13509
7278
18684
25078
49825
28542
560
33552
23871
13461
22446
61940
13272
38655
4360
26518
43951
45001
26536
63794
12814
18592
61470
57583
21075
2255
58812
50529
7598
58099
34876
41562
13918
919
49750
46296
64468
9753
1368
49969
5012
20881
52660
23383
9373
6635
29295
55369
9648
62935
26767
43824
18145
12850
8114
24340
50249
6439
25060
31076
52199
41429
12893
29022
46675
60061
16071
37234
47514
26451
34125
25750
41250
1472
53305
9564
60428
62646
39856
48759
52890
51554
48994
21884
29707
50281
33444
61053
42300
39939
6199
11764
38518
61496
40556
61029
10613
39869
21980
16852
13057
58636
45518
60786
40560
35283
59851
30459
86
110
47991
2040
51835
25453
61896
20935
19860
11523
58203
13062
31169
54396
32155
17235
10186
4901
49856
5034
48473
55027
29303
32395
12135
47683
56483
38582
55688
59274
11468
17949
25343
31539
54696
9831
52167
2107
32680
33708
47450
43195
24662
33729
54097
10500
9661
6320
37150
7835
54647
42906
4649
13734
14168
22276
25314
4581
53003
41046
29471
18568
30221
64052
54988
8313
64935
21276
24789
63198
40550
56183
65172
37294
48590
2123
16258
31119
61266
34952
21452
50503
18199
55127
45680
28752
16098
14475
54252
57017
10189
19511
47738
10416
6815
51908
60043
3111
22484
15591
21822
6200
34353
12989
11493
37094
17404
19208
49798
65175
47820
10935
3374
45769
38500
46153
13736
18537
19413
49899
46231
1348
7726
20516
59353
34113
55038
8798
42644
37967
59127
32631
23049
52919
54592
58138
46738
22053
6919
3876
51399
40604
33874
9846
49475
1366
65125
54482
30112
47453
5746
28526
20289
61796
19512
13536
20141
12974
54694
28732
59568
35310
10511
51917
32679
33154
27566
38766
10755
15936
24551
24625
42270
29281
32259
19425
47743
36680
39088
25942
20954
20956
7692
54024
18700
6922
8969
54275
11206
30729
35197
45256
6920
6147
54226
43250
5067
59782
43309
39467
50856
44170
4284
64652
20981
27901
27018
9678
181
13562
10024
22860
43887
17671
63788
11304
20066
60766
20643
6247
45890
58920
20646
43498
52192
27232
57274
51320
13612
51561
64911
51520
63778
34071
46233
2591
32741
50476
3629
10072
10608
49049
40545
9832
22447
28229
7431
52795
46682
1978
29941
8232
13404
38415
34499
7862
37139
42037
13767
56408
54632
41136
6709
49477
23266
8135
12763
26246
45437
11958
19430
49524
6891
56685
22495
61088
18587
35569
42466
40437
52376
42770
49470
8142
54920
25316
52824
63149
2855
29304
12858
7432
20236
11560
6227
39699
55643
51470
61189
5241
18814
7686
12033
43356
3165
35284
51269
29673
36063
15437
38317
1823
3218
45100
60133
30328
29727
20104
32086
61775
29522
15544
63509
34724
56184
17269
48587
1511
63599
52697
10771
24787
13033
30351
2117
36488
22645
39062
62379
59957
24517
59542
59203
45619
41030
5817
12149
41523
52980
2810
13917
31097
61304
65483
51771
36237
12986
27300
757
56345
12142
35582
38294
24958
8848
63592
62728
51798
28657
56898
11798
50226
49131
63884
423
16205
38463
2604
57421
23084
27573
19682
32815
38258
43402
31669
5672
698
55485
14803
58585
14807
20083
7794
4614
43743
9482
30763
57020
48399
8148
4869
24283
54233
28563
50778
35814
30261
35902
61671
64159
14138
16402
54070
54240
44261
61008
59769
9743
49533
40083
13548
12574
29749
51500
56676
56902
42229
44592
43754
3377
16451
45428
1454
40528
44999
5799
38480
3933
55477
51609
58068
23292
22542
47224
10385
198
38592
49486
53821
30853
50729
43655
50265
64677
35200
1890
44398
62703
56206
38491
59281
29928
48299
46163
35609
10209
