48989
58863
14708
31612
6399
51617
51681
64060
44691
19806
11283
43742
44814
33401
50797
36432
40902
33521
46171
1039
19624
48811
895
38486
48808
19803
17867
48987
53447
45224
8542
9822
40988
24549
44052
43357
24557
50600
10474
18238
275
61528
14142
29238
46021
61208
42749
64295
28240
25213
62194
12672
45929
21364
8911
63885
14955
43431
33599
65129
31872
30732
15022
3978
5177
43279
4395
14213
47273
12481
62959
5808
37315
63900
9023
57680
63734
8572
17990
29861
40983
25292
56711
44483
61067
45729
59742
12149
21193
64350
16203
12994
42238
20458
36443
23943
34200
22102
36915
21205
17773
29089
59072
17031
44773
17047
31544
38912
13493
64355
47090
56488
56067
54747
37624
21208
26854
61775
1005
32790
64956
63895
26070
10338
54333
8805
36008
28083
15980
59764
15594
15638
21944
51879
31024
32856
37396
18257
28086
55376
29779
7909
58792
23521
42447
7850
25446
56039
16968
65255
49773
29947
53864
30891
13566
62933
14719
40349
21016
53778
15604
37602
33222
55019
29916
21362
46338
1472
29964
29351
13817
63748
44256
61783
5375
30941
36794
22911
3299
43215
18687
51884
12997
53615
50692
61533
25876
3308
43533
50690
61438
5369
31860
38855
9393
2028
25049
64680
8721
65419
21474
42413
13835
25404
13031
18307
37337
52300
46750
46024
57498
42825
46504
48584
18590
40848
61050
18587
9560
61002
38006
57546
42697
20427
13746
26429
48535
14591
13565
47278
9542
64049
44703
64087
15057
42813
41713
49078
29944
40343
34253
47245
55387
33709
8328
47015
30449
18231
51316
18263
38384
55979
32604
10908
45415
5544
4836
1410
23294
3261
51726
47976
37604
46516
14581
55572
29907
28917
11109
16587
53441
16350
51035
35430
10581
57477
62103
36239
11186
25750
49596
13619
49559
61501
15495
41816
55205
37469
39696
64699
57458
47343
43796
34022
37999
37997
7264
22382
8978
34225
36840
21044
18389
64281
61197
1833
34140
27553
53520
34227
37571
7073
32975
16632
18688
62198
53208
43502
10515
46889
16349
21284
27763
18007
33583
30166
41344
26203
788
56204
51473
49456
22141
38411
47365
50763
62790
46683
30300
25875
47558
7453
50146
33604
58159
43595
25422
893
59470
12770
47116
30298
3533
18784
46159
55593
58221
32419
49414
19881
57538
11727
12528
12487
5701
18212
48800
24238
63012
61130
7993
39086
9291
55258
61082
47322
48359
54490
29054
28892
41899
13440
48874
12108
18972
42541
63809
54035
44837
5898
38182
11711
31379
5892
18203
4219
8145
27470
20154
42543
53455
53048
23288
45757
12466
62104
27567
45669
43295
54286
28920
33432
57514
16629
13405
41620
18003
53196
65374
7867
4027
55260
28608
30722
3046
55341
16710
9048
47264
56195
62366
24234
4530
16379
61326
17639
43287
35719
32094
6390
60345
32426
44376
48224
56202
45913
5787
59917
52085
57749
42905
37537
20034
4537
15054
47725
29835
53504
48591
49086
49863
38086
8710
62784
41389
46739
54138
10934
38849
2915
32595
6053
13915
56708
51111
3995
10744
4980
26566
63400
43107
11112
32961
9629
47973
54285
3181
28938
42975
55263
23116
14519
2013
12381
18397
7087
3483
4228
54841
12223
61070
32164
54633
45904
42333
45971
2296
50888
64619
46010
48581
21403
35209
57042
61303
43555
8938
54908
4405
30107
51431
44418
1802
60336
38630
13614
17812
16905
472
31482
59294
62360
41207
13133
35210
5173
37534
9012
21915
6430
31815
47694
37394
10132
38931
16979
32724
39800
42130
21002
12516
38645
47043
16558
35083
228
37834
21603
6396
45503
24651
17056
25071
24641
31688
35608
47733
5580
37661
29002
29896
40267
7031
6074
516
45587
47693
36894
18296
36889
27482
26250
44061
46918
53033
7551
28423
29309
44054
53038
46408
47173
15814
35694
57588
19058
39310
12739
48644
23022
54617
44002
58105
24959
46600
12654
62201
36070
21743
15268
47316
61857
25241
8798
62582
18431
38336
12447
39934
53857
56045
27472
44359
19611
49261
28771
37265
29007
50935
50990
7337
36847
4905
53327
64706
9523
56040
27382
64667
34649
35068
142
17456
45345
5616
5373
61017
35758
12334
39620
383
24201
2826
14000
44548
41326
4058
48616
21787
52611
5088
62037
38365
53139
15303
18472
7394
60962
43151
57389
3344
60433
27117
43803
46971
3743
31123
56213
62744
59550
59242
62609
34078
61415
60458
63016
10915
12015
26244
187
56839
40164
55638
30042
62951
386
60080
18469
19142
34817
23733
4827
9954
8676
4034
37435
39752
64584
36386
20654
27524
54825
46764
48083
51110
55147
14223
650
52712
24761
39624
11205
14418
40392
61614
476
57331
10181
38824
20137
3948
54652
55020
10917
791
25503
42153
59125
16546
8361
9690
50165
14466
28858
17580
2855
1951
47598
31487
25023
14239
57104
23470
58525
36585
37969
8501
1032
45485
33589
52368
46931
3794
11330
27879
53337
1100
28676
26543
8371
54149
5634
21838
24426
58004
55756
13081
2447
58654
54192
49650
23670
27074
33303
40132
46780
9407
23710
1181
54096
19857
10179
22605
36294
22981
44300
17668
51267
29267
50076
12926
59481
62746
14563
61626
26483
52455
38814
26355
35410
50650
10278
17593
17651
42910
59936
9576
51644
64856
384
14593
7593
40553
17888
42667
26886
51742
19481
46050
32598
11311
43971
45241
39952
39757
42841
9459
6628
37264
32794
61888
20288
34374
43817
61563
38054
32085
30079
14345
54152
1827
3782
14241
1564
21453
18693
21097
5668
26529
63806
5606
47108
53213
4224
3060
20000
3065
39256
13554
17049
18880
59795
3796
8790
14322
4203
10326
772
24479
13823
28267
7566
12842
47208
22015
40182
27788
18060
11607
45160
7554
1141
47713
31485
18940
33640
2269
23525
595
52595
6146
44651
26538
19073
63493
36921
22530
55696
10223
27878
45498
21941
53246
37727
60432
57308
37829
48269
1576
8491
52192
62916
16067
53218
33556
53010
24503
15800
15051
64293
643
51573
19796
19482
44845
18314
23251
11648
38248
14500
49272
124
26905
40945
6420
3550
7094
53328
28173
27848
60233
42303
56366
56491
36149
35851
36576
918
38250
14668
379
54614
44311
25250
19633
35271
30586
46869
47384
5724
45244
48661
10811
57158
38093
21112
41156
17660
19084
469
14793
60569
64992
40851
57776
60566
14025
48434
11111
63488
40863
44228
9468
3366
11682
13417
46579
1282
28134
60206
340
32995
30196
11491
32688
37803
2894
46770
22004
11542
23944
20737
58418
46277
26931
6058
22866
29856
58610
36025
48805
26535
53914
2188
26959
21488
15592
46340
9658
57483
13145
15531
12331
12427
30175
24192
1875
23757
6950
35098
9628
49888
8104
42559
56171
33454
60682
36604
2719
4766
7309
36232
48556
39129
58868
28844
30590
62058
44072
17924
33819
1918
43970
42062
34319
22398
25029
49320
62887
57962
45509
10110
36966
31577
19288
24780
31576
37130
18043
62528
30505
14121
20650
16576
739
29789
6908
31570
47267
2083
6986
27668
35166
42193
4850
40630
32605
1627
38650
19800
58556
1201
64595
28902
34784
15914
31180
47554
27978
38880
30198
51376
49064
42976
36394
28582
24707
53379
16443
26592
27778
40372
27790
19192
38575
54125
25707
25496
5736
7790
49042
50106
14122
28044
3232
20735
4985
14426
8724
21893
49179
22758
22799
39884
10388
58345
64536
60075
22767
25931
17706
56950
20526
3667
63004
12261
64286
57486
37206
42322
28896
12430
52088
22171
1420
12928
45172
46
4587
37731
3310
46244
7168
15416
59088
525
25067
49643
16694
50052
60587
3043
27721
23581
33282
42886
23163
47184
51474
59085
14714
540
25509
62178
20199
38551
51547
62756
54538
53037
4275
51072
38589
48483
32697
60894
60043
577
33734
3566
48902
15589
1604
3901
55215
54739
38446
42599
39726
33941
26528
21037
62392
39261
8789
1630
34373
38237
43921
53024
17040
30589
46503
42982
55755
54875
4206
25805
53959
25474
27532
6056
56429
25486
19906
32348
13818
11201
24836
37300
48222
11435
8714
49588
26212
751
4356
37124
30305
46836
11172
11204
54881
4532
21891
44291
35720
7304
43715
34920
22598
36301
35998
6200
39251
63492
547
1871
23753
243
10192
58855
59975
8056
9704
29920
20158
45139
53171
36631
29935
3029
39350
48506
55113
55596
28324
19631
48112
31858
23720
32506
12282
61004
35371
13489
62925
52731
42999
14286
25072
1787
3000
2616
43863
44746
34549
31912
39315
52747
53458
21965
33612
43736
44802
12250
18797
46543
65276
39870
29475
44836
13517
56431
26288
42768
65234
36745
58831
43476
34350
15147
8441
60987
60876
52994
64701
62954
48897
11510
40162
7107
34013
31317
17704
32184
43535
14040
6806
59293
5517
54637
56449
58917
59260
29931
30420
10601
39713
54954
62169
6810
10598
48777
53804
21473
31754
54309
7648
55022
27253
29131
4177
14113
55148
22456
12256
8306
36023
11962
63516
9640
47720
58329
10637
12681
41530
42699
43066
41738
40554
22453
13065
7417
56170
63009
38312
22056
33102
23207
15233
53255
35482
20428
16089
61534
4153
49533
51187
2375
42507
40758
26024
36090
19787
30249
26179
31910
38595
42282
36100
13021
42783
1770
10173
21142
23862
25780
7378
8554
17521
20463
28885
32596
34878
56535
29455
61443
54128
24553
50659
64626
20825
33462
5566
39670
47039
23736
60386
63194
17777
55158
39356
47793
20205
48335
28613
60388
176
18445
46048
48363
9868
12124
10762
12675
23591
15528
39389
23812
14957
467
46879
27444
41882
64301
41069
57581
10538
32756
26389
56033
44200
20999
19605
37415
7212
15950
39986
27160
11383
4899
3442
27508
5654
26936
46535
16117
58072
46081
45397
26260
59680
43142
11404
18165
49140
35348
17112
44364
16478
45189
27034
54529
247
17603
13470
49938
28743
46173
24997
42802
41467
28345
56928
1448
26853
42510
15585
19127
35842
47081
14283
4144
62402
55955
35942
14964
23481
52878
56835
36065
46783
35498
9567
45291
23191
45408
32873
33966
49085
43198
50947
15745
414
29908
33786
2391
46145
42296
39592
41177
47977
8107
14158
50962
59977
22716
63920
38333
23064
6291
12235
10949
65487
26390
32469
52738
32696
32868
39441
18771
25384
1792
20258
40273
10732
35254
47721
49917
40101
17647
52044
37186
53467
28726
31759
62591
55141
50240
47244
63549
3913
27712
47606
42092
10924
31917
26029
37507
1031
6382
8372
57766
14658
34100
21841
46538
56198
26351
32076
22574
47573
20326
45797
28363
15731
48844
30292
41938
17900
57713
64161
24766
35346
18001
20062
34392
11994
64664
11260
13725
52531
42391
41347
50179
64349
12579
31909
38906
8084
57533
57485
64381
64587
16380
58776
55956
28515
54632
41048
2920
37946
49356
65124
43815
21976
9532
46529
56150
25117
10757
34485
3348
58446
40153
6266
1306
29765
41496
13599
15281
50233
19893
61305
7619
36363
48099
36836
65242
63528
35138
45539
64843
5692
2091
50922
3868
63338
53539
38586
36963
54288
13757
60023
14608
6780
5193
29140
26088
40699
16401
31280
15599
51941
61458
33775
11329
28020
1694
7203
63917
37984
60524
22698
2095
2207
64949
21526
57689
52537
2376
50882
51489
6912
27440
29706
45483
41690
37819
43226
49880
16721
15825
15243
47592
16568
9672
33112
10986
11296
28574
48990
43481
43197
55117
8549
37252
56833
52628
50738
48121
6853
34805
47288
51021
22169
35716
56207
26188
14078
6384
18701
10408
7147
30871
28103
14284
3726
50232
35008
23799
35156
56710
56656
60042
59625
44988
20183
1274
41901
16226
5577
50418
52636
25111
50431
16636
2512
9297
57507
13531
51747
63024
6919
30973
38699
56972
59110
2592
16827
9694
53934
8471
41896
41991
12780
53474
10983
29762
54273
3329
6894
22784
52420
46990
63827
29164
39168
26332
4196
41821
62290
28069
30052
11285
40542
62038
30945
50861
55913
48620
25513
63580
63573
26800
45110
21086
32493
16725
35768
37007
21595
40878
45476
742
56426
46255
45648
46062
52507
49713
56814
43462
46279
59724
51272
4268
46523
7162
3304
9529
11793
16388
53285
31467
37935
15662
55820
48306
1019
439
29836
25584
53278
14414
23018
59154
11601
64581
10437
6674
52700
39080
56700
59920
34273
45210
39491
49182
48622
36852
57258
1268
5131
33013
29412
41272
48070
53030
50369
14460
58600
45204
27671
40151
32491
3525
8026
3744
49838
52719
9627
9448
40692
27371
14888
7499
15542
10454
37797
25577
2837
5851
36431
27628
50717
15788
52616
57529
11363
63583
17621
55303
58998
52348
40931
53872
3300
55671
16643
28716
40174
30692
61553
2629
31366
54849
47906
30547
33413
22064
32130
33773
46093
14257
20627
15741
36652
413
3724
7868
64191
40016
18439
38261
64591
7156
60907
24146
25015
65001
26217
47782
4771
18716
49726
30689
25037
15381
40816
31469
13003
26621
27687
34752
56529
13265
37198
52952
17966
14412
40879
8376
42989
7756
50919
52387
29613
55522
44908
9527
6887
32917
46962
27295
16306
16745
4597
46828
16085
1671
1301
34872
36970
13313
13749
39562
34072
25708
16131
48476
20780
44804
29703
6465
29608
29447
46444
26761
55385
24908
59619
64873
65423
41610
25358
38583
16080
42993
50065
24452
52725
14313
25367
33931
45406
37229
14805
33783
30551
41662
22857
33961
5410
42453
15343
13763
48494
2789
2880
19876
11717
51604
37799
20981
38663
27259
18286
21404
57574
22746
2005
21713
15983
65198
17120
42548
1679
22883
63417
61261
17340
60879
40622
56084
47811
6331
34578
4465
14278
47506
4464
159
16805
22886
41290
9990
10168
13729
58826
20351
20361
9992
32472
56785
58521
26023
56728
46174
10145
35343
47686
4658
54006
42794
28766
54732
37675
31747
7024
60791
7629
20260
32258
36462
50484
32169
47628
28005
45068
20142
39797
51508
58125
43530
9431
22667
63495
62363
36619
58156
53560
8451
51503
50557
2373
41972
35977
39938
27506
44506
46509
15332
17813
43589
39209
10149
29012
30046
38856
59477
60956
45145
65039
52296
53018
23920
58596
33416
14502
63393
40437
53908
43233
23298
61341
53187
14178
31047
65399
38765
15780
54872
30302
31201
45371
43608
21380
54325
21292
24385
60364
42432
41784
7400
221
38764
678
9624
55002
32750
32391
21717
50581
29780
5248
10478
20736
21391
21844
50900
45533
59533
19809
1182
13185
30550
43110
37929
35079
38103
14305
8918
2997
33578
43801
65531
31402
51729
46946
37305
48978
39807
55974
20505
8482
16801
1439
16735
53313
33109
30446
33192
22551
51509
65395
1609
37517
58459
38075
26657
22913
45969
11950
50773
19385
4664
25763
60857
13977
48258
38503
31189
27093
41911
36455
7039
64973
4700
56926
9991
2676
9127
27963
41905
45018
7814
31191
52095
64276
52467
55281
23321
15734
16907
7682
41729
56304
6484
46113
34857
1302
46476
35920
33068
13750
53609
34297
33766
2706
24713
9434
13715
58875
14556
60969
56963
16176
17029
3921
18107
17886
442
61915
7125
10523
59262
55380
6339
35099
18539
51833
38565
18302
23237
32504
14969
36873
61449
28322
913
25336
15954
51904
32171
19311
14361
33571
6073
35308
18860
57277
20988
18600
18008
46435
45297
54370
31659
35251
59511
41492
33383
17832
27128
16728
54689
36507
39369
24140
6890
48881
35740
22660
8366
7112
62387
2903
59524
29423
32537
447
47395
50166
30788
25993
53796
13472
19059
52949
19057
50863
62819
28242
17234
57141
13876
61102
50831
62022
48140
25518
57862
19917
22864
570
42895
6352
48188
63738
52049
64938
26147
27114
20452
23958
39832
15888
8020
1342
61486
34240
39880
17891
45059
16553
57971
50015
8354
36787
7160
56063
42036
1876
14164
49599
29652
40169
9239
36353
39367
52640
1644
50706
9262
1161
25491
40729
53992
42770
3298
37712
40940
6466
57534
52001
44125
21077
13008
15549
25658
57437
42291
61562
53273
36958
36887
60577
10160
50246
23486
14914
50247
10633
47938
45060
15302
20955
52128
57865
26636
64176
6981
36077
4374
58608
12307
4683
27411
61965
24065
37273
6661
50734
18101
15201
58691
42779
52617
50241
46866
52060
63667
31662
21930
49647
44781
60736
49205
59894
33189
64883
8599
45774
13327
34763
47572
40623
59045
64197
5031
64097
65199
16034
60081
47438
17686
14191
44792
55630
51262
51055
46405
24066
46605
62523
42298
38007
12817
8173
56662
59544
56704
750
5560
35137
53611
40663
29033
44711
2622
15239
27918
61405
9819
46352
46371
63164
33702
15068
35684
48377
65418
56162
23527
43169
11369
47974
9570
57758
36441
18871
51603
32103
15510
13486
24574
15099
16851
16724
40337
22809
51746
14616
8662
43988
33919
34201
38862
29477
33299
11196
10536
57164
51987
8742
24438
56324
25924
34509
25459
64030
57269
39387
7153
30370
46747
14861
24395
38635
63015
45056
30934
53258
1691
28485
29220
2424
46710
50323
30295
30291
6910
49120
13392
23086
38465
25930
62907
37620
56199
11006
47599
35722
6145
62695
3864
15003
39964
20033
22300
59617
38226
35006
20320
15347
54084
10214
56442
59378
29094
7748
24927
18912
18341
14327
9784
7284
10600
15011
58220
60904
10741
53347
61385
60722
18614
39272
49036
29319
31597
36228
47362
20829
3063
29711
32990
7358
15591
51723
28943
23535
12005
4328
17587
27081
39163
22626
17682
46573
55699
9396
15280
20806
50776
2876
19932
59475
51292
7167
54493
8459
25807
46799
25539
63075
49065
45387
37168
49413
22221
49294
8817
62904
46014
18010
26672
42451
54074
35724
42972
25286
6640
46257
59225
42258
60268
2865
63746
40894
56062
37298
48806
42499
28650
8711
35715
34291
49082
18012
60369
12670
55865
49968
22009
17884
25620
502
28950
58306
57180
39919
13255
60733
44286
18197
58953
41162
55717
53529
20291
21709
12486
13382
29023
63889
28249
1728
42058
10898
6814
50883
39116
3001
9921
26267
34475
18084
33100
61313
59058
48169
47328
40640
58606
12620
57618
5901
27077
14434
46741
56458
11609
58423
47013
29456
3987
7272
29270
14135
15212
51624
3832
33172
23937
28839
23523
15338
9556
16723
65387
30451
8177
18932
37380
45229
21772
39438
17642
15102
36234
9676
4802
45975
18599
34152
26573
41657
20531
28408
5979
7277
56455
28571
34459
36225
9665
30542
61654
42534
52140
14872
24525
49507
18261
39774
22350
24861
45733
53925
38189
51880
44840
56707
57131
20941
59899
1434
59177
42531
27113
41556
53128
29018
35417
45193
16730
9816
42294
33375
10722
46263
3899
44851
59035
51202
56323
63063
63085
56960
34502
52528
9071
17768
30884
39214
54007
56923
39049
43179
54126
43607
32979
50278
59854
50759
52631
3723
32883
11671
13227
56194
29857
39558
3567
12236
56942
17041
58704
62531
5005
30289
50964
22707
39526
12485
7276
15403
62793
40295
58401
38184
58297
52341
31859
41484
23547
50456
38065
53916
18434
11284
4937
56905
2307
23625
14547
42269
15501
22676
16452
61352
24281
52040
29604
26752
8474
64343
23421
42152
49627
46275
46254
45576
37339
27666
53152
27772
54445
4041
38624
3027
1227
33078
25051
968
44775
20160
26830
48599
37378
31463
42442
11677
25597
51374
3254
38180
14587
34707
4834
30137
2419
61263
39700
7808
51597
6489
61599
20455
49586
57243
15335
40926
3869
23431
5295
65403
3904
7799
44523
2685
59038
13438
31045
13175
16222
6422
58226
50139
7751
17989
50766
19601
55406
63027
62421
26104
55208
5000
23683
38838
33949
5432
38886
43189
39523
2916
30113
60190
45931
45403
57764
57755
25288
60270
56085
3577
2926
58637
50174
411
48356
8539
49869
21859
34046
54151
12820
18002
56683
62394
23446
40659
7483
39331
56059
47867
24824
36446
35713
56189
33685
28291
49835
8363
47025
4476
15515
23382
60095
9620
14231
43256
33243
23483
23686
1068
33438
39674
58693
43472
36922
18718
25339
58886
56669
22529
53222
6328
27111
46273
6152
14789
21294
52971
56224
53325
15294
33774
2736
45278
22988
41970
58771
35899
26738
9287
30142
27125
32071
49755
25838
29187
9003
47170
438
33076
37977
16633
53818
55277
61784
11361
52977
20384
25361
25778
33516
17693
11955
27922
34406
33580
27193
19094
34850
34018
25009
31697
19776
50668
1523
55405
4568
21485
10631
34523
18857
61650
27386
56701
27605
56884
31745
21065
59730
48749
49767
37271
50729
11563
46250
16498
44578
28077
59144
59827
38399
7708
6413
10090
22985
45562
12049
27723
20422
21118
26537
2045
64407
35386
40187
48742
9664
15778
44652
63991
41772
15609
61883
21057
46621
18139
8664
54491
23121
35380
3772
13812
42964
61334
30935
15968
55569
3148
62979
64067
33807
35167
8522
43748
45277
52462
27672
30693
19976
26371
39290
45791
1715
30483
8830
62741
51832
8417
32117
63013
6892
39755
32632
25318
39965
16923
43792
26052
54672
28474
9269
5268
2221
45362
21774
16914
23584
50375
22617
5842
41726
13506
6264
15104
9831
17510
36673
43328
26053
16355
19074
16008
38080
8293
51274
48509
12894
48575
27932
28178
14337
38940
25970
64861
24654
12920
19910
31256
62029
36829
12754
44472
18721
40444
36796
59426
8579
18461
29692
53931
15134
60504
18027
24797
47956
6364
57136
60648
55173
6772
27665
11355
65041
14338
39872
63072
43552
11783
57491
11298
26519
13101
45469
3104
36109
34603
57307
23430
16859
20523
139
29955
1215
15550
30114
61008
30123
55802
46508
7142
31231
46266
14163
46510
43
37550
28881
39005
1857
62610
26755
35630
25798
41762
36595
38081
62135
36229
26124
54441
62110
50453
61747
1923
24742
20039
1934
30068
38533
20772
22414
40519
53350
17386
52344
41323
42262
18217
46416
18179
61293
31116
55850
10841
31044
12933
26068
5720
44682
11226
28809
48090
25834
38443
30434
46306
44893
52909
32084
19440
32694
58939
8374
33652
37820
19797
52608
7673
33975
9655
45918
36302
59444
1074
23006
40386
38439
1018
59838
26114
50775
10771
24062
42572
30161
3758
14341
11987
49214
3321
17311
15887
18576
63899
10387
12533
62878
10931
6496
10325
13224
46716
39721
56093
55554
17016
5130
53035
19930
32813
6106
38441
31183
36387
29770
10419
18801
43299
44069
12357
47504
45691
55252
4791
11759
8181
6100
64032
10580
7450
32012
32212
39539
37539
40250
14170
9688
35370
53507
61373
24521
18712
37544
98
28838
8922
64008
47719
65162
2202
3305
43812
49219
56600
43384
3052
37832
11127
6108
57728
8021
2331
24366
55331
64297
7470
64770
9091
33741
19713
22954
16164
44863
24930
2463
32002
9906
13192
1572
39418
27982
49168
39266
12938
28430
17327
21245
45232
30312
36151
24841
40514
21430
48388
12407
39264
64533
51112
19639
52904
58340
49826
21903
34358
33942
64365
60547
41377
41425
60544
47525
4761
50376
46505
50362
14314
59311
20035
20504
25791
56073
16037
24
40515
20584
46559
30698
23565
30112
59560
25984
19891
41052
13197
30895
58495
30886
2556
47274
23801
52424
18131
54608
47269
22680
57264
58861
64235
19714
26131
44290
205
58686
30163
64769
7971
21140
24435
14208
21870
28421
40854
14378
11102
17822
45227
17320
63248
8621
2703
10328
17819
11614
13034
2031
63941
43718
28788
64743
22091
24611
26606
52168
3750
42990
56297
64430
34798
15015
53192
42494
38894
38268
22115
45173
36467
33572
19231
18589
49784
60078
34067
21295
46064
14690
55010
35298
43511
10590
45766
15962
52270
20593
27466
42411
14602
51661
50731
60321
30880
52265
14218
50720
25652
5812
27297
51168
56456
19716
29881
44292
6784
13488
55264
64783
9869
19072
36803
36038
5773
33306
26061
47409
49063
46748
39925
29356
48701
18418
5832
10177
46392
52522
7598
28061
29948
32942
7042
41702
7054
40852
24683
17052
33473
61046
60565
50991
35944
37146
3401
25484
34203
12538
36484
49792
23528
28895
15291
37153
60657
23707
36825
41282
7141
63938
15307
2727
6949
28172
6035
39383
38471
32487
13836
43436
38357
57928
55450
52695
8728
14951
14214
3093
65420
54543
10341
2131
64296
33570
55584
62877
59652
20924
33506
21281
9471
24259
12676
44838
10864
31603
5414
41606
60398
62945
47427
62961
22518
59437
27950
39985
18963
60393
12890
3417
36245
56086
11380
11748
6425
18585
14333
62875
28651
49641
65333
38232
4585
12623
63902
51276
17037
28794
32600
3619
31832
4290
19374
30893
25340
29784
30301
19886
30125
29528
2019
29021
51648
39625
8251
46385
28589
56874
36373
24106
6831
61109
17767
3402
28181
35503
30197
49061
16053
30905
35995
10881
18882
41023
41056
9409
52516
9346
18817
17554
38192
43075
56779
21721
9314
27597
1413
6288
54159
55297
51017
51301
53562
7606
18497
8674
30155
13458
52734
38281
15668
21487
10215
9019
48529
58366
60372
35019
26459
807
31213
10405
14617
23524
14963
45050
53758
1562
13748
48527
34725
27704
40690
13519
33688
25409
13652
16852
23007
49449
21551
63710
1925
58539
17535
34815
41013
61864
54610
61310
55073
17988
58816
1303
4672
48674
33719
33469
9430
47613
7503
6085
20132
60872
14150
10201
46967
62548
38817
63788
27795
26397
48503
56859
32566
57246
21060
54145
36206
20073
36079
10376
12016
1824
9919
32641
6285
7088
5610
63415
20140
47849
46949
42329
51589
26689
45896
45508
37436
13705
19764
1375
11986
58173
4398
61777
16692
20824
5319
8845
55186
7727
22053
2680
63023
15421
48272
9961
46952
42970
57176
112
50276
49267
42314
56719
28297
16281
21495
3834
8557
62051
38660
24856
24345
40211
52965
5266
58532
59643
41637
37677
50398
13592
14309
3174
27880
57803
15313
62306
3471
17941
17809
27410
1450
39998
2032
18486
37612
1723
38662
16326
14184
30027
50663
59585
62671
47850
11193
45058
46988
16084
32620
9264
5274
29484
40368
16115
24982
56253
53803
6329
18273
41470
14274
48531
21492
52693
17261
56920
52702
17167
2788
17423
1583
38434
5152
4310
7293
26001
26109
63766
1313
60595
7737
34728
44852
18668
61200
20057
27420
18337
42532
44084
41405
30397
60990
40344
15740
45489
52546
20210
6088
45138
46639
33938
64891
46488
18373
49005
22565
8160
57210
41659
9310
55878
21678
26418
56705
4638
2885
9419
50598
17663
61181
10131
47229
13892
38326
53094
33964
23562
937
47838
52646
24529
24872
61097
20278
35631
26219
52236
44425
58933
59868
37801
41243
62908
41963
62633
44486
17454
30176
13953
4610
38958
18478
36298
61954
60279
59863
21791
39627
30211
41952
50995
31613
4030
42360
58492
12885
20514
52200
9952
62150
61564
28280
34223
12931
42739
32953
50997
41925
36930
16649
26243
46994
43993
58167
58019
27999
34533
2487
50737
21510
45849
26457
21445
41418
60978
54133
6757
58442
40287
36581
40960
31556
64268
59869
45368
56512
16922
22963
17995
31864
16043
46104
16362
42920
12314
51143
19790
127
62114
59592
45182
39289
45854
43454
47837
48152
57564
42178
24887
49304
43975
64551
2414
41032
22150
620
50749
28215
43519
43442
58101
49578
19219
27875
22531
51233
61519
16954
41875
10359
18250
53689
50743
24035
31238
62973
2575
50085
51835
9155
42332
38475
16219
15399
35369
58971
20040
24498
16036
64802
30991
59737
47826
30327
11622
57064
10621
48797
58065
60352
3543
32150
33324
29048
45373
35442
16919
45363
10792
47901
60106
26381
35867
29547
40459
64096
62241
48438
18241
36174
29063
55992
32444
42918
7061
46615
53717
14012
43561
4889
62297
9188
58695
62405
18666
57915
9876
58506
28284
42855
51001
42191
25183
43639
49929
49307
21556
35331
59770
41035
55524
10022
29057
35312
32521
43703
35659
32625
36929
14788
53645
64363
40904
61304
2663
44251
50167
621
42625
26827
45049
31261
47831
48913
45339
29143
4021
49121
17132
14161
46961
61567
57804
9240
46610
38223
2140
12913
51007
50351
56877
43899
1597
22128
6054
29334
45930
44832
34543
2491
61651
49297
30981
22555
58883
51245
32565
27947
344
33511
35679
25017
31625
50644
26296
10942
65102
41387
45924
64654
3704
44413
43274
4548
13681
5840
17790
40391
14607
53243
16624
1936
21921
29216
29060
17294
6458
44406
47819
54913
63524
61899
3620
56868
35163
36295
11638
36706
34977
59139
30338
28123
14820
62235
10146
59234
62990
40052
43833
25393
2911
25714
34437
47669
39407
24333
62880
4654
41336
41335
65145
39366
23768
39862
55938
2121
16501
28119
6826
12164
12248
2631
63914
3938
3349
62224
63910
54892
50200
7067
56999
39370
28367
62325
64147
63120
65094
8910
17680
54713
47513
58138
52805
9896
29810
59283
32122
62250
32325
25881
22246
51926
3382
26735
35528
55577
23883
50135
47137
55123
60546
19296
20113
62007
39031
31803
19018
6405
406
15612
34949
44583
62489
3233
48921
17806
40306
59892
21545
56407
28528
18428
61589
26623
65099
17244
55846
1886
6454
41338
711
60088
21275
24754
19570
23869
19489
44795
37767
23449
9912
3109
18714
64178
21365
51238
41835
56437
1805
28575
8203
41579
52182
32068
64159
39509
18020
14264
48339
42781
37912
46231
32755
25701
64001
8601
10858
54298
44442
51057
27028
19188
8594
32292
26707
31335
2486
42097
19731
53638
20722
8351
58383
9231
41795
27239
53025
54969
30351
2446
29056
30570
38694
42111
156
48011
30951
2351
17481
63344
12364
4810
14707
58841
42735
55422
30347
42774
27102
9383
21920
42846
54407
54485
47912
40546
64409
5530
41831
57430
49428
34316
195
20721
2208
52321
34427
27462
32112
14824
4776
62120
32555
53137
34447
47679
43682
45223
53478
43183
10529
53210
25855
45380
3980
64026
18149
55354
8262
14133
58879
4708
39651
3594
53212
63421
62415
12742
36859
4519
58354
34634
55531
46433
54252
6083
19577
10821
31333
22776
8840
63414
39701
54909
37739
24180
8198
62931
26341
61134
28886
22570
34012
28161
43701
6459
51174
40135
44431
13481
47648
46882
23036
64900
17024
54820
31817
1542
34351
18976
58973
15804
39180
3335
21348
15862
53317
13852
14091
7183
49282
20292
17555
20622
12159
4165
23438
60248
46859
28700
19334
36768
12
62461
26135
9145
43702
45037
36318
6696
9401
7647
35481
7122
37628
61011
17938
12138
35426
49201
61675
46705
53270
60415
50733
21376
15204
27234
42767
24359
13979
17833
60607
1510
16324
10327
34323
35071
32007
43513
1323
57650
38795
20823
21432
34870
38111
21056
49157
40890
58060
41734
7223
7634
20453
62717
24804
11115
34632
19778
20697
9835
20761
25479
11413
56077
17347
37790
44217
17861
10417
3117
34640
57303
23323
32113
36238
23589
49803
29591
8225
48954
28458
49981
16170
64415
50413
28262
6245
4782
36568
24338
61967
58628
50236
15978
7953
47597
54400
25130
256
4722
44172
30851
10831
21493
62975
61433
63925
21269
45488
16593
38383
44985
42485
38985
29535
64703
61217
13262
33463
19194
13261
40253
37357
32880
56712
65087
54948
20411
60153
23404
59969
26305
63778
19298
15150
59662
48113
15097
45560
40712
15240
53431
35748
47605
42424
40654
49158
34195
17372
2798
53624
56018
5334
38152
18789
27464
37995
49676
15711
2293
57185
9298
10258
31135
35025
34151
45937
61820
19429
6944
9779
61175
38097
19645
27608
1648
24246
47074
18737
58848
13880
21322
14999
6770
60959
3814
13945
35615
17597
58374
39013
14272
37307
47430
25630
36323
60597
34723
3283
38730
49943
1837
46837
45841
27514
888
2598
31212
15362
25769
49734
38576
9941
12498
10826
988
52440
10421
60390
40045
52310
31277
23781
14713
8324
15933
4105
63665
12527
35117
59584
55464
28306
15833
3194
30559
13000
56107
21764
1494
32834
14578
30521
4365
40255
34772
15024
31100
37706
24984
64259
26191
13310
15722
8346
6566
44743
52338
38163
17183
42678
459
7902
58361
12750
44738
34453
43957
24349
4450
56112
12044
38739
26110
51470
40675
15782
21302
3313
298
52098
42555
31816
52178
64678
2974
59492
3568
21800
27088
1435
23053
52690
48610
11194
38567
36312
59666
62266
23880
31674
13533
36931
3961
12295
25188
39339
33393
44951
53227
10820
39090
22093
49342
65461
63133
54191
60869
26184
53488
58504
30686
13572
36498
10495
3891
29308
14267
40647
22770
11402
59695
60429
15077
8340
27163
21553
2588
3875
33514
63791
59538
11532
38963
21192
37826
34087
21775
30477
8055
7138
24763
58432
48829
5657
36322
57597
11180
2866
47800
41850
20853
60389
45098
45319
2699
3717
41721
36222
27568
59421
39730
4272
54592
29583
13969
58903
26385
50378
3991
49023
3616
27153
54777
40244
58790
3003
13150
39278
22974
13991
29569
60263
136
48378
3287
48369
13508
34501
27897
15868
58910
45245
8080
5085
44690
47032
3380
41874
3570
36089
39711
29923
42005
12697
50425
2059
27248
49804
47497
61401
61719
2420
59395
3372
17458
34454
27980
32543
61717
38285
2898
61624
4111
61183
30165
36774
59677
25125
549
22088
38381
15442
15727
17951
24619
2075
63534
1884
27981
41804
14842
29282
49463
23344
48157
55483
19740
46071
22348
10286
59385
62416
15908
19144
32176
57701
26084
35232
5800
25423
41321
31193
27097
53073
15972
28196
16392
41950
24178
8896
39781
11192
46974
32881
36466
2991
27409
24952
29662
3877
28680
20687
5839
14722
41090
24688
6754
34468
52257
63504
19472
31586
47412
51682
24396
58246
30100
11249
12760
25742
7841
53641
51861
51016
24448
36257
7855
51615
49729
33690
61312
33687
13528
36271
36714
51247
40313
8044
10362
39034
25012
40217
11641
49026
49412
29119
47151
32575
12735
11545
15126
2120
52706
20930
36216
35704
54306
19485
37362
52833
49343
44181
1429
23766
28626
48594
58425
38678
2908
54923
17445
62549
57088
27539
27484
29818
42186
32538
10774
63143
1120
2892
13859
33223
10289
32044
53594
24972
22696
48158
29560
50428
64490
29290
25194
35595
45996
32131
21999
34811
6290
5089
55168
55179
60919
55853
55083
41723
43264
25546
34800
35453
29389
16991
15648
59132
37860
22849
27424
62303
57091
46643
42727
54022
50032
38588
6010
64508
1187
19497
965
16300
41100
32298
16146
26170
57387
41487
45845
11840
20619
31084
26988
1014
16531
49388
28661
49680
42787
27134
45382
13236
30726
14118
27809
31227
4243
53776
54195
49142
65232
46883
60792
25745
11874
4607
43924
60958
59731
18274
16740
50585
13278
16947
4659
9095
12866
52053
46667
2055
49452
52539
26625
2049
52320
54177
1230
59990
6701
16861
26631
54183
20957
45388
44183
48115
2459
33332
42951
1585
20241
12171
23615
8310
54886
8028
9750
61953
28210
31242
12050
61522
14203
31301
8037
4896
19572
38962
19493
21560
22702
9504
17552
22110
18298
45306
9875
52345
53851
33642
31363
6113
41077
57071
24839
53067
28501
4785
7731
33118
5907
9479
43708
51530
41474
10521
42620
13959
45199
28007
6737
2668
42898
7786
54371
1174
49
32516
42859
21106
49885
7006
26954
13960
7279
24101
18881
26475
24858
12019
33270
24822
20653
30208
9159
48801
41476
53495
42489
25692
19339
29037
49035
57401
26536
23349
6562
373
35057
45044
61336
10666
50180
24601
39381
53772
15172
4650
19769
38334
52708
25905
27127
58214
34037
44057
41427
60898
3771
17265
10693
22238
39894
60464
4734
5799
29521
42745
15044
51471
63761
27562
24772
40667
50178
48586
54785
4885
32101
45610
26534
55216
18246
5317
10415
42753
40242
31913
41582
24739
49878
11809
44749
39101
31632
5416
7446
52438
44701
23278
8406
5389
12400
42736
41569
37641
1808
5151
52208
14204
31601
34226
60734
26919
41838
20233
32996
32612
24034
43770
15802
59572
3328
61241
27308
24888
22991
37844
39999
10583
58121
19116
5469
17512
22592
43766
7928
49331
37565
7639
27289
63021
49190
4267
33031
10330
44576
16078
52217
57163
21996
32602
3813
59210
37558
18265
23577
6077
64916
16901
11045
4388
60858
30055
57224
13840
11527
44842
33639
30153
5115
31958
41934
51419
27599
40498
55046
4441
7943
6169
11604
61910
27691
43509
62745
12403
58731
27456
27529
39451
23892
3888
31721
33505
18109
18560
27717
23357
4184
922
41382
39762
52672
17205
48736
52958
17253
2962
6239
7968
58974
11328
11299
23583
62027
56951
32781
3753
44736
19492
40544
8040
23373
45974
27616
13712
20087
54757
17699
62409
34068
10553
31109
10401
46413
34941
7062
36892
39775
2839
6240
41192
55225
36150
7467
11048
62750
24624
56898
40669
1311
8239
9654
36968
40543
63272
19269
52669
48573
55466
47206
52821
43416
23676
32468
23267
42467
7265
2481
59793
37286
61586
35097
282
1745
46330
34755
12191
44236
44268
20347
27518
9501
54486
622
27099
33238
15130
3116
37202
46706
19784
60766
35667
63861
961
52062
52489
7363
28015
63014
16726
3007
63185
30671
38183
38231
27794
48270
38431
54140
2630
11944
2741
50803
16667
4202
57527
17947
17302
29212
60496
25438
15777
1896
2890
16251
8025
57280
18814
1300
29051
28450
58460
61790
61230
9340
33759
54202
18215
17022
15135
17623
10929
52540
24292
31427
59063
15043
22787
5786
39956
63922
59887
705
26229
43646
47930
52593
52727
3676
6501
27731
59485
1901
2742
25896
64016
9035
8152
317
23340
59832
19320
42617
15783
56470
37545
47507
22879
2748
1860
33281
65329
8756
7163
37833
35446
4204
17665
62807
32266
52947
14194
62723
26749
34361
42478
19569
19123
7643
6835
1050
43775
1890
19496
114
31369
37444
5763
46447
19268
42355
33705
917
23067
53433
7610
39595
32615
27047
44441
11856
21993
34173
59203
46436
43645
4036
4067
53489
42759
27152
11854
28270
18703
59826
31439
62225
41825
22038
3762
39187
35775
59279
6895
56255
4898
10879
46224
9246
29332
26676
41391
64589
49540
39036
39582
1709
18967
26467
8468
46709
18053
22625
55861
44670
4327
47655
2766
6154
30563
63334
3585
12669
40291
40694
32347
52073
60358
13597
20173
42429
34554
52822
30568
26795
10629
19133
38725
12662
4803
7148
25567
54793
30464
18675
28388
21490
39765
64404
43624
30469
47853
44332
23180
44898
19332
25199
51026
26883
18318
34386
26125
41853
34399
31631
53239
15724
29295
58337
44401
15629
34255
29545
32329
29524
16516
5125
56058
12923
34400
7327
21483
56649
45696
49987
4503
29794
48187
27073
17405
59844
30573
32653
59989
21253
9787
19341
16994
28002
31073
36955
4492
45809
50815
65107
52959
3939
36421
28159
35968
3847
15284
62996
29799
21546
41267
22548
13986
2925
34959
35683
38999
28463
44026
30592
1635
6654
10112
4975
21901
22589
8085
19132
62335
51697
28003
28439
29446
35402
17637
17654
9177
59340
23189
48885
60526
46256
30428
28033
60997
15622
8017
15088
54359
34205
18481
19506
57446
17564
11505
36770
21472
33742
51952
44591
21428
1094
43935
54956
45885
7159
9352
53
60064
22752
20533
36959
22390
6386
31340
16055
38392
49894
16411
48886
32326
16598
19450
61131
7988
12664
27677
31563
63848
28198
50784
65247
14094
62651
53587
6815
33043
25225
18660
32138
25947
33568
19843
33114
50408
4869
56197
65233
11581
29806
65167
44079
59460
42486
7434
2936
35526
55151
13209
52543
46333
22272
15333
16058
4491
45816
24828
8187
5287
24569
48631
31436
23353
38735
31425
27489
17000
57032
12139
601
3614
58301
41631
40505
45404
15103
20586
12465
16844
51976
19333
56159
30562
26871
405
44577
58983
39218
17991
4751
62151
18752
49417
23354
36710
37709
372
11507
22877
58723
17471
37908
2236
21038
64918
59361
55888
54079
12999
33796
48903
12057
35460
39072
21547
25955
48887
8604
17563
55134
52063
27737
7069
18845
10004
43929
35179
13421
61606
37034
21536
30730
38922
46131
44958
23246
8447
33124
29043
59746
58215
27343
63394
25731
6241
47431
53047
24679
8703
43312
50541
39224
56211
11877
29510
40481
7445
28518
11897
45878
34174
46411
28413
26694
29065
44323
2227
14112
31627
6818
32395
14794
16744
46731
2453
768
15413
50591
46327
55543
9969
37951
25649
10082
56130
41561
10712
60715
559
19422
40196
39076
97
37546
2056
36616
23724
54928
2471
60558
11574
33710
10696
64836
830
59849
41809
27754
29833
4995
40807
18849
45981
11867
63523
39522
19813
57814
14079
19404
47553
2709
31144
20624
59078
47200
44903
52068
13076
63840
33277
8760
5783
54920
55122
3449
36253
16519
25281
59744
10588
34188
59398
6235
30350
10748
34764
8754
43983
6545
48526
60890
36412
2921
29550
8103
18171
11259
13337
33676
20273
56625
37676
28046
11053
10297
9078
19382
11139
24157
57332
58411
6704
54724
61878
6160
63877
4341
16264
39528
64719
6845
34366
18270
36582
64713
25626
26308
47236
53844
53675
9258
29783
24808
45966
10088
40357
63069
10706
60887
688
36659
15907
38186
61078
50051
13387
35452
44887
23999
2085
60681
33009
58981
24924
3936
20066
9889
1337
49711
30060
27052
29805
25515
64245
20626
2173
3563
35668
59235
7161
55449
57659
19342
32701
63789
20110
53372
14568
24773
52381
63397
38149
58671
30821
49165
49405
20189
23756
26799
54901
12741
33711
10485
13594
63128
2882
40199
2246
62293
55713
59324
57767
25779
29148
47601
4642
25850
7120
19583
30058
18364
10290
37930
19266
31566
22370
991
10560
26482
34329
37991
9845
5516
57022
25416
50660
35136
38676
40822
44495
64965
19316
17339
62395
31604
61042
19317
53849
14206
31609
31615
44489
49528
7794
3526
42144
62612
7407
22194
13996
38445
38641
55840
34272
44745
6688
36020
38095
49346
49378
46670
27126
56154
23000
59384
27368
34742
20511
15143
17447
20263
60188
5894
7075
40768
24225
42116
48056
6929
61685
44113
44065
41205
36888
60335
35258
15025
12495
52069
53361
42498
37032
20439
16304
40783
1272
6301
6294
4589
10161
2210
53538
21596
14508
13419
63871
29529
48478
23834
20269
57471
22376
1024
5883
53976
24650
61121
36841
34555
46146
17453
40771
35610
3658
56363
36772
19508
3841
13399
14058
8129
41986
30980
11853
6248
39660
16316
11519
61514
63537
31021
35885
45096
56699
21566
24537
23902
3199
10269
17010
18802
30792
33581
19272
51568
22674
22677
59066
11473
25171
59873
554
25100
43361
29796
35845
41926
16996
61359
36867
40098
9172
7158
22058
44010
13409
20755
55555
33107
44062
53236
52007
6265
37180
759
64483
47363
63716
37366
28479
19300
5825
43467
23484
55055
56340
10850
27104
52237
31330
54946
48127
2427
63826
24622
27503
9903
39550
58535
1759
7908
39171
24347
29518
35806
23118
40781
10579
61508
65122
13180
3839
38863
11371
40461
11789
48569
25112
7372
32477
30822
30239
24591
27796
33816
58146
22197
47239
58692
11059
30870
48752
20018
64869
57177
55610
1804
35454
11370
23626
34680
30503
51806
59866
63577
60227
53647
20410
63099
38876
34780
41912
23495
37270
39110
58202
46521
9513
4738
38349
34132
17449
18111
53633
60748
26953
18704
35783
44509
5850
57911
11133
49308
5458
29192
44476
57375
60853
38387
42417
5608
36559
36546
47746
17105
26201
31882
2368
42712
23969
29932
59862
41188
33198
59240
50716
5554
11039
41796
34729
30955
6655
24778
27883
1325
40433
61861
55684
32882
57841
60082
1763
54275
23327
61089
47182
50112
967
615
56404
43382
36465
17258
62483
27475
21577
9976
25589
62516
39710
39886
25120
47587
40937
44212
60416
29767
27548
19478
57360
40740
36940
5013
1592
40496
12721
29105
2402
47385
62999
59867
38131
58987
9364
49483
49824
40393
64120
46662
1591
53767
2972
2860
27727
49949
29512
2492
15386
1234
11033
45322
3706
9535
60988
46611
60085
34334
49194
41927
30187
34590
58943
57917
5472
3357
44012
33405
5875
27476
40599
60462
73
28868
61670
57693
52340
38172
21399
57916
35195
24534
42561
1775
6843
11490
53423
16942
34844
21565
40534
34778
38048
58698
54884
35868
17895
61367
17198
27735
49703
41187
40593
17461
13965
38911
52385
52247
26471
12211
5845
2493
55632
50
48771
48166
26982
19140
39665
54925
29750
36943
52408
52333
40892
26474
60437
51498
41603
25235
10946
36740
33708
8292
20840
34979
18734
15903
48549
59891
59543
40875
22154
619
31850
513
48421
1595
44187
39684
9598
12271
28509
57426
44821
16150
45911
52104
37364
56467
42154
64541
11620
23919
38469
2633
46608
5309
58557
38478
61871
2850
47743
51151
34855
8597
21654
14821
18184
4074
2147
21081
25219
2494
62862
53879
16109
45935
18419
37075
19011
20249
38410
13815
3111
46790
36708
18820
20481
30044
2217
10025
63997
40727
51730
22313
61660
2332
8022
23127
45862
18383
41413
59301
9181
8822
37494
37853
12303
34600
60351
7535
15394
30325
3650
32661
33045
47909
51370
59445
5194
48419
13173
59708
12948
63964
44436
4121
16454
35957
52948
57811
56800
64437
26044
55851
15665
63630
62953
13105
63157
24878
4685
6477
34685
61036
57134
13578
55085
39858
10797
26155
2337
52473
48523
2385
15272
15288
59847
59767
13223
39510
39922
46251
13217
11550
2154
38025
4666
2488
26981
4663
3145
29503
14063
12673
54294
26810
40318
18070
44871
42149
9543
38404
64750
1895
2746
19712
42159
50923
58641
5551
54232
10311
13478
15125
17181
64601
35662
53486
4595
33563
8210
25287
1052
8547
3371
64607
48766
30754
48524
55986
7432
56922
5591
26158
60000
7857
4273
25195
12813
36554
61998
63833
54318
6359
56924
31960
29144
62292
39059
24633
27803
59922
13932
64279
52322
46374
19573
1008
16457
7064
35686
12462
50913
10281
12649
63481
25872
34051
10656
64787
22419
54704
3478
29507
56852
47321
63529
44549
40823
58658
46364
53483
64443
610
55132
2411
20540
43451
44091
1757
61584
23440
21842
30919
50161
47905
4141
27627
32289
13447
1571
16046
62899
48413
26846
19278
8990
11644
54760
60224
62594
16309
3781
60921
25705
8051
59074
4571
49484
45356
46320
37355
44241
24693
44982
3230
64695
62587
49590
3164
5390
12384
25529
39566
46745
6940
55706
1916
56103
27832
23388
36383
56746
37253
38728
44667
37177
7412
53597
14073
61603
61202
4523
23554
40538
58054
48625
29612
47712
7176
59853
51270
34032
54829
7651
38462
32473
55203
54243
5659
48559
39573
64396
29657
26046
50987
15419
38941
37893
55350
28160
60413
31357
19349
378
21538
45141
32560
43080
16018
25551
22600
61000
42380
61919
53888
14251
34966
38868
17912
32509
61724
11365
47866
37116
48410
29571
41238
34700
26785
31437
26977
33532
23039
56743
27740
37017
37753
35676
31438
33697
29134
36044
44073
54264
26786
3064
21305
62681
54267
20282
64047
10692
38386
50767
21344
55468
52521
39354
19606
57502
50972
5017
9577
10260
34112
52574
9375
33519
18294
17103
5065
62028
61745
46835
36632
59020
60620
57030
16428
32265
35861
25632
45507
32262
63681
56751
26468
63121
33056
26904
3625
50954
41507
12437
15008
53899
62682
38643
17745
63139
32392
11425
57493
38771
47191
48119
30622
37401
52592
35122
27244
25740
19115
34962
49237
37062
37702
64405
6498
37696
17096
12490
3453
58377
50963
7966
1776
33302
36617
10751
63650
47968
38721
19276
57208
38481
29567
41210
9930
49597
62972
26496
47759
59281
62189
55612
33951
15710
40265
4815
34688
50562
11546
31104
40442
34699
47201
63464
59983
51183
2544
16921
35375
11161
33579
57759
50870
30823
40374
14464
13088
54472
47202
57227
35245
5371
5294
38463
28779
39583
52656
31598
5771
9201
17324
31841
20816
41404
38012
24118
46645
27965
28414
36263
38035
7931
37504
61135
32650
56737
28311
1104
16402
36932
50911
62499
4636
56146
48497
44936
34103
22270
47794
2287
37236
51684
31624
36542
14527
2298
21589
65031
25871
32331
46000
44211
25542
21833
59174
34812
52811
31078
21554
55622
14513
9656
36648
57346
51606
44464
36332
40903
63755
30393
38727
4389
17360
43446
37157
14742
25698
36938
42730
12269
50114
8655
54284
42516
59278
60175
48251
33596
30546
65101
36196
49468
25342
44208
65497
18826
52541
28911
10064
14473
5162
14175
7575
22560
52809
37490
32889
51083
58516
27082
30346
52542
17199
36869
34586
64181
41352
8941
13302
50238
41864
9827
17885
50908
44586
8339
46650
13193
26978
61617
53770
104
12312
21440
49942
16209
36961
65088
24439
31074
21889
13155
37941
28064
56500
1911
6880
23822
17402
4992
43515
55512
4647
63906
14097
31184
12876
19228
50906
60626
44179
50680
25212
43368
42733
10501
24027
34582
50445
20656
63669
29284
57867
32994
30430
13718
34828
13866
58509
44003
38961
19850
43300
21502
20935
10066
22051
9998
12459
36755
46655
43408
22034
60639
4190
49778
44947
9391
43874
38907
40301
65097
1283
12510
32945
38374
47848
64790
7681
31558
30936
50535
35787
23704
26920
880
52806
63958
6449
55112
22210
1967
24053
25977
5398
16290
15406
49292
41196
54528
44161
60397
16156
41057
60253
34230
33218
46369
35592
63478
38346
63810
1636
63315
3079
12934
46210
14843
39314
32353
14043
21862
24175
27636
10997
1874
48822
31554
36324
60422
16123
54238
51045
16120
1169
18742
11041
55109
63664
3684
37221
42108
6576
22673
32261
63206
55402
15062
3604
19965
6289
55705
41869
18864
52547
49444
39297
44146
56100
1220
65372
29925
12497
8675
20745
6378
40050
43367
44421
27600
54705
64796
21544
13298
29516
49741
2499
46065
14590
39578
35803
9217
10424
29293
58369
53837
14447
57506
21541
47931
20498
2303
63831
29764
5880
5926
14137
18720
25866
43373
41369
53830
35171
42786
63074
58881
38607
9635
40934
42660
26608
47177
6913
33756
41074
52937
35762
19042
6411
24476
41438
25064
34466
34060
57390
11263
41186
41554
31588
60392
36578
39460
26319
39673
14146
29576
16738
26452
12021
44354
39984
18280
29061
15417
37613
40752
61338
16956
63709
18276
43013
40639
326
30502
20159
49689
56457
25912
34221
27815
36032
54319
11984
32915
21626
53785
14679
57895
60472
26745
26487
57252
7502
33787
62455
32907
60910
13621
57260
63588
55825
13787
15971
50685
59048
4338
50440
44384
7091
31077
30349
29113
37621
35350
19664
63803
63589
22811
2313
9054
17470
45694
17215
48445
18103
2157
33826
60823
24399
7846
29536
10610
28317
46976
3136
11629
8833
55373
4927
53591
62126
47474
29772
64903
40735
10224
33226
11294
26876
4921
24255
59258
51173
15116
19503
52838
35354
56569
1501
47029
13062
33717
7652
63805
62404
55877
21628
38194
23816
58476
62930
9591
24310
20195
24874
50932
14422
54731
50527
41151
56208
35005
21619
13235
23813
36217
54196
59414
6112
50979
30499
31873
63456
8678
26399
28783
57830
34998
24241
20174
10232
20069
20165
60929
18525
42372
27989
2389
15912
58768
10374
16957
14306
14997
29970
59457
3549
43201
34881
2078
29900
63110
15927
37008
56029
19725
5964
29292
41965
55486
49486
59609
52776
36493
23605
34301
62182
20416
35628
13343
55121
9638
49849
60332
58311
34964
18778
61723
62248
13992
7211
19654
17046
59276
19274
32839
33206
49314
57883
38955
18064
9524
29959
59166
44361
43669
62326
862
16280
10699
20175
53718
36503
46019
63136
65046
34364
47763
55386
43662
15191
48997
28037
56459
982
61122
19397
34992
3120
27692
55435
52603
56602
36527
44090
22269
42642
20474
53637
54957
7518
17171
19248
58059
2352
10402
25691
51411
48220
48772
63253
42000
64885
10958
34402
53639
2547
36513
56151
44185
41846
42389
57196
55463
45771
57540
50691
36606
7873
30307
42668
31964
42215
40469
60191
49622
7221
49603
1384
49682
7982
3738
10602
57549
51793
4483
6844
8768
2658
41458
36442
20003
16512
9363
5014
59420
36122
7202
56444
3889
60689
34660
31168
53763
28595
28234
7887
8565
1271
55459
25338
3218
41822
8357
17911
5214
17202
3017
54936
53640
62474
29633
19356
25198
59840
9531
34557
49684
48786
17713
60618
4455
6225
35468
6529
24881
63264
8541
43977
25185
35324
7084
12189
38934
9371
27538
56990
6237
37855
33115
61237
61382
5739
38874
39770
62208
8791
65248
37562
62019
17868
39988
47465
50830
43911
63945
26711
6070
58397
29459
11866
450
18175
4755
54405
44656
9880
17890
25904
54408
19810
61206
59238
25895
62078
41904
52655
61711
5666
61378
50939
51277
8113
42836
3392
38847
49482
26171
59077
24893
54475
43396
11256
51551
64777
30156
1365
30828
48791
16482
23978
37585
49479
62468
50138
49071
38119
57211
15791
16604
63300
58643
42755
50242
10863
52009
23202
51857
42631
41079
18114
48324
16983
33867
15922
190
49448
23783
36935
63804
35839
46652
44714
54444
29069
43900
13474
25192
8192
3159
14635
8261
21673
60813
60983
63799
7517
41576
28695
51858
42637
4516
43586
46581
42445
64283
8175
28168
14131
55694
46589
16951
34409
43448
28516
62538
38508
14060
42590
60395
62592
30401
55990
45936
35828
28116
44103
65174
24365
1692
35174
5804
38096
14062
63223
59976
21784
31619
38353
45647
19338
25568
56762
63391
42115
41016
52556
10381
45361
61332
28303
33186
50672
57902
40757
16890
1053
16950
33939
29287
55345
56889
30913
23932
14523
14215
63813
11827
32523
51558
14693
52390
57102
18648
53873
16459
33989
14612
12535
48304
14750
4608
59222
22094
61374
41993
29823
31486
40958
36645
45289
63380
12950
63584
43172
57591
50744
9508
1511
35939
45972
43706
29071
65458
51727
31085
56370
43372
32826
43707
22966
45912
46142
16925
22273
45701
18919
14478
24865
3777
14895
12373
48441
19009
18512
32312
12304
42293
45698
28283
552
17459
37278
18711
29047
44386
39471
51845
14996
16462
14152
65042
52974
22215
42632
16119
54871
5482
35228
49658
28336
34606
65340
23566
57553
16955
34387
19048
15602
13649
22294
46105
63401
39661
62086
30580
7439
5723
14326
46629
27603
63386
23628
30006
54258
11971
22301
12683
65460
6319
61019
48780
44684
45002
36491
29420
29675
19015
49965
42454
10382
48798
29064
18489
32399
12024
29643
11942
23701
46182
12759
34896
29573
29291
36558
18277
14436
46999
45367
13569
42903
25186
64603
18159
41025
10819
14143
13303
40604
43371
54257
41570
1603
41076
63156
29265
39084
18036
17169
33947
13620
45400
60384
21482
51023
38579
35599
63330
44567
46582
30342
13767
46584
18642
25666
35747
9933
42896
3592
14459
39122
63962
56651
31080
44570
57562
42726
10276
25189
23660
19748
49958
29411
20322
40517
50696
15570
18746
1784
29285
33388
20001
63955
20352
185
41257
25825
41423
34773
24052
46414
27698
42063
52862
21542
23060
33389
9179
12251
18026
51685
13879
30629
2150
33139
21663
28353
56493
41840
63297
40470
41173
65188
34506
10639
52875
13863
239
53828
6446
49469
25629
20275
62013
39053
47492
13791
60638
65029
12289
41529
44800
51874
18760
29221
38877
34781
16137
847
61542
36300
15892
36728
21868
21025
40652
43443
28624
17506
6694
7760
42635
32639
9728
14347
33829
52187
63666
12870
43026
42350
16147
60629
11538
54436
1415
11776
30567
41345
47103
21529
43453
57351
12960
20535
55344
22893
56767
48953
192
6805
62524
34016
39695
44674
32100
49823
59499
22434
63311
46599
28725
3227
25619
31082
50848
18170
25128
34216
61975
42698
10079
64391
38904
65128
37657
55880
52627
38377
44261
42725
49957
40696
19679
20155
63520
54616
23281
53174
60950
37673
19131
24646
63336
15852
62462
35357
6400
6305
34462
54283
39618
64114
31209
42103
55152
48873
63303
3450
30781
15843
3260
22438
20486
39565
15059
9883
61667
25719
13606
1136
59130
43133
63306
19227
42301
45294
4159
30341
412
58807
22036
16113
32748
1022
61943
35374
60808
21660
31198
1663
64184
14754
45161
5797
62240
10667
30535
23079
18063
17815
55871
36924
13063
51015
14432
54017
35243
12042
63546
59216
32528
2793
28793
52842
16098
6474
22114
45431
55834
49013
14798
16697
39107
44538
26484
47630
16185
4099
13948
14196
38519
46466
58701
21609
17916
61430
17147
43499
21821
31495
39859
39648
36912
65142
20143
52451
23164
61085
53505
10548
16029
43118
41486
7205
34877
32730
19263
22984
4458
55821
11334
48940
3556
60403
59777
28954
54929
18761
49884
39216
41159
30317
34289
24021
60150
61145
40858
4770
60688
61539
2021
28508
12177
27550
46219
44756
57079
44858
40338
18788
35188
7960
33544
11602
58113
36233
583
50480
56589
2348
49875
51680
48204
52294
60207
12536
25974
35894
63784
3754
59893
9686
6076
12270
48517
32793
3326
27563
22692
36003
20102
61911
20052
14177
55360
52494
9236
33113
4565
18006
53840
29523
37564
52983
8272
48278
34994
60601
60058
40083
6436
59570
20177
38534
23582
6881
42094
12961
1003
56709
63411
65382
11094
56680
11273
57090
4777
34243
24603
6105
52491
37837
55334
32170
50185
37874
55537
40954
43972
37354
4146
34651
60665
40662
36145
20328
26540
38246
3056
55639
21104
29325
29634
45558
58626
24117
35878
23865
18260
22002
58715
10867
12766
55923
31011
56176
109
52215
3
47567
64326
5320
28148
49146
25020
38160
6355
34786
39288
35529
54508
55551
26541
33327
48050
47399
11055
57640
20262
33465
56645
38305
65271
16406
57851
7192
31561
46937
2733
8772
11060
53126
16544
32984
48815
8146
33099
46480
1350
21886
43022
41885
58670
18455
28269
19719
26092
13220
47394
31332
28465
64652
52232
18812
35621
13700
43387
3637
58867
35319
37555
14913
2507
15959
20662
58918
31587
55879
60098
41959
30696
27214
38156
42351
34903
59616
12323
14312
29960
45196
12738
7046
52986
48737
419
25928
26067
58469
56246
23493
32947
60475
28803
37989
885
47651
58160
37254
26696
1708
48751
49399
59794
7189
23928
56277
22850
33916
42835
7349
4088
16657
9058
20602
46591
13015
27379
48487
22040
6821
30790
48832
28456
28772
2852
61445
15078
48424
22525
19383
36042
20595
63760
8171
2305
34442
60444
46920
26372
24690
45266
52645
24548
30497
20015
35368
57852
60985
4878
6451
23046
24263
60457
78
667
41879
24642
43494
12298
46659
38350
44255
31819
40017
50150
15276
54033
1568
53130
26149
42047
5572
49491
21610
60702
28051
43389
41877
51534
3239
48150
2483
53163
15383
38568
24890
11646
15079
2851
40222
58978
48084
21761
23861
57371
39330
9652
59232
58187
17367
60568
8149
27915
14631
52612
44471
15277
17193
28354
30095
1166
61979
24268
21370
58551
13924
47688
7187
14703
14221
48003
11862
26255
23313
25839
27681
12930
51353
45947
26986
44869
13138
60084
1772
15964
12684
4271
12330
64117
44428
4865
23561
27415
19179
16082
23040
2845
5695
30492
14219
17820
33435
38367
60477
57202
38233
52142
7114
10006
64417
64598
2161
36974
46613
62501
53654
55732
12674
17710
47539
37417
24612
34028
40390
1407
62253
64679
38822
47268
59098
54437
20261
64075
52649
15956
60059
59778
39681
35147
7045
22523
12500
18411
28071
2093
59903
15072
30627
37778
903
28804
7693
58570
39849
26096
30385
42148
628
2292
41908
43959
3465
48901
27533
64567
51707
11134
3481
33895
22472
47241
801
29097
25752
1176
42521
31016
25377
9389
38061
33403
11790
23161
35197
18376
46207
31181
50298
34363
27818
17979
46432
43014
32924
16099
45593
24902
28387
31360
12825
27264
52225
26995
52471
47123
23856
45846
23952
65066
20032
26980
55668
46647
55943
16000
31076
3664
63160
18254
22822
10789
50719
45487
38741
13365
23623
59901
59661
28226
30624
345
64127
20495
65506
62759
34182
5576
2105
19273
40387
60315
11289
16263
1580
47894
53419
7305
62828
52575
17128
59126
36551
36364
41596
43459
32780
29965
25725
53484
57068
56915
5253
6478
56919
21224
29713
2846
13109
6022
3070
27881
60134
1211
29719
3564
25588
39682
7184
50912
39778
21414
15377
62300
45023
37053
8264
11848
8294
20790
44989
49814
45638
7438
32034
336
64698
24506
32183
54105
62423
657
44271
41857
2383
54961
42033
5405
6173
39881
23497
3049
11038
2889
49537
60827
56509
10316
19576
25355
27416
12313
20046
59924
12652
47149
17217
4286
52404
19490
33048
14583
28541
58252
35451
34683
27874
15583
33869
49365
52792
4686
22657
6680
43750
41190
7429
28655
40071
35657
51273
54233
43092
14260
45177
21264
11796
63154
2594
16009
19044
60789
28026
4612
9978
1490
61956
37084
18073
12529
43538
57952
28923
52401
14887
55897
13816
28554
45869
13575
57798
33892
38803
35440
2323
12919
20019
63522
26654
48927
47392
63972
43661
50262
56811
23210
19964
47127
13069
52416
35960
5852
20045
47916
54136
29066
53635
5592
45372
15659
17174
48274
41797
27377
47871
47857
27391
1236
29509
40308
11468
9219
11540
9972
62230
5732
44707
65327
44980
31014
43585
2401
11315
38453
26284
8265
56030
33791
34691
21161
15351
43441
58320
34394
20470
45510
20764
6321
36898
45776
28784
53530
32876
19340
27240
59945
4872
62696
25406
52191
65286
55474
3652
31750
52240
34136
33489
48532
50038
13214
52984
6526
35296
62693
44226
9756
63924
26499
26169
11385
65396
10710
33668
31862
12784
3123
53898
37351
10888
50067
15356
21154
12222
33333
5621
9810
5327
62769
17204
20266
58728
50483
16182
62478
41946
27491
29969
9717
26278
53827
52989
13843
44705
31195
3837
59640
34379
63928
23506
10883
20703
42860
36896
22682
60720
26172
16807
30759
30404
53814
35826
25063
62976
28854
56341
61914
58162
63420
32916
48574
43700
61386
30061
53298
36159
44839
39270
2571
9241
53629
48764
24296
10632
553
49667
57583
2998
30791
40454
36051
20187
133
54347
35218
42399
42856
12706
38611
19126
325
56828
25940
9776
31753
6658
5928
32863
20194
1549
26533
55815
55257
52443
62473
37687
7356
32455
20182
27337
27402
54904
60728
19560
41227
47574
36489
4446
45798
57011
22309
46779
9596
53436
24340
45030
56237
16167
2669
34996
44554
47516
39572
6965
9215
4709
6969
23758
43709
18863
42313
35400
64614
815
11481
61679
3041
58317
43288
35158
26594
5052
41230
55944
50352
63775
62737
22421
35432
23203
13111
34396
18658
31623
34030
6270
46406
30320
41225
2107
8555
54706
27551
32646
48412
44702
64518
46528
40695
34889
5144
56023
24539
64493
27582
15177
42861
23211
18127
47615
34166
37441
20012
58659
24900
48880
42477
62426
56305
5772
15977
36103
41436
43593
64486
15146
47891
64525
64765
39746
15991
47984
4501
58949
36179
19846
37776
42702
20497
63354
27130
31626
45171
12812
33052
13646
61256
7350
35028
19062
9788
34391
38992
45580
63714
43018
13844
64436
27979
21459
31017
63649
12255
26632
35311
55724
42850
1073
16413
26921
42788
62656
9150
60179
32128
59221
6693
19840
20641
56666
26949
2728
25427
45872
23331
15271
49561
13136
34748
16572
5215
40646
5624
4583
42636
30595
4278
40598
46138
14739
39951
53052
7321
47659
34550
5471
3486
12680
14053
926
21828
48680
37287
48919
13591
22029
30024
43333
3474
16240
2994
50324
19304
11616
9182
31592
28231
4289
29349
18253
12147
7347
56239
25643
23831
34470
62109
3140
21755
57197
36664
53518
2637
58316
23778
36099
10097
30536
63055
7204
13171
29534
16357
51759
8750
59318
6838
38859
48473
45383
15253
15509
914
13448
13587
56435
58148
27517
57012
31124
40829
27576
9037
7041
37895
35184
32382
36494
1565
43598
9823
43699
32798
30237
25776
54698
16363
47393
37463
33801
23667
1297
10049
10817
58657
5337
36015
2884
18968
53401
16307
64724
54588
14055
16215
64027
43628
28486
6968
37782
10115
33956
19107
61591
62929
12166
40530
9515
21239
54578
31269
25039
23580
39267
39688
6121
5053
36382
51983
26181
41519
60166
3099
65190
54876
34810
21138
33242
29609
46732
26704
45943
25861
30026
19331
9425
20215
27467
35636
30356
22994
12716
22196
34627
53203
53207
11901
4333
2686
44878
30051
49268
52866
64669
45301
4303
34915
41741
29453
57010
50700
8867
52034
11331
56225
45304
43332
33067
3655
29059
5866
39564
45162
40525
27374
16236
12531
59215
49607
53642
34639
17722
43660
18142
43025
