29429
55620
30886
46959
2706
41381
12709
757
29436
2847
20901
806
57765
764
28545
24838
37026
14926
59450
49972
16614
3982
53754
14501
54269
54364
12313
14302
648
37583
7761
45183
5177
10886
15149
21198
8310
20598
26442
50233
18161
641
23465
27309
51021
63633
27673
36070
14494
52600
30895
34730
884
49008
15513
58950
26859
46704
9219
50548
7708
14971
51438
36069
44904
12922
47277
51022
38857
37133
20630
21831
28345
34968
44344
21847
16653
48496
36630
51204
20078
40560
5892
48767
38974
22265
13767
64757
5349
37632
22722
19746
19758
51262
58074
27412
10111
49619
59444
60219
54213
12310
39682
28501
45416
49174
10422
60190
45556
37570
8075
53423
50014
47734
62132
1437
8326
17709
58998
18622
105
29831
1432
61522
62877
28886
27154
58852
46496
55839
12215
37259
61468
38949
14014
19574
13454
46774
6961
10013
21022
56793
36521
53408
46509
48252
28929
22930
11398
57580
732
14518
61134
13717
46281
39908
18604
44337
52862
45168
16627
15600
30889
45485
6427
25191
14757
64312
17511
283
21718
29785
45741
65249
34470
24841
10191
40891
61034
58732
42803
13562
38193
14533
58380
13665
10326
22000
21754
687
2517
44640
16869
54337
30882
45417
37029
41125
12712
64533
4811
165
22389
29647
57768
49867
33253
27669
21715
37686
22061
21671
54044
54622
38506
14470
5289
37396
18910
10153
34041
56736
34578
18004
10178
26069
61028
32438
15174
11570
42228
43772
36469
44812
58612
22861
8270
674
20411
44653
64535
56436
35744
54872
22159
44066
15116
13372
26894
1199
41821
43048
12921
24885
17516
36065
16389
56686
45714
33319
24325
223
33974
55542
8681
3215
23653
32685
60621
24523
55462
20229
56940
49964
43174
56561
5019
54015
35023
47263
59169
17949
57802
47838
44339
37752
56789
27343
2836
5463
3654
19251
22794
12746
24908
27267
58826
27215
37406
38589
26228
42892
1194
14334
65517
35717
19716
49173
48042
53932
20471
49727
50005
2070
40270
22164
55658
48904
63008
44985
11152
24803
3829
63177
6902
47996
4674
57586
14821
58285
18113
18249
6267
10391
48151
29456
17887
11652
3718
6957
8646
57635
41748
4426
51915
47004
9446
52400
10126
21986
10118
11103
30765
34660
43686
49203
49261
31848
46333
61802
42593
55285
27083
37010
37844
52124
47666
41638
8284
21201
20728
25456
48979
3281
39742
14582
954
62058
60476
29730
33138
37476
55466
8019
49266
50723
43178
166
58054
18974
62010
11582
64534
10596
14041
60046
54124
50435
47994
54205
38737
45410
26081
60552
27816
25004
50300
40339
23950
38559
5604
40726
52586
40240
62054
32491
9140
42356
21366
31609
12146
33916
39288
4534
52906
34789
20455
50856
30075
12156
4817
17369
32192
14612
9438
31646
10918
15084
28572
48322
17476
35619
17951
35355
49422
39075
41498
17891
13565
31545
38367
50728
40247
7448
4101
497
37903
12998
49007
38590
26233
37333
6744
29405
58794
25127
45955
7447
8458
33914
27947
4582
10664
46966
5222
23210
64510
44173
29818
58790
13183
59694
57098
65277
8454
57638
24946
29073
45855
34593
9318
40330
49772
48718
8486
46582
41583
56021
65082
53488
48606
37173
32887
64037
9112
26560
55018
60132
44086
63747
14826
49983
38108
12837
43190
28598
9302
44814
27762
13988
43109
24380
471
54276
48485
40338
56033
31877
4055
32616
10583
46132
2445
49486
64063
62949
55372
24952
27820
20500
33011
52540
56359
14980
41339
6184
44795
12764
59686
43268
61658
63434
52616
8942
34865
22138
5385
8204
48829
17306
60482
32244
32861
7415
52516
48036
59365
52295
7255
39525
20899
9203
59989
10431
62766
40869
13289
65348
3874
36477
53551
40809
12781
4577
8824
49370
15377
43642
27775
3764
12207
46714
11607
59936
49029
24298
57251
12153
31153
4711
6307
32529
41200
51086
39812
38248
16564
62314
29927
43882
2140
51240
54865
19344
37345
55026
32929
14793
18902
47925
59585
12223
23372
51712
61916
26919
37671
11086
386
23635
27435
28026
20877
35948
52297
56915
43473
40491
15017
1203
19363
18744
4151
51399
53493
25131
59507
3158
23129
5777
10788
53751
49136
11235
63712
3204
34048
43111
10429
64216
19674
15556
22385
38245
64529
25962
10412
35678
26740
15738
56740
32634
51798
4234
40629
37491
44997
29860
14200
10569
7457
19607
41123
5580
23156
20825
4404
64858
47335
26768
1136
26913
56361
2522
61513
11281
54255
39940
53729
11610
60608
1270
40822
42535
19862
65221
23533
18700
62453
11569
34351
47179
11896
57186
60458
54823
2889
42060
35492
55340
40213
2965
11455
19670
59944
18450
9719
59682
51359
9721
27340
62448
34044
45504
34759
62451
65020
31052
42621
34579
33768
19364
51324
33956
65013
5625
23851
7232
25833
32582
20711
51875
10520
9207
61245
59335
41773
23356
240
63533
24306
46618
2679
7059
47941
27296
33270
28488
12906
30109
859
58096
11446
30104
55737
27103
64815
12992
40233
39102
28201
17834
56601
48614
38256
54010
3873
22472
27644
22718
28150
36793
17147
44229
62796
56829
3383
7380
28615
38239
64537
29771
57181
39815
43941
2697
5965
19686
13390
28790
41129
41400
52866
58446
7729
52785
64542
44751
63779
14895
10424
43183
14358
18654
65534
9256
56458
40104
28103
49868
28481
61081
57870
6658
29823
30823
12371
23801
15931
15154
16916
55323
60248
20622
59016
26462
17104
14860
14535
48210
6563
31272
40867
42175
51427
33206
29481
35577
50494
19024
57345
8535
60951
13521
39549
40537
9254
39149
37289
50641
61408
33957
62871
64155
38441
45677
33723
49620
34830
38226
63566
53925
51571
42359
64036
42949
17821
18510
52958
8887
62765
17088
59199
7902
16337
16343
10096
7678
6211
48214
62007
24407
17355
62551
5830
3598
59372
19185
22874
31342
33909
54690
37037
34002
50744
47898
38092
15769
22487
18053
49531
4332
41927
63390
44770
2869
58369
54703
29438
28404
9045
61247
52803
25599
45140
1349
31292
61840
36820
8565
23423
763
45273
43921
58125
48830
27704
61220
11302
17118
63744
5333
23083
24516
20574
38802
40658
21428
16295
32186
52446
41678
18883
61880
38665
54566
29505
52437
54216
37054
41150
6093
33380
55416
36599
28407
35259
54519
32714
35408
43199
51807
7261
14550
35386
51071
31885
23413
18646
59742
8011
27573
26632
4158
33091
8014
13840
43141
56908
4312
20670
31321
56902
23098
23100
47106
45593
3338
18076
25859
57267
50555
41216
10420
38445
33045
3618
808
32655
12301
14044
19402
25454
7897
18860
15205
51935
33587
22112
27445
49439
38908
4972
42243
34400
13810
63257
12597
39315
12284
56666
53316
47155
64780
55724
26243
38399
41308
56405
62118
64207
12046
7036
43114
2874
23700
59357
35236
20732
44070
23828
38192
46599
16755
2607
23507
37631
12972
60754
65049
52826
14642
8136
5042
58028
41968
21520
45683
44877
13392
19913
43939
54259
46963
8077
2594
28554
50879
47942
16210
45251
57507
31552
54435
57789
40506
11631
42915
6979
8861
60280
47917
29545
35722
10236
57799
60922
36535
21779
22652
56129
4588
17641
34940
48117
27960
43513
52956
10108
2528
48852
7596
45554
45674
26200
7620
64444
32433
10241
45692
17017
44709
3476
38127
45117
43458
4339
14183
27380
6977
35648
47630
57934
1264
16403
15964
47939
5444
63260
17044
4069
28912
25430
44871
35544
19513
3918
27290
51611
25148
58141
62202
1558
32600
31717
65319
59703
20140
56113
11164
59794
59157
15007
43171
20329
19414
64579
20851
63258
22216
37783
13825
62204
31637
3299
13435
52578
23534
22174
22643
28197
5235
57933
46451
24080
26932
47381
49912
18405
40085
46698
25523
55594
31404
9836
42181
63430
38246
45836
25772
7436
2036
51028
56895
2879
58986
59278
13330
59820
59488
35659
4343
49567
5356
30716
36560
16788
43004
15983
61996
59698
49922
60929
31109
45328
12544
57795
11219
2934
5590
45645
5587
34581
41524
16271
54032
18623
23945
47967
1404
45330
18217
33964
10460
62095
30897
8487
7100
21701
47949
25352
43967
18609
58726
53020
6230
22524
16133
19595
39237
14508
13413
64540
28332
56828
33260
7310
2044
52559
59210
28787
2758
32866
32169
32997
41128
57464
168
8190
24606
20595
33354
57512
8094
61470
49182
29354
61457
53418
25704
27351
5449
59361
23923
44797
36051
33274
32354
61763
10106
472
43056
6416
8316
36076
10911
47740
6029
55108
51197
30183
62914
45739
27675
20604
1511
64050
19268
15491
3926
53411
49162
1365
54689
19752
58072
65254
1953
44421
22523
940
19753
12340
24847
49569
11080
45524
16120
2823
57825
47667
56830
43881
56358
20153
2590
57837
48992
60832
30577
52252
8601
35805
40820
46615
58287
43144
17067
15438
47268
15014
64218
43061
62697
11509
30588
29348
59027
45178
4321
25150
25076
62260
57080
23619
15159
7730
1240
57569
37028
31056
43069
16683
47750
35800
49748
45180
15387
30158
65486
64360
45006
36732
27197
59250
6707
37035
171
53030
37030
27670
55420
36927
41570
23117
33660
12732
22349
45823
17714
49840
23881
33195
58279
5233
13683
27665
56642
8936
39084
38078
56315
59004
21337
31338
5944
41121
21862
53502
26785
20397
1052
34770
45531
48402
36465
37846
4112
18322
47985
60914
27922
46295
12344
30992
6117
28794
47416
46696
36201
17879
41124
29577
41757
33742
24599
11663
29260
60434
31010
13309
49175
4814
16613
45171
4325
3734
41384
12318
49870
8307
2073
20904
53416
57573
37032
36698
24834
20391
64022
48228
30690
53414
6762
4716
34987
33670
32106
15558
20139
44018
57296
46507
30582
170
35398
47320
56510
24593
9791
12770
46504
44526
20068
41130
4357
1343
546
60414
6113
58469
40719
27676
2136
37910
24286
22650
57477
62155
31866
24067
58027
40563
16876
62212
52074
33921
11012
17757
42148
65122
13411
33318
35730
49156
38135
22126
1067
50754
32294
47065
58129
57058
57715
23519
4026
42926
6998
6970
40622
21221
52654
48524
11023
17098
19308
9910
9283
18133
23460
37240
43671
13306
17216
46633
12766
27019
57706
49555
57939
26258
62622
58181
33841
57822
40426
24704
12269
50894
34983
1007
19685
4812
61733
20007
6080
10728
27020
16025
13118
28333
18136
32665
57423
47999
8889
8904
19807
65089
41166
685
27523
48497
57693
62114
33151
27924
43773
40110
47959
734
20236
10151
58310
32513
61430
34580
17101
22328
62130
61281
55257
29672
18346
29210
39310
52105
549
3844
9401
53676
48513
52597
49978
56422
18279
41397
38980
1342
60862
11390
64769
45912
37314
11858
64766
8165
11967
41309
52104
57011
30011
35047
47062
38938
49216
61649
7740
46887
25895
3916
1141
36818
49195
46379
20695
30800
53174
43121
792
38115
2189
17774
50050
34241
31089
20021
42119
43396
1417
4140
56457
40327
5819
9916
21476
19605
23809
64781
34664
33273
57594
35347
766
29435
26104
16028
30811
29351
53022
24049
26855
33313
8621
57966
32037
32769
30098
5199
38823
26532
18356
48794
29622
45279
22233
20878
31840
27877
47932
14269
51216
5706
27696
10915
57751
15648
16706
18168
32557
54108
962
25665
28382
15788
64797
21297
10536
19824
48559
55726
26376
5460
31149
6783
34875
18536
34851
25869
33449
58532
15534
15852
7999
23669
34737
15332
56155
36625
46074
10869
9527
11389
9463
39001
30547
12695
60389
8563
11748
8028
51385
10000
63227
51834
6350
26665
21584
33333
34208
52953
36657
9308
5436
2770
45669
1768
50102
1082
51299
36602
42805
9999
2595
42533
62556
15126
44440
45047
21043
54862
25512
58245
5487
16069
25905
14841
13808
26199
55373
42059
12714
15838
12177
23400
8902
45135
24060
17295
39451
64051
39108
19232
54585
4557
28641
37801
51329
29885
10816
1166
57159
16144
23345
8309
47021
62340
60592
6143
47728
38279
31580
12217
2440
13442
38950
26983
2118
48240
40594
44773
24782
9946
20957
56749
31524
62174
21411
39143
47472
5727
9454
24078
56102
53617
29311
37558
24272
64285
63825
5311
37071
19373
9035
58946
43883
17277
37394
22655
13637
38944
18525
61462
4909
53748
37039
8898
50003
59366
33642
28983
27591
46975
3935
42898
414
54709
43623
35952
35427
12179
17054
15613
17447
3812
14766
60767
58252
20951
43910
10337
6638
55847
26440
25782
26004
57165
59717
21811
18842
12734
58999
1835
14925
14289
3227
46253
56722
12324
18754
16620
62600
26204
54701
23361
51242
6967
40886
47953
49948
53421
45936
11583
53834
51123
48045
1439
18010
12874
65151
4552
42088
22478
6139
48813
38725
20989
53854
36607
27358
50920
30819
15689
2592
42234
38863
29359
1087
58618
13903
18278
43951
54227
50485
10195
11838
50497
45661
25546
30677
62546
848
24258
41061
16831
6828
33779
37224
29640
41059
24558
45659
14646
5480
51155
6318
25781
27628
6969
63311
59598
6228
11112
15370
1244
51729
11981
30706
57062
5615
24945
59885
26713
25455
33510
62449
23399
21325
10539
65229
12534
37190
54875
3465
40075
39362
8305
47023
63328
15962
26194
38831
41127
37351
28372
2865
36355
46001
44485
64249
45794
60195
22819
43627
32357
44785
64805
5599
62333
55172
37927
2566
34004
21377
9941
27292
53926
37358
5259
26898
28824
15089
22548
33338
26662
27681
44459
41881
5963
43036
39677
41785
33518
1950
25802
45670
13631
24451
58707
10828
26317
27531
62621
57723
42680
38394
24401
41669
48217
31557
30599
46463
12707
6180
63823
38829
41134
3127
18016
22868
49952
38923
42162
48921
57007
49533
41818
62320
61709
12814
34654
20082
8461
12068
10293
59319
58812
38536
679
53934
3593
45954
62762
31492
42399
30440
19934
34995
730
9745
60512
14122
34766
41349
54146
23026
60098
55367
27643
57684
36246
39536
65378
33994
64075
31783
31419
23594
9554
461
58052
4054
30990
5145
51838
20177
6178
29053
53634
61945
64375
58817
59789
13044
43215
15040
56476
31647
40693
64242
51406
27024
29458
52217
31635
18386
17345
9744
38425
64275
19195
8665
1620
7070
24200
18426
62001
34819
63660
8304
31541
36784
12315
63709
1255
26684
46511
37295
5458
38392
13656
59733
385
36286
12718
2858
9215
25276
20910
18390
8575
63593
31277
49786
38965
5966
58434
9265
59104
44285
54117
36531
22671
51829
42550
12765
49899
37757
3332
8160
39325
8838
37432
63218
13512
46395
38041
54479
27047
43500
25485
34455
45403
35286
53642
43874
35997
23126
50683
8017
13462
47515
26109
44579
12085
38870
59422
57727
11247
48381
44207
61919
49734
47635
48382
8424
725
7710
8905
57334
59064
35966
14234
11360
10577
26001
61904
38570
38070
1125
52794
17506
21803
39506
43401
36554
2123
10877
32140
44465
3105
56492
52312
20926
19710
22319
19247
23168
59963
17047
33752
2667
10821
13880
20244
40023
58596
8174
60969
33503
43106
32836
4247
6086
56097
14759
21029
12070
11862
18721
37465
2524
41919
24143
46199
48701
59465
9701
51876
47609
13336
65055
44065
5110
7593
5328
59549
54899
40620
26139
4574
50718
52886
17148
48835
48880
25785
33966
48973
59550
14972
58997
12725
815
19095
7545
27678
49630
43949
4890
47355
60533
24383
17700
7585
39476
10062
44206
61869
61965
47477
47352
41563
18773
31452
38884
1207
4519
24951
45302
26201
65134
6206
15881
24017
18703
23396
39486
36351
14023
3986
41730
27463
26986
14705
1921
50985
47195
3377
46503
63783
11355
43461
37268
56839
46330
62781
6412
32598
37379
2103
23659
7264
64686
31721
64977
26430
64164
31757
20321
33490
33729
56368
18447
9520
13265
11702
12332
48967
47230
52435
13733
556
22307
51599
7975
41422
45375
46736
51642
8404
15523
12491
23925
26321
32597
31064
22446
58750
13328
3915
61014
10281
45560
5166
21083
64290
36526
17005
7996
25790
62205
17169
42491
58917
29638
23470
3049
36689
14692
22066
8591
59975
33649
36479
29063
6846
41742
24028
2589
19806
45431
10899
12260
10212
45695
16203
55716
42696
56656
25855
28210
15944
6203
65525
59496
53140
19242
60660
25278
63739
65500
41960
12868
23771
7025
20517
21583
53828
53864
12044
19629
32239
7989
7914
45363
39689
7357
23178
26663
62103
5390
31456
33711
39672
423
47198
64350
12166
22806
11359
54114
43885
42212
51259
45133
6772
57692
61022
13353
60965
19681
33077
8049
26711
14963
48112
17557
27671
18683
23069
22565
20363
30419
7862
29997
47582
25586
23935
3890
20542
6376
49735
10964
19422
12123
3677
30283
6779
60220
36548
57574
17551
8319
8911
4326
61698
25562
45562
24111
53410
3619
47690
9126
57771
51514
10780
65416
44539
46192
5118
5668
46409
26543
46417
37448
56992
38288
55413
8534
22467
29797
47008
20597
48601
13949
34159
47733
55968
9990
57763
7384
58563
23589
2242
10082
45565
33653
31484
50286
4706
64720
40157
43771
62519
3125
46510
45566
22189
25085
31857
14402
41705
48039
41837
64429
2466
61778
19981
1799
8239
9271
19229
54878
6821
21976
40935
44699
12660
15452
4707
13350
13501
34110
54112
5287
12360
14838
23192
55515
15318
44951
56841
35423
59154
37778
35376
26565
23137
24641
53920
3370
62663
53664
30966
45586
37148
14242
38602
10150
34038
45818
20063
12316
6733
54688
56790
15006
52416
8582
17195
7544
46960
4029
46741
2855
7152
54256
50589
36725
27544
4171
15526
59566
59978
2792
5398
47046
64999
48284
21213
21368
16702
45742
6330
41390
48032
19879
5666
50594
42083
7575
57774
38075
21027
39769
12135
10791
17197
7281
34021
47001
18925
12537
22083
13065
19954
35302
56130
21479
60996
9165
53464
25592
37336
63056
213
52768
53901
22690
28097
7768
41182
9933
12105
52185
1106
37080
63484
8476
58021
4174
33184
31837
9459
23661
47984
34552
996
48752
7309
57840
20111
42086
5843
64478
1320
58731
2280
13556
3892
38850
29346
13671
8383
58943
21748
25588
45923
34201
38089
33748
31195
31489
47010
20593
8751
19503
4522
28785
38818
22625
18272
11910
25714
54385
16405
7892
13163
17739
21973
44556
60151
37
58696
46654
34384
24937
36717
26954
52451
18851
30736
14101
28534
11040
44195
13276
41143
20580
6413
13103
2491
62266
33769
34440
52799
47511
5355
55424
45652
60045
15890
65123
63951
27013
17100
42534
30219
27721
40106
1948
63537
24585
27022
5955
27718
28499
47093
33148
58317
49861
37027
9970
39460
22857
19780
62156
15425
18481
60234
28022
12000
2398
4960
55212
4731
19801
44121
12739
11084
11966
46519
40466
7428
45921
39285
29243
33129
32245
61168
60309
51323
30608
15090
35616
23166
62311
52238
15677
8483
5363
32195
34457
34491
40311
26332
29689
11712
38672
60072
27584
13250
16205
51614
58562
36664
15393
8444
59122
27862
16351
35340
46605
49437
62124
28478
58942
60288
59467
18504
7758
49264
8179
39239
42924
33071
40293
49293
15649
3606
20253
57168
52789
54061
52570
23074
59956
24329
31683
20233
21954
59485
20790
15815
54700
3388
15439
9092
3909
52844
12288
39294
51482
38053
30224
17068
2974
14411
63689
60797
46460
10897
30579
5278
34931
35454
14071
5804
36677
29820
17059
46682
52487
39997
35716
17843
26389
25386
32089
11229
26563
7484
54366
1481
30067
65130
21983
28500
42508
33081
21250
56844
32713
54436
62783
24860
64364
15127
55684
40743
45219
32777
50791
33753
32810
1400
49836
57628
7888
35360
30911
38059
31701
46243
44713
28073
40308
7889
22196
21465
14195
10632
25540
22435
19331
47473
6986
43796
6988
57875
32393
52657
40685
11151
24145
64842
4051
55690
18760
31117
3283
7490
14671
22428
46997
33196
35257
9172
33052
64177
32953
40731
63423
26854
63235
24357
28587
55854
40955
51786
14795
24556
34326
1486
52079
4011
37163
46612
23092
47726
1155
42681
29617
3313
21533
7764
14137
63846
7253
38919
12481
37454
56798
25819
11927
33465
28796
22131
29774
41131
34011
19692
23339
51085
25273
23622
64539
52489
7606
4805
5693
22841
9054
957
45946
22646
8172
2043
64909
34255
47450
26868
10099
26553
15431
52241
39982
43636
7143
40634
61359
43049
36112
16777
46961
65238
16252
64501
37496
22261
29092
10128
44984
17361
57078
15018
58345
32334
6645
24799
45850
60919
16091
9151
60308
17064
12157
47332
20923
56117
41441
54460
47380
43043
55720
5128
18669
18334
51383
43736
26481
19548
44348
7404
15736
50905
48057
49011
15560
14194
52251
5273
53419
60652
50902
597
50329
40136
38013
11598
46647
59998
12888
64618
12623
22390
39905
27645
380
9003
8016
38914
16870
45736
56746
9573
42077
27486
161
19603
17902
19722
20089
13011
1898
42169
19972
44757
16865
44829
48506
163
29571
59025
11296
14074
46500
46090
10235
4933
22055
56054
33126
54050
50334
5368
11307
31761
1062
39818
65264
30385
16246
38899
21440
55781
57505
40551
36006
49771
44570
43544
29089
6322
31636
21065
24476
52010
53931
12188
50004
14763
8632
45973
41545
47578
59772
60465
12609
52246
62538
42362
40636
45007
5465
60653
61182
37441
19284
15382
47598
44118
10616
22696
11300
8593
26269
40324
20530
57254
9577
63302
48894
61307
4959
44273
53911
45957
44564
22699
12151
14138
19037
35081
52960
61474
15032
53098
27650
47016
48871
3692
35894
60836
41212
51415
64183
16392
9415
59486
1241
23148
41456
34083
11851
11901
5502
5450
16194
18428
16600
50192
42994
48943
10166
59622
9965
58403
51927
29169
10912
17631
62876
28301
8614
36437
33441
9567
48212
38352
17661
20786
49378
47577
34483
30718
30810
14046
33792
38220
41864
8689
46948
11391
41023
29822
63184
41169
45414
55970
47729
2773
53117
7011
28789
38816
32364
33386
28639
26738
22647
64503
31128
45970
13008
33141
26388
6158
9429
62223
60915
50265
44764
30631
59191
43065
6910
42254
15568
39479
6347
31498
42958
22610
31424
18281
2251
58112
12270
59186
58393
33136
9862
38638
41662
58723
31743
13789
51382
39145
18753
52638
5669
33520
56675
32990
51245
26988
9174
56073
57528
6722
52349
6358
20093
5367
44991
12471
62335
50425
45951
40667
47886
10376
31070
42067
54849
28044
23268
28612
15254
27210
37024
31454
49180
26816
18141
21474
27264
46498
22712
11420
1182
28276
40941
34671
34417
63389
57958
13865
61742
6723
28135
30480
23489
19781
54169
12976
12234
58988
46946
58635
1309
34693
29460
11421
2834
14597
5438
36519
6671
30227
13747
17944
11102
58370
47961
18960
17595
11746
44628
54502
25081
45724
52695
41693
9960
13589
42014
43504
53643
52919
24118
54603
15450
18175
48770
41418
36650
21228
27338
32190
21757
3264
47683
3197
40759
15047
9799
50558
54521
50735
35083
59790
22267
64887
8610
36440
56463
36101
22063
22681
52625
53386
57762
21187
18798
40523
33616
45919
41378
65149
60637
9170
64302
31674
28628
9077
8566
11199
34800
9615
11654
17519
52781
28977
32044
38269
10182
18527
21013
6154
38921
10624
50851
56051
47422
63303
14651
16569
14068
30216
43277
10639
22041
7809
11454
55028
18908
20906
50774
38508
65220
64651
62653
59516
58191
27449
59948
48124
15324
33794
10476
35297
41945
29293
28050
42940
21998
12436
27737
6236
10846
37201
24923
6612
62883
7276
39892
56156
10991
51782
61461
54211
43622
921
34929
24391
15058
64864
50337
8501
58153
60567
19528
19440
16638
28321
19174
46299
52167
53409
61626
4715
52262
53565
39238
16249
56370
63838
48993
10097
56225
39526
23222
29412
2338
53420
18710
14196
5977
14983
30628
15388
58538
54995
57019
9321
32100
48804
16609
8154
29648
26065
19141
12311
676
8314
50180
33268
53412
40600
26356
21299
3691
20405
19584
8271
61865
30465
20492
7844
43679
38142
27742
64647
30791
25513
45810
15850
1980
22470
50010
40291
63456
44816
14237
24397
44356
255
60131
48883
56668
58457
23079
39443
2441
46449
37025
63922
52359
39378
16278
23392
7367
42342
7223
47588
33249
7155
32428
26150
673
9778
31270
38904
46301
24597
29297
38798
4308
58227
4465
15555
12589
48234
2610
31188
30313
47738
27190
29502
8018
32993
52276
60642
164
31170
39988
20602
48704
5420
45858
61463
60311
16744
21407
59724
22912
63520
29498
3124
39005
17219
53848
5975
7917
39181
63803
55543
26005
65011
13436
999
60751
46830
29972
28206
45284
60828
6932
41744
13029
52200
9317
35300
3347
64940
60449
22086
13211
48621
10489
56135
33266
25412
5545
56821
27033
16992
42020
21522
1564
32257
37036
41893
38820
43646
42557
22396
60849
61700
31098
18176
35010
47012
10417
24948
53856
18796
50049
37125
8031
59708
65359
53813
54698
46031
37178
22784
39022
50635
56083
13814
10576
38480
24319
50157
49169
17965
25082
314
682
37034
15153
49233
46970
12305
65075
41795
45847
24110
19516
1932
16646
35926
25841
42270
23414
805
16854
33163
63327
51944
56211
38822
41387
32878
61415
40019
790
13169
41379
44361
15921
63802
56995
8137
4907
12309
13293
50076
14134
6947
50171
45357
23829
30401
48755
60999
41713
4416
54691
5878
63514
45806
47144
35234
31644
30721
46691
54637
48055
63974
57836
559
4538
59522
46972
30634
27049
59252
37153
8634
62390
47319
33960
39148
58373
51470
10558
61731
33505
58725
36476
59432
15831
52366
2268
34356
20852
31829
33702
40651
6945
45148
51647
16761
14502
45377
561
35925
53564
62037
48775
54694
7228
32014
34079
64808
55919
34591
9163
63166
61862
23865
56913
51519
33254
41126
3257
36470
54613
27487
58574
3568
24304
16382
53923
64490
20854
21242
23411
59627
43601
52995
86
37969
52160
64209
56538
22338
34168
10022
22387
49005
5334
15276
46195
65393
14629
59256
55144
8630
18575
30236
53205
42186
33537
9162
54821
15347
42015
35318
26796
17322
14434
41721
44641
25087
19884
35822
10496
62028
32352
820
19150
41600
48762
35066
5306
45704
50282
37784
13020
30267
16856
56815
16720
3681
16115
10070
57830
50090
5238
53552
46198
4358
45391
60445
11515
10102
15775
59642
6312
57081
35801
4705
22394
63414
30586
29218
34785
8799
54077
57826
2227
18401
54250
44124
47018
40894
172
22592
63232
38826
15887
62211
56236
2474
5672
41132
53589
24614
31332
10396
41887
51440
24287
30796
13135
1280
54528
61139
43066
19340
16407
45250
63281
13621
6956
45318
33873
57134
5317
30207
801
63654
53814
20742
51366
30193
3782
28459
1228
53818
28550
16275
24700
44267
22253
40172
24099
1450
9828
17619
48584
40851
45997
65363
64153
9017
12412
52583
58391
38067
43245
8390
46787
23878
21143
41620
47912
65447
42369
49539
34528
25250
17167
5184
34022
12125
17697
40833
810
42289
13553
17696
26021
46401
11273
47565
28179
50624
43296
59453
37732
58846
41826
35125
58175
20611
1080
61502
43060
46856
61085
46882
7402
50237
45920
53268
54498
20714
17768
13108
4191
11423
63688
22777
51044
41828
37953
52115
28906
3752
40983
5408
27375
62912
21825
36982
29878
63493
14341
21824
54577
5440
8361
36855
1105
47634
15590
56594
26082
19747
61881
38793
51458
18101
59513
974
29255
49593
18306
6883
31926
46457
15858
3854
7304
37516
17908
22640
29633
42733
57515
23787
52761
56611
52721
25644
47843
61432
20284
23360
7530
23054
44497
39192
3206
58558
1851
39947
23097
60508
15277
36089
1818
45358
13174
10048
53295
37132
17903
34890
27939
44655
13487
12005
27408
22602
11268
36094
56080
53711
30540
52510
3496
19941
8690
64878
33647
11699
43864
60989
44644
3336
14386
54511
7637
25966
40360
20561
26605
21177
3575
54651
15048
4977
26420
53300
65273
19444
10107
33182
10141
9609
51812
45314
53736
33353
1010
32505
29642
11647
25177
28466
51362
5575
18414
45613
7395
54327
36703
61024
8812
15506
8703
41027
25567
41532
61781
11071
44650
21100
43677
57314
50207
1029
42563
11208
28449
43013
41584
28060
4039
46738
55663
62108
9079
17723
48029
9545
62227
45716
3466
48891
47294
56674
3097
2182
908
47458
54937
48358
28938
264
44995
11309
32374
1520
46957
34176
17460
23490
38364
47169
48976
32034
51005
38300
13374
34122
57253
12155
36052
1083
35724
63068
55205
3286
10732
26582
34691
5528
58171
43442
35086
25777
58346
2235
18468
46680
19259
26964
14886
26458
50764
38408
896
63589
59625
24660
16942
63781
8568
58665
1216
25178
26359
29745
22965
28125
53483
23228
48988
9958
17376
65490
439
55595
11433
31316
17187
17202
53723
47595
21507
63561
1749
17792
7043
830
25059
55046
16692
8148
60080
53693
27156
26450
57985
33103
30867
58900
8220
18737
29813
20311
65227
20496
1390
30879
62967
53762
29454
47384
23242
14144
24327
9706
12427
3722
1667
44025
62960
49291
52837
51265
48938
370
62471
2293
45422
33866
3720
28391
16428
6208
17203
18380
55095
33686
10814
30028
24754
30723
26546
25652
46913
19488
32661
58922
39200
53433
1630
53943
42762
41761
29422
35487
63584
55094
5472
36578
30821
52971
25557
40538
19756
44208
56408
19404
24696
29487
28943
1154
59325
26677
27005
34232
62263
35191
35056
29962
8928
21834
48213
18233
3649
43280
47272
31895
48929
377
22271
1848
21836
65212
62608
42202
64742
57094
4036
20743
49488
41078
12885
42385
55345
13653
17582
46231
10733
31458
48268
18049
12327
45964
9251
63730
45900
3223
55474
24491
8201
33783
54499
24574
2018
16953
21111
54811
3437
55217
28627
25280
56490
58855
36221
25244
63034
45326
3978
56837
32187
64562
44047
47691
1034
57705
1666
49664
31745
45083
30840
28439
2692
63780
3440
54411
35917
21563
34763
22537
53871
50732
30342
33999
3076
3985
37901
14452
11456
55310
11263
11861
44317
8169
25451
63032
25089
57697
13311
52482
26972
37403
44310
46095
30220
47218
112
59784
11380
50757
17466
29903
5309
22113
46817
2850
13932
21170
15074
35663
15898
53526
14219
55427
38413
26584
46902
19258
57417
39099
56298
39213
60630
20751
12678
750
49197
39187
28552
59951
631
48735
58406
61078
46657
36348
41281
55442
65040
17618
57239
17724
3265
2572
14119
65103
31936
11169
48981
31430
2254
58416
64097
40301
23755
21801
39253
58739
17844
30680
27988
57103
4853
30659
52612
48079
60335
26699
45866
57229
741
10541
24711
50564
53302
1677
39499
30814
65101
36339
59302
11969
23449
63149
3775
38024
50766
59275
63697
3365
3199
41985
729
2184
21500
17568
37646
55815
12750
57533
40273
39195
40975
33865
50015
35262
60196
2845
27928
44886
8869
14686
1784
14942
46348
63809
55006
61697
20666
22689
5050
1778
18128
32737
49649
25570
40063
56199
31364
36018
40218
20750
32223
53484
19245
50602
2963
40713
44941
26958
16947
6847
29390
24255
36662
34000
48791
22287
27311
27965
60192
32051
18173
16357
56334
2058
64059
36824
9409
53001
45463
57112
41399
15487
57273
42326
59781
4593
23185
40766
60037
20368
18551
29898
39578
8944
32203
20309
18578
36032
56972
46668
54975
59175
42156
59395
13302
53644
54482
9416
23919
38066
35069
29869
54474
44506
44436
18230
53668
25878
30357
8471
63540
41467
3990
54926
1676
24609
56806
1523
59849
5507
56799
26159
36345
31991
4431
3217
11465
61351
39072
55301
5523
12367
50123
22649
27112
37305
98
33391
53766
64463
51839
11206
9909
34422
12328
47225
54681
56556
25977
22166
36797
38488
46694
61563
6663
30340
59085
49276
37247
26803
3307
55304
63176
30724
7894
21341
58376
57480
24273
62711
14322
23390
26797
17431
41045
13056
53592
10507
60814
14828
33146
10510
32415
63958
40225
60722
50675
30099
51375
65457
6503
60619
21275
39164
16245
41746
3031
41918
26569
46091
23370
17162
34024
44749
52274
61694
21992
24993
44654
38717
47835
60433
30826
11599
65061
15077
10913
33954
52989
63446
12118
21338
40725
13018
42865
48155
64606
53366
28017
40469
34127
3962
6097
63541
24057
34179
20231
52454
32676
60612
37377
34324
28538
13684
27107
12890
64328
17866
39537
16964
59545
13604
17108
50393
63789
14804
5560
12810
57654
10508
60941
42421
5326
22070
8250
16131
48925
35287
51369
34928
50501
14369
41660
51998
59679
47265
17671
44723
58847
61848
49255
13525
58494
10501
49409
2027
43262
24996
49322
58091
42354
41196
16241
63285
23038
46415
41964
34598
40643
7220
64047
64730
8281
61357
16397
41633
29763
64203
21087
27095
25642
53216
35820
64171
56891
56914
45914
37691
15456
1642
9116
5732
57312
64388
25214
23695
64018
43128
54814
18145
7895
14594
60317
16030
8488
58493
4208
30898
50569
50002
41630
49073
33406
7108
11713
13437
32327
9371
54221
56990
29819
57643
20809
14164
33895
59523
55918
18644
28591
37161
27931
20443
6408
43724
48831
22405
8351
30426
44239
21220
38322
25346
3396
34899
40763
26763
2745
42483
56890
54836
62000
43506
21315
24396
14346
4849
38039
12929
51601
1286
42879
34410
27982
1967
65222
62534
41242
1839
10071
26598
63542
8947
42157
6872
57806
32273
57503
18098
41551
2008
52422
22160
14298
6873
6935
32117
34976
10537
11736
15521
21577
25080
25138
9931
44925
18612
37700
50309
55592
17182
23008
31673
30605
870
43462
56302
33882
22909
46241
38782
25056
16269
18106
23308
31152
25304
3467
40710
55848
24390
10441
54088
24242
36161
34698
42154
64288
43197
25031
30528
26871
14987
53296
51882
26075
42307
27031
46917
42425
2324
55944
8315
25066
26697
63661
14631
43789
7071
45031
27493
38807
55446
21374
33107
14641
34298
39863
58455
47649
26955
24387
4545
59968
1348
26310
28716
63892
6142
29180
13342
4341
46375
3936
60298
55813
21576
3997
52207
13195
48487
56190
24811
58701
29717
41419
23165
1321
8435
32468
16622
12490
13805
15642
20403
43286
8056
23708
26471
27662
43775
45864
31808
49674
36970
48936
20781
4275
14719
63670
19929
25749
17086
63899
54056
47098
47583
26517
39417
6975
10044
26173
38775
27874
15120
13514
44055
43779
27954
11489
33754
55100
54238
57015
4495
25719
43081
65355
18103
54486
42025
55346
55940
13517
30531
35686
39355
26041
6137
9947
57753
32027
5492
24024
5658
24649
56017
49808
19576
1594
23341
50052
39501
63752
53899
7032
62279
22308
22568
34705
26335
25932
1828
62002
7066
41234
2340
14655
49393
40580
9566
61952
44755
56933
25850
28385
2221
44075
15189
61708
55185
55089
15217
42906
43975
54527
3394
26518
47129
19244
1788
29722
32607
25927
52572
23987
34864
31983
5467
28266
44946
38460
33250
18600
28468
31273
33359
7442
63470
50583
5015
20671
36665
31971
1012
47447
5418
32946
33256
53800
30192
56396
49292
42435
61583
47751
17443
20729
2106
25350
214
32825
6303
21539
32930
17904
45473
40248
44898
42440
58792
48521
7334
19644
42777
26249
56299
32382
50930
19761
1925
61417
29245
7845
14747
61120
19217
1319
13830
64701
21185
35555
21400
37049
28461
27388
44958
13355
36416
30472
25834
29716
45870
35399
42760
50006
5433
3103
45644
15333
42143
62706
2352
47394
31594
58991
45297
35796
60257
32041
46703
13231
57634
49168
28954
46194
27986
20730
1781
16652
24478
27878
41081
59398
54128
7577
7993
512
57126
41880
19233
11353
50085
2385
35869
4432
41259
54665
27192
50231
38779
2857
5986
45803
15122
17190
62510
46475
27220
48550
34685
13550
4709
63210
43515
36590
23175
6807
21795
64240
63244
50095
36358
42179
51908
32604
2800
20365
16701
55275
37758
34439
37257
52121
54764
12662
30525
44691
47977
11754
50734
42577
31459
41592
23357
24466
48
57955
60265
56201
3866
59011
24165
4330
28946
42711
49224
41008
49126
33223
60401
9829
19877
47314
53210
36169
7429
44288
46472
3098
9555
34123
25396
30229
35860
30960
7080
62786
6576
7156
38777
54663
51088
52990
35232
49738
5437
34173
18755
64298
34674
25753
33418
33876
54307
5320
8318
31271
63650
15462
20738
49171
5530
3778
25632
1229
32936
36766
26168
45635
48707
46690
14488
27465
45278
9807
8030
31978
55560
32603
36426
34520
6613
41586
29793
65328
5102
50582
9987
4227
2316
5991
12586
48357
61310
53494
64378
9885
24150
58714
47412
2959
62848
38033
35936
52296
32937
1975
36255
42209
29841
33835
15132
29641
3623
13732
10786
55239
29680
11539
33271
57292
54731
13605
34496
39909
4701
36804
11538
30452
45956
16738
50189
63075
4086
14676
34322
36218
33076
62540
10588
60486
53764
43783
19389
32359
26415
48153
10621
22942
17991
35517
7114
26858
40367
50843
30251
43542
5569
49482
1146
26965
8995
12158
51448
18952
23138
37541
27392
56335
52027
53485
43685
39761
24217
13213
53144
55380
53040
43002
31137
35091
31334
54111
17860
51418
61129
52501
64869
46702
29284
38935
12653
57847
53539
20830
5169
49232
10792
45515
20715
48928
54208
54
34375
35996
36840
12838
63727
36966
4402
29018
54777
27228
40101
8668
29055
54399
34651
5094
64244
61452
14171
7064
44599
22697
51074
48137
33134
17349
58165
30298
29015
54787
63657
55072
33020
50609
30199
16489
11426
12654
50160
4772
17326
52845
56935
20831
22564
64900
48753
43309
12173
51849
28177
15776
63864
45681
56366
51995
8931
35198
10932
1047
24256
42635
60459
9884
49873
27415
30113
61450
40870
19274
24610
33843
4665
37437
33059
36883
8763
50547
56204
46809
25424
53267
33300
312
37463
48884
35064
9844
34007
15195
50424
59684
5728
50840
5345
27179
17857
39579
32107
27806
42506
48897
58819
45490
46151
48491
62120
41830
39969
57281
15960
23500
24813
52715
7477
55597
41863
63262
29476
7092
49092
37232
13013
18879
53508
48310
7986
55153
38769
47991
35575
21917
8574
42598
32693
51051
10026
55098
54851
24191
34634
55349
37324
42812
21205
13573
59274
5721
9835
37551
43331
6033
46357
15849
7686
11857
32499
1391
49713
2819
11011
39734
7920
2979
43205
16076
51788
23539
56387
59176
6076
21619
14644
59705
30841
25614
24053
60420
55604
49518
4884
42403
47452
20956
40189
6226
26491
26523
24094
45352
23760
10452
65384
46893
55533
44712
9953
31354
2105
40734
5409
7871
26997
17472
63900
36632
42032
65114
21569
38659
46144
16414
22184
39855
54321
42611
19291
53732
42740
51739
34151
40648
23994
54541
13160
52909
21842
18407
4420
31408
13630
29548
64599
53271
65070
21864
36884
53705
8417
15897
60324
13481
23
61954
43994
5052
56265
3159
5153
42033
34259
21793
63167
54721
49916
54320
21568
13616
46145
4948
11624
62657
4837
39488
16055
23761
34152
44233
13432
54542
18837
9368
2724
61067
14235
34683
15186
20257
3326
23385
2807
20332
25320
8765
22876
49757
23454
12852
57539
37435
28430
3785
43893
18038
53812
64196
19264
32996
28138
1580
8815
13007
13241
34395
44496
5883
59015
8359
63242
52748
56319
2417
19354
50822
43413
8915
46912
37973
41573
65126
58047
50188
22348
8363
22187
52897
2902
6954
39332
32379
43428
24260
26311
56857
9093
1815
10007
15305
42695
55063
37202
10538
28927
63991
59595
39550
5997
40292
33306
46914
36932
19000
50828
51287
11563
27647
42763
58229
39206
38370
46541
6892
38109
63026
7853
50487
20303
64347
2573
1362
11976
24210
57931
23072
9013
34302
31491
48739
31651
34294
60214
52976
44602
43859
60976
3827
46351
14399
61657
39683
25957
51781
64988
25663
43740
7483
33414
13568
42753
30611
18994
44790
52554
10756
19800
34947
27859
29734
23854
34715
28585
60872
55085
24251
41879
981
62892
31241
18627
22927
12065
6866
64765
44679
34748
60794
34062
35908
13081
26642
6515
24942
57710
47364
14596
15941
63699
12300
16586
11471
51067
33919
27254
42201
21380
40476
14509
62729
10244
58488
35790
40906
38478
18299
21261
10323
26227
6353
24800
29765
40821
45085
57438
25174
33871
23800
39280
32683
47787
63695
14170
55932
3863
47094
23537
8628
46727
11723
33188
35737
37143
21538
62169
38054
618
26276
22107
6845
61444
1497
25017
56193
44126
37485
35857
42482
1031
12994
8353
61984
42819
52120
12804
2802
39644
12815
35772
48678
50129
43210
38048
10669
33413
28406
1727
17975
4973
19705
29052
62419
36457
40700
4819
58717
17868
18948
30873
6011
63355
14398
53544
27257
14672
13620
37808
59949
64020
34878
27620
30041
18863
42951
13388
53817
20745
49720
61292
2188
625
16531
43207
39177
16881
34761
27511
39541
61908
20887
13921
42262
58803
25114
30518
38050
9433
62430
35044
1140
27936
39610
56547
36301
33859
51045
6991
41558
28925
48334
37088
11464
60926
27797
40458
32406
12273
23734
31583
50226
55609
48132
17784
10694
12791
26103
15636
1494
40096
59809
24332
16339
2969
9840
4622
18959
26407
58580
49282
61937
62421
21209
58063
35703
41304
14572
40132
65172
64409
1579
1870
42043
5787
38999
9189
40953
34850
33497
25716
44017
21694
17421
19328
47307
38469
3128
43346
40775
14573
59291
33720
45934
22098
3747
22089
60624
6636
17836
6356
50413
35670
39267
5757
21709
5132
12252
54981
23183
23300
18828
9301
53738
39062
61441
15175
24166
60473
22948
19906
14839
4838
59873
10532
10566
52311
22826
10660
58150
18833
59780
38724
47369
5748
39862
24386
21959
4664
3043
53971
55520
20845
64403
8813
65167
39891
64672
22779
6887
38669
52756
55452
54318
12857
21175
24483
19589
38212
33929
12548
41612
19759
18283
37564
37976
56531
48360
6335
21971
32502
48404
63183
14818
10878
28172
61088
2410
31143
23608
40235
18325
46308
39019
14436
46081
47182
20567
21423
60
8460
28513
58814
43752
528
59670
36912
58514
30487
35826
46871
60992
8713
60011
63332
64204
11932
44371
4409
37692
13887
38679
37660
10527
58730
3893
5758
21166
23704
20524
14876
13959
58297
18899
5989
12538
1514
61503
28884
29270
13812
63323
1113
19297
24373
3180
23203
5750
61822
40920
53560
35295
44140
19907
38263
54772
61196
33879
4462
17512
30194
38967
62096
13427
20839
40546
17684
51100
56944
43925
14236
47445
55281
32061
36180
26950
42438
2150
23409
3891
18229
36690
15200
42741
37365
20849
14827
30414
22332
33005
6321
61032
21925
60235
62993
57457
10413
47792
35061
38102
61977
43365
48353
55760
4617
43984
36514
21036
58537
43436
56114
55823
24138
16380
45513
54115
39372
62548
60119
8505
19412
59960
2045
22527
31555
39661
16753
50863
32511
28614
62662
16253
44374
20481
47125
21129
19337
55352
38139
57626
63993
12529
10671
62454
31729
53450
10020
15403
15065
23647
11559
32473
23794
11346
14897
54983
45849
23444
21284
20705
40980
47841
60873
8426
32689
60750
45290
36626
59440
48356
60014
22360
34145
24686
44298
8371
17469
45235
21855
15253
40548
52250
4309
54224
58283
22222
52997
40200
31330
52590
9095
11635
64798
32179
11577
19925
32115
60558
7653
48757
7121
17282
3840
23353
46059
28838
44128
12582
21821
62631
46829
38774
25062
26128
55158
7866
52169
38879
42131
43934
3787
22796
9675
40559
17507
58555
65275
41891
62684
18596
30311
17407
37841
34934
35129
17875
2693
40332
19768
17874
22790
50970
63978
541
59079
12059
22407
28559
34996
40644
52174
21093
29880
22336
23797
55808
61027
41020
16776
61974
51201
20239
60731
54866
35748
17835
62835
17804
9781
11996
62811
15414
57994
64012
17675
64975
64172
52056
22791
59935
56787
32994
47710
61189
8258
28688
13910
8124
8808
57739
34822
54652
64308
10516
55264
59430
54633
25938
25242
30122
54619
3308
23750
57325
34609
37360
15963
40171
24699
61015
56555
35418
22785
20525
54309
17833
4844
16636
64166
15346
19400
49581
4464
1158
42784
62842
56082
36694
26678
2247
11006
44099
57896
63980
57504
33630
44355
48232
16859
8393
17156
16849
42266
63887
6922
34938
22793
17678
40934
3095
64005
19846
20818
4209
6049
37374
26788
49312
11991
64223
61037
48744
12703
21068
60217
21200
44596
39228
8768
43372
46338
43312
39276
50194
39264
22067
21918
55131
62526
50053
55090
118
11626
51955
30195
7528
6279
37001
13594
23836
53369
30406
47336
12859
520
29952
5447
10316
17983
52684
6384
64860
30082
51671
43258
22259
38652
25597
20228
39617
50083
36887
35240
20
20617
23939
13117
28897
57592
58959
45281
18056
58843
29887
39134
63333
27119
11493
64526
45689
41066
6878
55455
55687
59559
13510
23419
61135
15102
42732
24856
15421
58813
19180
31785
53791
5589
30661
43911
54837
22106
5572
65331
53841
51857
26511
5249
11035
37298
18149
5952
25339
46254
59954
2863
25035
29772
8146
26925
17862
21302
5953
27232
55471
18971
4934
16031
26463
33463
20317
22940
12881
56817
30245
60800
42008
28766
43084
30997
14739
46918
22641
87
33554
63663
33069
3372
42756
51956
28999
63597
10701
3836
9740
51733
61556
2532
27261
30351
25172
29876
48543
37101
57386
2211
60702
11432
63441
573
19777
35453
13613
54414
59927
11921
46686
695
13718
1774
41258
28829
31875
17994
10851
32206
58432
62255
20509
62243
53451
18092
53964
6681
2290
16817
19432
47379
2296
10473
63343
4822
40041
55105
20176
26383
41085
9410
48377
1965
52911
33692
59892
65526
13698
5091
36505
3366
25674
33420
51076
11790
41663
31642
44632
52887
5835
32812
34363
32410
813
13082
8731
62974
34688
42207
30336
62933
38591
54052
58760
35786
58411
14748
18649
32897
39706
26448
23266
31640
14865
9225
53171
2698
62687
43723
20034
57919
54167
30284
62224
2955
43777
449
45291
29006
44046
7499
38878
22688
53374
9280
55246
20142
9465
18903
25153
7492
16024
35199
1097
47951
8833
59110
56111
11379
39568
5080
5614
11739
34205
13939
41232
1827
62003
63329
26500
43609
27012
26531
43598
57520
64987
13384
18750
2989
37417
64066
35558
17626
36813
23906
32290
31425
35507
42134
30900
18251
23435
28111
25658
57073
3414
32224
24701
63741
1164
26559
4888
49765
56672
12658
33687
56006
1779
31789
59196
12321
65053
20322
4713
54098
40057
26302
56471
62274
36788
14126
18178
36601
27168
3572
38813
46533
21629
1361
3817
38043
27554
28678
51791
24454
53303
21921
4034
28610
30228
10240
11415
12428
13925
22786
49183
7781
15892
18785
40012
41811
61103
35715
8645
23503
30948
24400
28951
38363
62943
18478
49178
35893
41488
63953
25044
40657
60684
41684
47130
43474
5315
64334
39819
63118
28596
46534
4323
28944
987
12356
63979
46822
15993
11203
10806
46683
30355
11430
59195
41597
55784
19089
4710
10438
53968
13916
17379
56275
32090
16605
34284
8021
63826
10239
12267
65332
64245
32301
10898
22231
364
43691
40219
43681
10303
10289
58709
54235
18062
37234
17771
64745
40970
21287
3088
57941
63072
54810
121
28399
28296
24658
60323
7734
35794
37879
38123
28231
60625
36430
4320
52722
51983
56693
27576
49087
14679
9175
61497
62382
7138
12265
8349
1770
25542
25760
3091
18916
30958
36951
43293
15857
19154
27698
55554
59620
19973
40748
17772
10219
58918
41682
31968
2670
16533
46826
2133
43476
43562
63611
34494
51766
14744
35291
41659
30963
29596
3143
37513
62023
36905
62388
41197
1751
7769
18592
29808
33904
8047
10245
10724
39961
23748
25881
21321
40895
63546
15772
12457
54021
36550
27229
53085
10418
25309
44405
46853
35741
59093
52100
4335
27188
23731
5823
57992
51844
63190
5173
59891
26452
8064
8198
31502
52868
50947
48680
46540
22277
50976
14154
32643
25898
58902
58025
29897
29956
53215
44043
30490
37011
1237
54437
47161
22728
55058
60924
42655
32218
44508
24303
47593
42581
51202
22534
41355
60452
13036
56981
18716
18905
43132
3025
45931
12165
46389
34080
37921
16060
19068
44555
16880
35528
9196
9036
37739
31319
52209
41567
51504
16280
23146
9860
36810
43016
19478
22530
32952
34509
12774
20646
49638
59950
23982
4919
24408
51536
34142
39156
2547
54815
61244
45080
6052
46578
64006
10426
13532
52942
38084
26686
29725
44720
6102
45327
23844
57089
31451
32256
39053
2613
36817
46087
63051
6245
50323
43818
52243
48319
33889
40786
38313
7453
7524
30651
36056
63506
27409
12057
224
46125
39977
39604
38344
54789
56753
33697
34694
12884
3491
12152
29101
31656
45154
966
7125
6709
62813
26457
3708
13690
57657
21367
59689
54016
33899
19668
17437
13926
42988
5981
2028
31193
43123
52150
49327
25827
23154
27490
12291
52591
61564
7426
40637
60168
12411
44268
49275
28222
9287
34169
4850
29555
47989
45321
47818
55495
28864
7736
5848
28877
54678
22182
38688
8237
11438
47812
1227
56326
46359
63290
50681
39165
57486
45550
29100
47376
44441
60808
39293
33517
40879
50785
5297
26340
39991
27098
58343
44127
43252
18383
6058
22682
45529
49918
38459
988
62067
26129
47460
7610
19286
33619
28995
18020
52325
59117
9383
36445
5
40965
47029
48697
42292
54638
54319
54390
10930
51367
54360
49416
18485
13412
8650
6666
15593
17856
52457
41577
40116
28023
35344
44834
18961
4895
41998
49419
26794
10375
7608
41326
44183
40921
40081
25193
40121
56809
49755
51904
44541
5194
39813
25018
25057
38315
42171
40223
44651
43151
28833
49099
12640
30169
1008
50900
30225
29380
35245
22314
22528
4892
21620
63939
10646
46908
60044
58818
38716
44559
202
42583
33599
54040
4904
47768
31289
55444
17629
29485
10883
7438
10890
64254
32332
31284
47771
64564
12875
43729
64866
61676
63498
12325
30382
47441
23213
33931
18174
27875
30995
42038
21571
47219
60303
10033
62953
57195
26571
8311
3374
22781
41494
2100
50731
4550
34633
9352
19648
32932
16911
5620
43376
5200
18277
38601
53987
47816
16718
40067
19637
48405
3791
64241
63151
34680
43902
5516
24120
19403
48663
16617
1020
55348
44291
34877
25551
48714
28260
321
52059
35858
32642
16844
28922
4186
33911
41845
51
8433
15457
61150
62214
46901
48014
21545
16442
32941
31738
23328
1107
39660
12335
53054
41408
30370
48110
55843
61957
32931
22957
49759
47673
9121
62447
24974
50365
38722
14350
60186
50957
20987
38705
62664
8926
22015
44862
46562
34825
49338
22283
32506
39421
15784
10206
22563
3900
36700
57550
17732
40752
43632
45703
54446
5105
35864
12017
19399
35014
57841
32043
63467
12101
52417
525
46193
24864
21560
37894
56711
53089
33261
56957
19261
10060
59800
30058
45825
22943
53308
59100
19210
33724
8953
13731
56733
51472
34676
30551
30671
36346
16406
60302
55788
30381
60874
53301
10135
15777
21590
39410
48862
28847
47228
13279
5319
56715
24969
32524
51332
11899
39509
64455
5329
54009
21561
12785
11897
24972
42701
38221
36396
55441
32308
18530
58994
31758
37945
51804
7003
40294
32412
64459
28408
43032
29119
20696
39512
35401
32325
5064
63463
19093
47748
23984
47704
46058
54834
35387
29645
7614
33252
50388
25405
24115
28644
40968
63465
47269
55354
61701
61550
53820
54068
57557
28851
62719
2628
53794
42192
1338
54060
52149
62573
16698
1334
2288
64373
38227
38282
2277
30309
26789
15001
34078
24439
19177
21727
4473
8313
60365
22768
63665
36646
56300
8057
38368
10848
64833
38278
36761
49215
5421
37826
24846
41619
21373
58519
41113
29540
43645
14304
26465
39197
35630
14762
10562
62141
6165
57128
61030
32426
38948
13897
60566
62136
36220
35756
6778
63131
41853
7539
25758
65396
21404
35887
46924
2494
22615
38985
43784
34880
37625
64834
25450
36924
62578
25071
48742
34703
40185
14952
63863
12210
28932
62071
12887
63049
52062
7045
38145
40929
27581
42096
61422
16688
33657
38597
54763
16619
9223
64633
59061
2884
48598
21555
38880
55276
54969
54767
22904
26661
54546
32518
19661
63325
16906
59582
13945
28576
217
37486
40011
44108
46407
55929
21966
24445
4076
26930
33213
32649
11399
27824
13541
60232
52321
20439
47993
40187
39431
41260
47400
34339
32033
64152
47656
31276
40567
38843
2304
48937
56293
59802
40073
43389
60266
27885
40601
27992
34721
63928
61607
43138
24074
63393
65073
37716
49830
51625
22051
32881
26451
63933
13545
34883
25929
54072
53470
16615
60957
54660
37949
37086
53768
47183
216
53459
26840
50646
22898
33665
40617
24869
8009
40619
22720
3851
27738
23929
64961
45721
36985
27881
26667
37705
29282
27838
36504
32576
7052
261
28930
63698
63656
30876
50523
40409
1596
64972
54344
56977
46576
51376
49667
54207
38801
54501
47276
63283
43776
54659
55093
12687
27502
8442
15882
27876
28985
14221
42029
63278
21118
16565
3182
19834
26893
27751
51565
18819
18222
12007
36049
24590
32949
23693
23574
16550
15112
14198
7602
46843
60162
35322
36414
40787
60696
35165
19033
33691
51062
29093
22383
30198
55618
28462
57132
39711
3877
45617
28453
57131
1526
2708
53809
53036
49573
6925
10440
17513
21444
14530
24289
40541
16424
34006
60713
44666
63222
40714
26873
17120
52077
16884
64825
40722
58089
3634
61439
60483
35573
40813
48922
51423
21805
34882
48560
47808
37364
29091
33764
31211
54177
27255
43044
853
49789
22327
36369
28018
547
63552
53263
51070
64667
45325
17802
16929
40662
63030
21729
62148
23894
58733
20227
13744
12339
40721
52057
58848
63905
29096
25246
4088
33438
25635
49088
18159
32707
53250
36803
54304
8680
7828
45247
8128
49576
17428
58683
23378
9047
41375
9690
13623
21291
5301
11593
25839
16220
41900
54536
58235
37908
17434
8533
23391
15694
63574
28655
42076
44435
19969
44191
37815
13099
27353
54531
56037
37914
34560
24294
17123
44671
15875
54891
37635
41352
57863
13758
54973
61896
2155
27745
16141
26464
30732
10322
17065
22953
20623
52507
12979
39442
4192
62325
48305
14536
55399
26220
37652
32176
62909
43308
65436
23846
16283
43388
8839
64856
28393
65016
6771
65435
39291
36585
65516
65515
16890
59881
9455
63567
57316
52585
13930
14568
29192
1410
16274
43155
12907
56576
55528
37370
9147
48164
6519
50618
40352
58468
15631
10407
17470
21097
933
15221
53683
26213
30114
3328
29102
58911
32060
24884
54575
34530
7421
32350
47857
45572
15418
8222
4925
53815
28910
39756
56280
38169
2975
6728
10593
13096
45132
24657
60786
64704
663
26927
60271
20544
49676
29976
54049
59584
38465
61516
5475
47399
18985
31209
41088
23261
53121
29075
33171
23684
35030
17824
29755
36882
40985
34183
21413
29242
5237
62885
59576
52354
36261
24377
11823
46197
2213
16651
4285
33500
4950
64200
22614
61229
37741
12098
51543
22936
36279
42608
65339
56596
10631
10067
32508
51016
41079
18593
42375
46589
18047
9104
19228
7302
5626
44399
3888
12102
63797
61885
29521
36937
62436
45019
31658
53803
8217
33024
61586
38327
21123
61650
919
36669
20175
42107
48503
53047
45000
26798
20169
25507
14948
13966
32621
45021
5917
42912
30185
3179
14842
10904
47592
36923
28736
34906
54105
9113
39874
33321
57210
33674
9697
6482
51952
50662
23757
12665
30880
29671
33978
4883
11107
61223
26802
60289
29539
24473
6227
24652
128
54894
22662
30197
17918
14932
61451
30537
11175
34069
50065
15530
9517
28147
32500
20280
46028
800
55778
19949
2171
45289
53043
39465
33773
62029
39346
50308
52356
38190
37556
33311
40779
1655
22556
29246
2263
7578
39305
48968
49732
4982
59859
874
47688
25013
62180
9712
12026
119
44269
42142
31588
4869
29605
18116
59132
51666
25
44521
35079
50878
46910
51290
13765
53266
63733
8798
53618
35476
51907
49206
31899
28976
52260
10506
10498
5406
50212
53478
41186
42628
25568
35195
21647
61666
28082
226
58451
32926
16482
21075
37097
19249
20015
8249
2415
6749
31610
8528
50143
3296
43364
39179
58327
35227
20621
19165
26224
24535
2534
64038
27085
30729
8071
12221
12713
6138
42964
55116
61315
39271
5962
21586
64083
29431
65218
15194
9705
28720
40029
58145
19197
65137
28541
28377
28496
17614
47772
47007
62536
7679
45848
34587
51154
61627
23182
13990
65162
10487
55279
53109
9523
41902
26290
1709
54092
60076
5763
35930
8223
15406
2796
32079
53100
10684
31698
11984
57190
21433
6880
11832
4367
60247
27729
44782
26987
16041
11707
65376
26921
250
51466
34442
62790
30967
15335
39354
8882
36442
41876
22417
19096
54388
33552
41248
11225
20838
60568
2033
57567
31652
40780
26312
15210
43352
16973
52557
39270
63199
62504
42901
56305
24547
7860
18122
15712
5951
1920
30710
20560
18524
12705
3320
15054
25265
35025
62446
16263
15103
55104
11042
9470
45910
49444
56447
22660
39649
53028
6829
8252
12871
35244
54592
55034
56296
3291
6943
35294
10155
49585
24126
19179
29949
14643
1245
43913
4899
59067
55974
19061
63308
41271
27265
56648
30522
38552
36097
979
49538
14512
32828
30410
28243
41910
38443
38373
44875
25496
37567
31414
28397
46929
7760
5760
10676
36250
35635
22513
24446
41435
31925
26455
23322
33450
51808
23770
15912
47002
21080
241
16845
317
37478
27972
35626
3492
6588
16827
58912
17957
28694
52552
34332
62758
24262
23642
55118
62550
37689
49934
42982
52592
64474
59007
836
39207
19571
53837
37415
19579
35561
52037
4848
51333
56653
52034
47345
2116
1609
61696
12189
23462
60397
50293
50509
42723
63806
42303
27234
36395
3379
4240
43297
34617
27780
10836
35219
12633
42893
44143
58951
20300
5967
27438
30614
61389
63524
31760
31302
17294
51541
61852
41598
63768
11156
6608
63832
53547
19708
29419
20684
24988
18413
6946
747
14648
59213
53248
30279
35451
1193
52992
48389
18396
46441
15959
24075
36864
63471
27583
22448
35682
60509
61968
11731
32229
2681
32227
40222
21073
51683
63734
26995
12440
3358
11747
18678
40296
3432
63579
37807
13548
52335
48231
61199
7928
4469
2806
35814
57074
19995
42099
29287
11605
10668
30941
21208
26636
55378
39732
46993
9782
2722
13771
50936
20802
62
41377
20399
46796
10138
14779
46495
29843
52480
26111
44321
60706
25051
62693
35584
13902
50347
11581
16430
61693
49571
45232
59330
58798
32988
15160
31827
41819
13063
19494
49259
23877
13642
55445
40973
33638
24845
33208
31466
57735
32370
42796
36092
41374
28509
17453
3933
8067
16217
45355
64712
28876
8396
49570
12396
0
28067
49260
58965
22638
36328
12387
31670
25647
36366
41254
34137
23346
34780
20388
22150
28848
54118
21981
36877
16520
36581
15088
46207
19762
25721
16604
60809
41815
24683
63472
11614
61188
64315
42252
15059
34273
52392
1272
42743
28330
32874
23209
5244
43278
45020
37105
10758
17135
56170
58553
1573
40633
59084
61054
22426
1489
14363
36178
8726
3577
51212
32213
42279
61769
32211
19859
51880
40216
3438
11733
3352
11749
16713
31158
40302
51816
17885
30317
44351
58123
53614
53474
49927
49127
11796
28195
59745
37651
4363
38242
5242
54765
239
233
47401
4767
53692
63173
45162
24359
42398
44012
39047
41193
26080
42843
8345
6311
17163
62700
36845
30201
456
48996
57393
20922
20075
65083
45316
14598
582
63642
20476
5637
49582
64440
51267
16501
37771
33762
23082
42657
25229
51847
27714
22276
33084
59418
13385
20374
5372
21889
12834
690
3952
53285
10888
61918
19897
20534
9918
16160
46753
52494
18458
19074
34959
9421
27212
27091
26728
35866
41647
55939
9413
19792
26184
23309
62776
43112
12419
39921
19105
3116
59479
19760
55908
33109
34350
47191
16509
63906
23000
44512
49394
43577
5389
6369
11249
4854
58809
46666
2476
15025
52112
27534
44677
56412
43809
9418
29884
45099
43085
53783
48698
12296
63649
24892
24532
52313
6155
57315
63352
33361
10232
39668
52379
65445
51841
65102
65529
31095
52661
9434
30654
9560
14802
4013
783
21687
45015
30347
21993
33508
18966
63073
16836
57936
59460
60206
52474
27887
53954
34368
17752
16182
28224
23299
7905
34026
50617
61751
13292
15825
11211
47202
40130
21055
6065
6395
11735
55915
9917
27692
43576
53154
59490
29116
29183
16921
53119
55946
39883
4097
27691
39983
1673
43099
41028
10253
26715
51451
27206
37477
47154
7504
27740
49937
18513
17609
16009
17541
63348
6198
740
48442
15893
26155
58438
26215
16695
16926
7564
40659
57166
5468
35536
61174
49078
65437
32182
301
20737
29953
34423
24033
9181
29131
61162
52453
24938
24152
15628
22799
29859
24584
27139
34379
16791
23330
51800
52382
29389
60774
39365
3322
35669
21961
14855
45259
56139
1671
37924
7664
43212
13574
21663
44231
29940
64993
42437
37226
36593
43465
50571
37221
21047
16186
29120
61544
3269
52619
50037
47305
3938
40736
1865
61847
11775
35731
57421
40487
19688
51656
48974
24220
63035
7169
25224
10654
52373
51652
40046
12302
31409
63331
31494
47915
63346
65097
25928
45607
57525
48341
20041
33852
25660
4650
38176
38320
23545
36036
29530
27891
48588
9303
5681
47559
31465
24503
7405
33728
18889
53245
27123
4120
33427
23775
25243
27072
61928
4643
54338
33435
4752
33312
4216
3490
32127
5923
59528
6116
60245
64165
30893
21424
12224
59219
60833
46786
14800
41948
51060
17831
50705
5274
5176
46340
26076
2357
35223
12648
47432
30818
45896
29527
43235
13638
42328
33579
56591
51661
54826
52380
27594
60281
54058
64259
64776
16185
24663
42079
18302
11912
25169
53148
20046
5935
41033
39613
44824
62807
47211
21361
21006
36914
60120
52050
62321
64236
49645
58381
51145
4640
20841
5577
54342
12399
47403
38937
16504
33367
35138
47563
50633
3729
25175
6374
50710
4511
49055
29154
30006
42592
17517
36762
60156
22693
10842
33017
34981
3551
49634
46184
56586
52466
4953
31762
46239
8323
26521
1542
14158
46483
44760
7890
46492
33946
7394
57064
48570
49346
21679
60949
22717
57382
21674
37290
14720
51721
14988
48824
60709
46778
51254
60956
34513
52472
16180
40205
43746
41521
58641
8571
39752
25015
42194
48761
11411
7644
56310
17580
1283
49352
64734
27870
27122
58413
42199
35114
63357
51650
13010
46894
27861
181
51058
49790
4734
53236
35644
46346
18642
22227
28933
27441
44515
3901
40406
33431
23763
34531
42323
33884
48575
4499
19436
11184
41223
40701
46262
10548
10554
36037
23281
33022
40692
50200
47641
7798
1288
5264
35366
17996
25271
48580
58367
44164
31948
50568
48017
46023
4373
47279
51064
31168
10750
27755
10697
49611
42629
48031
16065
31911
4270
2339
47678
42636
65312
21900
62494
25680
63992
48067
31093
15360
61612
41595
9363
30100
8961
54453
6012
54315
27560
31396
43024
31313
34429
5164
62568
17180
23759
9834
52022
46594
6984
65385
15965
48716
47086
15891
31481
2557
10844
52589
52921
55278
27466
43928
21452
63466
17237
615
58166
35684
61212
5134
20438
10700
2552
28767
35743
46998
12400
36977
49101
2109
12545
11185
49468
62296
12860
63519
27479
6711
54913
4222
14019
61891
22264
11802
30079
43565
14780
16590
55011
47661
11288
60846
2344
53024
27827
46608
1444
26656
53826
12275
58523
63356
11081
40583
33838
4268
16467
41515
42195
62772
60101
53197
23917
32831
22748
26252
47677
38137
12851
61664
43034
36342
54330
37626
37144
29852
40971
60932
20703
30783
594
25646
8684
32133
23125
15188
29488
2939
37214
34684
62506
17233
58645
34177
32940
28984
39803
11292
46123
31058
15213
59823
18667
32320
22574
11759
13839
30162
58896
12352
9312
56543
34555
35486
14051
14867
63891
7371
31638
6305
33983
29363
61971
44876
29845
13953
5723
34359
27029
64067
63237
17262
31314
63055
36808
52449
11841
44832
58121
42042
30534
17260
43213
569
18538
9014
17924
24899
30702
38894
38159
5738
63225
9395
65100
4840
4956
29034
27038
58529
30269
36648
39201
3447
46927
22878
62339
10076
18999
34287
13071
38623
47682
47687
37863
15679
17982
29029
51776
50068
50911
61293
65505
48941
48955
17934
43591
33494
17409
2030
12864
18070
12677
58653
33788
60971
20252
62620
58284
54766
1529
15331
10222
8140
63773
48165
63415
9309
5729
60038
39341
50846
25564
13743
40878
58719
30909
14174
15216
42589
22816
