55943
33822
35878
45609
1173
10887
13524
38580
22997
7801
16660
31367
46817
35721
12821
14983
27369
34150
61674
45893
42307
63819
29774
8815
50318
32440
7092
37769
14402
7134
57618
39307
49610
29098
45312
52107
49626
50444
59573
16752
11519
61668
5605
62732
17804
31962
36310
41366
13245
25397
58420
29565
17341
29629
38158
37692
13582
49412
42597
58237
46604
46847
21295
17277
28884
30676
62773
46528
62106
27211
30856
9605
33604
23262
54557
30344
23255
8778
19417
790
24153
33423
25167
52762
4101
6758
7135
32474
56383
18207
5546
65087
12093
19062
27249
19046
32879
19713
58313
49472
47067
6767
9204
11569
24249
14159
6804
9839
57188
4837
56182
57199
16296
13480
15659
46492
37161
6419
59570
24029
27723
32437
5602
59667
52295
57817
13599
57107
56503
26127
5655
32215
56711
7559
52682
64873
55303
45714
42650
32183
45146
3130
20725
16615
2922
53690
24818
49877
394
43834
59567
6170
12297
47426
32335
52074
28766
55621
12309
47930
39967
9717
63387
49042
23892
7566
57865
32193
55310
4427
17468
26320
60549
77
27725
47785
62105
8777
36704
31759
5836
52843
6373
54400
28713
52340
32443
43093
15280
42659
47758
31178
36216
3435
59217
29236
56209
31347
65123
40283
36451
63316
42291
59064
27996
3387
47981
55923
25840
55023
38591
45521
3700
62778
14762
33529
855
7794
57114
50490
17753
54344
12824
45760
62971
10965
28549
47267
44574
1531
21278
13419
37886
17838
56741
22011
30626
30739
58529
50683
9771
39956
40489
45814
763
43824
40161
41027
23338
44829
3214
34336
39309
16106
53580
47920
35579
24566
30434
30565
8853
53958
31049
34688
35964
25745
47048
19560
29209
40711
5051
40567
34340
21245
44101
18191
33375
39578
35179
6779
19228
58839
2916
15678
39437
786
24046
5165
63256
36171
42704
38505
20914
32281
11984
1676
29071
43449
54854
29961
33923
45728
53245
12326
62450
30642
17958
52752
53253
48919
13763
52855
2764
31798
62082
31141
275
59246
8862
62809
42640
1406
62873
44982
64075
29606
48438
34625
11209
22999
17005
14348
4493
56206
60382
25673
18647
49675
31222
55360
59420
5239
45191
15074
64786
55659
41675
34995
40532
35288
16194
62444
21389
12363
8115
8690
39027
4486
61859
45054
32271
55572
19690
36581
46251
19939
19592
63286
21526
7158
32910
53558
11062
29289
5579
42804
29017
49666
45881
32169
65181
63896
60138
24947
64829
12756
17342
17935
43257
28654
39146
44659
31219
18813
42662
5693
51015
54372
5476
21564
62577
8213
2475
24518
12840
1123
33499
63685
18399
47526
31109
7680
23832
51996
1307
14046
21328
18593
64838
55334
57638
47615
9066
58342
52387
43153
42130
52636
65315
34189
28211
59431
49389
40603
18954
621
34179
17058
1677
40117
24717
52982
41994
22151
20978
58899
36985
64793
27111
35791
14727
33533
58676
51874
62910
1440
30048
10823
17711
52360
49433
34342
11354
61840
58820
51630
27020
65222
23713
2315
1707
49932
60296
33933
58175
23705
34861
63309
44187
8786
6478
19984
26869
39252
41076
31825
22950
64086
7028
45294
35157
63178
30033
44615
57888
43184
197
43072
40533
52016
2864
18797
48332
9538
28569
44977
48860
23103
17079
17527
9347
26016
29358
38951
29443
65217
11158
53683
55467
34299
62049
26363
51252
46993
34523
12705
6294
40328
45725
34852
6669
31101
793
10410
53336
44104
7981
57504
34135
28168
58095
26975
13769
15131
24637
11762
26641
23706
19282
60670
11434
41386
31462
64824
54845
18857
25595
49550
52753
52875
51042
12025
32263
49481
49792
29577
14317
13988
64882
32307
64053
30153
33668
32768
62794
54732
56243
59036
62900
6243
1353
31650
22578
63984
46225
60170
15550
48510
3903
10230
59817
44310
16460
22257
42014
11415
47654
5004
11459
33892
10940
5428
46202
33706
16675
38403
16126
29567
18772
18135
22432
3832
1832
42501
46903
28831
65107
27419
4139
1782
30959
58612
32311
6142
64937
402
5437
44091
64153
64738
43251
35349
55216
60760
46436
32417
8694
26433
12842
51686
11250
65286
5154
20257
50507
34972
2467
35283
14558
31492
51509
44810
23544
21994
25227
39428
23764
8326
41731
17377
8509
34510
30441
16119
13083
48035
6310
7302
38681
42521
55185
59805
39059
34766
61968
32142
20343
12720
15565
61157
55854
5731
14371
48695
17082
2713
28518
20374
60438
46975
46210
28155
61428
60905
54164
16942
4350
49427
43125
20288
37737
25873
52494
27379
28111
521
26064
2868
26657
59173
62002
16441
8526
63248
19949
16313
30357
31540
11784
51808
56473
54603
25880
28776
61191
500
51609
30946
37642
10342
14240
12939
29202
62793
8033
53438
15936
4672
9558
59987
4938
49746
24361
34840
42592
17701
55613
58698
18388
6015
60122
43780
46753
15741
61014
2262
27409
46226
44599
8956
38340
5276
11417
40702
65324
60630
36598
29091
51632
45289
18726
53107
40013
34348
45182
64119
49606
11126
30932
43280
46770
63695
44254
9765
43403
5973
53126
39811
1400
64256
31371
4409
48435
59517
10176
51531
14534
35715
13588
22624
31898
60570
25379
35820
33397
63499
61051
33571
59898
60032
10379
43835
17345
53248
51588
51193
14990
56926
7021
23904
44341
6888
52587
63332
15203
52539
44638
10894
48017
5938
38759
17288
21418
24263
51200
38923
54991
65001
57875
30832
53361
23875
11134
47691
23876
1700
53201
2543
35430
17642
51382
61723
21738
4921
11945
11309
14697
30289
60326
60006
35922
53491
14739
19033
16137
36183
8493
5119
55919
9858
40346
20881
14417
49935
29634
60015
41992
20226
12445
12418
3206
36020
54059
45842
60284
11646
13597
989
43478
59515
57678
43711
52388
39692
45848
8353
57202
13570
63397
3849
38454
29529
60916
14255
27519
7505
62409
29620
29056
9124
20772
18751
18006
35930
39425
7944
11951
51209
60954
10536
14694
6774
60234
30262
19554
20767
17631
2159
25369
26124
65301
51956
49632
7372
30431
63183
37509
49816
5225
32190
29708
24802
55158
20742
12282
5194
27557
38272
62538
42325
9596
36142
59903
32139
10363
40459
56004
8183
13279
31135
14963
22096
5438
6771
19059
9853
51760
42802
19256
39472
38485
10867
21911
23855
27942
34430
21082
62576
43786
59221
44538
26332
12556
15578
39758
64996
31450
6640
19846
40011
41262
53215
21819
45886
187
15271
29750
44409
58726
34565
21892
17731
50062
62779
29343
44169
58862
46777
2912
25362
44026
39162
26378
44204
30167
65304
49126
51528
40068
52064
37096
49267
26993
44149
56812
46296
58174
61325
20392
42610
5530
24521
31601
12535
62701
14608
52380
18565
18245
11446
5838
60184
5726
49725
63008
63597
29726
4442
45405
59238
53636
24311
14097
11482
58875
12376
1122
57193
36974
29864
53732
39942
15667
49806
9202
39943
31340
47140
9679
351
43868
12018
26343
28613
5479
44371
62215
18828
37121
2551
4041
5410
46639
36884
37130
36818
57363
4985
35650
27545
25784
59233
26757
28952
18450
36789
50877
14326
63163
54401
60411
26165
51515
50875
22170
63659
41501
36170
61120
6879
7567
58877
12150
54328
25222
35332
24002
41283
47038
20213
9899
22064
60413
27534
43076
7620
24721
42257
17509
24965
6499
56038
48110
61134
47024
62582
35958
24945
44618
30995
36743
63165
33156
41882
4686
57441
63443
56022
36924
33930
19279
41616
53154
47658
54612
2359
41789
12361
59537
39249
39258
53700
23615
20558
65374
15528
60034
24328
47960
32713
39517
6024
12712
20633
60573
2929
16136
3268
32620
22430
482
41279
38201
39504
51140
6115
58375
45932
52277
15317
64697
13466
29969
31026
56947
4522
20877
59584
59925
55885
8280
63344
48867
57610
33660
14140
59051
46605
55770
43938
37238
23148
57958
28275
42449
27074
56396
34353
48668
43734
24952
60534
14211
16701
5702
57607
21859
58283
44457
26789
57953
8189
48933
909
21666
15457
17303
43010
43055
61239
63969
14330
61630
23024
51279
17576
18248
32113
23097
25463
11866
19860
57134
50328
62349
36647
47383
17055
2769
45158
59318
55522
14099
3273
5179
49327
60986
48671
59598
46376
31926
58378
26109
29241
27960
4519
13899
48185
39669
30969
56242
56498
55186
52082
1054
7799
50189
33815
38035
22519
32162
12830
17674
24816
45205
28639
41486
5987
43844
46868
541
62621
24929
6044
51750
60177
31768
21554
59243
54630
13745
30418
32706
53186
2799
40992
23749
59279
51779
56689
24440
38617
48541
15761
52209
20904
63453
16133
29183
49947
48816
5488
34188
16755
30924
24137
16028
4105
45995
58415
59745
25878
38284
21635
29345
31137
40826
45244
38560
32446
28305
37895
2963
14269
29630
55364
15293
39118
46397
35395
14929
2825
52176
31793
55472
44452
61312
14949
43735
57141
49143
54758
11351
65016
46944
39460
2786
47555
15752
50747
61689
5599
20409
59175
57539
35976
50743
27252
63056
54974
16574
62921
17624
20440
16290
52097
46248
5139
45367
13474
39684
39828
31043
33396
17796
49093
20534
40319
53648
2745
31756
32278
34185
14146
18208
25813
11066
56527
45274
14224
59688
25737
38281
3098
32920
3230
3703
52476
28473
14153
19946
61309
3095
3247
51794
12446
39465
25118
38274
26442
47249
5528
65465
48094
41490
46536
26197
64869
24428
49714
29266
61890
17865
7752
58648
11662
10411
63691
32019
42754
40654
23677
22141
31309
9334
41081
45324
20203
41553
37792
43494
62470
7067
42817
9277
44489
26943
59268
15164
53556
11067
59047
45699
31517
43558
8755
59921
63361
53689
3702
25850
45770
25914
7802
28680
7561
35319
20503
52902
12816
18848
57104
16453
61340
56252
1392
26931
46587
42491
32432
18457
35404
10593
45235
52156
13590
32028
4127
59727
10585
42717
18070
61538
45150
44693
19408
17845
65458
11136
51586
31830
64674
19061
6904
58645
35941
24685
3254
51567
16159
52605
34851
22763
54061
4641
11604
46567
42997
7458
14080
5336
9511
38841
44154
32151
57876
44221
63448
27584
7890
44025
60812
51846
50573
14509
10579
17366
7873
47593
46858
37152
19084
5658
39144
31360
52440
2385
5491
50878
50876
23111
43031
28943
24660
20815
56391
54294
29044
45098
43189
38629
5007
45615
32379
50107
60764
5388
31234
8276
46250
62482
12057
65202
22221
24782
28110
58735
9145
46301
14539
35776
50561
57423
32981
58111
23757
38836
12279
29303
41579
8186
7730
39939
35749
50966
51281
10725
52150
38420
14520
14108
42167
42058
52410
36128
55695
18682
63625
51685
31493
52415
32383
42859
50566
49437
9290
18252
38735
22464
47568
62117
40002
37812
10190
51771
6446
24239
40252
61106
27643
14017
37823
15278
14372
60569
44986
33580
38932
29194
51321
61756
10300
37103
5494
52459
58943
39363
25205
15396
50969
49588
31994
5300
60444
53262
50002
41043
25555
39415
44513
49166
29572
52692
29952
48943
50290
16071
48970
51312
28036
60952
4547
23306
14206
26475
31128
37660
52144
24351
54980
35073
53844
7
35194
64533
52747
522
43192
32187
64536
48129
32381
5813
52157
48449
231
15124
46308
46927
19706
17065
15359
19710
39141
42677
51801
20292
5500
52667
50560
32267
18569
19273
1049
57220
25168
813
27722
13549
26147
15848
37170
11537
11638
24150
4120
11007
32011
5333
63393
7154
44742
35286
13790
31559
2984
8366
33103
32904
18092
26011
61516
39731
4898
38536
3843
46916
16074
13403
27223
1732
44227
47332
30320
1905
29333
9792
52158
35914
60315
53366
26974
32733
56241
29349
24876
42396
20386
3285
24696
23999
53884
54493
36628
64903
13439
11804
61261
42639
28945
43069
39891
668
44985
9325
63763
23209
51732
17750
23676
49158
8513
23988
31149
21772
56250
36945
3660
581
44751
34684
33010
15721
5033
17132
65225
5789
15839
36729
1292
14878
3178
46952
6686
56455
5703
11982
42746
16503
52522
62252
32167
27285
39321
45066
55838
56808
63197
309
21040
24154
1125
62036
61145
15717
22849
13550
60502
17840
36480
30604
39499
41372
36485
52500
17929
48827
57184
19605
4146
19765
18702
13020
21045
53978
43501
9173
41723
13833
51137
26438
735
32296
55672
61113
26885
61202
48997
30191
32883
15668
19793
63228
19055
10675
54663
8282
24892
27449
9031
34769
27857
48521
32431
14292
31447
43683
35724
57973
31155
56759
65478
34802
32135
8097
57213
43015
28427
12199
3840
41823
36734
47673
2453
65482
19847
37621
56251
40258
475
1359
45392
36037
8292
15724
56459
53675
363
53670
12426
7190
41717
63195
17117
59081
63551
37087
29607
43022
51981
36785
42833
35656
223
54415
45938
11229
19854
2140
16105
40756
1136
46454
42442
16876
53396
19775
29466
54395
43823
59950
35456
7308
48651
34323
55222
22323
30497
41701
29641
61176
58306
36719
5108
52683
60927
28059
43981
60520
55827
1338
32730
27862
39810
61857
21584
41959
54606
42134
12942
9846
1083
33240
35714
7902
21818
1323
36624
36574
65245
1096
1274
41885
30897
21184
16849
30421
21194
53808
29255
19319
21803
60752
9688
37767
21035
44784
53114
34505
44162
48524
51639
61511
53475
58076
16777
31557
48892
37766
37003
59163
10005
61671
12413
37625
24509
37648
33136
36834
50906
50151
51826
41185
9781
10669
36601
52072
18526
24658
39158
26092
9461
48977
60370
40789
39289
65375
3009
40888
30213
47931
13910
43582
29688
15505
39878
33904
59905
33638
11291
14219
43162
7362
61540
32218
26624
13133
36722
3371
46748
62415
6815
11203
10149
47030
32664
29998
5028
22275
20749
41929
17368
43595
56240
25196
7177
28684
23574
43249
6938
12158
20690
50948
20997
56972
38429
45959
22153
37627
54656
31963
25296
27418
55612
16332
59907
33644
17304
53968
14592
9783
14735
59847
42133
35439
63945
61028
31343
6562
15549
37647
2200
29729
24000
11602
16312
46275
32915
40953
15842
47807
59784
32566
56299
10415
60479
54413
47569
65221
59418
64452
28490
63150
26448
49060
14014
17268
31191
52086
22111
3888
18915
7425
22728
6081
924
38146
36750
55259
12689
22864
54079
49563
36187
10715
33817
57425
1893
35275
58221
14848
54949
12320
53328
58194
50132
19518
37312
56766
24330
7447
41692
20002
28687
59902
62219
26022
41218
41820
8977
47417
29420
2157
7173
24171
54662
44397
23456
26395
52895
13493
58212
14857
31189
12731
40698
60562
17951
16314
48693
14867
16130
21291
6675
20233
11586
30755
61741
12898
64549
64800
9215
45363
37014
36708
34334
31072
33782
21199
1106
62830
20646
13813
16069
733
33155
9376
32522
32988
9892
49767
63189
31243
45658
35795
63850
58387
49036
3044
7546
49569
48962
28347
65178
12624
44558
32420
38522
24268
54669
38628
19465
22635
51935
14775
63924
40885
44932
55462
65462
4523
47437
25470
63162
51087
24517
36874
42165
37337
11626
29278
13740
36627
63570
44085
50570
58356
46684
23029
63414
28424
12430
5876
22679
35814
64955
64134
44497
44262
40318
31816
21264
19992
54150
39335
41609
25716
36735
65188
42252
1039
64944
62387
9135
25609
59242
59109
50574
36332
54388
19266
27881
22297
3242
5719
19353
53696
6716
64128
53546
3286
31028
51840
52155
59319
34937
15135
585
13076
15903
62831
60672
32870
64950
20046
43649
37577
14408
64365
32590
37031
34703
24306
37081
62644
63767
30768
22865
42691
6719
40814
36718
59850
18836
31211
43110
10572
34966
56694
41604
10746
61670
1152
31100
34875
11622
51003
28986
41194
12529
37200
9062
65012
5827
35329
57546
1162
3898
61203
39820
24969
11627
38136
58396
18919
39694
61477
50571
14409
27705
45862
12298
49578
45034
45424
34617
56874
6713
51637
9306
65510
18834
63925
52154
64327
29146
14101
8095
51074
31914
11856
41573
49450
43657
65288
19568
41462
17049
11499
52151
8256
55528
14104
63415
51670
32068
10848
4725
23357
6709
50092
17075
27098
4380
34446
28357
26410
61463
3917
54804
21007
47585
44487
36967
39950
43660
39550
10922
21610
29247
64958
62396
18044
60645
34060
46137
25622
26575
58167
34163
34495
11616
44427
19607
53290
57447
63115
59904
29316
36755
13069
26390
21672
32570
21964
37171
46430
64954
61275
37969
10586
63202
32571
50567
9799
60633
14613
27724
46914
57130
36057
48673
28162
43663
10811
45810
36646
45896
31291
52145
38238
15754
28694
26391
32407
49697
12597
63419
8442
43653
39624
64190
25366
44867
13155
33704
55622
21349
33820
26385
50394
1631
55886
39817
3711
22395
44631
35314
56919
27648
62982
2028
33237
64710
52629
11510
49654
5764
41627
52936
61841
39988
43387
6285
51627
58906
18146
45070
40057
19
13242
23337
26740
14048
64434
315
46348
64322
56507
60907
25443
5317
19680
39751
7238
56199
8686
3810
442
23056
43034
6137
58009
52815
51728
18360
2576
28718
64016
39087
25224
53642
59253
18777
9720
2619
52673
24944
22715
20867
9318
20363
52814
15433
20491
57858
54901
15700
61288
3816
49318
14966
55054
196
47565
53811
61114
10804
24250
46736
52596
445
19812
32293
8703
32578
24251
61851
43909
46050
63859
20923
19600
51780
42907
14894
22476
25712
53450
17393
12066
26736
2287
61520
33522
636
1397
38934
28671
10596
58472
40233
49097
51423
9875
783
40027
26746
27509
39189
64444
53547
14138
45804
3280
60226
43285
54941
3243
26492
3238
56203
10268
48773
62625
34431
25725
52026
2874
1976
42615
11705
1543
57024
5103
21128
19081
5281
11992
44201
62749
60910
53041
17068
12682
30468
1754
50098
45852
7170
8263
1165
38860
30236
5072
22718
48385
55936
64447
974
27287
43668
14606
58252
23054
31808
53429
62452
31175
16603
35974
48777
35174
26140
52954
31531
7085
39846
32077
45619
56653
12189
38565
40474
34659
4104
16178
35942
27506
32555
109
24867
21508
22484
36640
49864
61339
35980
57131
26577
11655
7632
11739
48770
25630
55851
51302
64510
49815
45332
10795
28206
14891
18905
31275
21716
56547
57157
13951
45221
18909
11000
52603
9830
23414
52132
42622
60070
1550
5183
35653
54417
3252
38692
62460
3263
31929
43873
40599
30783
30922
17813
11494
47144
16064
46584
61174
31609
57734
13120
32025
9510
58925
52174
44743
18332
55498
61484
52659
7333
18345
29203
12977
2598
14923
34933
19268
24358
25618
36633
47641
31734
38013
50531
16086
23450
6101
40912
60748
12555
7139
52227
40962
8224
7214
6186
53296
42761
46102
45997
51820
1352
9780
6782
12669
57487
38110
60977
59426
28481
56985
914
43065
23115
42233
32188
16959
6274
9456
23117
52147
12902
16915
5138
18243
65534
59470
3782
41574
22195
61986
30542
23617
12307
38520
4970
25910
24692
39397
37705
13987
13038
56998
58617
18707
47121
37918
30528
40628
44387
15296
9095
32844
33519
45058
4306
13867
58885
38139
58397
9870
15167
54426
10187
35782
10368
9084
37533
17538
50872
21905
3991
12475
65139
49530
12880
6561
51470
43361
64225
61980
38829
38453
54827
20801
31378
26834
15156
33271
2092
13600
31866
39638
21218
19297
5503
6991
63967
55516
1755
59014
30105
26704
43629
281
50274
61642
58558
60584
57759
17552
38406
40694
13840
52402
49918
20099
61380
49969
48839
15129
9474
2472
25120
46086
5502
26130
16093
51476
24559
63111
42240
24107
59201
59155
26137
39244
63114
9356
56502
16193
37443
19406
51891
15915
51391
5157
32680
59286
46804
43534
12368
7651
6362
10932
51633
46805
48276
16256
19096
63929
40176
10257
47640
65177
39687
61027
30919
52729
16078
20682
17574
3960
20669
5034
52588
10157
26149
54504
17693
50110
61843
39323
44992
60319
16446
57916
6082
24462
52988
45994
30212
11929
57768
44298
51486
1598
52422
16708
18562
15122
31158
36674
42904
25877
57936
7751
47688
17893
34325
6320
19192
37438
50439
31193
62786
31506
1888
38669
58462
43581
39243
63883
11131
36289
41092
31826
60043
10189
593
23105
34662
18239
31062
49418
29050
41633
62916
15028
58205
32678
8740
55004
40686
23939
20611
39484
19076
43737
2268
49540
30780
16738
6481
2127
19355
30529
61320
34739
4814
14347
57713
37523
28299
60426
2845
42946
8359
37288
38285
20167
29251
26452
40133
62722
30063
11645
13585
17007
20170
30623
7543
16511
26967
18376
11576
34337
28736
12521
18226
11328
7783
40190
35311
44832
49430
22700
41214
55673
28763
21130
41570
39069
49296
29304
19801
64498
65162
52985
32772
6361
34849
14381
61774
11700
64305
18472
59267
51399
11133
48116
18469
24270
39483
1124
29006
29430
50858
14148
21408
62233
61685
18465
7208
47061
6783
46727
9896
20689
55341
16905
50578
38658
57440
36090
64770
65010
62226
44834
42537
31118
10833
19477
22703
10985
1581
31093
51778
32014
17671
56338
50662
26660
7928
44184
51577
56718
59510
59710
9545
56466
31230
29282
38084
39406
57081
24057
7979
54182
3750
18333
37712
41001
18972
18975
14237
58888
42974
37725
31967
61483
8738
38275
38408
35743
2748
26646
37934
51027
61019
16081
54844
29060
40672
51900
15254
7148
16977
5923
52877
4245
20369
26648
14826
10648
46488
46683
34702
27660
17909
11278
58858
31710
44698
31513
5822
31833
31057
62897
15803
7564
51187
45167
33348
64041
30054
34838
11915
16925
41012
37041
10769
32332
34351
61982
40280
1010
51204
61710
4501
42029
29424
11353
29094
14090
55881
15641
16145
2303
62590
16072
4066
7450
13351
15096
19490
39744
2316
9390
49156
32973
64176
4361
34765
25586
63915
65528
17891
56225
65095
2156
31672
51205
29615
39291
40017
63930
32890
28812
20849
17746
46702
22479
31895
11708
50114
14725
41090
48440
41748
19566
52804
41902
59492
30496
3409
35929
17181
10533
13363
45315
42410
41804
56107
46037
32282
29613
64329
48045
65199
8136
47039
26739
6949
63652
51559
62366
28567
11215
32992
23425
17615
29706
20973
56811
31968
15750
51566
6087
35410
33608
31334
55910
54382
30209
12575
22655
45582
7426
14179
16859
42791
39160
29124
2284
51195
57430
53294
12479
629
20435
28971
44869
17589
53440
45548
10338
34176
31701
1404
44040
24242
20954
54156
35260
5218
92
7218
19251
31476
6390
23793
60062
43799
14121
30200
26764
52299
61247
56343
32468
1147
556
6572
37157
54384
16606
26508
38402
39915
17400
48763
28834
47994
22181
17236
58980
45550
10870
22996
27220
53645
31610
16739
2477
33902
47808
41684
3048
21420
61527
49122
22803
30759
46953
59620
63594
4177
1702
8788
44203
33664
14904
49843
27513
33669
15380
18688
48747
43079
12387
61620
23907
31703
57198
40436
30784
56198
40120
18513
46314
19741
11307
43423
37119
44719
32168
46027
54808
7849
7453
43999
16125
13546
4492
22409
37256
40502
28472
61461
30066
21742
57410
59212
9864
14720
1034
29988
58121
63844
7988
50461
20602
50443
64007
65519
7806
3134
34481
27427
58999
18710
1291
38929
14707
38140
60889
53028
21623
34428
65149
41155
53006
52999
58096
9903
37512
29290
5100
62932
18825
20009
35596
3524
17031
6531
39105
25821
579
55249
62770
34815
64450
4095
56483
55473
54481
48223
28668
9438
25747
17220
43972
21213
44616
49762
2454
9321
62824
29193
19204
22531
39212
54753
60357
40503
36244
24728
42163
51807
27120
31426
4892
36434
32842
62791
26259
14594
27903
21108
42206
63366
30617
3136
19461
58844
33929
18218
56213
38011
53754
52758
64064
18368
62543
26076
37536
14270
16110
5675
1923
25741
43768
52449
38301
8290
33152
18805
55677
23950
875
27195
15710
63977
29323
50173
42041
6315
27196
8058
61098
55347
31887
53869
22538
5672
58316
37481
25731
20497
19071
39128
30152
3932
21258
44086
6483
17713
52234
33425
24612
10395
24332
11256
33940
39855
59363
56754
11153
63620
26398
58695
2897
55193
25636
39466
57156
5358
56943
24639
47450
38618
34709
65494
3706
7798
58585
33872
15161
62891
54363
45691
51897
5162
14839
25104
28187
26439
15441
43412
63142
28460
102
57187
28580
57704
32956
47057
4035
12276
15031
51016
43185
59615
43053
16547
10082
22408
22647
21137
38690
37834
42289
41974
54232
25940
47669
5621
55359
35982
13117
23121
48830
47371
11768
16202
54030
39888
59940
52273
28510
31800
48181
48099
64599
48179
9635
2642
32935
22828
1632
29465
40204
13672
10921
4706
49828
14009
16792
35233
59138
41556
56249
49577
146
38202
37930
53883
53669
20448
13739
36747
52153
11803
15802
32784
8006
36655
8870
441
24701
38187
1264
32422
14605
36634
58395
18858
52896
57968
19932
4319
14752
56859
26327
55934
23779
63532
42269
45677
14411
5951
49490
5222
4250
9683
4470
15996
42652
52718
31913
3697
46304
60039
35463
56508
53672
44345
33530
33693
52146
10972
23914
58586
6220
21963
20047
33859
65378
23126
1361
11346
35282
7076
52839
31349
20087
19726
38356
4933
57513
10853
1378
55916
4046
18385
59373
51653
8180
24961
11581
63902
57196
38750
10351
25913
43049
11063
3150
49305
28931
39361
27171
32234
55096
45317
22382
29949
61690
23922
41981
36738
60114
3319
5525
23421
64440
36509
34193
29273
50933
56220
8806
17861
435
36357
57078
43513
23850
16749
38437
21211
19300
57324
8217
6203
4220
38825
59868
5473
26534
64662
19469
24183
65156
49527
32534
58044
36497
42667
39353
4878
51402
44937
20548
34205
14569
7385
29651
34196
36499
50739
54134
50296
43913
57108
6579
9898
56895
61595
58831
59694
2001
28805
4092
34186
30693
27127
44365
23638
16695
28451
49304
54044
36772
63686
38948
31569
4044
63053
47977
8371
35860
28147
62497
55913
44483
7793
34178
25376
15666
25816
11575
47821
31337
43048
13050
37929
25660
54365
3436
35031
43907
63523
24067
23648
13843
12771
31726
41835
5959
62459
44150
4854
4511
29265
18883
24134
30503
17867
19247
29625
54186
24130
17996
51341
28368
15415
21397
63250
63726
37059
56697
62915
23429
21988
27046
61248
38772
53410
4836
42421
51916
16197
20071
2224
39797
43559
41040
47495
64436
36653
19540
3999
62777
59558
65502
7791
3235
27919
57126
56193
34945
7153
3177
63905
25623
57537
4132
52681
21589
34683
797
29962
52643
40796
47084
54302
13794
61213
18339
43672
40615
22405
41497
48377
29401
11701
19565
5371
3621
36454
19077
22026
3228
10929
2695
53031
33233
13045
8646
227
64362
2624
61942
58702
51767
20605
10466
28041
27760
47929
24308
13311
64180
17882
34742
32391
27931
42294
38697
57666
29582
63485
23982
32831
59016
39337
24173
36408
40767
24100
48749
38232
30387
60979
19208
47107
60941
43112
52239
18676
32269
13283
33807
28420
11983
28113
3956
7918
39772
62404
24921
15200
64003
10251
8431
3967
39552
28537
34274
26033
10215
28951
5532
29000
61467
62132
37310
19986
37818
5553
59528
44496
46656
49292
14457
28833
32913
56577
49957
22333
11583
33288
60482
50165
5734
45406
12436
48102
53565
15670
30625
23041
0
35446
18859
48224
7535
62863
47289
52378
65126
16988
16628
52952
2125
31767
64029
64040
33928
58566
7920
21320
3068
21693
50936
29351
23293
3496
19368
50716
46764
38300
9414
26116
33803
20504
3463
33792
42297
64866
850
5322
52583
54283
18761
44966
3952
65450
2919
9409
24825
22520
42177
21048
6786
33805
7330
41920
31591
1896
47513
53912
55496
15794
45613
62741
31613
54347
15617
12022
42293
39617
856
56892
33733
20678
44051
57556
33075
28598
27400
56173
36950
48491
3478
63549
60899
60253
34867
27475
30398
43837
61535
56125
31108
36333
22900
45654
7594
19072
60528
30910
51308
64199
45417
17724
44624
60387
31871
40024
63460
45418
32551
55380
1438
14840
54020
57149
11703
25113
34823
63168
30007
16222
10473
8641
12862
8086
57143
54327
38131
15092
35890
32384
8259
61436
12407
23495
58099
11534
59525
33074
59405
18778
10461
47579
59561
28435
59348
62756
6792
32125
56500
2909
25509
13527
5196
48649
2428
15800
45812
47805
35067
19535
58176
53344
8882
23658
8637
27384
62274
56386
37740
42646
9618
355
3516
22748
9583
17319
32048
30584
64009
45671
23755
14272
10183
49753
37320
63249
23848
6929
31401
19384
52876
40517
12987
64082
23244
9567
43471
47318
8761
65273
25629
9623
57534
30393
32907
31032
3649
13668
48934
15463
1747
15125
27101
9077
31751
19065
10708
37304
58665
29501
36469
32180
59328
46964
41645
8157
33467
55974
30495
41288
56756
35039
60027
15017
54041
63687
33735
22600
11060
18678
6140
42768
61039
58288
59338
14286
24723
16388
22791
20126
37919
4915
45060
40602
13006
35030
4793
16522
64590
43042
51576
37727
25178
43469
16514
31985
54942
4112
38295
29722
19157
59887
3443
5728
12961
26923
55203
26360
33509
4168
51798
58666
41802
29417
11545
18809
44231
29246
44069
35117
64226
59257
46007
15637
8985
51592
14031
13650
21697
31313
7217
58656
19395
39256
61321
51793
10739
5275
22169
42201
12694
64281
28322
54004
13655
34464
29596
49849
8944
3833
49673
45507
44843
58094
39216
17002
26847
17196
4424
2706
52542
21745
20362
44013
10238
27131
43530
64670
9568
14995
17914
12855
46548
35306
37914
65141
26838
57557
40177
6603
45495
42786
56853
12501
59509
51284
18314
58048
54214
38503
12365
34294
29580
35356
25746
64512
35576
7834
12890
51522
5742
52702
18013
31218
41630
45774
26136
9625
30648
190
11170
22478
43579
50890
49253
26344
21440
51474
31122
15650
62820
29821
18648
34710
13658
29409
52894
50713
44956
37188
39095
20289
37649
60442
46776
8958
45964
59468
29574
25590
55954
20882
57984
46150
29225
41879
62021
49810
6254
24704
33027
29433
6544
13008
26133
59872
30645
46424
20003
54528
47543
20135
9549
32635
6919
24646
64418
23271
41161
49633
40101
52608
47477
19651
47976
29381
64095
37962
62016
11641
20715
31873
48199
14532
9528
11794
54193
17035
31024
4815
29237
28061
15128
17716
45447
29877
54828
25483
31807
8679
52231
17093
43430
16321
59861
53932
60849
23856
56001
49677
15342
5339
2021
39639
60055
7237
27226
34516
59743
4813
3602
59158
40088
30699
7982
34513
58957
45114
64576
14938
11538
30292
2418
42971
14650
64821
1013
14169
49077
25576
40834
22636
16264
11026
20886
53313
44161
14937
27265
51035
51568
5393
39155
58846
58442
9927
33323
38380
59856
43118
13346
18414
52310
35061
651
5957
45279
56188
41799
1987
57898
5771
6212
45687
6961
14294
7583
47483
34016
63141
38449
10229
3589
58245
21205
48744
29189
10232
52480
38832
21200
55724
64265
5854
22310
24053
65042
49720
18129
5666
17622
20293
50449
39580
37710
49939
36483
36754
65090
6209
45206
64066
54912
6302
48207
24394
3456
19131
7005
40078
19859
56708
11495
8592
10626
10906
30114
46985
47965
2306
58256
64090
26150
47866
42795
37709
61167
10706
27276
17778
38917
52352
26427
39634
929
46329
16461
2206
29057
18311
18101
49049
37950
51332
4507
33036
64593
25661
53771
26430
40465
16369
60470
61258
10565
8795
18341
43793
49906
51367
64385
17765
24238
4228
49634
46344
7601
28789
18136
28853
14800
29337
11490
41973
12410
56850
2878
12715
42203
10905
329
18791
26159
14035
41365
39912
31550
8560
59701
55039
22948
42024
10942
54337
26835
24232
26541
10307
4341
8943
11759
63684
46446
62373
9465
65522
11881
32726
32928
19019
64482
62306
20909
57798
46413
11018
15692
24616
23363
48941
19848
34830
44395
36970
6968
52077
5464
8372
19261
48534
11710
43096
52029
41017
23406
18110
45178
45657
40158
31119
42743
9484
62989
49445
24577
54692
42300
58750
39566
6394
18444
26884
4749
42984
29825
13823
54533
51853
64782
41346
23101
14497
49741
10158
59403
28044
40332
48688
34239
8898
37743
14155
41666
45662
10290
54856
57793
37066
38335
26419
52740
26444
14488
14962
41162
26089
28312
12876
54710
24412
44681
15615
47334
50638
38326
80
30950
4311
19598
58561
47932
22126
55229
60286
50305
58801
43890
26488
46513
29252
64363
50824
17820
4482
13783
21434
59815
46569
14504
20260
39103
34572
50690
21039
2561
6221
29503
22784
43633
28512
51658
42913
14049
57511
32001
23599
54334
365
52969
13992
4644
44959
59012
45395
7142
23702
39456
54886
13322
26115
11787
35190
32624
10735
41379
63172
49854
17760
52590
32458
31045
48850
42977
27329
21763
14430
43568
27425
46339
50494
10253
4226
13630
23194
9475
39000
38206
15140
5379
54254
53370
26887
8472
21460
2423
60939
43608
61941
48980
20129
37645
5461
52621
1882
52619
45425
28406
41336
21445
45016
44535
47
26844
45529
50453
43724
40981
12214
11521
9662
55301
53805
45600
20640
10696
22088
40559
51611
11022
41680
22751
23967
64911
45902
58893
61108
59303
16068
2926
13319
44023
53249
45865
9398
41388
11789
2991
2056
31598
52164
51605
31068
8068
12032
41523
38896
26388
63610
38107
60788
47799
57723
28647
24489
457
46120
33623
53916
17605
11682
2427
53603
56939
47027
28237
19991
26865
1014
38640
60189
30392
62347
15211
33853
57521
50685
57260
54467
19890
58336
36828
47491
22541
21866
25796
6866
61021
57375
43489
33827
59379
25807
26700
1132
33279
42798
46881
15244
31308
63087
7967
9636
48027
50620
52726
30047
29893
5107
5962
41034
7174
60689
9939
65085
17591
4465
22771
59313
65355
24210
15281
63187
58653
13979
29467
60831
36413
55088
8676
12038
7307
29041
23940
60701
1055
63149
20485
34099
58286
52276
60918
53233
52337
56734
27295
65393
57185
55444
30348
59933
62257
9931
15662
64740
61102
23985
451
460
4054
38283
25819
49566
25409
54486
64130
16964
64267
46945
15291
33835
14332
10882
50348
43931
30023
759
63331
13429
57253
12642
36124
3446
1225
50345
62297
9259
12741
57836
6479
29891
28990
7609
12251
21509
777
51783
37203
56036
10322
32681
36825
55137
12744
24675
44549
56163
38611
968
41489
26003
60712
6972
51542
58487
1253
51622
54823
60511
59054
48599
22135
13913
58924
59559
6317
40049
60227
30381
50855
60535
57476
37805
58641
5835
59825
58314
25824
25390
24373
40969
47819
38573
13947
46741
54215
58033
48131
60422
43350
16907
57719
54128
36880
5982
37133
28634
3462
60276
1545
11119
44534
21698
17143
49109
33824
58413
17608
34023
3919
55073
879
52614
3871
54452
46130
54524
831
38707
29331
61660
17727
10292
29427
56289
1294
41845
42884
54280
60644
56643
51245
59603
19415
61303
45184
49857
55376
5627
59566
31970
56681
31938
53321
45128
40919
5547
6265
48990
15051
9035
14846
56428
12314
24830
26365
34015
27977
27970
33893
47675
34360
16818
30904
28520
51307
15206
56897
64539
14187
34872
60401
30909
49428
32285
24197
59964
35388
30883
16652
48666
24131
58038
58580
48813
42873
35569
6670
13372
57266
54457
51518
61659
3311
22027
57396
38846
65049
6630
15174
58349
39122
3300
37870
62457
6526
41068
7071
13670
54011
25649
61949
42819
29985
59325
21607
32542
60406
1457
45087
51234
47620
59429
60206
18286
15879
1595
6692
15201
28935
48281
35455
1203
33080
65013
47558
60868
59432
14637
13665
45166
61682
55446
7599
51162
39203
37689
55889
57075
1157
15882
29958
28938
56684
55822
35212
39236
43549
19994
30901
27283
62134
52499
15089
32108
16572
41204
47869
8937
12241
54713
64205
39561
27273
65322
12434
1198
64394
33612
14144
36846
420
40914
47485
3931
26440
9425
28393
59961
61225
11808
14233
43948
1261
36659
14158
26798
431
35326
19907
34714
45228
6725
61130
60152
6642
46697
17877
64872
45499
54374
44199
276
31113
14343
11825
62817
43853
6038
4403
58865
33332
15235
59199
33841
64397
42273
31739
47500
59591
63804
43970
10038
63461
8206
47229
41697
25347
60316
15483
45907
2343
58870
17245
59188
42866
36364
59594
35241
52418
56838
20318
47000
25911
5660
6258
6962
25111
12177
13040
2317
20730
61226
36667
23213
27649
33030
5015
22321
25655
26129
8515
7831
43328
15725
33295
64781
40351
36666
59963
43342
5853
47043
61545
58869
14346
21809
23336
61127
6785
44907
41415
55713
51513
42264
25665
24894
51644
52706
21611
30606
17064
61606
25608
14223
40451
3627
39490
56449
34959
63322
60684
50709
30580
53002
899
38413
49850
58804
58108
56669
64975
36932
11008
35758
15695
41225
22731
6161
18885
12456
40681
18547
503
5733
9587
59001
1995
29453
58856
31244
54735
36857
10223
53452
14268
16232
7337
36179
32754
51854
58125
7840
14648
14922
11964
38584
20134
30366
47747
28542
54982
55457
7371
23884
46169
61653
47693
4525
21098
40323
11127
51851
57761
16761
46033
16562
55856
43480
38268
52873
49309
57503
47047
16726
29101
27600
53839
8090
47397
36343
12183
34364
41128
54867
19686
16282
35376
28918
15393
59366
27627
36296
35111
9242
17785
51709
42010
52397
57207
25689
52826
58071
10008
3493
49821
61049
59666
46755
46664
43292
23444
8437
50104
38809
37032
28348
35302
18888
60765
37626
35108
58511
24300
33756
14786
60665
57014
53219
55152
43485
55820
59304
40635
48474
29923
28921
3089
55679
63907
28380
20932
32761
57164
38886
35077
19717
26184
56149
23763
42406
25406
118
39577
8426
38797
50814
7249
16039
28734
39782
2255
32481
55584
55200
63626
52109
2000
58965
61053
63081
19629
6659
5608
31280
20166
35118
19858
15404
16828
36670
32658
59952
14672
52669
10755
32277
12349
19782
9741
42680
54703
48037
49933
16816
31714
38072
14262
8024
10687
6609
12416
36741
38211
57051
62410
27839
35558
47528
40307
61052
11172
42742
10400
22082
54067
50493
13819
59968
55132
14502
58392
59527
31919
3565
53010
1085
2699
34888
62063
44703
39743
55780
62375
12755
50145
30208
4738
13223
5352
22205
55471
40069
48148
1620
18657
54421
56847
42722
47045
25106
26119
54440
28670
63089
50870
47577
40329
24532
27544
54589
3972
10010
13933
12805
1567
48957
38942
13961
31185
39999
62816
9791
38985
6270
2243
59588
52216
42494
38664
12402
6344
49184
32404
43255
11811
359
34200
17918
53559
28200
7775
22110
17721
52439
47731
11977
42143
40285
26163
54281
52423
7887
48142
52618
41897
6263
58849
46974
2193
60204
18106
24026
4451
58953
37252
61517
46561
57620
30465
796
1947
62611
7130
47990
8035
6488
16429
59530
35903
64390
22665
15247
53350
31718
40617
51274
55599
11222
59231
28430
18586
14822
12249
47290
52328
19150
45500
11620
51549
19830
63891
44723
45101
29034
22190
24356
9431
11819
14351
21029
63229
16937
48372
59572
50728
28446
654
23824
3909
1603
9302
24579
36394
43448
62995
2167
64600
54859
47443
11113
64605
34831
61598
65514
3466
5210
52884
34820
49232
311
2871
63490
18914
11106
56914
46386
53607
44628
6391
29224
31543
39108
65014
54333
59541
8301
4910
2174
40232
7289
51060
32166
24252
64245
2449
57650
23535
17562
47917
51226
39827
49190
15458
35894
59544
8179
39903
61097
31693
34751
35741
55779
6485
22686
51940
2622
18996
5804
35402
30234
28873
37683
48392
19594
62202
60895
25776
2340
45043
30906
10583
34593
23808
8040
11565
3818
59150
35891
14116
27129
4408
54868
40479
58449
56836
32567
9729
10078
24872
60450
55816
31271
35907
62143
57656
36949
13512
9111
15052
60210
32452
7914
53646
62744
51635
2371
15855
63496
24025
52134
56920
53638
52246
54552
62204
46998
44655
57825
50900
41333
45954
40732
7159
13592
50388
23591
50456
24787
22282
9429
44295
29811
343
18302
7772
43992
16953
54959
9024
19679
740
24670
46516
19983
24231
54373
50702
43299
47604
59664
47912
11154
40998
18579
44997
16486
6957
30794
43994
8392
60366
36071
12403
39117
65220
3021
51975
45880
221
1904
64867
11734
49394
42809
23102
44979
32665
31690
28204
45919
18266
7542
49608
37345
48114
46672
57483
46166
1403
32463
62359
9240
58456
36370
9300
6883
26457
9595
60383
27626
27737
17529
54719
40452
14130
15425
19972
49100
21625
11241
11485
61772
50623
65218
5978
21740
17790
43453
58837
14340
52317
16768
2016
20980
63832
36098
39167
52362
56630
58463
11916
38641
10196
8807
60201
52390
26081
16454
398
44407
2236
46937
20974
3783
57677
5601
57866
652
57011
40179
18078
27908
63837
3966
3853
20644
51544
19207
52015
17866
38511
10070
39831
15186
20274
11972
59441
7030
45711
12495
3046
53293
36066
39767
8389
44805
22612
30746
33322
62180
60971
35562
14981
39224
24289
4326
51415
10447
63134
34828
27799
45747
52318
16524
27432
64470
40742
42483
8587
14770
60973
44738
7876
64555
11054
13433
19587
17907
46201
48685
6738
25400
45357
5146
46013
59599
49743
63343
48445
30702
62490
7642
36293
32054
51354
50694
20352
50644
47724
24564
8079
60318
48764
14654
13406
15399
23415
65294
43993
60352
7162
52639
65454
22658
32803
51979
26979
40022
10177
41353
13629
31075
3983
18906
3803
54498
15193
23285
57732
34819
59368
33001
31838
57872
23553
10436
49840
45618
28178
44627
62488
39065
6444
51927
3510
8464
26373
36050
60627
3868
18249
45570
30677
23339
34586
24485
46434
43587
40146
48518
21598
14091
47806
48069
27662
18504
32398
54792
65382
39383
56083
62781
23975
14640
59984
8932
56523
53677
56518
38286
477
7483
6376
53665
27813
29327
10365
32107
15294
56365
15860
56352
47587
19550
5707
32059
56379
63117
30896
7313
56429
28131
6744
38632
18995
915
43523
24691
63386
63383
59692
29624
18892
64139
30850
37027
26281
39662
62109
21317
29714
23005
39378
54826
33589
51619
42889
3217
64303
59690
14111
51587
39960
57136
48343
10649
17975
17261
6316
14896
39389
13165
49331
44726
48662
59689
20375
7480
3808
33968
16580
63810
16286
64454
43212
40776
4059
54491
64314
59005
36051
44422
30853
64311
56357
46670
11120
52662
21799
27859
49169
28624
64723
36104
37000
56362
56635
61951
56519
11619
47280
48254
56353
52391
56366
51704
52263
64734
56683
8659
63423
44770
49688
7318
14098
59272
8670
19456
53826
31946
55386
55956
31783
19771
32444
9723
24398
27889
50931
25423
7175
32646
48782
64136
32901
50980
7267
61328
10650
24030
14636
20643
55594
61679
48729
10800
59576
55210
15605
59322
30067
59989
17795
18553
15995
16272
3965
53352
31438
49535
3744
39656
7904
59687
18782
46707
30908
64142
15726
3854
38762
13548
61950
35593
17017
47602
44334
35917
54314
53435
47287
15323
33830
21704
34537
60460
60457
50984
22308
17609
5548
47763
2307
37278
30903
9804
34047
19993
5465
63272
53058
35900
60732
26401
64213
52835
41273
55759
32757
54033
59314
48920
15326
10805
1027
49375
41197
41758
63815
23179
28447
10166
2419
60547
57463
23178
31836
24157
30607
24870
29835
2698
63639
62227
28034
49065
2904
27976
3208
63482
63590
23789
33553
53695
6256
23169
29393
5305
9648
33584
60054
52556
32202
55459
32039
42770
46366
16474
39493
31512
36568
5882
9502
56426
33333
16391
56375
5786
23155
4948
57574
31786
32058
40263
7414
18994
6266
8053
31943
64834
19470
23844
64552
27483
20748
38225
39489
29608
54035
46537
63980
55361
9283
42908
47186
37375
57714
23172
2333
42089
14645
29810
14686
51459
42164
14902
38764
18480
59316
1871
40174
13145
11551
9000
18945
36656
21474
7668
35220
42869
50192
61065
57142
36657
5009
19391
33462
51825
29479
47617
1999
14911
22954
14496
48337
11550
15646
47520
7468
62503
55372
39023
30171
28432
339
48503
3912
3866
3511
5783
32793
56378
32042
63090
16394
16471
32199
47746
56423
41956
5879
2456
52535
23401
56427
10167
56381
26498
63614
19770
36992
36432
30594
26393
8888
56682
11162
7409
55704
19536
10459
20364
37842
2044
48370
63096
21961
60592
59769
4017
52241
54549
43341
13146
9014
23397
60063
19421
9105
52189
2540
36662
60691
50579
22776
29482
59560
35135
24684
61240
6005
58154
1763
31615
61327
43180
1967
39492
31018
15713
32394
32688
8730
37847
57150
27198
62353
24156
1335
54522
33238
3992
48161
43090
22944
19177
13002
54437
34032
63489
50865
36153
60729
19842
62051
10246
10218
39970
40242
51236
28444
27864
7911
29820
13509
39153
23203
36156
60713
57485
236
62759
29370
6405
31156
19760
38619
29971
18244
58153
26686
63531
24791
52552
21479
32631
59095
47479
25885
8048
22129
13230
7896
46031
15170
47320
20086
11649
64553
64321
30375
10673
19640
12861
54335
39563
8113
17028
24671
41277
47727
17148
11021
52668
17076
43187
21837
48690
5830
6305
51018
39345
13062
17323
47871
38674
58967
5390
59565
36996
5932
13937
59090
50770
54923
54929
36603
64207
38458
13089
53153
25651
62430
7004
15756
40259
38195
23801
31505
11463
8521
8002
9251
38273
2257
63267
48404
12252
11962
29436
49180
1313
59718
54817
19359
4999
13846
51812
33076
45980
6192
39029
54361
61404
17612
17139
44947
54209
59911
17697
5922
64099
39473
24123
58412
17596
47955
58997
4576
11405
61569
14323
5110
961
46882
5760
63785
20396
30340
61071
26157
40221
62369
52067
34673
26155
55469
17915
45847
42227
22838
9121
60228
54987
22244
11659
60800
52569
33073
54819
25473
13192
24451
62164
56407
52343
33141
61089
19889
14641
61489
14564
18674
14626
37793
1571
35987
60208
18788
4801
4432
31754
55488
5219
15748
21501
52828
15966
13355
7258
27275
43783
21334
11073
38442
57797
46204
4258
41998
46019
48807
16756
20231
48215
13357
4800
64761
31420
58406
21724
8652
29896
46355
18143
60044
61770
6995
61868
42504
7946
50794
40542
25149
31007
47636
20887
55435
59388
40539
21293
63277
3580
5376
54095
17015
39631
17348
3850
10139
16046
32158
33411
63833
46629
23818
64356
41896
14449
30887
23874
47921
22073
64758
59196
3126
35745
48639
11853
43723
23190
24884
16775
29201
4411
15236
6163
23309
50156
61971
44776
48803
10866
19321
16347
48244
57800
18920
63431
56441
35830
46026
60068
53577
55963
34293
32242
38010
2148
47765
50921
60935
33275
60282
58699
17688
10898
54125
1902
3650
54089
42626
30532
44818
19743
29340
42633
62494
39233
13814
50963
30132
44825
39558
12048
28991
51331
13415
37242
28230
30614
19277
32702
24764
39324
57606
14461
6574
2188
4838
56315
34041
28658
23882
42450
49523
46580
61163
46585
4133
6099
12428
59595
37856
40717
59830
10192
57469
40784
6795
18308
8845
35750
11533
42815
49641
14918
2390
8365
39565
26545
37453
29414
45807
47143
45776
14045
53464
1737
51102
59798
9187
17310
34687
7731
9018
40959
64870
41200
46810
51581
59807
14028
59132
56958
49230
19063
64505
13445
27108
44166
5047
25128
753
12003
29161
49894
9574
57526
44339
46948
49404
26959
9506
17147
10427
36422
30129
4239
23997
62961
9222
61688
27100
53746
17102
44787
9702
43040
16431
33860
31305
57034
2091
38171
13208
22574
65017
9217
4551
24858
39707
8607
43636
55725
22224
62310
51865
768
55005
48105
19512
60031
55240
5790
37864
23826
3470
31485
50703
64073
33938
957
31937
17137
29214
49018
41750
35534
27460
54707
3654
4307
28899
15910
61165
33595
52367
7507
15169
50611
58192
47446
40736
32315
709
27102
21599
39564
26873
58577
47635
49014
63546
39555
52436
47644
41168
34834
4782
10375
34075
13553
51282
31737
62024
54534
19013
32816
27651
28209
51970
30456
17685
61306
54038
60938
40733
40731
63550
14239
1095
34566
11019
9776
62211
21041
29768
46610
38205
57162
60699
11788
58947
24768
10750
23538
46087
59408
58881
58197
1488
55028
40911
15383
29200
54674
4595
17478
30423
45187
27774
33095
61149
63525
14968
22584
52887
45606
47199
31166
9503
6118
9935
20603
5453
4947
27059
2223
42924
17111
55041
18738
39408
24034
21450
23683
30222
39163
20986
21433
5071
21800
31992
24380
51395
16495
42523
5926
56237
62165
58323
57097
19403
5058
9167
7679
23404
58745
6784
35080
13908
41793
37402
53931
10753
36022
61433
38564
36572
8383
28896
3664
37385
29096
40402
47852
43756
23670
28267
19218
64125
62709
57981
28409
8887
53134
24695
38422
18768
4740
13976
2356
52872
15705
49264
19401
57975
40639
41149
55862
29179
31015
33021
32828
34230
58151
30305
16218
9110
30838
21177
5237
60823
19501
20311
7033
8667
1820
50614
19722
62282
62339
48146
9444
56999
50223
54145
63268
42321
62730
25948
23018
20995
50084
37275
46140
13839
9154
60022
9156
57090
64113
21174
29872
60052
55723
36617
60281
8917
15604
20207
28262
55557
58596
54984
59647
17664
54895
62572
34975
9396
38262
40060
17167
59820
20328
20806
53349
3518
8121
44311
24583
39569
57886
46305
32636
30767
47490
33561
41955
12053
50956
42956
65392
5014
1320
11304
4756
19357
12345
60078
53190
24269
61915
44029
20314
21499
57137
16215
11673
21437
11527
7611
12186
59958
52647
37407
17580
58116
18921
8087
44308
35792
46836
52472
47200
39301
29994
17110
40723
57573
13589
52417
19126
15484
34731
47594
9432
10874
63140
3303
9157
23942
62670
29830
31611
54505
57977
41681
32939
14869
57776
56497
16852
54235
24814
45940
17294
12209
34577
5263
27455
23685
7288
46426
60334
49038
7674
60947
56672
13332
36464
30588
31444
32201
54017
19066
3870
27271
54432
61435
44338
25114
23991
56418
32105
28663
52482
39479
29819
981
15115
17717
38592
27286
17749
35357
2883
62129
29385
30628
61922
38007
14136
29960
49698
21838
15218
33403
59948
59945
53527
2888
50203
31578
61195
9550
334
42006
17358
36658
60190
31410
54716
14618
23717
37099
47369
21621
1204
64395
7381
29865
31394
1508
41841
64071
23865
5041
48384
42755
12843
59337
64318
53905
29957
64601
9394
48399
17985
57891
24742
41797
21662
48279
18860
64602
55406
10226
4844
64194
29378
38828
21507
56041
26415
15160
52278
1107
32693
32360
7202
58517
28055
28227
57516
44340
54781
4976
59330
35121
45740
48423
57899
10233
29945
56780
61267
64941
39645
23266
58444
21115
31354
32194
28439
29646
56425
48419
27181
4094
5142
59879
10315
5772
41093
27679
64826
37195
52193
54259
28456
29884
55986
25831
39393
27266
23082
50658
54706
59938
36665
35385
15234
279
1184
64391
12826
53582
50610
49532
31987
4865
19290
63505
12027
13456
17396
44191
48235
52321
7787
48229
11109
36229
42312
22173
58526
4850
29029
24812
15381
45713
12835
60168
64162
60163
5480
32533
15032
29391
1369
13470
45506
2158
1363
26591
13201
48139
40622
48084
20245
65281
48663
46739
60165
9933
50197
31731
54364
5477
6636
63825
35599
13207
37949
26673
35098
42311
41839
54431
7474
9307
769
29075
61242
35386
34491
52578
29701
15719
46280
41571
11376
52598
10141
38308
14679
17445
39575
13506
59962
59946
3240
31969
43669
17669
7829
4857
49858
10936
11112
13411
46392
48788
55006
62642
47086
20613
46440
2145
61798
54527
20918
39088
36820
42708
13118
27373
1858
63328
2914
30356
34044
34800
1825
21472
54053
55100
39086
20536
46829
1437
19000
59353
31397
28836
49769
40714
34109
49785
8930
16544
13726
32497
59814
17312
506
53
27005
39934
31859
10231
56384
62355
58062
33842
16602
27471
50537
61837
20936
44545
30984
16245
23034
15753
6185
50377
38869
56065
12815
10224
8241
14460
41910
31097
13649
32929
11568
25122
6003
46334
62569
45946
18502
58671
60837
41800
29369
5845
29794
33341
35632
58662
38367
32838
61081
32501
50597
41660
15078
23416
33843
64277
7943
21990
50023
39845
54894
30269
41075
6874
9822
16266
16763
3330
32966
21941
11541
4067
60127
37390
3020
17098
38822
26075
61251
24552
11179
44817
28442
52172
354
16467
12992
54512
52929
26437
46890
28386
25650
52977
15241
56346
39205
16592
12823
400
50617
58381
33520
7686
32919
12063
60174
18209
55690
60795
24727
38550
7311
23120
56839
12596
32837
44120
6241
33534
57276
43051
49897
8377
41880
48430
30682
9653
19113
34392
47752
17311
2080
12217
42261
12341
33205
13193
32995
41657
13663
16802
42282
59151
21233
54755
15669
30147
3442
15922
38777
54880
58186
24203
24769
24200
37824
57171
13194
12033
16131
4099
57465
63181
40522
30109
19292
6585
19596
3513
32449
153
3856
47530
54446
38141
17088
49157
23399
53602
52665
34042
34814
58679
34004
37100
31586
64918
49061
39562
57998
51969
15210
456
39248
17448
63146
13513
34612
59342
59607
62755
64214
44902
20067
61079
35888
8626
15930
29373
63417
892
6363
12603
6300
6677
21053
35318
29904
45339
8093
2031
16811
9769
35921
35935
39039
8635
31679
8344
45333
42362
20111
61361
65337
15923
40531
15080
21794
32120
21407
18531
61297
46799
51203
44137
19394
7790
3694
34088
3365
20850
31548
34084
14191
4803
23561
53960
39809
27174
30059
4805
1441
26078
32
29229
52004
2705
30531
52357
56612
10843
3459
14939
52531
25169
63787
64238
20919
62174
15809
47296
18592
51392
60771
63407
26177
30256
30880
28710
61967
17743
64995
4841
40993
49928
49361
62903
65429
56114
58634
21715
13751
30151
36535
7352
18759
45065
30058
17654
33230
11857
54634
62533
33353
28266
22994
2137
13754
49824
53317
528
45722
29296
31335
29622
49101
62289
4533
33776
56896
63401
32056
49631
48401
11612
8231
8233
40291
15130
50803
29448
50342
41838
4825
10333
20797
3122
59367
34424
19491
9002
8837
13110
37445
3592
46028
37697
48804
6237
36689
47131
9821
25271
60021
22049
24364
8654
53561
33873
37448
34338
17965
57851
802
42589
48380
7198
27855
7358
39874
34418
25032
29986
24821
54578
16407
52315
50482
52379
16721
6225
45361
39026
38409
13170
60271
26589
8819
31300
15986
17378
59924
45110
4812
53970
53955
4808
20194
62907
8847
64147
23107
40597
13755
51135
10575
1302
21099
17686
31341
53365
52466
2766
55917
61381
32807
33105
10310
13882
21699
30194
22577
56930
59473
6403
60303
42482
639
42361
24916
59764
40026
54679
64349
34445
46487
60270
2872
36445
31544
27951
64339
65117
34964
32264
27502
2042
4368
28002
28878
20863
27816
30246
4528
19510
47098
29413
51842
30353
3880
42577
1761
60631
19439
35101
54236
9900
63667
30377
30461
14831
13559
61162
35981
20044
21678
25300
47230
65384
39354
18985
10789
13205
43617
7923
51830
15592
50319
25992
36910
2678
55687
7719
48484
41932
34142
49165
36701
54840
58821
41396
29515
64285
24562
33373
22107
4281
22762
39750
54581
8009
557
566
60067
35491
14965
29822
63164
33924
50071
23297
59052
22133
27086
22932
22084
26546
8262
44760
2463
5995
41500
54824
3725
48089
63362
32235
39911
33899
24246
39623
1052
48548
42936
11332
43336
4272
27894
8665
3718
35176
14163
44197
33723
7814
27162
62583
31457
10044
45272
52680
24761
40426
33131
36174
6652
50440
24686
2487
44139
57340
27235
41398
25277
15702
18572
30973
17408
18517
38455
6832
34155
31823
51063
33408
59034
108
63651
38791
20484
5568
24260
45885
16325
59900
25451
56135
38970
59351
62586
61732
6956
22287
62360
45112
35691
23744
44716
48550
58887
18002
9323
44629
59771
2616
41393
23365
3423
49315
58562
34653
18292
28049
24495
18536
16284
37413
27294
36191
43701
11561
18179
44155
63676
44250
57859
13554
51655
4277
27524
26767
31215
10780
36953
63227
46560
43318
64335
44612
19178
57182
42942
21154
33384
12721
25412
45557
25580
62437
18917
19666
19107
65073
244
45950
29264
6819
21615
39618
47355
40604
38731
17757
44198
39605
65253
49408
40309
21247
17470
20944
341
60436
34136
33363
46740
25125
35629
35577
23158
64118
52376
23411
58242
41078
62585
58052
21657
35554
2074
37247
43358
28285
32953
3100
51300
21350
17859
55585
42702
332
47012
5087
65256
1710
10742
21680
11043
51020
61206
39685
4518
25965
65362
58480
47192
18060
14723
19669
3792
57670
38245
28603
45718
59831
9317
31345
6813
53898
145
61761
19879
48481
7303
27289
39895
36449
18069
32153
23781
27501
64405
43157
24766
47841
38621
6513
58597
54875
47007
27835
13685
5238
17211
29594
9694
53981
42050
9907
59424
53408
14573
30467
27060
22095
39830
24295
31662
48395
27308
45562
25652
64925
8296
27371
706
2098
62790
56549
60917
1588
41999
28753
20519
25171
61557
37855
21984
18392
43381
10651
34745
28142
25181
27982
40492
33512
36699
55735
10099
412
39770
63247
30069
5243
19919
1295
41624
26103
33489
8658
65311
30177
49013
7365
34284
62388
11379
59778
27883
48710
18907
27365
46851
6928
48274
6503
10304
59731
37135
36112
50240
25182
47851
62473
50835
11080
20910
60421
59113
58569
62035
5096
48065
16500
8308
23368
56961
29404
21775
28604
2141
16047
44316
51257
49118
37661
34275
56730
1672
27360
37433
61743
44701
13039
31131
57168
37079
10088
25355
32078
59574
4678
45683
35247
36637
62883
20391
41775
9298
2254
54841
16444
868
54642
8061
13147
29162
8572
29823
9693
2911
27885
10794
7633
18660
45192
64288
20774
4322
36431
20838
47788
27232
13492
16877
16934
45552
18461
1834
47996
52451
65043
9192
38614
11905
22979
57815
9806
812
24512
8548
29474
669
46592
16452
50034
28179
22675
7454
36625
38780
27613
24744
30338
21337
1786
38551
24015
26098
10613
57479
60381
50791
2614
10865
28791
4209
21711
36235
42341
45459
37214
25216
1366
14979
39464
49008
4475
64612
11465
39381
12308
11722
48500
53257
25999
4339
35154
13381
10790
29920
14678
14838
30457
27053
59937
22989
64084
54650
28253
35694
18494
64518
3481
51262
48786
14578
41062
6626
9854
2082
49254
56120
31111
8306
29898
29895
21360
54720
28969
13757
8305
24078
11694
47499
30061
56111
10103
28962
31539
43976
111
6589
42883
5495
34180
41565
11201
55103
12881
51782
31005
22847
11210
25117
38276
39259
5958
6655
52213
57833
9637
62446
17834
60144
34117
61702
4972
22034
58486
7616
51046
26005
45926
11389
44709
61078
5262
47496
19806
51403
4538
35932
11815
24065
12405
62088
39450
24680
8571
21579
50140
61259
35122
45624
48426
61911
28149
27884
62672
20198
15301
42032
60154
7351
44196
7375
9200
4974
12068
23250
9040
7744
61334
37894
30220
47687
8566
65316
52536
29718
1690
7502
25525
16781
11086
40643
7688
28153
29940
28855
28903
37113
32364
61714
23374
26707
6473
2122
28008
17228
11289
30891
42105
25528
34396
51050
50661
57369
32703
61977
23360
30365
610
14388
31036
43509
23707
6278
32568
24860
16577
20265
10274
22318
60664
12147
16292
8444
1362
36322
11693
11218
49422
10097
47971
43739
21518
8311
11732
30653
12989
52336
22815
24432
14941
21974
48823
8314
56655
52212
49260
21576
63900
169
63350
54763
13046
3379
49718
9620
53993
47338
61189
6982
15231
12608
63567
32925
27535
14847
52038
55211
31171
26489
64383
17023
1331
56158
15197
43870
27491
26769
9859
23846
15187
10612
30003
48113
40025
56305
60259
48648
55434
55657
865
6898
9340
41905
29371
59755
8780
45513
31481
14245
58258
22719
19654
21545
2492
21913
39220
22019
58097
36885
22145
192
22178
40566
47161
49440
9269
42407
56984
45285
761
11058
33991
38912
2041
45165
32737
21145
33063
31774
11838
2848
43068
54465
4648
63063
28184
33557
25624
17371
47517
31046
39812
36629
24862
48861
59382
60262
36309
20627
27608
35856
28727
5346
39705
28117
50479
12911
51521
42666
65406
39523
60337
60267
46043
52906
63086
39221
20340
15446
570
8908
45703
29777
8274
53895
12136
44603
60299
9102
59347
20583
38414
9320
59697
37641
29271
37355
62127
54480
57709
58031
12499
9074
42649
60775
61283
9271
10324
17214
40562
57786
37583
57576
60593
54494
9344
31972
19340
65033
29590
60266
11406
61476
63060
14291
45820
47004
28519
58731
46785
46812
2728
33898
27726
39533
46803
2725
4645
48852
42920
27712
60942
12567
47274
22585
24716
22890
22193
47584
49998
50960
24508
31288
21439
47897
49573
48985
12950
60928
45539
48436
23287
14778
28295
18090
46306
50974
35968
30005
34442
632
53032
32076
41679
59501
16557
61696
38662
23026
57661
42847
30546
9079
14162
44559
41308
53795
6148
37832
42048
44944
16308
60003
21631
20042
60488
13503
15537
31470
20543
60781
11148
12628
10350
12726
12954
33194
28610
9918
32834
16670
18505
12359
19337
47344
60347
30015
32232
4036
2600
56922
19194
27459
33480
47845
44319
57589
21523
37994
46558
32337
23704
32704
37995
59377
26693
14025
31430
51491
16676
41125
20355
39739
47315
14794
41390
8899
1448
65072
38251
1205
59406
9929
61313
8230
44849
51080
1965
13042
15409
18349
58312
65034
57424
4980
4656
40791
42500
31576
3172
45108
13233
9337
15097
37112
60492
1105
35978
58225
32576
53198
64503
31269
54165
103
51106
39637
35413
60013
21900
24443
53605
35437
58527
58165
16083
3614
7100
18021
7429
40515
37744
40462
47306
50157
15098
12819
36940
18602
20450
22012
15121
15133
65000
48121
26864
17634
43590
6953
45963
58732
23437
47681
40301
55349
27230
50155
14182
59165
10336
22149
64997
28093
41647
61473
20652
51197
53421
59759
2536
22467
37800
64587
15644
42357
42909
2524
40149
58309
55623
11959
34390
45223
45515
296
49062
23571
48923
9818
19314
39783
3143
34393
9823
28241
65130
56543
23580
12751
23431
3288
45250
34153
28007
63210
17270
40375
17567
49116
63215
48925
47863
21833
53422
42333
31041
23965
6773
25288
14018
49179
30444
25502
37160
28692
44405
22210
62389
64527
28601
60742
63356
12986
37665
64524
42107
28702
19980
50488
7929
22335
32549
27831
42858
62392
42848
49991
45622
12983
40362
28594
27834
51184
24040
51848
38468
41324
49605
6072
45533
26346
16191
58148
21897
22809
30774
35431
34704
9049
14242
44660
30452
19471
5647
1722
58226
61042
57382
48413
62159
20791
50826
37073
47532
58928
16963
38803
3405
8239
11605
45763
25195
35301
62277
16075
40659
40770
47349
61179
44531
23253
28703
48403
18451
52645
1557
43694
47460
11372
57174
36922
59437
59384
32276
54834
63336
29526
38471
49616
8993
15682
34376
24967
22594
22144
19035
43307
5971
51427
11918
18008
18563
6747
60301
42360
58894
11453
60590
48705
25045
23747
25583
38343
16241
14841
19526
21556
1719
62441
32122
44671
44791
1657
42623
27530
35675
44228
39096
49379
65492
16656
41059
9214
31999
46870
40798
53419
35215
64646
64271
18528
14850
22532
50550
40822
14274
31605
7859
45089
209
41401
13778
36383
40169
39914
62079
56564
56996
3791
65048
62814
34890
57963
51124
8981
824
45633
64235
55268
34560
34375
28739
56885
10405
4554
63605
30611
36552
2651
58045
61810
40389
49793
55135
21908
47430
24912
23116
57383
17540
46143
61523
6633
7344
10371
26279
43357
51677
37346
52789
13735
31114
41406
38001
37580
13129
54610
8861
16796
28928
16949
11648
5421
13312
33107
46257
13057
23514
46744
39671
9371
27993
13189
64429
46644
48184
18744
63367
9617
11926
27731
32699
45910
17672
28942
58871
13326
15593
23559
40974
62445
48354
18455
51973
10608
1903
51121
40302
34255
7353
20826
65003
2436
50375
54326
15886
16116
29854
58307
18491
45378
58421
51130
35737
59161
38989
52441
23440
64960
4483
53162
51330
14475
49442
50891
46737
15872
7112
51127
1381
59154
60486
30274
15694
13369
10063
16099
51989
37299
37602
6335
38954
49780
4724
45481
4494
12965
44899
62885
21679
35568
7349
41400
14419
34601
56890
11206
35595
24188
12159
11207
50500
15035
51510
823
47421
62580
45093
14930
2808
45627
62242
49263
11169
53864
53584
1912
23229
63756
11687
9256
38164
54830
7364
36531
44608
22788
65203
17472
41198
37298
15283
45638
37091
35277
61539
12079
10847
57622
35412
1713
51337
64493
42593
57050
14354
20761
15295
49802
34212
13249
49334
36767
58204
17207
13568
6559
50547
15551
7630
41860
31446
39678
27166
48930
53043
47054
3124
38376
16833
8511
49171
4746
40131
46924
3802
30736
35989
15044
15708
47120
5610
18293
35998
43470
47132
48241
