49875
8772
14599
17511
11279
53993
3314
9732
109
62477
54896
9643
56940
40049
55635
47323
44720
4329
59795
41080
36869
62319
13019
43257
7719
8035
33415
51613
21230
63537
50370
6653
11808
28261
60183
16985
3602
48690
31104
8495
45786
52833
53484
12737
34905
61167
45536
13627
50049
24317
30231
2258
24498
29139
15779
28120
57826
50613
56693
44460
7989
10530
17024
48361
26323
9418
44137
53874
61333
53513
49693
12815
40347
36256
12408
43497
30811
59189
39207
1192
59092
24979
29393
49380
30038
52471
49921
45308
42007
21619
49831
18003
32990
46552
14541
22966
27089
18170
9473
62256
8520
29916
31817
22831
4657
37485
17039
13239
47135
24183
54815
47560
62725
41695
27701
22360
20322
13745
30890
54070
58367
25190
60909
25820
45739
51445
52163
58721
24048
59600
46545
8924
27090
20043
54323
26290
5474
29453
32996
52208
59730
52390
14887
40029
40720
57326
57551
46144
62541
7040
38310
23957
22170
11074
54698
10267
8875
52739
51434
35639
26432
46009
59148
32237
44422
62825
22606
63052
13543
58284
23540
52757
3692
58664
45732
31023
9309
48600
51895
57233
15780
39191
53152
8480
6002
20491
45420
4040
403
12296
741
47086
51303
65524
17105
48297
8704
46392
52466
30057
3717
328
46395
11264
15776
38892
39221
26215
17433
47888
37374
48700
65153
55564
55052
11407
34952
36554
61125
6191
61113
18675
1468
4943
11502
64394
2284
30230
61451
56729
36806
837
16200
59145
32600
34868
37984
54443
7926
16935
16533
38176
50464
7541
52533
26503
36875
4297
40734
13788
64356
38585
51486
61786
36439
8038
41451
14747
22195
44624
45619
5376
48127
55093
25077
56599
25738
64810
19861
46377
59839
41978
61169
5300
62402
58907
36033
14016
40027
35645
61307
50095
5981
9037
33533
48333
22885
47050
64728
37168
11332
5745
63183
57904
1908
11183
35062
23352
10129
35764
45335
42699
4905
65459
62690
52081
63633
27934
62481
58643
32072
44606
31844
20014
44861
41459
3351
56715
6290
36168
61607
22276
57642
14411
39643
9740
10315
64184
49783
6366
51649
16005
47250
25757
32517
63710
28740
58554
33351
41740
7131
36691
64243
11848
52998
56962
49697
47694
37829
31839
22079
61371
27935
11409
57752
14400
33686
4180
43458
10558
8849
39673
22313
4670
25590
9277
53403
15654
52105
14084
38617
64488
50362
46262
47912
35102
62183
60440
62970
63395
8513
45897
55567
15544
52940
64490
17703
3166
44433
32399
539
57071
48228
35742
56458
63206
11844
2647
4976
62187
41452
22290
57755
27923
4183
25536
43516
18842
43842
39324
4669
49685
14019
43465
21810
15939
9025
45419
7844
60093
23642
14934
12746
65118
59825
65443
3498
61259
51310
13452
42351
30570
26411
40697
60714
35926
18560
55990
60976
29234
52575
47879
61610
14090
46923
25995
5077
51562
41224
34329
13584
33216
10329
5615
48666
19599
39189
11025
43357
61719
18552
11164
60464
40287
32408
15404
12418
60219
9054
30088
63842
36860
12869
14649
27653
27657
26201
33145
6862
59195
28348
15170
32821
64495
46222
25686
64140
31176
63250
14988
3834
27973
26245
6299
28613
15551
54231
60030
19449
41187
7463
13231
41203
4359
40962
61014
15476
4142
61593
63601
21609
54237
5974
40101
44577
50071
2918
39560
4631
53897
25128
2960
14935
20028
62227
501
20268
28051
30948
50553
15614
53959
33476
26554
2159
16239
6516
21085
17003
8465
11458
58059
12778
22192
61927
27593
3764
52015
24822
50828
49327
18368
63378
38640
39954
29291
45543
37805
55573
10139
564
16948
32917
61773
50248
45840
7646
2392
5937
8525
39623
49583
26313
15183
42741
15950
47027
29236
48885
64846
16340
39322
8478
32387
43777
11598
21611
51755
15761
36104
25152
63534
27154
51245
12511
52008
29262
30828
31697
8523
52782
10199
39956
24578
55336
6022
61171
49707
61763
4772
48808
64835
28807
30343
51961
29863
39957
53161
11115
10091
13254
51705
1454
63699
55071
45620
50508
25101
32327
26693
14286
62331
27578
45645
15540
4796
9751
48901
919
45630
5833
57908
9802
1853
30642
41088
27854
56352
48177
34717
15945
1512
44785
1786
9096
56126
31169
21061
61080
61766
61590
10046
51909
17470
7313
21746
39721
9044
45483
31037
21698
34847
11550
51680
9483
19303
37476
22346
60777
12600
61032
16042
59553
31789
14292
63881
7043
50917
8854
36559
60232
39793
32131
22341
40046
31580
49653
57663
63703
25587
30490
12376
37118
30261
27982
61873
64529
16327
11605
54800
56914
6995
13194
48476
40811
52292
56562
10517
30818
27082
8653
61977
62290
34742
60013
16491
27017
31384
64546
62562
56993
64626
61497
11979
31134
47966
12206
33497
33593
46989
5485
53748
64092
27036
64556
36745
15538
58427
61548
16098
8702
13024
42964
21571
57834
22561
10314
7555
46967
32393
51520
2820
27575
34239
3511
36100
29376
37188
30221
51111
33547
15715
24216
9612
21370
9543
32779
50138
31309
42861
11340
2635
54780
39241
22296
24615
41582
5598
53623
50658
47587
38149
38288
12945
43343
18377
57296
36535
43589
15865
39218
5371
1418
9038
62152
5065
28747
5969
42659
29392
28818
27806
756
14351
61872
31696
7633
40235
24114
49862
57378
43220
6216
22322
26212
26081
43319
53900
56798
24823
62132
14809
37468
43941
62931
35292
51542
24404
20265
2330
24141
28957
55233
12327
24472
18283
13220
52562
47946
21466
26909
33129
33083
17735
41379
35372
35549
42062
30282
24936
40642
42528
21807
62673
61335
1375
29794
31054
953
25764
28995
40147
47438
48642
42798
4143
18460
3690
20767
46274
64592
43929
15609
44709
55684
45048
59079
33103
49651
25467
41289
39489
22103
44335
13467
1167
18147
22783
23696
31365
18757
36759
48575
64109
24892
60448
43771
31235
28458
14797
33627
17305
38726
54743
17906
2453
58339
21016
6101
37793
46646
10319
41105
1541
2662
32877
45396
9479
33054
33610
19759
58208
2285
29560
5756
35362
29007
18649
50652
35417
46354
42543
42211
23804
49086
43883
3430
35744
13048
9567
32009
7041
54483
11729
4341
64970
8770
65251
47746
29819
40609
59353
57609
13580
44712
29918
49663
29652
65121
23261
10656
41368
1196
55712
1240
14801
14031
35875
38889
30276
58164
21027
15723
24185
56920
57878
48033
49398
42661
31595
37442
17500
51429
47588
8602
8037
2143
47012
60706
52750
63251
36206
43655
1409
57168
63223
30558
8968
18663
7628
13777
12960
56801
37923
13792
20658
57107
40887
51494
48564
36864
26740
63713
19921
14741
4668
12308
16354
38855
27461
27086
58910
48657
28603
46528
25474
44852
6901
15852
7618
584
7394
2616
8130
7855
63249
10917
57794
54930
10925
14032
11275
58575
65395
39602
20381
44231
27326
60973
10607
12881
59838
27785
38900
40089
47312
60091
62058
65506
54774
54928
20493
33418
38630
14681
63680
33723
15663
30275
11501
30184
9039
21342
7471
1925
62023
4554
36544
54212
39730
58146
37228
2233
43193
23249
57634
63331
46338
22764
55532
63960
21001
20997
51659
18578
18432
9027
22799
34047
36835
60779
11924
41995
2044
1211
2976
49481
46090
34018
23917
5606
18771
54176
5769
5968
28477
44173
34462
10598
52056
21335
48002
56879
38029
14641
17714
31756
15099
39268
64342
60182
15286
25370
5225
64924
61251
35775
56095
35342
36396
28370
53130
11804
15241
22594
4331
8472
32109
45366
15353
48981
32863
63528
36205
9033
51550
15481
20495
55987
48689
9817
795
46380
39150
46692
35387
5338
16937
49598
46556
18845
25044
36388
45722
8462
6753
1198
58789
59299
22394
249
40404
53724
31111
64230
45354
60000
63980
12667
12132
28033
6161
63928
34261
15463
22389
13563
22426
25836
14859
2614
62771
62150
207
57337
8802
14584
37054
40893
37573
39841
53455
27116
58141
39355
56603
54944
41674
44630
10513
10775
28605
48771
4924
51051
16464
5259
49261
700
32198
17762
60348
63535
61369
41614
21672
42033
8303
46294
54311
29221
1213
46812
15293
3998
3878
1752
53721
35768
59100
48652
49620
40484
29322
3788
38973
406
12885
11935
34262
49487
33689
39654
30274
25872
4511
60506
2568
62576
48431
10101
6478
61093
33390
18887
27181
26899
36031
38903
45648
32833
47218
24322
52588
42008
2382
21088
27711
50943
2799
63128
62200
12996
42648
54294
16989
34498
34802
34989
10087
15448
35791
9895
4146
58247
33800
1111
21627
26359
51410
13594
4961
23165
2353
51847
33219
62750
9378
58204
38594
25425
28505
35667
57978
21841
26527
32452
50001
23613
16434
13674
59924
32468
63877
9800
56303
49486
58260
58142
54034
35113
4136
21113
24910
34340
53662
40710
23381
39652
2015
43991
49214
55740
1571
3131
42086
8301
42794
12094
22888
21590
34750
46542
20059
21903
62545
49165
26141
44723
59365
43451
54077
6797
59030
36246
29784
8256
25716
8296
49354
47521
25828
10132
10220
51012
10951
58552
45865
53109
17620
15363
64445
34337
56376
34530
27744
2560
48866
6480
9534
43661
17515
63647
27060
20584
15237
22704
44512
23278
28774
50264
46064
20718
8029
56383
19229
60216
3649
48673
63999
24932
35567
20601
40857
35315
48553
49802
10136
38054
47901
61781
21052
43417
2784
64061
44696
21092
22954
1305
61098
23123
22405
38814
16750
23953
64403
18671
53956
59488
34984
58420
42536
13059
24137
37469
4483
22910
3343
50803
35014
59714
30280
35155
54768
10600
62798
42153
2119
26929
2910
26881
53264
33274
43413
20589
22133
28929
61324
24497
21937
23301
50250
6988
54103
1473
17651
22585
58305
59983
34071
9351
35390
16436
21719
8519
59289
20212
18296
56439
41119
64862
37852
13264
13449
22271
60265
22670
57758
13248
29006
42408
37146
2639
63126
63131
62924
4148
42651
38607
13770
33740
62926
9389
11114
21641
36026
23825
62115
40966
62015
30962
6773
45547
352
14485
60538
14843
61931
30935
61248
29874
38761
20299
48465
29384
9706
40497
39590
14474
26724
19162
45001
48481
8858
44647
40860
50514
8158
33470
27497
17271
46591
43439
9036
59607
53148
31024
41722
20800
13016
58043
5262
5632
49504
35285
40007
21539
52440
48686
56213
8727
16856
42772
31521
40267
21734
8731
4659
454
23630
39887
49879
50207
21067
21428
31055
19349
34058
21066
31770
13876
24487
7197
9234
9484
49880
54232
10728
40635
61651
280
37826
63874
56436
16137
11071
43053
58548
13222
61023
35218
18152
49625
55293
11668
17149
57252
49143
41123
54846
56219
20723
41238
49631
41877
58685
8433
19611
21377
43230
26320
44612
25726
31212
2953
51473
22603
56433
35579
26100
416
54645
5331
23831
36547
23886
25888
32196
29107
30425
1796
45037
44510
25137
26848
27753
60744
30431
55618
43050
51180
35871
19962
49711
29944
42150
41110
60155
27439
22262
48769
61932
20681
63907
21554
40159
55451
29656
2254
17789
39051
20684
36411
42845
17643
25705
363
53898
26570
21494
62665
29655
15549
34360
62655
24163
8844
28738
56349
3493
63362
3537
13880
35869
30565
58546
9472
39109
38932
24789
1355
21365
58050
6969
46855
41878
29767
10216
25009
64952
16872
25986
5989
15072
32392
15484
60478
22597
21909
31335
64163
27237
13029
35583
15395
3726
65328
58311
46219
20812
27574
33401
60477
52697
31079
50636
63990
1530
63234
35312
2187
64278
14943
27241
38287
24130
6440
9233
23306
33807
60350
38083
43410
53789
24610
59596
15406
9239
38080
59593
22073
18151
10053
63318
43532
25256
2959
32579
7961
428
29912
60459
39532
38369
20914
25938
47568
22849
24814
10158
19024
56398
44208
51252
41022
10310
16134
58524
53871
15490
24718
60494
36196
23234
1273
4117
58867
34237
174
34395
32291
6182
37015
30758
4137
41599
57811
57100
38491
14011
50253
39991
44451
61637
44011
57914
13979
29144
31162
61640
61272
5817
20982
55107
17729
13257
30747
8119
22768
26101
23287
53939
28099
13572
8058
13821
50563
45030
43174
12605
56278
28097
3174
62202
15350
28955
39578
21176
22816
58661
55873
52127
59638
30857
64016
23168
45512
18648
40560
18383
63414
55758
21865
28128
21756
12537
39374
31137
44892
21104
27216
55426
27386
27030
5911
30395
23361
53046
14906
18556
48947
12144
32395
25208
1704
45898
44018
1153
48405
44139
57382
36995
45047
43366
48881
37391
56379
30658
29037
62191
17802
5518
23626
46785
39091
37983
12788
22941
55181
56483
1432
51538
31765
55866
43998
23285
30245
22612
47440
30175
48780
59805
13601
53678
54762
48875
417
59435
50746
21749
22050
17521
32095
22517
13994
56370
22331
31571
11855
40528
44655
30943
17782
9490
9272
62987
64540
26123
60097
287
33353
5214
55922
35300
30855
7095
10902
32775
9701
24945
57066
19098
49746
24753
31270
23370
22427
46303
38842
369
17497
54803
8338
17699
21359
62289
54321
12606
34200
59700
3020
35026
4380
19251
41809
4134
15965
26011
16629
5075
47464
3234
55273
2880
26024
55690
6723
22622
17868
9436
4662
29990
50906
22663
26505
33082
14727
6052
44485
34232
8199
40649
50569
17376
64354
12602
31454
64855
13373
4819
62552
3548
28654
35862
25672
61658
28757
53273
12161
62868
51466
45153
40150
56342
59170
48056
44355
2242
19087
36417
56050
7459
49671
27939
60397
54702
12118
728
38117
57933
24012
48671
14290
64010
47171
22598
59836
11539
51283
19054
9029
15244
29657
47541
15910
19424
38107
21047
44438
33175
41621
1252
64960
62385
9393
63635
40507
21943
43171
26728
28746
64967
55108
39994
52735
33178
23011
64985
13976
4430
10932
35023
3263
59555
24051
57935
6738
25490
49489
11878
15642
16976
22828
27065
606
59425
59544
41329
56862
33339
31687
49805
21775
47973
30095
31904
2747
35574
59430
62862
41620
48133
23629
44193
30100
7987
34619
16448
13466
3059
11657
22144
21237
23611
62789
52034
14909
11028
18043
64319
30953
48223
51617
60716
64371
42035
63005
52877
44834
23608
55941
31315
35296
45038
16622
1262
55507
50552
43740
55266
28755
44136
48216
32735
59958
59712
44375
64285
8183
65274
51627
18220
30569
30660
55869
53554
51016
2374
28762
32017
40149
60505
165
64372
31077
16940
43022
36022
30958
54333
45148
1969
22651
48872
39106
56052
21921
10223
21432
44323
34056
34061
54720
58549
61380
36711
37821
19080
27971
7491
36832
41297
16743
18250
10465
54013
48533
22417
64006
31689
4863
62249
595
48320
19355
35057
32604
16
29641
9798
60339
13668
745
53782
34459
3260
31455
46761
11545
7973
21847
9024
30423
54038
9106
8259
41326
41294
47700
36414
34456
3045
53922
46948
6181
10035
61774
28751
2841
11116
13915
38137
26453
13273
28191
34491
17144
22107
41319
56870
51423
36407
51689
3481
22256
5266
21980
51829
7884
24673
31757
61030
35536
61160
14104
60405
53325
56480
1415
24117
48088
14037
8970
31304
21346
26587
48841
12599
56916
33079
56922
53995
49844
51954
56988
36838
30817
37184
11421
4012
51862
2449
63585
39618
52703
36199
24143
47201
53136
32619
53416
60073
28489
23364
22822
42795
28850
48373
7369
25969
42817
10133
13188
49896
6955
32533
60879
37416
13172
43844
39247
44110
61168
25985
18209
4381
52295
18418
52952
41143
39187
10080
6425
49704
40462
34230
50716
26949
48895
677
32216
48220
14000
16715
23838
50958
16708
57680
20172
13346
44322
3022
30919
23574
19115
59818
49407
49096
15574
41891
61034
41283
37797
27027
5575
29390
39210
43054
36174
51226
4111
15392
35889
10867
52552
652
34110
3043
34336
5699
882
30964
26318
40494
33101
29073
1160
5578
26985
18988
44333
35461
14111
64514
48880
1772
58409
18676
47819
12864
10388
31899
1217
53556
41126
58686
1947
38291
37343
20477
29098
1597
36815
21056
47034
13548
55591
28743
21859
20811
19555
39299
4174
33080
61037
47182
51390
41107
59526
25935
23029
32614
40055
40357
7305
43046
22513
59564
34107
53981
62814
53235
9908
55557
31320
163
682
53252
55764
22470
60620
18374
7502
20675
46645
30936
25444
44334
15252
1594
39587
42003
19819
64258
600
44329
6455
6452
27039
54689
26489
28611
56925
56667
13392
64130
58477
44562
55028
15106
53896
41292
50837
53566
63942
14930
64636
13555
33315
12116
46939
46506
33881
24082
38073
35886
65471
22965
57910
5938
53784
47067
15181
46875
27608
35028
56251
60869
60262
38076
25267
56647
61453
11740
33073
60709
7481
19057
7891
42279
55256
29892
24562
45023
23861
32007
42411
54068
31810
10282
15356
26057
12986
23648
48052
53298
27643
26059
399
57208
29268
29530
6323
40788
23438
28996
56803
42539
46697
9558
56639
27815
21800
57062
29548
28561
55589
64767
36095
44654
42160
55075
22536
42047
41622
13235
61270
64025
32753
14910
23538
32752
15514
14477
24815
21173
52473
33085
22530
31525
63515
54105
8206
39843
1900
21427
43035
49372
9375
54721
34540
2505
53790
21547
7993
24232
65348
26754
60908
62837
41387
18922
40977
30225
37364
22723
54941
14807
18919
33432
10130
28742
11846
32385
24367
33076
59442
20336
4565
37553
5074
48496
13266
64435
24310
30752
24176
51729
45659
37488
5116
51346
1141
50866
43994
37000
18060
5287
63834
19746
26114
45324
52487
17587
18165
16087
31324
6583
31445
13981
40336
40309
1019
11795
29674
50661
9877
32782
59877
3724
21701
49259
62121
19744
856
18215
53851
25113
22500
65178
43770
10695
20000
50711
42105
42083
21060
34284
33006
102
44699
26592
48537
29482
30814
9916
24085
53946
33745
31823
53616
53229
25504
16495
53300
37895
42456
57169
21491
27297
16019
10248
42842
40364
65162
29403
437
27803
40592
6492
53979
16926
59167
36401
4082
22479
19486
52720
31552
7974
8973
10312
44934
47407
53791
48970
64289
33086
59472
31399
56240
22541
54448
25521
54343
33571
57231
13578
53314
57743
33884
38786
39678
47936
58193
43915
10410
22533
20974
31613
23663
46637
3188
31775
26569
13000
40884
41568
19234
12527
26571
14229
33805
4024
15195
29480
41609
31082
22868
60341
42257
63353
28417
15064
1119
58863
9048
64863
14606
170
15542
58728
17240
47944
49647
48751
45922
13686
5481
59778
56777
22294
16849
16960
8434
45806
65060
60417
64313
60284
29875
2071
44283
11153
60576
33579
39293
12386
60208
15056
47589
48962
15990
38858
63934
42948
29491
15963
37295
45920
53011
46485
40183
51744
28969
35290
23856
34973
8174
65133
29027
45049
49503
12654
34053
49151
44230
65516
38801
23750
7292
19224
41789
7609
50962
63630
43879
20217
61809
59493
24003
62480
51417
45425
33306
27130
31790
11548
45736
18653
41941
48064
47861
59184
5342
59953
7235
26279
7462
32479
60475
6355
2654
860
38856
55946
50568
4073
29297
15505
63478
15703
34275
82
43157
2845
59927
51397
4624
29143
34800
56754
5267
28295
22036
15348
47405
14433
57247
4139
24009
48608
58394
30364
36042
53169
15059
11792
49093
28250
6622
55999
18883
1253
64449
25098
7635
14468
35389
20003
4451
30424
18240
3829
27581
46261
30476
16830
15382
59343
58726
65327
17238
60438
20948
52553
6113
18450
1449
56760
41769
48449
63828
45551
57321
4633
23226
22293
13850
41150
59257
4051
17713
33520
26120
9639
61935
54154
43493
62046
52184
39438
35345
15228
46816
48820
38409
29663
45891
61744
19545
10140
57915
59324
31433
883
7168
11420
19740
21565
63387
18441
59021
64462
46371
1590
4847
31332
27048
8860
31848
1286
4832
31253
52058
51015
47919
61902
1392
60447
10322
2526
6510
7586
26635
18965
12000
48837
26363
22003
28447
63215
7118
22320
11212
23562
64458
38861
52915
10423
63001
45375
25348
20818
35343
46699
49988
1567
9494
56363
7265
35332
16493
26919
53192
62377
10565
21736
49798
4809
17404
57857
46769
27889
22874
64524
2859
9738
11991
27567
62413
3183
20193
37039
21645
50763
36910
47376
29251
33242
52465
58655
21838
10201
59830
46452
38189
1045
42747
53910
47710
21673
52671
61805
25980
58223
39456
47921
51628
49823
11125
28487
37344
9575
8843
15982
49130
52426
42376
65163
41414
11452
42896
62449
50421
40774
7634
13170
4179
62879
10418
63582
18253
57051
44181
29204
43158
33538
33187
62839
62431
65184
8749
62535
39378
4379
16345
7207
54421
14931
31136
61236
12964
63701
10304
12596
34751
11587
50022
54626
52395
13817
44400
47665
25291
46295
62531
63626
64496
31791
5580
62846
3882
44786
62100
54760
47862
6176
3769
63572
11557
15508
49139
64865
46059
9547
18076
63432
47578
28866
8915
7353
59981
268
58537
34919
36458
14304
10829
55554
31967
50771
10262
19776
14088
8518
48902
27895
29903
55986
25589
48945
63210
64468
59089
59460
1632
18203
65441
13053
21999
16486
31748
24319
26170
48763
7704
3666
13598
53115
34539
63068
17018
57312
57447
29567
48655
48852
22117
31782
20400
18081
2521
25879
37920
10128
52818
29478
36628
43405
39611
24577
23197
24509
1488
22774
6327
18962
49521
29987
37586
45117
10638
10514
21076
51517
15259
13743
54590
1814
32341
58678
9355
50124
64272
7324
14510
1341
10893
4770
32329
7513
45587
30308
54787
14333
57552
42807
11503
5132
50850
18732
835
57012
64706
38760
26528
28894
25779
42045
48561
34646
25332
19425
34716
11829
23508
43869
46046
5927
46566
28573
62268
1695
41191
45713
46563
7833
64297
52164
44820
48692
10661
40886
12489
43925
22682
40239
8715
63008
10757
47947
46008
335
35604
8623
29621
44805
4072
28354
61831
43566
51496
3722
63056
5978
41427
65127
37648
5374
37612
13167
20502
2553
1193
4084
6975
16599
45600
50334
64221
37723
42171
32588
32597
23252
35437
13246
26760
50381
34772
28570
50218
2399
57837
13479
8527
33851
58882
63852
49228
40717
61775
62494
54679
8650
51630
49468
40590
46156
23255
62858
36292
4666
51568
9736
45945
50433
4663
26817
63648
48696
48699
754
54032
49430
44240
56231
12053
37713
22006
50020
61028
58932
61768
18272
59799
42823
53080
22307
40099
45205
40591
51236
64875
50772
61336
16626
61534
59143
11627
33764
23554
64633
53143
48976
62529
63712
60015
42937
62833
12568
26497
38902
25135
60962
50529
6184
18659
51953
40840
16890
50769
31044
64300
52243
59218
34846
11029
21384
43087
37008
62573
18729
4969
27009
39892
46670
8612
43585
60172
3437
56900
47595
32720
21875
54126
23915
44039
35279
58889
64776
47594
21234
51105
39651
32042
61549
62262
55632
4476
34948
15251
17369
7047
64343
21940
2805
58787
12100
35314
47388
45237
40232
63061
63260
40491
48289
56921
20243
35602
34137
16324
36469
45409
20255
16806
9376
60940
16983
18852
12575
54616
54716
47428
2763
32353
29803
37325
64551
40909
41429
57570
54744
24008
51234
57093
29012
2073
56659
29862
45963
20587
19185
10057
50257
35796
47598
26568
48170
51736
27085
11272
27466
64642
14235
14386
35341
64295
4619
49967
31210
17639
17682
19721
8804
54003
41358
9624
15
62469
22303
36522
30885
34020
4608
28416
35935
10613
55406
52981
26563
57937
18693
22955
64641
44423
50013
49072
56929
12399
43090
24263
39369
26756
15781
6461
54690
30441
37051
62639
10001
32875
5230
40964
2545
11287
64240
62401
60533
62583
18768
59699
43654
64432
58221
40396
61678
25796
41321
50271
63898
18499
46242
36670
6075
47988
875
8590
45314
43019
55720
6446
33867
37813
17166
20375
51022
25822
18766
50476
25889
45273
332
14296
41921
28736
59333
49477
25436
31367
48283
17168
33671
13669
22183
30119
58017
16377
65005
38612
20488
62169
59433
33713
58823
45905
25289
16467
54634
5196
28445
55719
34461
28781
62737
59726
16825
27421
58676
5703
27102
21363
2376
23775
44762
16174
9799
34121
23641
39649
4828
863
54423
28016
50595
43936
45437
21639
52726
13013
51973
7710
12124
32878
35788
38180
41200
4721
29317
8856
56183
59630
64137
43867
40937
34031
21503
14985
45502
40583
60472
13398
3411
36265
27696
63987
32693
50593
42993
49550
27293
55827
59499
32850
38975
33387
60580
12750
65221
4575
45176
30800
44343
59822
58741
61513
20286
40552
30601
50196
45349
63155
65393
25533
56919
39619
8294
5587
41729
5544
63969
62637
4776
22792
31311
60601
5787
41201
60094
59326
46841
24596
63191
17569
39358
8479
17549
46653
23079
2117
1368
47548
32781
8138
46453
58542
22797
48217
2059
21555
11034
60189
43513
26826
3041
45690
36851
39321
56088
44488
12431
61491
61026
20574
26593
24471
49066
52301
25430
55713
49632
56768
25966
34134
52190
2366
38060
44997
24712
20903
8705
63185
25932
23693
18851
64758
16509
61143
62584
30002
41371
23660
45970
59811
4609
6324
18846
54625
18937
31682
42015
54617
49886
5929
4151
21884
61050
4233
22997
61882
5955
33342
13323
22376
29948
33268
9856
36732
58555
7132
65278
9094
61863
20486
55637
55913
33806
27556
50367
34580
62767
47025
47009
10086
42265
43638
18259
24106
39821
48066
15226
5979
26134
18243
34356
24491
24169
18217
39894
34052
20416
51186
9237
21023
20391
37818
39890
21013
39878
61094
57679
57269
52096
16185
41958
27769
15918
33796
46032
28856
613
27951
43267
22899
10243
9801
59788
9871
58864
9807
37105
7347
25157
57228
18303
36762
46771
30832
43055
61547
53488
5713
28258
41831
25231
45532
49849
65326
30300
23548
55001
37493
58353
51483
14572
63673
23657
56623
38799
33694
30319
42107
20809
4028
20787
44115
58423
27044
58041
58640
13150
20815
51328
32697
61262
55686
28852
59974
39796
45548
43370
46612
11333
51124
47398
11273
15128
35613
20302
1809
31711
8132
1708
56425
22233
54512
26846
11077
55915
42367
3822
20374
21616
42463
11276
22917
16889
34266
35449
36337
17298
63475
60088
48247
36622
28771
27805
24420
3941
63718
28999
43069
49163
31600
42848
22414
18145
64610
8424
29299
33752
17786
42862
22627
54049
53322
42366
32102
54265
5566
58479
20720
23175
27444
57757
45202
63322
42975
55350
23912
50969
14071
1152
54454
47243
58431
4104
59715
24081
47894
35384
4017
3660
40660
2383
32650
33463
12810
9031
11168
28366
48739
26892
11161
22137
18267
23368
55217
19792
50690
30617
55201
44821
38108
16123
15435
21368
34328
55212
16479
17383
12119
58903
58581
50609
11179
20625
30410
11947
12264
7547
17454
64422
56907
31286
17165
65427
9497
9847
23458
3600
15818
32506
7489
11120
4384
33597
5504
5746
59129
33643
38412
6343
48248
44687
15364
5231
32417
37218
478
30801
32356
31483
39422
23406
1320
60594
37742
51618
48991
52772
31557
4960
2741
24044
17970
1094
18627
25076
37332
47292
46621
56325
65056
55989
52780
26577
11225
17750
32648
21355
55767
54201
48918
1416
5134
42610
62641
62651
29617
30591
42612
5133
14852
14850
11443
29956
50103
9911
32258
51939
52010
28162
63365
1946
15107
39846
17896
33397
43024
27488
41004
65067
54567
28246
63577
39702
33924
56058
17504
30505
25053
45852
56570
23102
3807
1496
20242
40206
51232
46806
16387
45140
51905
24170
8022
11049
44782
16991
9573
26964
53443
45099
812
38532
5289
36923
16770
51006
61961
9359
55641
48068
50481
36940
53041
23101
40662
57151
25810
35584
34365
22720
63622
53470
7835
41972
33563
52377
9649
5528
6386
9405
12710
53725
10160
4765
29484
52823
39318
64206
20905
6212
50695
1185
37042
17384
54522
17968
53670
38413
20129
50971
31865
11857
7981
50814
53449
29919
60597
15630
41344
7112
3611
61484
774
58828
31661
17295
10468
7851
7848
6467
64321
24069
26479
44757
15904
10691
37746
37378
48539
33222
41465
15480
5099
42467
37250
43961
21180
55882
46128
38940
42605
20985
63914
50427
3752
12719
61337
28371
23433
26326
40315
9091
5818
21519
14716
22205
29629
53717
32236
30212
64008
33372
12711
5560
38151
11382
19391
29722
32222
64298
39183
3714
6952
7781
42245
55114
59292
38578
51009
62332
42166
61771
19263
47244
43611
38475
15602
12497
6959
11130
4218
54739
49368
18002
33430
58993
35740
51566
46415
2260
45514
62126
616
38749
14282
34470
59101
33421
14490
48071
11067
5659
9450
58107
23125
50880
6971
3964
46070
32778
49770
8926
32649
28104
63748
10594
63202
46125
64799
27145
7535
61441
23625
60042
12591
25975
37479
65316
9338
33699
47463
6508
61618
45152
15942
3172
2664
57722
65320
3939
35272
46648
41946
11993
52822
39351
5204
38391
1599
28288
28156
10597
48150
57868
28488
40200
13827
3826
53002
3840
53113
39431
11568
22786
63172
27542
62323
65342
59097
60841
11840
10874
108
48387
35751
31746
57333
22526
18300
55954
1544
59017
58225
6407
56688
57718
64852
22412
53337
62733
25290
7636
2498
37534
22788
54514
25344
4907
46473
52997
47917
62843
271
11832
59005
24828
5897
49206
31236
11381
38483
18801
65045
53371
45070
27872
54327
33778
59514
36866
49858
42173
16343
28484
33190
51485
38580
16032
52643
41408
39452
43935
57713
39176
52033
56948
22854
56886
18465
32063
49391
6194
45546
41907
35850
12403
43731
61930
7072
56627
16013
4513
48744
36266
22378
35168
59659
43175
52830
6996
59546
47645
59905
11835
62569
64198
25498
60623
35190
8752
22811
16389
16197
63752
48031
65305
38129
61804
62078
63918
29877
4719
55169
33939
55179
7216
42030
982
63762
47470
27382
14892
51962
43152
3176
25104
41116
8767
28545
57839
37768
53345
22794
8742
34656
42504
2436
42068
53340
27846
44489
58450
9582
29202
24055
20722
24142
29201
29211
48628
58379
60196
61000
23374
44247
23399
61185
64984
4408
36803
5091
61152
26056
56512
51099
58234
62467
13613
31200
11438
35344
11121
40341
43907
12917
40129
32372
6948
48270
37467
17373
35809
43031
57383
15860
1940
13763
19738
23812
40802
65143
55226
36558
48130
915
47111
57455
26044
5218
8085
14961
6769
35354
44164
57599
27150
2743
26234
5719
1145
192
48618
16853
24304
10865
11961
45794
8116
44432
6178
12576
1737
24740
59505
44830
18975
27691
46440
15711
51398
16289
3115
4708
50938
16860
27204
62804
62158
51190
4886
11449
36918
62726
47356
32783
27929
18948
25355
51437
41996
30783
6917
59070
4076
25327
25586
59173
11377
45831
48614
30499
26543
55964
2834
38740
4041
1216
7187
59002
5877
43154
62334
23501
19458
45290
13838
54578
955
61349
7456
39433
2716
41985
63383
850
32776
5130
47110
42314
18495
54766
24770
41466
63345
50300
10281
41862
20452
45623
6180
62832
44479
50027
2220
11386
64366
63492
30272
14618
54662
37203
31518
11427
25799
41456
41767
34514
51488
9329
60428
33891
64766
24295
48244
4420
30520
54747
32183
31959
40657
12983
12967
10727
27908
48382
37807
56535
60702
45368
14497
61211
52004
39960
61752
9149
6020
13411
30541
40408
35202
65070
30538
48143
28659
27139
11327
24256
50327
14610
35189
45814
64034
54227
43309
55933
32505
63263
4671
6207
704
49133
7279
28442
43400
14882
43144
27331
13378
51806
34007
64379
3640
61933
7231
13272
32518
50747
62306
65299
14272
39967
14133
46183
38666
23755
30534
13229
18544
52319
55760
22063
47769
9136
42863
18568
47293
11801
37614
38995
1296
26471
50501
60457
48715
56090
45199
55650
5689
20472
63127
44735
21803
24503
63503
43575
30033
6630
8348
16141
55833
62430
58201
36276
27791
20678
36509
41335
4679
47743
61815
43880
7016
18244
37124
12213
37644
16644
36546
17230
56217
64464
17628
15203
53940
20061
63379
40877
27392
11305
1323
59501
9408
19994
4694
14335
21249
35798
7957
30012
17607
32572
54153
17443
12982
13588
35470
54770
40890
19491
34231
28185
27768
60085
9821
28977
46842
4482
3473
5224
14948
53673
52738
21298
43015
17922
51994
61900
38625
51518
28538
17251
889
14271
20319
15871
41835
53384
23868
23239
35906
6844
47145
63841
63962
25273
47754
24998
54330
56053
10806
55007
65247
53112
37003
58934
42509
45227
62840
29738
18562
63349
60082
44595
30676
11882
33413
62408
27936
3253
38514
57025
45248
56440
25509
23679
34001
21566
48313
65168
62
52892
35897
25387
40687
30419
20851
37363
17961
57290
62219
55883
54517
59080
51773
32343
558
41796
2247
38509
54998
24725
18733
50714
19794
30491
58166
40917
56314
32450
36837
40676
375
15354
34932
38406
16742
7191
22819
65224
20196
10131
8221
23742
15152
31294
19983
51389
27447
28908
51064
19683
33468
625
19800
1203
32835
53547
41714
12992
37748
37149
30475
54571
57299
37764
18141
62239
33053
49350
15503
34100
48587
55935
43479
28701
1957
23832
4734
42502
38566
63957
26035
53720
12760
56960
48555
52995
4454
26019
16669
36534
41255
47439
30263
41328
5126
62912
61808
54097
34241
5123
38918
16370
28580
57161
64743
48897
29984
36868
63060
55566
62608
39615
59908
53150
41914
25855
1037
44813
37013
7825
2962
54524
43742
53780
61474
48995
11476
19039
59890
42707
43098
43329
59917
15666
45327
57824
20669
50402
30585
2440
10956
64471
4512
5321
34568
58793
19147
10171
12502
59903
47140
59358
9371
49416
47227
56984
45362
24325
36148
3851
42470
604
19252
24964
24329
2583
33367
14722
8913
21348
2848
59687
4817
5165
61629
8278
12590
27992
57099
53982
4089
17571
31843
8005
22968
6652
14538
8754
48520
12873
36727
13545
36274
7220
6348
46006
1478
3610
19122
34659
44424
58608
39553
14760
62938
12133
58785
62048
46243
35262
37940
58788
12137
61948
2395
25103
1062
40688
8287
12241
27473
14889
25978
4226
32994
12942
58331
29150
23471
19030
6957
34812
59458
27091
36723
60980
2144
38178
15752
989
16163
19250
56215
64830
50898
8145
21098
10615
53876
49571
51244
59042
47784
43926
10083
28909
15749
18746
57219
5141
65353
46172
9737
13816
12336
10961
39608
11962
44806
54214
60418
39884
32681
41909
45358
45580
53414
22973
55043
59912
42250
31415
1857
51672
33947
13843
7824
15196
19066
65132
15035
7839
62742
20550
26619
35832
8985
64124
2507
8036
1682
40116
60566
54213
15624
59728
6708
3402
63856
56789
11710
37185
9300
33283
36686
36744
22801
8143
29860
40293
59791
26132
50350
20378
9462
52306
54472
58573
46604
65102
36184
5253
46562
44124
58373
63654
41786
45776
37209
54812
22690
5415
1285
8655
29472
47561
39079
7766
3380
40114
53207
13077
14415
48263
7218
54965
2432
26086
3845
62445
52532
26348
4563
8890
40749
18793
58388
37327
36178
19520
6941
2321
31354
32957
1723
54024
40351
53960
1329
29853
5597
7943
2063
17944
47051
1991
6934
48499
31348
50079
18164
49436
4822
21928
61511
35019
2431
12703
29924
17179
23382
12044
14542
59240
63481
21443
59310
46634
34815
26260
6385
58258
64615
39476
55392
32620
34452
24126
46134
59491
51764
63455
11571
40461
16008
7229
23785
14115
24894
21071
54151
8218
21065
37010
20332
50624
3226
55437
33779
40562
60374
1659
56093
26893
61458
54827
60850
15555
55674
13503
25838
4681
2634
14813
56550
10601
29370
45444
3987
22857
40370
19508
62600
53004
60724
12761
25830
14134
31796
26338
25004
33777
29843
52752
30146
1199
24884
45000
5395
47602
12553
37473
29859
45442
64151
46643
24575
35858
32467
35275
12151
53493
42919
39473
53907
31478
27053
27453
17980
47011
51761
2800
19506
23482
36404
13933
54623
34274
31168
21064
33704
28821
12827
2752
20343
42577
64154
44528
38725
52227
54441
45182
16671
18399
61666
1239
28260
39104
776
5149
39451
53685
2375
7894
4617
29700
35098
42392
51083
8601
30687
13049
9399
15296
42395
11897
4391
6666
64757
58387
1300
46631
8269
12629
13387
23860
47590
15414
1063
54301
51116
46083
15192
56776
51084
64820
56423
1518
14230
7230
46021
37888
33407
56471
36718
26946
11326
33347
34371
34703
3223
24094
35782
15311
31314
26263
55553
51243
19074
40474
3838
52134
35594
58821
13353
43237
51767
24660
1420
4904
17697
760
60723
33981
16130
56045
61043
15302
58900
49379
13496
48306
31089
58399
11903
51237
7492
57938
21781
63152
29003
2291
3013
64018
29030
6167
35116
41291
44013
13071
40218
55398
11854
7759
51311
12163
13064
46792
9078
46329
588
38155
4085
36692
23664
31360
40617
26299
63163
36410
6091
3668
37617
39050
39360
20267
41678
43108
6244
60986
6049
18897
18570
44969
65108
28008
34809
58175
24328
52574
57007
52483
39159
36826
30086
37891
2945
46687
63785
8526
10611
60383
36085
57407
6403
37715
30210
22646
20980
28481
40307
52232
12585
54064
27161
25569
10870
58700
6592
62404
57514
25720
61323
41529
64189
4964
14952
58261
12529
33526
17285
6561
3094
20293
27607
43520
2179
65518
6780
44664
42497
3244
20704
28664
34545
23419
21755
1465
53603
61242
20858
64789
46583
37714
30008
20106
35135
16508
41397
3524
44214
55441
44295
18800
34549
61609
49249
59029
62788
41316
1891
52962
64317
49162
18053
62994
4849
26658
21762
19602
57420
31247
12839
23677
24630
46142
29633
32088
9845
55234
16699
64544
27628
42766
43421
17711
13619
45042
51900
58933
62836
17788
7810
21536
8321
43530
44198
53239
44049
1511
16267
45516
53617
60376
23783
62738
55259
53888
31801
21689
30650
7269
43525
14107
12583
26153
14091
55500
60381
21638
1236
31582
35713
24123
38572
17217
61899
25035
32350
56973
3169
17709
56209
42447
28264
34055
52743
62386
55349
21764
31279
24177
21533
32101
49157
34151
39572
13285
21860
17429
2130
32296
22644
32997
45445
4105
47004
49412
53037
19817
40305
25937
38779
26297
42337
18275
59449
34062
58822
34155
6792
21768
58824
22722
21274
57249
21869
20307
14900
27698
47858
19779
19747
50371
34543
63189
14557
31731
7523
29703
31845
11064
22140
55512
22876
772
63645
11651
41797
53862
28700
17479
31603
51875
13931
21516
41868
60691
29553
44623
30521
15438
65059
22123
34315
16611
60775
18774
27774
41232
52868
40323
9275
64590
58358
32809
17881
12892
48206
23752
11620
55614
18056
3527
53389
53565
59496
5985
62514
37232
5988
6500
20327
48577
1425
20056
54638
20579
9838
57751
54075
38396
27600
8759
41040
4189
19511
35807
49397
57076
12991
64256
59
14837
16869
13490
57674
28283
34106
26128
61027
26886
49343
31618
56220
18813
3232
43823
40769
29334
2737
34929
45086
13885
12012
38780
9536
2308
41588
7990
43369
32826
48137
3248
27
17399
22873
60728
33676
58535
44320
56308
9972
43612
56468
24128
49098
59448
40524
52549
24629
31338
6497
45400
34437
43040
61031
3233
45160
18314
1988
3988
9467
365
54845
16999
54074
1042
641
33146
57416
5623
46798
22455
59685
55783
19505
60947
28741
26631
8675
5517
48891
10437
31495
32635
19233
53929
64555
38217
65532
20865
12355
34938
6309
34048
31742
22449
48171
936
13781
64345
11831
17196
60259
46281
30384
56964
41296
52567
55754
49424
39934
18292
23017
31157
19566
17441
44731
3243
56877
37173
33669
63348
57213
25717
5167
64965
60340
12795
28184
2192
48926
24379
47630
34439
56079
28657
17625
3867
16378
59770
48329
44859
61757
17084
47629
17669
48973
23099
55784
6675
41791
65479
29676
58395
14993
39053
31011
44904
44743
24049
2955
22069
61007
61481
26890
35918
52691
18154
55465
43107
16143
17733
42143
10772
2492
64991
7359
60608
28888
62159
26901
31046
38782
43334
8121
17995
40143
55440
36279
14864
12534
51555
16153
44965
15436
57658
6166
51702
47857
8157
20585
4090
18968
51222
60983
3415
26646
10862
19935
31032
13845
20304
61960
57255
24858
2450
53406
62174
53491
57981
39126
39135
31668
57931
21733
1441
24179
57754
46680
6740
41900
31802
1085
30093
19514
48488
33359
45466
32094
33929
58168
35157
51215
3780
46728
6788
31287
31799
61277
17771
7012
318
47208
45463
4414
54209
862
53600
49769
26885
25927
6297
6636
50757
7589
27325
38624
65432
15800
34304
37946
4063
35096
306
2951
61537
53293
7250
39980
51770
10227
55921
39482
7906
33352
32874
56432
46580
2296
1598
31575
2142
57450
10699
60106
3220
29783
5220
711
308
24080
45448
7300
45928
25449
47867
23730
56717
46471
5278
44992
3217
18826
19002
56465
3412
15794
3387
7252
36863
53335
4128
53863
12375
427
42085
23667
31793
17043
3178
39938
9089
12559
28138
2669
58468
61102
50118
18904
16600
12289
55237
11456
63778
15017
19487
25625
12369
39133
4893
51014
32857
2052
59909
29905
12350
10573
5698
31729
20901
9654
10711
40620
41778
25944
13629
22523
28004
6878
53329
34272
31173
40376
17466
15585
10604
31181
27399
47702
7912
62175
53356
4363
53893
49961
6031
46120
23096
59773
60329
26661
64148
53747
59928
14996
1807
24091
43576
11234
2003
654
29909
54302
24376
46955
45765
46945
64145
59647
2333
13556
57198
13620
43579
10210
36413
60264
60844
22164
62226
13492
19253
30242
22796
3158
21773
27318
34158
62168
33357
21864
54453
34059
32927
12961
12977
7352
3544
312
8260
19950
19838
36424
52702
37727
16430
40663
48372
24888
41178
47123
40415
55733
3619
23414
52684
56537
4889
36115
35644
9072
25186
40389
54428
20006
4791
47880
45367
23796
18724
33325
27400
61751
9137
28983
21679
56189
61976
39314
15229
56897
22721
13380
48
43531
1436
51891
18063
48080
27561
4995
37639
40536
54608
34225
28437
43528
4725
64209
851
45032
53951
40868
20848
11196
14612
4182
52425
2670
53382
41670
23459
9328
8677
46095
36113
25513
12325
52114
41828
55361
30807
64747
15243
37754
23570
42954
15238
31045
22241
56476
24335
3712
62012
64335
16621
37902
34631
50879
4306
45807
23264
9795
42142
25395
8331
29036
1553
28308
60998
65415
16689
7600
19946
28849
48953
46590
56826
26879
13213
2297
14142
38522
1319
53569
19078
45079
28773
3042
42508
29671
50152
24164
45260
51469
42498
47170
53327
58021
45024
24675
7615
25451
43245
62251
45820
4989
61711
30211
22398
27335
63895
3686
46950
42957
19623
30620
20202
57082
39397
37249
45663
44724
42057
47923
27344
16358
18481
33435
23800
39327
35805
55319
53944
311
18728
11185
53949
12989
35800
37721
9434
12984
4407
24887
29115
4539
7304
34695
59764
44616
36126
37470
57384
28984
21929
3630
64439
37107
38945
31614
40750
16773
61673
56706
51462
61524
38517
8477
37239
37641
58108
42500
12473
30566
42596
48777
2001
10348
33769
45401
47176
20765
20855
55063
7733
42469
52776
55446
12402
26696
12573
3385
60194
17884
34411
29790
63324
12889
36431
13835
64466
38507
59424
3551
24131
7711
41458
47730
25858
38471
49341
45103
56043
46154
16661
23109
54270
25384
61101
23049
530
53841
1005
40980
48123
24407
33224
6562
56046
368
16666
58129
30044
26776
56300
9335
29125
7871
8337
26623
37427
12286
31785
61956
16118
47976
18622
22352
60768
19097
47979
28400
10427
2987
712
30058
52005
40541
2426
48709
24129
50851
55683
33402
54403
30078
55631
43814
54732
14990
62864
15191
61959
32561
49079
55321
56474
2339
17940
11325
53942
4107
1639
52948
57661
30001
58368
3024
2570
5812
16132
50664
24
19237
37857
47796
27322
27452
23802
1755
19829
55677
46848
24338
34600
63513
39734
63504
24140
44373
49019
40512
62140
52867
49491
43821
53029
33369
19196
52921
13163
16658
60034
19430
14999
46710
54425
44614
7424
59123
17728
38292
54671
55962
30162
7488
15733
14222
2665
10214
50852
56937
30316
33646
8320
1711
57574
43723
1701
49313
42134
39876
44563
45952
22326
36368
15002
41787
37314
61533
35772
16512
15775
52946
52899
5248
14724
49045
58750
37317
48710
21046
54824
24881
41745
59876
45983
13086
23537
57159
38362
27739
23655
64822
42667
32270
33979
61686
12688
32737
7203
23635
35241
13502
53853
64425
10910
60333
54596
11850
22421
18023
8934
16180
28543
3790
4532
21580
47737
47701
48843
55680
59368
618
2903
16565
36071
33302
51097
28989
23519
30085
25376
37394
45373
40546
21478
37159
21731
32774
58162
15110
23509
59655
23449
6248
39479
41405
23456
34455
3672
43068
57421
37398
13959
9752
61440
8266
46359
1307
60602
16136
47368
53769
4530
1297
34065
27317
55157
47371
10466
18019
18438
6408
6133
43379
34362
42249
45846
14057
25847
8201
50191
65530
16971
23150
65255
3290
11800
50802
16058
50136
45011
1412
63216
41093
3268
19622
41038
59281
51020
19256
51791
41118
59932
13964
36358
45033
17983
51415
17290
62976
37408
17348
15368
4962
11537
41689
28921
47992
15681
36870
14450
17822
18427
1524
3902
65376
7565
6574
4270
11579
452
33241
6043
29096
62668
57511
32424
5038
29352
53409
55899
8285
32056
31224
28920
6238
3476
15292
7422
4606
6910
62370
3205
39217
35513
25610
48015
30134
41703
8496
14856
14863
26967
15831
28392
25736
53465
46560
3756
4910
34458
19160
32083
46476
50539
2870
9758
50573
7126
35703
26266
11283
2162
32552
6536
7780
4712
6712
5684
4228
7556
5476
4948
6228
6024
7000
7224
4404
5208
8040
31482
23986
11323
6760
5732
62374
32058
9777
18058
16778
31838
37449
7227
4452
40953
12088
2362
17176
36114
6685
41808
5661
49526
36671
4317
40563
19231
14377
45457
6102
20191
20440
30527
52251
49435
17375
19820
59094
23326
2223
6870
44253
51512
39697
39128
36961
7113
30224
20686
21523
15250
59102
55552
4909
23521
4053
43734
43626
64503
26647
26613
20108
39975
1499
57505
27372
962
38663
9576
14656
22546
2653
33032
9574
7290
15285
33350
8471
2168
63974
36590
32308
41882
8215
11874
60144
20577
29097
18042
49258
30700
39706
50122
4354
41548
5444
12847
20068
38978
5649
7788
54835
49530
42437
4442
36967
19436
39278
49452
17236
7261
9492
15576
34280
14704
32986
11824
59648
38977
4745
26887
50611
33690
64263
51685
61528
5404
2582
28527
36834
39641
39707
1315
7351
52508
16780
24093
36291
5928
9835
48299
53777
32298
13539
4693
26347
38633
51089
61615
15834
23876
19395
38123
58696
7159
4415
38121
21501
63035
58000
47634
43012
17798
52551
6090
63377
27503
61696
64443
9905
34054
54390
26774
25893
18554
60583
17608
17352
31912
14076
62188
57031
7517
19963
9981
29016
29496
57149
7373
31400
20136
54266
27381
4253
11518
13717
17752
63356
18488
13461
9211
16776
13036
29547
17048
15874
63676
63228
448
41732
25605
35511
28202
40798
41730
46937
35507
62640
29667
18565
50355
56725
37770
43640
28464
5086
65063
29723
62865
30543
43126
1250
5085
41870
18136
41055
15660
30736
7123
32728
58360
38489
11320
12091
34294
52181
18487
55038
49244
11575
39897
24816
8760
36422
27968
6715
5729
28778
7272
10811
19597
19310
32106
31326
8497
29015
30295
9572
7275
19085
11876
12136
8195
29997
57745
12059
47448
25335
22126
16443
8989
40422
34730
1024
15828
56284
2885
5163
11839
18229
40880
39357
20050
64138
41706
56723
7860
38325
21563
47952
28395
40682
27883
46575
8385
45029
33264
56212
53814
18452
6093
1097
40634
28607
62122
38492
29609
20148
48211
37814
9957
51416
57361
51978
63420
19677
36607
13308
28171
18016
16175
223
23746
48827
2839
41694
42697
28682
42484
29466
51565
18357
38538
62715
30391
39025
58675
4450
44620
19069
11778
5396
32700
6193
37164
17370
45903
29145
51207
6743
8423
40426
7458
54806
20679
36605
26099
4906
17136
40718
64015
47319
34676
52002
57374
27435
35450
50927
56192
62867
40972
29506
21960
30533
36729
24089
57154
51942
19255
1987
37213
60984
65216
48277
28362
33907
19974
39048
32501
59453
55701
54435
4322
32861
6999
11473
38589
65043
42145
47770
45372
59918
43444
47418
62958
10582
56424
51113
612
291
63303
6125
19132
27403
24203
38928
11197
15383
29957
48714
28407
33228
12335
28501
51388
30163
20933
48200
16993
64595
54089
52556
7699
12104
61131
53577
30654
48748
25659
63774
24252
4160
59810
20032
18015
40242
46538
44761
13837
41413
8086
51479
58279
39613
65033
43805
230
6532
64581
46443
48281
45361
45912
13470
53263
15125
8902
38660
18791
44765
12649
55231
62315
60596
9754
31186
37497
51
39043
52545
64085
21247
36063
37235
8428
47317
36150
38584
52947
46283
37574
60371
17209
44739
16551
23504
62897
43836
10591
35284
4373
62417
13756
40841
44352
57167
52060
32283
60321
24966
20647
52182
56272
16149
61025
29634
8776
25424
53391
29996
34943
27786
35282
14933
38591
39155
20207
19879
29327
5658
12930
1312
9067
3727
10964
18006
3858
25962
64473
64113
25787
48740
27290
6691
46651
54979
20664
39513
60430
45298
53228
57355
3574
64569
12871
11951
45347
53816
53107
5673
6925
13078
24314
25031
3035
22547
57704
52540
45192
20829
41482
25082
5142
26813
58044
47192
55367
18279
18911
21487
40280
52165
52869
48601
49645
37899
2713
54565
39630
9197
59249
27124
10814
41554
15231
61536
46770
43306
4445
45549
16744
44989
40645
6718
34976
32838
25223
13463
57266
55961
20549
6303
32870
9491
36566
43787
13716
59850
6026
45180
42182
61728
47758
25432
48738
41481
48543
55817
46186
63272
45720
51832
31638
41079
43077
4212
62769
14112
49924
1993
5044
51241
29487
7944
6888
44803
6472
51784
43342
340
7626
64192
52768
5144
50767
32670
54525
20167
42451
4399
7903
1172
52908
27638
22638
10764
52834
4221
53636
43062
46086
41348
8615
21661
58123
16740
7982
63657
44881
22776
5516
65194
63835
61100
43897
44929
44126
59731
61090
14701
32710
45395
59443
62614
14097
56837
17606
13487
20745
10606
22553
38061
49662
42933
42181
28374
59857
7583
58300
45147
7832
48118
35518
62652
17924
5531
25853
10942
25606
25613
6918
4766
1059
16642
38688
29129
45460
6812
33570
37443
11582
51026
41431
57748
33026
21987
39810
7560
63448
36035
27539
30037
43582
64533
24844
21955
38241
9429
60314
50340
23039
22351
7219
36125
24083
20076
62920
54919
26257
4763
10953
41565
25741
60290
42771
34449
39044
17282
46930
65373
28386
48006
33512
50064
43581
31363
45723
17237
34894
36645
52409
21063
8098
7834
38899
42346
26751
61797
39107
57563
11944
5846
31248
22558
30637
5803
41437
4523
39896
17631
9640
19374
8979
31149
7339
9235
30453
42710
3025
29052
39677
28904
26221
17913
38104
19298
5054
52014
34953
31197
17630
9347
65528
63050
35677
7948
24207
28906
60734
33218
10754
52542
18350
50884
33999
8616
6891
16121
4599
6595
50032
23561
16772
37509
23320
8695
39026
21765
49753
32052
42453
27526
63832
47494
42155
58410
17191
46163
12811
47522
28567
33319
10751
43853
10992
20573
29797
36999
36397
30351
31021
30938
26894
63010
8382
60061
63947
16497
64002
35259
3397
6391
13043
5891
11823
11090
42719
13243
51889
28037
16426
36408
52880
22048
40028
53038
24891
4119
33726
56343
36642
28634
55900
13073
16120
33715
18162
22059
1340
61269
42723
63431
42712
9116
4821
13646
33199
21687
39445
54916
12237
12226
52740
3591
54914
65031
5762
5764
19242
21542
30498
32260
52253
30511
33539
13782
56968
30515
20707
23183
5847
13056
60332
11838
37464
40456
1025
13002
59972
16718
1641
22658
58378
7448
2299
58946
9305
5453
55342
16420
56153
44290
46745
16679
23682
62433
4095
12676
60246
404
37122
35373
25670
33042
4484
47974
69
8083
60184
29954
52422
23380
39724
41647
42151
62279
2384
46254
43913
31436
50689
35166
58619
12918
36412
6859
51987
14808
44015
14236
55598
27816
40311
10608
58517
29425
6989
10568
7362
34205
54150
55171
49245
56800
14356
23087
59540
3749
25718
33017
6430
34338
11877
18564
36516
63416
2520
37252
11572
2861
13399
35826
33084
48160
22145
17219
30409
63146
39454
18741
236
24744
44495
8114
21441
59519
57133
26125
52125
63154
31142
35995
41382
47552
37890
19416
47951
17483
30767
39501
23072
62500
42012
45414
36797
63391
39494
59508
26118
22802
37988
37892
48497
51731
59322
19702
52011
11546
21792
47289
29527
54773
23998
56584
2496
43790
17212
59739
2935
41801
59628
475
28626
18181
54633
23192
34145
37908
18050
54609
23503
54620
21770
21866
54631
24242
44178
18052
24245
34049
13680
14113
21138
25857
14734
48723
28457
34719
5190
44022
47695
24301
43376
57088
52920
11544
46165
39771
20133
31806
24191
22056
32995
36467
48279
32051
31103
30402
46964
54293
36512
35783
55116
64635
10523
64489
3561
988
29695
722
45624
18080
45252
45497
5166
18061
18111
27018
62603
31908
7919
45294
15522
259
11083
48950
17623
5933
48623
27845
29555
21133
44931
14
21086
64959
2083
18572
57791
7330
55744
31532
5442
44161
31414
27896
9311
48966
26195
44951
4973
37577
57497
42567
63495
57709
7284
35159
7918
5039
50604
6464
3358
50012
11466
46732
50471
62180
49335
5024
7312
3841
53836
4157
40928
38618
3384
8449
58478
7415
1719
15983
57134
59665
48203
52171
43884
3442
6357
64902
39160
36179
40398
17700
18361
58521
29203
59066
39958
52484
13832
54382
2810
48988
50723
13913
2410
50353
42619
52547
43599
60695
47750
44046
55048
41417
35348
36880
5777
29914
11017
23138
26514
53019
48516
50811
32220
48276
46555
62959
10580
38854
57782
7457
34414
60769
529
47094
13800
61376
50342
5537
11048
38387
60577
27961
5857
37302
15525
43687
40406
25486
64687
11435
62968
61753
2620
31366
44793
47597
49895
27970
36224
47575
23639
46711
20274
44798
49991
53331
2372
7461
23981
52108
18298
57884
47916
1540
6855
26251
17536
52007
53510
19126
48968
8729
63615
59931
5247
47343
52095
47822
3856
38874
21165
27519
15700
4979
59625
26962
30367
55753
60828
3116
45900
52638
10662
22077
25734
26553
52463
44504
64190
54683
43397
42908
954
1691
20324
22042
16641
34582
21683
42360
2386
15895
29587
27715
23497
16177
60589
14449
36480
39936
24676
30358
51756
45130
63140
1154
28038
22454
5613
9258
34620
51402
36037
55062
43597
27747
49495
62905
55411
37967
4367
38715
8914
59067
35479
9117
21024
36809
54018
21710
33941
6422
23199
34994
14116
7616
8350
15847
37885
36329
8493
53262
47555
7983
13841
21447
62429
61444
4620
52469
43354
33802
44695
39839
63820
42397
36648
17198
31170
62061
32785
23476
5255
24791
25038
46844
36614
47824
29206
41952
50133
765
61612
46104
57802
15821
40397
57773
33197
36602
15165
8621
48589
49581
23354
7258
11354
7629
4853
33657
62434
20117
55531
52712
32232
7058
7213
35333
43198
60904
7390
22488
43995
12664
49007
46147
51841
65293
47768
23474
65291
29799
14862
65451
61286
61148
34519
45993
33312
65533
20744
48931
41190
41741
47346
50525
4665
19766
14782
24620
41869
60866
56630
12433
24817
25485
65356
29135
63040
29439
47332
44554
7690
60481
56572
51532
37300
48762
19432
38664
43965
65249
4314
13184
8609
34669
34733
59243
34667
52935
43118
59307
1901
63403
64359
48225
60513
1965
36381
59452
12842
54482
18348
34477
11203
47299
6416
16097
13739
11173
16895
53188
39953
41165
16127
1630
47664
6756
42010
64292
52541
22023
10801
1477
53245
9998
56297
13953
49358
53645
32280
58220
137
37986
1335
64290
9159
24695
64759
35616
29437
5115
34721
13340
52479
24838
23089
24665
4149
28365
25562
49431
6606
14776
40503
8140
38383
48928
53306
13609
27864
7837
55235
16003
62754
35085
57916
35179
18684
45811
40974
14860
63853
45666
30698
42481
42433
63917
59484
43203
32949
32760
51840
7562
64194
53605
26951
6398
37298
24451
31816
13482
35521
60721
60463
15263
62410
20657
54865
23328
36874
244
27320
12394
5458
31698
51892
55871
31113
61521
5413
55697
147
32233
19469
44858
7838
13597
2079
10941
40533
47247
26386
41555
12347
6600
36493
4394
46897
25885
46819
14114
42895
30598
44686
50093
40534
7395
62447
13862
4884
61209
40919
34990
65176
59746
13313
9588
59084
59370
5276
6144
20822
30508
12201
64623
13859
27784
29252
6372
27267
17421
40651
44477
33037
12791
58951
63890
57038
56765
52266
16996
39981
19901
33705
52359
43985
4472
45432
57003
31208
30487
28935
65000
37240
40622
54494
52043
8785
13474
10963
60595
58227
35074
62819
24194
61974
40661
25601
32252
9917
46005
44268
2361
40105
47878
48582
42423
56180
14162
2204
14072
39196
44779
289
3003
49982
19445
12310
28196
43457
26184
37268
22162
27418
32433
3761
60267
45124
57924
59432
28170
52961
35758
5864
52205
57953
24409
59159
53726
13142
58641
15275
23930
64881
8986
64564
43394
56174
3450
64577
57956
40059
32122
20099
11324
26191
12317
17090
38494
64542
53759
30903
51753
24781
47308
41428
52241
33236
5410
10240
4940
43036
41357
4502
32170
63868
58441
10467
3389
32991
15450
51296
39811
12659
32498
48507
6928
12155
16646
29360
49322
24835
17019
10249
2617
57519
58803
28717
37177
39737
30196
42420
22618
17135
20370
55223
13590
31378
22579
6112
28059
64336
43588
8284
27781
40732
64926
56972
13790
3080
62745
60466
23925
6779
3062
15420
29160
15227
53043
24357
50164
14839
32117
45766
42529
21714
52529
51567
64270
35000
55385
13099
29885
11569
48178
62678
27329
37060
8764
32725
46851
28982
21072
9133
25183
63114
62546
15077
47426
1683
55824
28188
9595
43061
41194
9623
39529
20135
21744
9134
15570
7883
18071
51813
11950
27669
5581
32426
64950
33215
43414
48154
20069
44822
7363
7032
62164
37588
56532
30780
51737
14145
19254
21715
38891
49678
30611
55944
16446
62876
33136
32896
16791
58013
8509
46215
43362
42754
57262
56205
64793
60471
17831
42827
55779
43176
7595
4489
7799
16073
59500
40752
16027
23113
42785
44162
7239
19895
20233
50809
62927
38613
20220
51985
31822
8765
43803
7504
16364
4535
13065
57153
10471
19699
15013
37098
60661
10104
26861
25713
40172
1255
12787
11939
29112
41124
48674
25903
21422
34442
41881
17387
53232
58995
12427
64968
18661
33674
27450
58736
30418
18977
20349
52035
28404
1974
17059
36818
58561
40543
2777
45649
6170
12802
26845
9794
44131
44398
63167
14355
3629
58065
28823
27949
31237
18415
33139
30806
43070
44025
8806
9128
18435
25829
3121
12854
8718
57677
29763
4890
29458
64729
57164
12046
44187
62299
17678
59889
21416
22657
29981
49303
64621
38756
5701
58947
60357
26335
41129
47026
21911
63239
25901
661
47543
43052
2569
14360
50173
37803
32421
38495
16488
53848
17297
13696
21225
48043
42598
30299
60328
40169
61574
2923
33065
15938
28817
6737
31066
25398
53553
29693
19608
20221
44613
28671
63938
61986
58241
18577
26863
59288
17565
55821
25584
1893
35582
26472
19971
64777
36503
54233
12028
60044
58666
52482
48252
20144
64169
30551
57094
3832
31406
58324
29004
33213
47592
4993
32510
18656
49117
37309
30899
18161
31209
37960
19772
61105
33143
31933
45051
44841
62482
19369
18439
33345
43732
43590
21117
44945
4851
16086
39333
57771
46744
6804
44402
41090
29543
30055
10145
59563
53091
37974
8865
40118
51971
35125
53912
3732
45456
25575
62381
1812
45223
43653
49999
38487
49997
64111
39794
7569
37502
54583
38991
3636
3976
1431
619
41094
45159
47527
48007
653
53412
43408
48017
3009
12562
31716
33494
58306
17722
40413
52507
11078
61738
17492
58972
60699
56797
61294
48104
14879
43801
52311
24024
51623
55984
51830
43085
21460
48942
32726
35830
45714
3613
3827
42881
54318
13393
38789
46981
49196
655
65501
65387
29303
22967
16768
64038
65421
65355
57723
14065
63217
12564
37014
3781
28472
7519
6433
43078
4022
45101
45616
24775
47318
44947
54809
19897
46391
15335
12935
7942
52211
5045
42
45725
583
5867
16386
64873
42114
64365
49995
22172
24659
40120
60423
53418
10588
61288
63307
34637
8713
49473
47723
2719
1917
1915
3280
16654
47235
14357
20735
10678
38481
45459
59450
52496
60870
58001
11861
51604
61348
38051
17584
31437
13196
38081
29685
65365
4903
27008
47059
32061
52324
19692
22127
3880
12915
36157
28299
33234
27580
55447
50127
52755
57690
55659
54977
23990
49215
132
2548
60522
53867
58474
43763
58049
44099
47303
20738
31130
48792
46760
6820
2221
49205
16442
16433
4759
48797
12180
39507
4753
4769
37491
51101
16104
63944
57967
47729
34630
55558
32548
4553
13297
1910
41977
8124
48595
17907
14362
43000
13658
24631
41813
59451
47053
46509
57345
46994
42821
17546
38345
55244
48162
29603
40127
1356
34776
62242
61072
32945
36970
53834
61652
6962
38608
49233
24586
643
42042
50266
51982
52662
56658
12912
26400
38082
53342
38277
14723
43773
21068
25766
31083
26316
19455
14791
51772
24921
15518
65322
61082
26667
63829
39483
49990
20337
45267
54695
50788
49992
18297
28698
33903
5450
17590
30117
21934
63319
18592
28782
24215
34216
2642
10403
28549
47334
60819
16093
2594
51582
14888
35777
35010
79
52020
19518
61404
51074
16072
410
24063
22696
7226
12740
61187
51837
37277
8516
51161
27348
23383
13975
34088
6863
18515
57131
40342
34008
55563
14529
62963
39700
35468
50874
29934
65398
11002
13978
23074
30190
65400
4642
63246
12108
59360
14198
62463
59206
13157
36623
58030
42796
51569
1887
63350
17070
24601
65273
4643
53650
38965
25524
51762
2279
29835
59199
21754
7026
35780
39485
39211
51321
4434
17227
55597
61413
17706
12680
58335
33770
1756
40247
63641
2422
64407
53652
29618
33328
33384
31803
34806
24514
32059
36155
1151
26573
45839
4436
63674
58165
52362
58662
17541
44148
21012
2454
39931
19005
42992
53687
2597
44942
14729
8421
17037
45707
18824
53649
49706
18491
49038
9457
52975
31730
47707
20863
34211
10882
19123
17833
42443
13401
58345
9101
37271
26027
33458
7878
59124
45488
55443
21380
2604
651
1282
3983
65534
44196
60319
30004
62093
38045
8089
48335
53141
54938
19615
23325
31461
56290
37968
49193
10408
64437
63815
20079
43029
57032
13321
21091
28946
57726
65023
8271
64153
48057
54044
2775
61934
54611
64074
4196
4227
41454
5992
52934
10284
2172
27300
16422
31465
21459
15517
33818
804
32803
1521
39480
37840
31098
34264
3538
16088
21982
8818
32652
65411
57330
60854
19036
44184
14001
34757
46914
11475
21082
53349
40912
21469
55472
58743
5782
5071
50623
7827
44652
45019
13528
20501
45607
16139
7968
27993
37484
48571
18190
14750
14461
37075
23092
26211
3942
49518
13076
41026
29196
36621
39054
169
22131
36827
4093
13324
36542
58238
31005
13628
18347
40577
39930
18379
37531
43944
44631
18369
6059
51653
41639
6081
18337
46343
23154
60355
14592
18177
57084
52455
11191
5889
5980
16160
43780
57842
55313
65044
24871
13328
31424
12298
20561
62590
57537
18789
42103
5460
40970
26353
2656
48336
61617
31397
54876
36003
43223
35291
21360
28542
47155
43313
29002
29100
63755
62578
39297
57683
2062
63915
35245
14243
24040
3560
38181
3137
31619
64282
3092
4432
30932
41795
34583
29312
53624
63678
24952
37679
429
20909
56781
22667
33329
16801
39153
28109
61869
56417
29089
26981
44493
29101
19917
782
60308
28042
2625
39387
19910
23579
1828
35273
10195
22230
42152
20160
39064
33202
3377
25529
20889
50141
41631
7404
62951
25253
28953
43450
23256
1171
23715
41803
42285
64431
24883
54067
60570
58574
39682
41367
47285
8102
24010
32765
22169
2463
58439
23982
26214
6395
64953
54464
41570
62123
1155
44391
25383
53173
31814
64011
62091
29938
28528
35544
60627
32841
27183
54647
61966
58303
35078
37816
56214
50836
9985
1894
21437
34124
38548
3023
1958
35380
27188
14422
20100
5118
29432
47893
61573
27724
41645
38482
1178
113
33346
13193
62780
21107
52336
9891
9557
58290
43672
37812
6900
31135
21528
20395
21434
51860
16521
56809
37914
20428
14338
14421
49370
15557
37126
3890
18950
53686
5523
57512
28403
23734
42216
25464
30194
40971
45785
64896
