51095
21265
20591
59832
20491
7973
24883
41633
18267
30169
13599
40994
49477
64314
57361
37876
41503
28053
8550
35141
51436
50460
62680
30814
41798
51193
64876
14380
56684
3867
22035
19719
30711
55493
30431
1331
14024
27246
4746
19285
64054
45391
40457
14308
19025
51909
21857
16359
31774
20441
20445
26759
60177
63398
61915
47752
12473
42108
27066
23508
57110
49534
52730
49106
37899
52385
58283
58492
1876
34217
20054
868
28713
6061
19363
43631
59609
56656
9469
25329
11090
18305
33784
47859
35505
64842
39604
36338
2707
22634
45042
60718
47653
34366
41134
6878
29147
52050
9177
5339
7824
42845
50232
55382
24043
49147
48748
33085
33071
13977
50542
6344
19032
62949
24585
41453
48454
4446
48811
13368
57339
36117
58034
7184
928
21743
33083
37453
37963
60105
15885
17898
28846
15886
57608
46664
5111
36345
53519
21496
56380
7152
56370
58779
22130
56193
29836
63555
4469
37424
44244
28542
24583
26137
49174
12714
1223
21289
23660
15220
6290
56796
58108
50243
39148
65472
42215
61172
21658
23398
37548
30899
53703
32813
37756
51228
27224
49950
58096
34034
30033
10971
19290
24407
9519
5955
7741
59103
29143
22169
60261
6931
6320
35961
2384
4191
20816
9956
46288
8440
43030
59266
18312
38180
2037
10987
18600
24915
60262
29081
32661
24030
18598
39268
39030
12716
23104
37112
25751
35671
13251
37991
46146
56077
51444
42629
42335
19253
50164
29692
53230
64324
39516
59008
31641
62228
33700
25363
30344
38503
27310
24378
18741
30346
40097
17352
21221
50603
17183
61183
56016
58097
46150
18716
13469
41269
4096
7705
36850
57607
60068
29324
13854
55721
4360
24281
36861
56109
10738
9665
56618
19676
59628
14363
19546
36495
939
44555
39801
56275
60909
43817
13163
2429
57913
57173
62491
53165
18758
64853
18816
60297
36055
60315
44572
17552
15837
16228
59041
44650
1085
59909
64727
49490
62490
47692
19779
46750
31157
62754
39919
3640
55772
13265
36840
57656
29033
22297
2881
36390
51722
35459
55877
14216
64500
11393
52114
14277
55070
24068
63843
12508
58206
38923
56613
30676
16239
63957
36853
32284
45575
23767
59054
9309
56367
31287
54792
7149
31194
4964
36181
53895
55601
62813
12618
29089
24826
35826
14135
5552
3768
3055
28042
22940
50323
11169
40420
25418
28426
34749
12392
31566
12684
63533
17485
39520
57150
55940
58750
28927
59028
13240
61932
59519
141
47686
15187
62692
18096
39432
58494
34530
44536
64865
41221
26594
59407
33052
50174
54536
10888
38554
59386
46503
21144
51972
23529
1212
24660
14027
29652
50847
53606
64483
18661
49573
31047
15995
59385
11129
54341
891
55621
53536
12575
32824
19047
15307
61101
5202
10378
50203
35191
11692
55113
52238
6497
37886
22609
37001
12846
44357
25163
62303
32428
63589
63035
31251
47711
7039
55874
25290
29129
49548
33885
43667
28282
58917
5409
36214
28916
9578
37350
55228
58806
33857
41030
65154
38496
3560
15208
13970
1084
44009
48153
57909
20457
34961
15186
25706
57380
55181
53339
16990
41612
59363
35554
6323
25696
65209
56068
10745
35218
57368
15580
58882
64178
15052
16552
4564
26153
57790
58491
44622
19237
58315
33487
46343
31380
48199
15492
28056
60473
20419
50527
55289
41843
12961
29256
32173
28357
25160
11994
32413
64090
4203
30965
65034
46373
54836
13610
21540
18086
1092
54863
62500
39534
30453
14952
59520
31366
57056
25668
54026
59169
5139
30783
4818
10554
1831
62195
11370
3515
61129
36575
21445
34973
51829
42785
49875
9
51332
57869
46681
15161
52945
33115
2556
56308
56331
32171
55190
19962
20043
24177
30970
7625
53822
58357
31983
57352
44223
20368
28966
4185
28732
6859
12113
34408
10721
44479
62729
36311
17529
65375
45368
61898
52151
44454
29141
13806
7100
8921
55997
61593
2759
61832
65145
37728
46136
17055
59209
53482
64695
21415
47363
41438
42985
27631
10985
36250
38568
24200
8412
33561
42063
30450
31465
42218
38889
49363
32716
45906
44043
22842
50994
12299
19375
22511
48670
36576
61828
10730
50206
28479
51328
24964
28840
63074
56375
32725
7500
5760
46822
24096
65366
36670
44164
60659
61237
7436
53054
33531
26000
32084
56491
55451
12877
18912
36200
43954
60170
33461
58116
58495
57044
29610
52948
30096
41927
25187
29685
16433
30104
18685
29068
37893
30383
8684
2946
55743
46194
1290
37344
24364
6329
44595
5330
30436
33088
12269
61565
65260
36960
32988
12896
58354
57259
21170
52617
44225
6787
48829
47616
42559
19769
9896
57085
63363
28100
21756
624
50506
16729
8140
46871
38642
42041
49796
48419
26499
12533
43606
49301
44071
19075
59551
16044
38291
34969
36883
54005
6424
35753
52754
44030
3182
35815
42640
46166
29429
53213
59354
639
59989
56815
6823
48575
21119
56607
28205
54698
29488
14840
16443
17494
48511
9221
20594
59979
36313
49314
12338
29946
24411
25982
27958
45835
49250
55960
9742
87
5878
16482
30234
15030
38072
48463
17612
64934
40808
14889
2504
25148
48282
46395
1415
46692
22527
55584
2498
4184
51669
17651
31276
40506
21765
1576
26994
37733
46695
42292
36042
531
45817
55679
44642
47252
17112
4311
52126
62860
38070
23713
45809
25782
47545
19175
59259
21977
51737
65093
2479
58003
46907
5755
6261
35188
21741
25865
29902
48852
20878
16084
781
47599
18913
36212
37845
12256
10201
3341
8143
44868
24975
44914
16287
45879
49913
5697
30412
37276
37226
12266
59719
4206
51755
62456
19222
22839
33853
6368
44614
48732
21400
60351
15003
26117
43785
9032
31931
22854
48398
12510
23199
29925
52439
33217
4743
41409
48766
32242
46903
31559
17623
62719
260
24980
18609
25721
10440
34238
62333
22379
6328
1484
46531
3878
59329
30231
54964
6072
41713
39228
29415
4849
24939
38012
969
48030
59880
47641
22038
49825
35661
51403
20694
22353
5324
35359
1063
38742
7952
62012
932
29674
27903
48634
23366
12406
13869
51017
40038
9190
26872
7018
59617
61664
6184
60834
9861
42830
45081
47843
22240
49464
11613
890
30388
15344
10060
62208
321
45703
28476
33025
11762
29067
14056
48430
455
49325
42480
40151
12251
1293
59622
56441
11974
25181
18608
3434
43791
60345
49944
64845
45388
58445
39649
12128
52844
18406
31518
50003
7817
26902
29941
8222
45303
135
49362
20642
45451
39139
23447
23739
59981
50928
54533
50292
65198
58383
6952
14742
44
22928
45678
63525
46244
50873
6064
24141
13703
28629
3140
13536
23973
15494
21275
40520
45522
6517
19020
38540
23237
31187
51249
6985
53705
21976
13659
65520
2427
47450
32443
20103
22916
31026
37033
36332
14759
1081
62583
46354
60589
18647
16644
18426
32469
14702
3051
27561
61136
12644
28833
4166
61267
57917
17013
35008
23648
27927
3585
22138
21646
15230
61428
19226
52723
11768
65305
61010
4123
56107
47380
61756
32855
16201
34435
5533
27959
13747
16007
63771
16655
58493
58317
31372
49710
7033
48226
283
56802
47657
56162
34080
40293
39219
61985
18790
37003
8462
55863
25155
43081
56467
49761
24529
36704
24011
10433
63162
38632
61653
15570
28409
42467
14258
37670
64496
63309
43300
21681
21692
24906
8648
32121
34370
32383
27912
27949
17860
32312
55183
5317
65434
45126
58625
13023
3942
16257
1926
3823
38618
32472
18859
46263
26911
58878
48687
33627
39481
44947
7147
17016
51145
908
24535
50197
42381
41147
6177
41953
20718
44457
43452
46044
2598
20707
18628
53172
27811
4040
53034
38390
23040
1307
62774
57057
52062
41176
54324
23209
9958
33980
26943
45172
50354
20981
38341
25682
46381
53739
35254
25623
45178
29935
26002
35366
15210
10252
13013
51570
51141
65481
46786
55226
35471
56781
3656
25416
54229
41336
28972
53367
12959
11257
31197
24116
9706
12228
42567
47173
13882
58077
23704
37186
58515
58251
62020
58737
58685
10828
60694
15984
55570
53324
41284
45374
54800
40690
19216
57782
16006
62094
6919
61184
59841
23889
35305
45650
14586
29537
10445
9797
58877
3758
6419
53834
19332
56906
61192
33747
57416
49711
15309
62116
22386
36086
24346
3470
15640
33624
36936
23246
41823
59109
53857
46583
27565
64062
6020
14923
5159
46666
35342
52698
53955
34864
25801
51672
10562
57140
59302
57787
26993
48121
17133
56742
44735
8774
1505
49492
130
8611
16217
27792
53588
5340
11227
30942
31360
5578
50821
8356
24821
44469
65094
2852
4297
16944
59233
55355
6157
48505
17891
47437
52356
20968
21336
31660
43897
53495
7005
48742
46607
28839
6716
33430
29916
8411
44888
61193
52916
813
42506
60071
60117
54826
55293
28968
36881
36963
41926
37469
44468
41886
25000
20245
32691
16271
45860
55101
48999
16808
45407
36189
21564
8410
62980
10774
8456
48078
29424
1591
3928
50168
10412
34308
37559
21207
8264
14929
53960
47721
19509
35362
44153
50213
4275
30972
18308
4798
32045
877
42515
28122
45286
47556
34163
16336
3401
16806
51508
27165
26129
25975
28534
1482
39902
58509
52806
26946
30512
63890
14812
6396
4504
11087
35154
27571
47522
57751
52683
40068
5850
34800
3001
9699
23295
43455
56694
53590
49168
48935
53811
48858
19810
45097
44111
52573
29401
36252
25289
39322
8224
23250
54003
55590
52316
59456
1365
50406
42098
43007
2794
63206
33123
9184
43498
38050
19868
5600
36058
47430
3816
20618
43961
43066
9208
14167
31877
14209
21525
42128
64570
48079
9335
7228
30874
58690
2065
14641
45796
49623
18604
16570
37880
1355
15176
19350
21205
34875
35552
16718
29396
12200
25671
7706
3843
48194
31567
35462
51918
43302
19685
14072
58846
50028
14123
42315
38201
17458
32675
40677
60131
12487
19072
57034
26754
50228
53592
4104
10519
13199
35110
17934
34807
23470
56875
22124
14754
21186
19704
27248
36094
27616
46335
62007
26558
49053
3801
3883
50690
51684
36739
16605
4986
48278
27898
39246
933
64352
61315
1300
3663
3880
1013
18918
3912
789
30442
31350
39011
39789
5561
24658
43107
26429
30394
43717
27818
65180
17849
19715
8432
49009
56877
49470
47609
23801
63167
5018
24515
62069
10217
62663
37168
23812
32107
60881
49030
43943
42650
6644
36415
51224
42854
57602
29791
5506
16069
42805
52167
54989
11013
5873
40160
19846
5543
16484
6473
9581
9470
25293
16483
35433
16184
12752
13420
29939
58709
46014
55592
11221
59416
28960
39014
5518
42007
1728
16448
9206
20741
33233
16343
21088
56271
20164
57931
3326
30856
47712
17778
27582
57022
42639
44401
48571
26218
26533
43956
35208
22794
7676
27452
38020
17689
59573
26921
65431
34906
51550
25298
722
40833
49026
24401
46726
33490
60998
33622
25873
30854
50282
33292
48547
47991
61328
30805
12897
16077
27253
48553
11523
55371
18304
2727
984
55754
13125
13409
21002
16528
46498
35578
12371
14815
62658
61759
9819
41692
35949
8414
45256
57699
52226
2746
43804
29353
44964
20034
4520
6169
34932
6139
38009
61864
63649
3516
45720
19386
41734
59077
33339
23652
18971
19556
36187
15
35017
26863
17604
43523
62833
5848
24146
19381
56298
34109
21533
46552
63977
42905
592
49739
2114
40906
9050
55263
32406
18178
62100
36222
61542
25507
48686
43500
40835
64955
40401
42495
340
41710
587
60670
64210
20602
45476
47418
38068
54415
1825
49759
4366
63552
22627
59175
62002
42791
37810
26167
24123
46805
33321
45729
64168
54414
25984
23970
17710
31987
17798
48920
27640
46027
29769
63143
41711
28069
35689
58968
11067
46218
22151
45807
17730
65011
49677
3221
6939
13772
16
14187
30615
55429
29824
51613
9255
52473
15801
59281
42409
44618
46174
11810
49371
59716
37995
16242
33467
21065
13964
57041
65298
49414
47236
61041
64795
50410
22137
57113
63022
26150
52735
42018
25444
6882
46917
14045
27819
18794
20352
42594
55827
53462
11785
49915
20096
638
6853
46850
15250
30645
29136
38461
14782
52076
18106
5976
1193
37941
62772
56513
19343
54409
38765
31410
10199
4038
53029
4823
55486
61852
38815
61109
23011
26527
43929
7303
45195
39839
40592
11735
10223
30739
27244
6127
2880
4999
9252
32859
48877
8738
57876
12778
51352
22436
61013
47193
46679
41312
11375
30456
5275
13329
45309
71
16277
16719
5974
17584
56200
33522
8814
10205
38357
1226
2581
49102
46033
27567
24349
29227
24719
26294
1248
62593
49368
49366
42922
8901
56916
10425
59602
26365
19512
45171
30093
41706
34036
26531
28073
45640
19672
54239
21881
39149
62615
48537
53698
59117
56202
17367
30608
39249
13347
56842
19820
50039
19675
635
13803
19888
35817
1509
308
60399
40559
14052
22227
29149
4954
60376
6100
50126
64427
10215
31371
61961
60455
36644
12292
21060
19466
47964
21104
11363
10094
49991
41325
3913
31526
17242
43518
30603
43166
63947
17156
49909
38645
31055
47484
37621
11522
32317
35923
4059
60390
15751
54172
50069
50433
58834
2396
16426
48690
54238
53270
50593
61405
19065
29930
51465
64424
21748
32881
22690
53214
51343
21405
55990
61686
54426
23505
60945
48657
48769
42667
50777
54596
63819
35185
30197
33674
2407
22241
22247
34336
20749
22887
30150
48800
269
23884
13194
14704
64506
39930
9670
47588
46142
47819
2680
35119
1182
50238
50466
41523
22116
63562
10726
9411
40604
26698
4134
49518
11534
36306
47622
39058
46314
1519
26798
5832
21993
20601
45813
55375
48658
26134
41717
63894
3259
5687
1960
27255
9694
21167
54276
58982
46501
3700
14707
37939
62842
13327
36468
53108
61839
8197
19641
5498
50494
58189
41080
18025
48751
41322
56059
57236
54934
22834
20358
5637
45549
9772
58598
19009
24686
39024
61329
25847
46408
2375
53413
9414
62070
2658
35127
55370
29284
44039
31548
21663
32324
63527
18357
182
24110
62190
63996
50287
22664
54757
45206
49572
44481
10194
19634
19669
14398
38188
41378
53231
51482
37850
17106
53663
21946
12245
29007
27444
35659
32109
43340
52018
26233
20949
44203
7339
46013
42012
49043
56431
27764
65395
37537
32886
1012
61325
48919
5414
48554
23904
54815
28237
45462
41536
12464
4991
64614
48559
29626
3237
11611
60726
59623
5948
7013
8068
2923
43709
46016
25878
25935
56233
18871
33028
60841
60842
60658
46653
63052
65370
14392
31825
31792
15460
45426
26510
24572
25513
15253
29250
64083
59045
43024
34604
17964
15245
50488
42767
29069
52630
52464
39489
6079
17575
45922
37229
36609
12984
53816
51019
35990
39670
9688
51173
7880
36902
22408
64811
37011
37942
40222
16612
62720
35320
50741
60608
55152
40846
13738
48461
29701
5295
21572
62532
1060
17572
41299
9302
25636
18333
35546
2365
41432
63580
14347
4192
29436
27668
32473
56700
2683
25612
48588
8865
47359
42100
57638
60236
27243
15008
38052
56083
56552
36207
33591
30356
7379
59850
5114
398
8288
5990
46775
19629
15109
16191
37143
62756
36448
57677
34845
4554
46574
38393
3647
52357
17673
25670
18582
54828
31822
8876
44158
19617
16238
57102
29425
32011
3787
31642
10392
46229
7229
29216
50512
5698
4947
43686
44218
12862
56559
2182
30174
54232
39318
58356
35303
48319
24742
30920
9849
42349
24713
34051
39701
25257
6390
19351
57791
6102
2753
60666
51978
23927
37241
27219
34388
30780
48827
4883
63374
51723
2719
27666
44003
48521
8419
1184
21502
22487
5501
31257
18354
17320
45500
53196
38681
18401
15082
28899
1954
48395
62059
58958
41910
39907
22970
4097
16125
56044
42664
22176
61741
65207
16292
17337
6392
30471
43227
57274
21106
51238
46185
30379
14329
30170
28362
53584
42485
19767
29611
25210
30961
54001
19372
13711
36001
65454
19542
15810
59723
57866
39203
12294
26661
58271
61044
28027
54933
29684
4576
16031
8029
24180
29615
29146
15434
58819
51347
25594
61830
3026
57451
43531
57675
55012
15469
20367
23066
20972
24650
6598
22086
55957
42580
1754
64495
25741
57385
25206
2200
45040
10209
58366
51169
23337
37239
48905
16409
62457
41668
32809
21223
62462
22189
6204
2857
27417
45501
18505
22072
52526
56047
56748
57899
21407
47300
48016
55540
56764
15926
60982
14476
27540
25902
24410
31201
10401
37084
31770
10561
17313
43232
22959
44154
18597
35702
57335
59764
30127
57861
30366
62143
48506
60001
60848
34474
33886
47421
15312
30675
59685
29976
16882
14007
18941
53891
4935
20417
61056
55881
6718
50890
12617
28947
59299
32212
30046
57629
12835
17928
46867
60696
30716
51146
7653
47658
17770
26093
55114
7370
57812
38929
4101
10588
55059
6827
10498
11736
10150
285
51435
12722
23810
12018
33273
55757
19996
29059
38895
14610
28424
9611
18866
25424
7232
22505
14378
29548
29251
862
28914
7365
45637
30686
48709
18121
7537
35134
55051
12493
10920
14984
60375
9089
34106
9834
43366
30591
52324
19266
53346
14655
57997
28728
12046
65128
4939
45344
60497
20839
16611
53774
18735
30892
44857
40421
33371
58576
37157
3370
47919
34296
30710
10145
3207
20640
39420
30045
60149
26202
4474
63629
8408
2314
6996
5490
58295
19389
17211
4990
40672
8906
58661
44757
33274
28959
53386
61506
16768
29579
12847
48645
49508
13053
7245
28844
22101
33744
10113
53608
6319
5770
33151
30852
52499
38585
45970
35282
31454
45133
19517
52505
62388
53425
29492
1309
61091
4649
52478
7913
55636
61336
36051
34311
48175
15998
19504
22393
23800
36858
38333
32417
57962
28958
54279
23144
34931
1161
61636
42807
2978
24733
10156
54200
37799
9214
20653
54605
58197
61189
60364
22573
55989
25663
60916
57544
32545
56538
10913
14761
52780
8655
33013
44671
16194
24474
46339
60747
33275
32520
20213
26607
46991
17489
31473
16971
30616
53084
45563
17930
16197
38399
54069
7097
4129
4894
36510
60590
16593
32134
31480
58596
32138
60154
29764
2475
60146
4642
20107
7906
42903
14281
12564
17119
43968
13081
17207
8306
10373
893
28512
56498
35575
55692
19869
39526
60113
20114
28568
3617
54237
31601
18856
43079
2409
5146
42164
14457
35754
15221
23067
34182
28275
1640
40745
24886
49963
61151
4698
57189
5577
20422
10436
62667
4300
41153
43868
62162
25857
58066
367
10729
28806
49016
35251
6589
21202
26714
53677
23287
35747
45996
45917
38643
48499
25208
6055
44427
27623
14797
4691
26547
48909
36434
804
57672
55867
7024
36636
10966
9668
27642
29494
49472
39206
62569
14693
4981
57481
48820
39019
43636
8962
64366
52799
12600
1602
22370
13167
55759
35101
1163
26975
58899
59477
22586
59199
63463
14157
53456
12429
62167
22708
5901
44584
46327
25931
54010
6537
44222
47333
17840
31423
22689
26214
56493
5096
26559
26064
58496
42955
36494
32276
48641
62735
19851
47071
58654
43493
37634
18054
63208
15369
46334
44028
37918
25149
63785
23257
5401
17852
45663
42238
59482
58809
1099
31744
25680
59213
30432
42943
44318
60168
24199
38872
6847
56579
43967
53814
25265
49918
33209
59296
53736
61414
26192
41331
14675
27340
43085
3857
7094
7475
30002
9300
29647
21966
48567
58860
2344
7277
50338
51258
46791
48880
45181
1324
33999
29619
22991
62773
32051
33851
44837
1548
62300
46319
3007
1308
34395
19716
7361
60277
19432
41731
2747
42931
38336
29337
36100
50070
15606
10823
57924
26766
35951
63259
61511
22107
3994
39222
26852
4676
12040
57658
4370
8439
13072
52631
63888
8149
25205
39495
61580
19286
33300
14699
48555
42346
22844
49096
59303
58216
56534
4124
16617
13592
61591
54697
42068
47958
51514
18862
20420
30173
37972
25515
62560
45473
39456
13403
30315
48510
17935
25578
44429
21755
51517
39927
20929
60860
13387
7990
16346
43755
27054
26178
34589
42816
40996
13337
1646
49526
20645
2516
21078
190
18078
10642
18699
22232
26812
34009
28764
22380
12268
29679
617
17754
26945
53622
18003
37264
19109
24701
15401
62997
59034
29927
34766
40435
19585
56713
179
61205
54326
27268
51116
37384
52834
63193
33211
3317
56130
45822
11018
24023
2511
6994
28907
50371
15287
45400
23685
56759
11779
58585
29631
29404
2644
13058
21097
8447
34133
48854
18761
27552
17831
26913
27961
54870
53469
37656
28066
4785
51840
32019
14652
9092
24622
43651
57261
43094
22433
52040
24783
64415
4381
24158
2659
20192
5591
47727
17640
40757
11479
4037
647
19874
28118
48020
11880
17335
43692
28931
6016
7559
41998
11223
38029
40673
34810
13043
44516
16788
46275
46276
44256
49962
52885
52353
10454
798
54768
3124
50765
23404
42214
30303
9399
28098
15753
21384
49670
18407
24751
2134
54297
49012
40770
16628
5408
51446
54380
28430
37596
63232
14794
20597
2115
11488
10972
4518
10462
57012
61717
28167
65398
60491
32067
44750
53560
44517
47099
11230
65256
36989
28971
57991
16190
61145
42813
44864
56020
26755
47208
18841
19271
25223
36613
7638
24382
9179
46486
41861
22679
38750
42442
11228
23386
22230
21278
4567
27551
5120
29572
33301
55832
34399
30698
16513
46586
23957
28634
43226
47255
37319
45947
57799
62715
11157
11255
21236
24190
18623
21254
41535
12839
64315
56933
47821
47815
64277
20110
46751
37926
28736
2512
41570
20759
7812
4751
55896
58416
15756
15289
15660
52506
32994
2476
17947
13192
34473
15855
16861
5702
52511
8896
9485
46512
53691
17579
59505
22414
16469
8281
34598
10827
9473
34924
10360
637
64805
14535
44771
28601
6338
17582
10083
3871
18776
5529
60621
9294
4241
8559
35038
627
27168
6123
55126
17167
22821
15282
35230
46843
30440
10490
50479
13045
8949
31532
28549
30178
41883
54161
62938
1052
3243
17059
56889
11681
55806
21103
28864
18297
3828
16050
3438
35845
8955
11436
47139
32727
40036
17570
4830
46025
34129
3625
55819
17909
6744
27729
52747
633
38099
10203
894
59783
11474
23064
64517
46026
58281
46472
23965
13120
8438
20786
10423
30371
50643
63656
25236
58426
32442
26471
9828
61427
8804
49554
54484
10084
13797
16293
18649
14728
6733
7648
47150
41552
42359
25849
25719
54073
61700
44938
22324
52069
3999
61559
51643
32167
10912
38107
11180
32980
41937
4487
20466
63627
54660
4515
24752
12949
29345
53529
18642
20443
21585
252
13741
2153
61057
17569
56849
50331
12434
13740
35419
17992
9227
15313
63941
636
23409
21874
28094
33782
1047
17069
25835
60067
51626
20946
11583
64063
21920
17072
42622
57752
57450
41086
49569
61247
56252
327
19987
54345
16167
40046
31448
13332
32731
36588
8634
17371
31219
30605
53105
6865
22606
34592
49746
46121
9888
44919
5280
6560
32861
63553
41365
53258
43536
3669
61587
61238
30902
22520
29133
40426
12856
25856
29896
30168
18987
36667
10416
8420
40431
8646
47354
20697
357
5151
20218
12955
29423
44118
21442
34947
53999
56459
65077
64969
10491
60400
9461
11503
61133
9737
4464
52463
47247
9717
13647
13466
16490
16295
19692
59974
40170
36076
18163
56681
45079
36224
23
39883
26816
10847
36534
13313
12359
20578
60645
15006
45143
56594
31050
28505
15575
56752
8813
37920
43129
5209
14515
60049
14836
41607
40514
33944
49178
5997
30825
56086
56081
28611
26256
22939
33764
35913
56952
55307
14484
17893
43458
60043
48001
17502
2335
33137
27970
35850
7251
11425
48724
39308
60619
63733
38830
15224
753
43411
15627
29100
495
19671
43175
30375
4765
38109
14843
32602
59340
20292
34197
62464
29319
17559
39536
4827
36888
48181
30904
9974
47153
62838
14861
41765
41526
54374
35574
52331
23383
58275
39549
40343
37442
34148
12780
29892
59733
57408
56069
40260
27972
35675
14242
26588
53690
12852
4336
18085
21978
19759
62238
10164
50722
35340
61211
50620
65195
38913
63246
28058
1582
49826
13158
27172
29356
510
32437
64141
63987
2833
32805
60314
45967
53921
30881
48216
35796
17585
40679
40947
13324
45191
4053
17991
47554
247
12542
9043
35872
19191
32920
14777
20690
10836
38395
49266
22647
2686
47845
23190
45076
28835
47970
42713
34600
64840
62461
19331
21272
26115
19005
38424
23387
16876
59587
55787
17157
59738
60578
41383
4882
15431
5335
36658
6108
10967
31472
16010
2690
52987
52210
45664
38734
24448
17318
21477
58038
7997
54582
30341
10276
34358
51939
61764
43325
14599
36079
55665
15599
40218
43241
59976
20106
9466
57307
64748
57821
36449
40175
57024
24150
12776
64673
41911
18330
10385
15045
46720
7710
27537
16778
46541
43022
53791
15521
6195
53390
13587
45416
9030
26055
565
48622
29016
54688
62202
9786
32729
40344
25287
45068
15404
54581
28425
22036
50851
27176
51875
25579
62710
40765
8886
23080
64006
46622
1150
60771
55269
8866
56729
34769
53304
63460
14943
10115
6917
65450
59968
27548
5868
63582
1147
40294
61931
40321
20007
25383
49113
15108
33565
52729
34306
57035
8552
533
49110
43486
64940
12136
32655
54321
56531
44018
35449
59311
24341
6922
5568
5756
31638
1628
11734
2299
14348
57552
19588
32098
17795
44705
829
38840
26426
25777
60322
45830
2909
29945
58815
6183
15142
9203
51076
38721
670
27073
12457
29131
32591
61487
58071
37194
43110
33686
32136
15661
13771
3152
52215
31769
61382
61947
58818
48144
9239
14674
11222
28146
23119
14490
9118
57027
44721
16571
26263
25678
33259
25387
8333
37662
62508
15374
2090
12193
22944
34569
43388
56558
29983
61481
43554
18938
12728
25972
64044
57843
53696
39782
38402
46057
62129
14882
19387
22133
21005
17388
2961
1187
46835
910
23110
4030
6114
28628
48906
51798
64231
13899
43679
51947
50814
37724
51838
41443
20081
1237
14919
1556
24528
30803
1106
16428
10061
61693
36216
38613
2463
37744
62232
29229
55608
45582
54401
1688
31349
63826
56111
31252
59398
42144
8112
43787
22569
32887
44048
13028
42513
10015
44918
23538
27718
10772
23541
33258
55612
43056
13550
43483
41101
58957
33250
32059
58570
38725
5168
11311
54065
53564
28496
30934
12938
42182
6886
51454
48862
62825
42424
30134
11712
64567
28886
40065
56988
51080
9028
5161
12693
28716
58195
28212
20025
6633
34825
52451
27816
11935
59560
22283
23194
58910
51781
41649
13062
28682
2212
22015
6417
15610
27918
30695
62021
35738
21902
27539
13168
38051
59863
27464
6232
21818
15537
7850
31393
1083
19241
65415
6973
39991
45272
47558
50429
27213
22927
32293
19214
54773
16902
25253
17652
60482
13035
27786
6608
13048
42291
20783
3903
38947
54270
37632
19541
26599
19093
61933
712
62988
58150
26712
17450
35733
9342
15520
4323
1496
2898
18728
43751
59434
6522
52401
10012
58427
19273
53637
29368
3220
15279
15739
50861
51711
12571
7121
48986
1091
4445
24923
38239
37644
36552
57697
64139
57383
52120
17372
63891
26627
4712
41527
24571
47704
45956
6628
51977
22937
13850
20763
19045
60199
26035
18926
17548
15256
64654
42176
35460
55944
27039
46292
15106
24290
56605
33311
44110
20515
29850
2265
59497
38075
44369
58414
684
50123
34832
21776
26081
11411
21302
26394
32673
18507
863
4992
26195
50421
43811
27290
38884
35829
59830
8952
20970
1695
58955
20747
58081
31891
23972
19850
18058
1708
34597
10372
2570
47667
45415
53600
24684
32956
41150
64270
7117
37824
4421
13563
56886
47496
24148
31013
64215
50555
4730
62646
17180
60489
13467
23326
40596
4734
51728
46939
55133
14327
40119
24607
32798
17863
63146
19829
29873
13046
44702
18510
27182
28904
22770
1079
33858
22777
41996
64834
26184
23755
37666
29504
24707
41116
15046
39572
29055
26189
49685
5774
7248
58244
39715
4363
19117
32941
37624
35299
61365
59393
22603
674
31555
40113
17558
41431
32615
19683
64263
16155
34041
2584
30336
32087
42423
8380
33356
50726
9774
34490
54391
64118
64196
16620
24617
38887
41758
20519
40663
17034
6349
46258
21872
6781
41829
14438
9251
14957
356
15445
7967
31297
49851
49620
53163
30566
2017
63393
33632
5245
29783
53745
18822
61911
30966
15695
19010
22005
60568
47767
5797
40815
30889
5519
40565
13044
65219
33152
59854
30272
18942
27247
59400
60034
39922
37620
62137
61135
25350
59032
57596
34745
22198
45313
55809
64124
28976
37164
17130
7389
24863
2275
14440
59627
51334
6035
40908
32616
60393
43529
54048
27838
62948
32090
58556
17708
26411
6984
54344
50993
55404
30413
20714
54077
8687
56614
9431
27827
55437
19611
54378
34325
28843
30937
15012
29161
55771
31791
32781
22296
5996
51876
37588
59476
9952
13952
39802
62139
50236
11113
20029
16250
47515
17416
47518
7709
60588
1478
56975
24373
25256
54103
60346
10767
64380
24012
8461
15896
33941
40744
11873
30775
34141
4729
5351
6908
36754
42077
53553
53269
24993
22417
37594
56253
3413
20382
61343
19123
39833
29085
12181
17206
24897
38702
54192
13449
26494
39035
24638
55480
11253
1938
57401
54353
57793
15816
6642
26767
42679
34293
29414
53551
63424
23510
53756
33223
9298
16675
39068
14681
59607
17593
23065
28388
29366
25943
23093
26580
15254
24843
53750
47649
28326
34438
5675
58350
32868
9551
57387
26585
56089
39568
32682
13186
16302
26950
58773
56454
18277
36016
43898
25977
3717
29781
38868
50154
28533
14593
28540
11355
21390
47748
34823
9951
32909
27153
53132
18458
61022
34737
31686
22058
4707
63532
60301
35034
43049
3615
42930
49748
51232
10131
37916
3503
27146
10181
25644
54178
64406
14142
2986
2749
37328
65244
24749
12977
35739
38343
47328
48359
13754
50565
21588
10297
63103
43183
42887
62548
39184
50393
60124
1156
46848
7399
42929
61712
5094
7382
29542
58643
57510
23204
21024
55715
47942
41551
9263
9266
61850
12560
51762
42279
52785
17793
11989
2033
56505
49021
3482
32466
41868
49033
43176
18869
37654
6031
12494
26893
25540
58463
41046
24542
62011
2709
12946
33876
50328
40775
1319
5509
25412
64932
2989
8696
12022
58113
4273
13439
4280
45743
65068
31340
24122
51583
8154
65338
43466
10367
2999
55323
12154
59634
60218
7637
61863
32408
45248
60832
4286
12090
4854
16040
42950
51054
28006
14786
41040
19918
60839
42394
51923
49797
13697
54961
645
28181
62714
59641
40469
56295
34622
34067
59042
24986
46116
15280
44820
55955
38046
65314
24016
52160
6182
2382
5622
50212
57174
19853
42005
35186
40609
30740
60799
3974
13200
63406
51651
43721
10008
59006
2976
60957
36880
24007
43417
43633
48836
28575
1165
16559
24091
1454
29970
20424
12398
16068
9157
35013
34811
53610
55810
37938
36564
32186
14450
61261
28578
41944
39901
22492
5371
49886
55702
120
6476
60116
37715
5942
53655
46495
43292
48818
10709
7019
22738
27870
63818
60425
44174
20149
35911
34741
36400
30180
57747
15746
41285
55681
38186
11726
32977
54898
19224
7765
60999
21237
21382
49664
38249
38981
64115
4146
33021
44475
63327
50218
41122
45157
25405
3826
44465
34601
41344
30777
65400
52886
18732
47643
33202
48952
48853
54714
843
27387
27063
39087
28584
29394
39779
37335
16651
10954
51774
16614
50336
4684
2933
2571
1521
61521
49841
16549
35741
10288
13975
49814
62516
34012
1946
16957
36819
31624
48272
620
7867
45001
26757
58656
25796
63140
60333
8301
49632
9015
301
50601
30213
22895
19104
41606
45413
61295
12888
5109
53256
3606
4145
29569
56116
18572
57211
45833
20977
10714
22205
44649
30784
14178
65210
44542
37878
6788
45110
39415
46597
55517
42740
18084
38338
58076
42880
25308
13465
48224
21212
3969
49127
7392
31420
57402
12024
58260
54271
24582
54180
24588
16444
41356
32638
53361
16715
6741
44597
30372
0
602
43904
19907
50021
14958
30954
58745
51292
48396
45111
61605
3344
17317
10522
56288
35390
6926
37147
58896
31646
16800
7530
20541
52937
2169
46589
30523
51998
7411
44851
51822
7526
22119
22183
65467
46995
12156
49335
13516
37790
24880
1400
47945
20558
25896
5398
45628
57222
41081
39129
30922
44301
2557
27442
19118
19076
13386
15511
48779
24185
7373
30396
22327
44880
43257
44770
32540
64508
57949
8175
57028
24317
3571
1577
64038
52932
12422
11461
34250
34813
49230
62366
25736
22524
59670
21880
29830
21303
48115
26617
40012
37687
9004
28603
51831
14880
22745
40078
8131
48825
32508
54767
47769
40666
28378
57681
4696
23735
18730
41811
18874
35904
20700
35650
30959
47500
32581
52562
60134
44365
40243
35514
47127
27533
64504
60233
34042
21334
52942
41493
59890
392
34209
30975
11948
49847
64174
18061
44871
34984
10230
60320
35835
8208
3117
61814
49336
45510
36793
55069
61633
51547
46741
42434
20474
42660
7856
4470
41577
8302
41982
40248
36277
64412
63284
18342
54265
24642
38800
13894
32832
25189
11991
5706
53769
22695
4372
22200
49073
44879
44999
19105
48911
17125
64613
23049
1427
58861
50648
50518
6814
40897
8002
316
15814
23925
32000
6276
24816
11443
53540
54372
35160
36800
57340
8786
16686
10465
8434
7715
36743
6111
18707
32071
35118
58632
59273
49684
37396
36399
17586
17342
60824
57372
13499
31957
13670
56421
3951
51819
9155
7956
8500
27259
53204
30680
16301
61423
64161
21344
4426
2969
30649
43147
63636
7358
45888
33727
18495
32622
63814
51905
54342
55393
32203
23445
48180
26476
51108
15744
38631
34260
38111
43947
17309
23062
39785
53109
65083
45242
17411
51640
8309
12260
56616
61965
54891
4835
37584
13445
24058
56379
30162
44953
51839
12378
8751
36589
65151
58225
1480
46169
4728
24522
47492
35082
38660
19229
34097
52984
40891
21253
40742
11985
33630
2437
9429
56255
8058
15509
39647
8097
29325
26738
46980
38612
59058
20621
6129
16268
6014
11241
45035
8502
28449
17208
44810
56503
15465
64003
38317
55478
24782
37037
60050
194
33294
29831
48913
50492
30744
20439
18899
61897
22186
17181
16304
37220
26229
42663
5508
39285
49382
58839
17074
28009
29363
7908
35577
23242
26479
55762
6885
46913
48918
16627
22238
63563
49582
23407
38980
10208
56944
20329
45
41381
54368
58552
16424
45960
2197
28554
33936
11901
28577
22619
62194
9053
20882
6140
25312
48945
55725
30000
35484
45069
41557
58970
16787
404
29986
61070
22284
18484
25699
22085
11203
57483
34261
62741
2324
12932
42761
54594
39582
38140
57181
5714
37089
61528
14071
50711
28374
60147
3740
48987
20625
57412
32833
2814
26242
8337
4706
53151
10455
47482
36512
2053
44679
32245
44925
2416
47562
10038
7387
19458
64936
7216
3635
14406
58759
9505
16717
41912
39115
37930
14017
27569
63449
440
62050
49524
32482
13396
27278
35774
54179
36237
18318
19027
22157
49380
47813
6798
32724
37128
31235
972
35571
55509
61088
15039
9687
32391
59578
22896
48810
32250
41387
25305
48842
25563
42958
64521
63094
7360
51834
36249
48293
54996
62707
19619
48596
1203
9912
14245
1219
14086
47619
22255
31688
30831
53648
14390
35808
20545
61650
60418
31412
23451
28406
47968
62990
6068
18075
60837
6837
12450
45264
13902
23440
31247
21248
19410
20548
20717
4259
47074
18590
26813
27316
22187
61707
47529
33513
33475
20091
28623
22971
59802
20300
18667
53979
512
48218
60064
59255
17821
21699
26907
49185
62448
5690
7981
56293
17462
46096
40990
11232
31458
55595
15243
44234
64801
8435
19495
56469
32153
7707
49965
56896
48711
15435
56565
45962
46058
50061
28470
18246
45850
44434
19453
7089
13630
59527
38445
42216
61893
9548
37445
46639
2883
63312
17113
34710
16303
31202
13196
64273
35582
45950
3258
41807
37708
21259
1068
55866
7841
42884
13150
13526
49300
35816
46682
40290
17108
11964
24982
30755
9678
6846
6066
20705
40297
2540
23056
34576
20402
5076
11233
31385
5106
18637
45808
17464
45285
27205
28915
39824
49217
47435
9019
49291
26828
36894
17223
29034
41160
45946
20818
16774
65414
20825
36255
11704
41434
707
1413
58757
515
22249
30943
59544
23294
34899
44165
1637
60778
29578
31745
372
58776
55861
20565
35674
12476
56166
45998
57392
27879
17427
40601
16804
10549
15715
57194
51877
24996
22693
1927
28812
30599
54951
12596
43104
62621
13400
18934
919
18063
7179
49995
24287
32979
41959
1450
3807
45364
8134
27223
62415
16727
47976
47031
53908
45716
53513
24351
41916
19519
53577
33431
21513
17052
22622
29332
28580
27872
17326
13923
39221
65396
12009
48997
15018
199
21877
43916
61266
30592
46711
53044
26522
38400
36856
14685
62616
17334
55765
47961
16205
28597
14567
42089
41689
48373
30250
22657
38778
62362
47603
26564
19256
34100
25045
19288
24261
43372
56056
21759
36347
56393
2380
22752
44753
17386
56310
16731
60737
61507
26415
28376
36427
8698
55286
58749
21012
54082
2364
60823
44624
30230
2532
43251
39480
31427
38574
27482
47005
31104
23240
16362
51717
23012
27015
23099
28444
34615
41788
34647
29333
61857
22867
46717
19364
31757
59305
17048
43583
64095
63394
12593
59916
23991
30067
41219
34830
34062
29118
28678
3599
1793
44302
37515
9357
36273
28673
56485
32854
17645
13523
61962
64911
33799
28323
13133
24175
30928
11497
59871
1707
49092
19016
63369
43429
18128
16720
36107
43911
28800
3562
3460
17041
32426
15420
6799
26500
60158
30828
38788
24875
1622
41620
41508
11323
41786
37412
1062
48937
5962
15414
62793
19762
33279
28241
14251
31755
22313
37967
24206
65441
29338
61392
56747
65044
8177
60066
38703
25494
19087
18345
53041
51524
24568
41137
27404
47428
47396
4284
22932
44547
51492
49125
65355
20426
53035
38174
2452
39678
51250
36751
45745
52901
44763
54235
37106
39141
58931
57407
31948
7238
7975
32064
61416
32885
8654
18591
4655
38599
26017
55911
1863
8579
63801
30567
29125
6134
35077
19183
43084
23459
32040
47156
29737
59371
53614
33940
47639
62430
30196
63417
11578
63662
53400
50588
23219
4162
33010
24301
62806
57489
50320
60929
48611
42345
55111
30705
6571
63504
56881
44905
49891
3378
35088
6136
36830
35062
19189
39467
2987
17471
42382
39849
60927
19954
50353
5537
2837
41174
11451
44295
8762
12734
6980
20309
62834
54236
54516
35586
6350
47886
41206
38301
2349
46509
222
29779
21153
16573
46832
48925
15938
64942
39896
62539
27111
54658
28012
35326
41204
47911
56813
62484
63091
32028
23038
34613
3463
53219
28811
5141
34414
42126
9700
54044
17977
57743
43950
1580
44591
49260
60736
63016
17135
54682
49378
51030
48116
1513
34160
34975
60510
59998
13295
61996
49206
30342
22064
43224
42793
2473
27425
22498
32717
33112
38133
2474
39410
37005
20999
59449
4654
18636
45982
29448
30754
23252
50345
59537
63294
19516
62778
34509
8349
47346
11993
62835
53854
38502
18336
7974
35699
41513
24757
44796
43089
47737
58297
53603
44762
51159
43851
46811
2438
56851
44766
13796
63624
46029
61317
17521
17027
11988
29883
17680
33717
38298
62840
55952
757
14063
59985
46294
20050
37198
23522
52498
46529
32607
36886
20370
49000
38697
33465
9374
36594
65095
36597
6581
22319
15954
18092
55823
53721
4929
31355
46064
30327
49666
11507
39137
17833
7260
35504
30925
24932
35158
60812
13059
7788
39147
36464
31471
40468
27861
37553
11164
42552
10988
38881
32054
49602
3809
25691
59884
43236
30191
55097
29343
10684
25331
25684
17197
38909
19887
21301
21636
43862
28173
50409
19908
1108
9680
43298
5514
55443
54847
49424
54852
30458
57512
2176
29544
14950
48864
8105
56182
37408
18088
33312
54021
17518
24543
56494
27986
25638
41132
28785
4678
62700
2579
2001
31756
31918
44206
55098
61783
51555
48352
62172
19501
732
33589
18095
10013
43910
28349
17315
19919
39120
33500
11968
6282
54686
58127
33272
30354
54938
6663
25056
55482
30211
54266
58124
43784
52966
12296
49483
54181
39183
52793
48096
49404
1703
20624
14947
31731
979
45704
28184
54972
11262
58866
13708
49515
5454
7086
48103
57004
31742
14179
23527
1449
60526
56414
56119
46604
3351
11251
50524
12653
6211
22082
22162
61467
39933
33677
23645
8221
22164
45677
2096
50059
22084
34252
22244
22242
18813
13495
52953
2289
19107
47664
59675
37008
30996
18059
15214
64156
7477
36473
61429
22702
25450
62121
24244
6429
24896
59196
2609
27335
49418
45661
25456
53899
65285
6842
12725
35263
7082
64167
51879
54572
41558
58752
3830
42517
51816
48784
47180
47384
63144
29641
21447
46005
5075
65241
63447
7513
44761
59309
2731
43369
55093
59390
7015
42140
63617
17804
62220
56483
56163
21884
34814
39825
52519
61590
16616
55344
49391
20716
23825
35740
18245
65341
15263
22526
39180
48782
56914
22268
39911
33019
14130
18339
44564
64907
50071
19180
61170
62781
57850
1523
17515
40952
45989
42722
41973
4278
27398
41749
53067
46069
41379
41144
41893
41845
42686
24344
10687
40550
47446
59608
62992
60014
33238
19959
51980
2591
40662
47669
45052
38897
41697
23070
54190
20769
14946
31617
1076
44683
33063
25795
64996
40674
39629
5649
16947
45022
17913
49014
26953
61920
5247
40501
31039
52414
8588
64462
20216
59842
1564
24310
56640
60342
47783
59860
13690
55565
30929
19159
63572
58487
60441
63583
2590
19633
49386
50220
31517
10523
1679
19920
30593
42789
51847
28801
4659
24359
32395
836
6145
39321
24385
26353
43662
62659
26023
45480
26914
33368
10483
43777
54999
12650
49509
48599
12619
31166
21638
49130
57007
45228
23023
20984
61087
39452
14031
9403
18240
50219
64321
54189
27274
29419
34045
16227
26289
12551
47030
673
46309
33819
50511
8891
54139
19265
12843
25031
19163
29931
37233
49630
51865
7601
45502
1148
46234
25710
7808
2543
42178
58367
1140
29513
36511
55275
64726
22470
31930
37386
4186
32024
34765
41462
36297
17336
53985
10210
32390
2057
5472
3688
21360
62844
38370
58324
64266
56303
22587
64910
31500
30846
63621
63757
20155
17797
23985
3764
18062
42675
64170
18293
41142
36279
56490
22548
5361
39370
19406
10204
15550
28751
28286
61122
63408
23414
61158
47138
57328
61140
56698
57470
1382
56968
57080
50605
14459
47902
17329
29921
2942
49607
25772
19708
369
18391
37900
27082
7809
9393
32123
51295
51284
30381
57713
12743
18765
13256
42261
29973
58408
23902
14203
23712
1584
64670
1465
44678
39650
45793
64857
2518
43694
63612
879
10466
19205
55564
58933
14494
42533
24342
35221
61791
61780
2315
56570
12621
46744
50583
20622
57430
45138
11703
21889
3968
49946
39396
1462
24537
24530
1464
24700
38127
3975
41141
1766
1768
51749
25464
26291
31018
63391
15722
4168
19116
37426
30529
13945
35140
24852
45348
50536
60395
59207
24994
54835
8437
18358
53161
22868
26756
11234
35066
55719
54150
26400
1820
57329
58562
7325
19792
47654
12948
13558
4723
57560
4934
4936
102
8852
6516
49812
26690
40671
11999
37527
10644
31123
4383
19172
52581
12084
38089
18348
65062
15737
57393
44586
45359
57579
51304
20768
4521
46787
12515
11196
37521
28516
38182
38184
4463
30128
16157
45208
1816
30703
31460
19200
31534
21452
28845
6118
55433
17595
9782
7347
17550
58753
58388
27973
35052
36585
15023
45361
30765
33596
5579
6120
54665
25478
25315
11555
62363
36177
532
37034
3473
14255
24217
49089
9803
58188
31397
31976
60200
64954
27572
7092
17813
6380
57891
38781
52429
15423
50127
30289
31790
21446
4513
13552
32118
29835
59721
6897
24837
14581
60017
39986
22699
17741
8922
22321
13810
54595
34266
23308
29374
57485
59919
1796
2955
4316
9615
22741
47054
38662
10168
22309
3073
28675
6706
18360
12658
23930
8418
6287
35156
55799
54366
39805
22396
58050
48924
5019
64855
55878
39071
19889
50200
50870
48541
50917
48531
1222
38112
10468
18402
29138
41321
45854
27095
806
31105
31724
31718
58766
28127
7647
36206
4238
5671
43356
23611
13118
13107
37524
5923
14902
37833
54039
9902
20453
27164
2338
9051
50458
34724
28529
21883
29269
7469
34607
50450
46371
4643
38124
58036
9269
25388
7244
37421
10383
7132
25123
547
52926
16062
49437
8851
2339
5190
16440
13184
46407
19096
41854
25264
30016
47611
48961
43339
31381
20429
44764
46311
10555
4516
36445
15806
50899
10041
61860
42935
53556
62767
21802
39631
53865
57689
1459
25093
29075
23395
21010
49460
17589
58559
58601
530
65279
34075
43617
47114
56317
60843
25485
49374
14822
22907
28489
58986
30415
16773
9520
62431
42203
1512
57202
29553
39950
28111
23730
32858
29204
14182
12239
57682
49576
30582
46010
3436
4527
52590
43219
729
57548
18440
44141
65407
33497
24774
48516
63913
30386
13653
14393
24336
1964
9426
17503
10722
12864
30872
63174
29644
41052
39216
43031
34555
54406
11334
60222
18482
39594
28481
744
1585
20143
14753
56418
34868
32547
38773
41680
53185
26575
28467
1359
22094
51907
60073
28373
44754
16626
22267
39573
64421
62812
62644
3261
34756
34754
63201
39220
33949
49074
62489
26630
64860
16095
4857
17834
51210
12157
990
33036
42959
10507
55255
16237
3016
28433
35415
30321
58503
35855
3251
41249
20396
55252
31989
63071
7328
43293
5894
44197
20452
30770
2752
46790
1296
51610
60735
30167
1799
32170
766
44492
60845
57063
55568
7774
13363
35795
25533
2192
25238
10510
56639
34058
745
6857
24871
3804
5839
44227
42298
12544
51873
48347
44495
12869
61032
13122
43419
63147
19626
62214
10243
23493
10220
12317
39752
18446
33986
32177
64605
49942
39979
53780
13415
17060
9682
50480
8188
13928
19597
23127
35479
65393
24818
54089
63388
22091
39576
55956
12081
85
25787
34056
60413
29738
21939
8914
6266
1322
65107
8595
57780
48863
3711
61652
65138
39791
41869
36479
53569
64291
53856
25271
41902
18326
54825
30791
47893
5192
31051
64069
44813
31196
53904
39227
30051
37153
60032
1633
56325
31400
12710
8111
50798
51048
610
65006
59855
31853
20388
33378
1431
42303
2170
49859
27528
53273
47504
20568
62138
58099
5046
50748
10648
60683
33769
65351
49017
16711
3429
17364
10295
61781
11580
42205
1510
36525
31916
19761
44040
21657
23381
29428
21829
22875
15795
42752
65444
39618
13934
48948
17743
28532
39620
1920
54224
1470
25781
44958
25196
46687
18935
36848
51239
54749
30871
4081
37593
6966
12002
42643
13383
5678
29487
43905
24683
42080
49457
22728
22572
6712
26404
14899
2681
12277
31193
1453
63904
41403
7037
63628
3310
30233
2171
18503
35662
29238
54110
40949
18225
11081
59455
12319
20220
48265
58945
42792
5382
58554
22335
21149
36913
19948
35529
47001
27888
5055
18001
4880
51668
26283
46773
38682
22061
15720
25179
28183
16801
22423
3936
45865
19169
4604
10134
10033
49052
60250
25099
34824
54838
64900
5241
61855
31909
6664
32509
30009
2615
44277
2295
24001
14826
30935
59911
32165
41308
33817
53188
761
23785
58604
25355
6572
22781
32856
46821
58746
55578
62042
15238
49160
50245
59868
19772
14241
51170
9541
44067
46181
11569
5961
61030
28906
15433
27930
17434
19614
13080
22858
10977
21705
63718
44616
57005
44300
62685
9702
42045
50009
45812
25204
10457
15671
32161
23188
39503
3790
53099
55136
8426
4593
471
58222
58455
23779
33439
31279
16812
47716
47460
44077
21950
18771
1349
25973
9433
40862
271
27
2420
63991
19423
8292
41867
22948
50384
43491
62235
38707
11716
40255
10190
25897
37094
52304
37096
45465
53175
18631
43502
17019
52665
26083
4475
9528
25969
37065
25135
61278
34375
20650
25690
27158
8907
559
7447
53169
22103
13793
26109
17939
45422
58603
41799
13501
54732
32883
5251
18606
39739
47863
51051
51252
12631
5635
5780
31998
32467
44755
44286
8855
56574
57298
27553
19110
19112
43781
13560
17011
57517
5523
28589
7375
39730
6305
44483
33235
59424
54791
17509
9419
6904
3279
26352
49409
42135
9137
43924
32982
44296
30214
22872
56003
4329
29616
20079
9697
10476
49435
43790
3076
47904
13311
19245
18083
34701
3702
44603
35934
13959
12305
14259
9978
8918
60800
13205
17020
51580
48380
16429
43469
22814
22365
19875
21379
52615
51497
14270
42078
38421
60807
50149
25620
8285
20719
61121
12088
53944
45752
38691
34602
19328
8283
18791
65224
20168
22314
35743
36545
10039
57395
58946
3705
55229
3706
47175
15944
59230
29633
48891
58943
17201
33203
36696
17017
39428
195
60961
13757
1320
1318
46485
58403
16512
9999
20064
21967
21956
558
36558
196
33014
51356
6171
9271
58091
49006
64787
12989
13889
34391
17512
37069
62846
50969
14189
50628
61747
50198
26340
43113
41159
44608
30930
41146
45843
27334
7697
24221
20667
11447
26302
17022
10238
13306
4733
16609
32477
44765
61596
14149
31160
32632
39832
40656
11984
51013
13301
17021
29732
59715
59584
13863
24309
14858
24306
53288
61400
32560
15133
4940
35020
414
59270
25330
28774
41139
31647
6003
7876
28356
26483
12573
7145
28776
18788
62406
19510
47043
8860
33460
34248
54562
4049
13162
32475
56858
53937
36889
39066
41382
32844
25382
11308
63303
42535
22424
30083
22800
27160
10797
64021
34840
57694
23418
17457
21808
11177
63001
60692
46228
25980
21
4282
11874
17838
6691
63399
40296
48264
20728
9001
55545
28796
55202
42332
21655
57187
44645
12615
32928
32779
60308
13024
35217
18566
15624
43225
27458
32628
18080
4341
47940
41433
53939
20169
37171
17812
53632
26785
11568
27855
33056
30595
57515
31335
6902
32714
3002
64159
30753
13436
9147
30215
8157
27460
12723
37419
5753
54159
31590
35593
56078
6339
43800
10477
3659
43917
13978
4732
35386
61046
9972
18094
3456
16275
14665
17322
37590
36230
10479
13300
19744
37078
22894
9430
45339
56599
61627
33452
47936
63150
55419
25802
47234
6624
7532
3750
43380
15337
43902
1569
19750
1575
15212
39727
5132
14525
36705
14936
1426
56084
23833
21908
60558
19873
58121
29598
28346
61050
18759
61049
34609
48857
31266
57313
17212
55890
30589
13559
32112
54514
21680
1474
9112
46062
18625
25134
29993
35468
11101
22172
62412
64206
6213
36299
37099
10364
44358
46532
33681
49118
60141
39977
14105
19590
33016
19095
62894
38597
52195
13804
23230
346
41005
54669
51359
32478
51576
61014
63574
45883
47753
62236
40660
25816
29371
63095
36021
35730
63606
14313
54488
34703
13972
58613
27520
12099
10474
54647
37340
55500
37110
25008
53718
24620
48284
19503
42454
23874
42632
52046
10786
35321
57814
256
60040
45003
8725
35322
11794
34956
8990
9708
32042
34743
25436
28025
8047
35798
13314
54024
39069
26988
2937
42980
40692
49003
28052
4731
34396
48695
56880
2188
46078
44550
57197
8342
42317
40267
54259
7583
64763
57013
12443
37669
15317
49188
53333
39597
19742
38968
38061
62265
4287
25362
25769
8251
25378
20670
54217
58266
16820
56067
56946
30728
26693
22144
37965
29748
49297
19312
46662
36066
61449
32619
37934
18104
30511
31373
30555
32705
14917
11197
41435
25300
30508
12065
39215
15605
6623
9339
15339
9034
30629
45146
49220
49365
17950
30414
47541
62402
7186
27407
17314
36923
25417
20543
20708
11190
12550
50781
15755
51859
11188
55246
2367
25961
55001
56793
23114
31780
60398
3672
46114
363
9820
1201
10708
38512
26434
55724
65114
34313
62753
23803
53116
13607
10118
63882
46153
4061
40352
39279
21732
39132
8135
52223
61016
60679
36091
18465
49532
48455
31336
20234
40513
20516
22434
43547
31259
22441
13438
65127
16829
61575
58901
1557
50302
37068
60196
5176
10170
34497
32396
54707
11509
26992
31035
56617
26596
48843
50306
5844
35367
11765
17449
15143
41188
36
49392
46610
55026
45305
7138
19335
49216
61520
18007
63111
24729
28820
20513
8757
48178
997
38550
47474
45235
65460
17861
23895
20712
9025
64423
49377
54563
33762
61618
35345
52469
19896
24172
42662
40366
24284
43468
39693
57841
4996
51456
16055
14922
8750
28260
2100
63880
64757
7996
18217
20288
64047
39735
32438
34127
43446
22778
22773
39200
18824
25723
27284
43533
23876
28320
40181
55299
44684
43323
54576
5174
55613
26223
12930
288
11770
62018
6792
29380
39686
12222
39533
39531
29155
35365
56014
27272
26066
34690
35417
37044
20628
2307
6289
25075
33377
40960
60434
57133
47544
59463
45116
22682
10809
40701
48565
19500
8280
19729
54272
7857
41135
61950
311
41248
59933
42638
19393
4364
41662
60288
160
7498
5467
21891
47561
32487
63049
7590
51682
15154
33165
59512
12860
54532
31636
1410
22009
26437
38652
26249
39598
60720
27029
8989
36952
56118
15156
34357
14648
34871
44562
33388
48068
38564
12800
59082
51948
35905
9082
39541
63752
19547
1555
43561
2418
52230
40461
40209
9790
61468
22503
51376
37676
34425
42032
4539
28169
35736
29123
27161
29270
28377
48841
42711
47366
7542
18423
52025
62296
27226
37158
29910
42671
58983
28382
48983
58345
40670
3810
927
63510
51330
28779
45999
63353
5810
23342
9282
20013
55142
21703
38499
26269
49015
27545
13583
22551
42375
8620
48206
31262
26814
60045
27036
61815
24859
29272
53946
13668
19063
10635
41671
31818
59195
13242
63710
64730
15190
22946
19099
60115
10064
40414
23042
13292
40667
34817
29180
42322
35588
61181
13430
41542
35705
25676
53735
1469
28300
30147
8109
609
27781
45751
39298
2461
20243
2076
10791
54844
45431
32634
30842
43892
63038
29009
32570
28775
16577
57541
27412
17683
54036
25403
21191
11012
22649
40135
63903
57978
14144
2539
15778
22857
48474
63472
9487
64750
8992
61174
55254
25675
25770
49638
31258
61176
27030
24098
13853
32810
47122
39332
37680
18235
27044
14642
38154
30519
61638
44404
4913
15333
18161
15407
27037
39267
33065
39007
48205
4606
43479
31347
53956
44927
40373
58453
56100
22652
22484
1244
7879
26248
63482
23469
19521
19526
4026
22093
39335
36057
60826
34267
60007
4672
38000
48762
16771
30646
52170
64729
48908
1972
25273
64214
19549
29194
60990
42850
21138
35927
37470
3723
34639
11713
42096
46458
59218
26379
18274
40018
15781
41531
60235
64599
25727
41338
26699
37307
38376
56955
41063
14331
15442
17374
21108
33146
60574
55518
15846
49830
36286
61486
32877
30087
15748
22529
31191
13346
26290
42755
54135
13920
25573
57588
28294
63207
36993
54624
20497
6502
5778
46626
45140
3944
59804
13895
502
41092
9814
41175
11346
19176
39661
45786
31403
46964
8474
27183
52426
45738
36341
15447
23087
32198
45770
50745
33974
53549
52513
52056
21175
34263
19890
26092
57521
7016
45268
58523
10248
27322
58012
30758
16118
17115
16547
12070
10679
48256
31929
19673
3305
48266
2248
60615
3309
49834
25766
59588
36768
49281
54105
59883
11700
23375
11042
56451
47849
17902
10508
47254
23981
49463
53463
15633
29734
27962
22092
26133
57519
55687
7556
11745
55735
9963
19340
37947
6296
16396
22033
29344
7314
41368
61067
15179
23639
19607
30554
359
45098
49181
56309
3920
25481
24936
19543
35720
63677
28252
5629
58401
64064
23565
5922
29507
6513
44940
35072
49393
52748
15851
7921
58519
34633
57623
52441
20302
40766
3357
4589
18947
2851
26505
15670
36166
44160
30041
30137
50869
47812
7027
46774
56757
38339
18903
47250
15841
28855
58172
52624
29164
61202
62684
64772
11795
50271
25561
7629
8864
38022
473
31872
8665
23769
51162
34572
59877
691
23081
6048
59038
54512
14512
43556
6412
46734
26442
32775
37093
25915
47684
31120
22248
5436
20612
54320
61752
45262
32773
6542
3500
51782
20647
40354
58521
54451
12064
2327
1098
22184
15630
1739
55231
33621
58079
17854
40483
27953
19781
7455
20248
53065
43772
30008
11977
34654
54450
36702
25333
50641
12302
54043
25912
11215
20521
40533
32338
60928
15865
1399
6112
50640
36703
54461
25630
20485
18966
63494
26644
13171
53122
39310
63475
6951
38521
63138
36733
1250
64165
47342
13015
64202
39464
28250
42287
61554
19573
19906
65485
63863
64925
39743
62919
12727
39987
62589
62113
41940
8938
13076
25413
52334
41183
22373
30235
31571
17453
25985
2967
49722
17327
5657
60607
7684
28754
8972
61881
29841
61107
30950
9740
11983
5819
41439
17153
63639
28288
11780
42020
60005
20265
3148
4170
33743
34464
51502
25758
58962
12343
30749
54060
53257
39588
53997
15985
37530
17942
49295
3062
51944
19258
58072
40568
56555
23258
51874
22146
32027
48688
25343
62578
28107
29990
2867
20932
54128
41921
47803
3391
15989
4070
817
56009
14530
41016
27509
60367
16431
6080
57550
40958
45659
64558
59430
34244
20047
34713
29821
49413
42651
4983
9513
65486
43449
42626
49478
40505
26897
6324
32491
37040
18622
43296
25199
37815
35771
24902
62579
15988
5682
29907
51596
32589
56172
28777
203
37533
28757
35425
32584
36444
31343
25448
30748
56783
41683
59122
13836
24179
54673
6763
55171
28019
14365
57405
48755
13921
8941
48672
62163
13010
62936
54204
40511
63577
7264
38482
32370
49820
33834
6685
26065
20409
61589
1975
63189
41540
19001
61040
33976
57371
36019
22594
52814
12324
36138
34374
34291
33206
2116
34303
5138
31097
42129
61142
49921
26655
1792
53712
12114
23530
6944
63858
64784
46305
1249
14746
40708
48953
60058
8967
19771
13456
44739
16662
50694
49446
5652
22776
58207
30286
3572
7940
13462
2304
52192
19753
32802
35423
26822
31058
4183
4189
10586
51029
52198
59504
63229
29697
14931
57663
20313
60440
65435
38576
44986
18576
19871
48152
1838
27292
27071
25790
14686
53963
6785
54280
6245
18585
19524
36097
59447
41875
57293
52709
32769
18027
60932
51535
47705
28375
19816
10581
29708
29376
31065
33011
476
16437
34130
59120
56557
7818
50960
15334
20105
25302
17712
1123
23742
27911
10622
22924
54903
56948
48954
20267
15964
59222
45276
48
11646
30164
46307
59017
47774
53191
23968
40865
27466
17590
9187
23363
48694
50107
28471
42267
6445
3953
47726
57770
14835
60651
40733
31633
47470
51090
19539
49171
4359
46748
20261
1202
51268
15967
3104
6246
42710
7886
44056
14878
62253
63839
60831
63531
51779
11533
16149
11390
29091
42538
41178
26367
6652
6805
61718
35325
45753
59593
2639
38950
23867
27956
59123
58196
6086
25306
9641
61094
35454
29381
38102
60311
51218
25249
31897
21424
50175
38655
13454
11134
23896
28372
7064
55750
4001
42219
61958
174
38908
8077
58153
39984
50811
22984
45310
18976
42168
26458
53047
7938
48300
24066
16272
42518
58723
56615
63990
13448
51426
13340
63178
56765
25716
47202
21244
33861
64493
62385
40329
24322
17753
50097
14733
37633
44713
7565
46225
6364
4813
44978
44675
32700
719
46736
44513
19713
52869
20493
8270
35908
3114
13223
32258
13802
27050
47456
33089
21856
47989
52611
20576
13492
45156
19146
39530
42090
41848
62836
61890
50970
29999
43621
30402
21960
46410
59986
39601
8846
12033
33506
42103
59789
41994
23030
63237
19041
29316
33623
60958
33064
15267
45776
46199
64843
53238
5236
31584
39579
29387
33400
62419
32519
47015
44970
53005
59881
13955
3303
53393
5191
12964
16117
32895
13634
52165
38869
57276
26503
8789
8868
31333
44340
26881
16019
34753
28561
30569
48377
46855
4533
6640
8013
44807
11353
27978
60173
43415
40082
6220
25277
45188
18253
49980
59096
38994
26515
7720
22994
48337
54631
41367
43434
30179
17391
48163
25615
5305
30778
21911
61825
31184
25954
40788
65252
10759
22029
64439
64456
19462
9297
62639
58822
40857
39344
20779
64419
58370
12882
11558
36616
3127
10986
13267
37160
65240
35877
62357
61972
45732
12885
49311
46975
11100
5995
52421
38281
22261
12793
18950
46384
12021
12249
16582
62184
29568
55643
7266
37346
28848
18927
26545
43143
31466
22471
44759
14341
5634
949
10300
29525
35882
60625
35079
7352
44823
59613
46095
37024
14089
12289
60530
10843
7540
21985
63079
47317
27730
20773
58141
10764
7461
59838
47577
27370
64097
7321
8204
7692
48824
51612
45929
55839
47360
48578
18258
25512
5134
17045
10790
17856
26160
18045
5836
7505
50277
32850
46879
2362
13705
16707
50965
3355
58673
51700
24099
62179
13880
65373
27883
39973
7516
44959
28180
23041
65372
9352
50343
19914
21353
3945
39198
1166
2538
39431
57237
38055
13685
24117
41693
65353
31975
49227
57929
62359
41636
35683
53322
32752
48765
45900
2157
11439
39515
21964
35545
44973
38588
61146
11590
37196
50812
18529
22758
61724
43704
31577
47187
55548
6012
19199
65317
47779
44250
59920
61940
12309
9811
46970
50980
24299
60710
41837
47840
39765
31161
11941
25251
23117
15089
15658
4872
18212
5986
9569
54109
64042
50478
19461
32450
21667
45000
17478
48757
30224
63806
55537
4920
18540
14669
25746
52641
258
41339
54729
30477
13742
32055
40816
55767
32986
10990
24810
39538
9868
51932
24283
27157
49169
22315
8675
32454
49108
51942
32955
64522
19275
53709
49079
44546
32018
7182
32849
42822
31226
45327
6615
14097
24630
19686
23450
15713
45785
57721
702
59862
2618
25358
29543
32166
20100
11528
25274
52481
6697
49429
3715
28684
53869
55212
38071
33938
16684
20862
10301
64511
23868
55244
25028
6330
18589
42280
65201
61908
13257
31852
19262
8320
20561
2281
16909
62470
11529
65227
26215
5049
13361
39524
12201
45771
32719
3421
30875
31339
30797
33872
37989
42821
47169
48261
13699
6321
58215
55441
20285
11482
43517
8192
58842
38728
23279
33023
27587
24027
63252
24548
44370
9435
47265
20255
30278
22153
45067
57719
22398
4541
55930
43346
4444
36182
41480
46974
61843
49284
12518
35300
62944
26572
48420
59569
28651
7695
30927
32340
55388
63280
24166
53357
43211
55164
37962
33760
41125
10305
54590
54072
37413
58927
55377
65383
17413
32351
31446
15665
41667
40713
8233
2366
65308
26315
11526
55390
12572
6060
27980
23274
1989
49452
63712
44930
24409
51264
33389
7871
21644
38834
58610
48878
46460
42110
18744
49194
33079
20500
46050
11259
16575
34541
46616
27081
51531
51331
9013
5273
45153
50558
20111
23025
31071
45169
40818
49434
30194
60813
113
43627
32241
30985
29386
20434
9555
4248
46701
56731
34023
20820
45458
46973
33395
24219
17810
19002
55925
28828
9283
2142
45613
55155
44895
9163
63554
25936
39687
45603
34675
20450
30490
30297
15947
1969
36309
25833
24361
51374
53970
8539
2688
16986
31984
25552
30969
36565
24942
37753
63083
31003
35797
20902
15941
19814
29165
51809
24173
5175
33012
60103
33403
7107
53615
55457
34057
6806
18090
61963
53337
56527
48369
4302
23716
43854
10278
57488
15561
61303
32285
6810
21983
48580
56423
44290
64383
12554
12994
61955
44135
15834
44628
22645
26973
46476
6848
11317
1850
42744
39731
42270
24661
30387
58767
38710
53221
30176
38577
47771
33715
51353
42465
41042
58850
58853
65327
62651
6575
53807
19225
58913
1403
24894
63588
30241
15554
9040
16681
57446
11531
10235
30524
1721
45261
43877
51973
33367
38106
4665
15788
19764
59139
63585
3175
46364
15173
32515
7110
60098
13155
55032
41486
31985
17598
64676
37287
59663
33401
38664
35316
10921
40924
18891
45245
26322
60076
53806
12992
43401
28545
44347
27662
57108
53803
32860
49342
4296
20320
62619
45217
62645
45773
10551
51585
17772
209
6332
35818
22865
54982
425
11003
3798
24921
25106
6840
61957
44044
31017
56091
3216
2213
1204
51646
3887
46646
21369
20661
47623
2648
26884
26295
20899
23150
46318
30428
26187
61773
21780
46370
43278
17850
62951
63790
63029
49221
55000
37188
36656
16978
56822
55279
39509
10831
55659
33618
5572
754
56787
8538
33362
47440
20746
30802
50441
56264
18785
37659
7275
6667
38819
38594
45263
16993
63937
10839
30658
