52714
43554
34503
36039
14659
36421
57869
63157
1205
33682
49070
36108
24353
8366
1583
8569
8835
50669
64447
10889
51842
51488
30018
11218
31008
49539
28320
56915
35794
31012
51492
36031
12902
20136
63268
37212
53069
29248
15031
61649
8147
38752
61237
61893
24645
65107
41815
54615
9132
49358
64428
45280
40784
14450
37911
14578
12005
20908
101
59884
2036
28736
49333
27822
62442
50018
50959
48575
38543
50664
1518
50946
29315
42975
24767
22111
20846
4945
41809
27028
16033
43758
14369
57867
58292
55512
14561
10709
3055
15888
27982
20708
36096
41435
49337
14033
12455
2777
16759
45290
53036
2728
27690
2811
46672
9704
33722
15048
14951
28650
49334
16403
63079
50791
23332
36234
3505
53738
30748
46740
22754
15140
56753
60810
31483
5862
42726
18068
39716
60196
27463
29425
8778
16376
31559
38647
19008
45399
8954
29249
50935
48799
48687
57265
19416
47414
65233
42828
56675
16221
22088
31421
44423
61137
63989
48485
33662
59361
28832
39730
16762
21582
64437
55021
24414
2485
45433
17096
25568
51233
6054
26433
35806
17224
61534
16428
18954
12317
9950
35337
60752
2494
12706
40790
58801
27144
37992
10710
15379
27150
61525
16106
19421
52685
61655
23916
2787
16208
13846
25924
3206
51726
3424
23147
48717
32069
30371
36535
44372
29612
1540
58604
43560
50020
34062
11180
41226
15613
38992
44107
33990
52917
42729
45484
64958
55919
63147
14380
58301
18434
9314
53507
13772
59051
51264
37102
26774
59569
49342
35213
42788
7897
9938
35614
40168
1355
33611
18945
2723
44642
53324
20944
2784
52918
9263
7210
16373
60468
12741
48851
12105
26151
33608
39001
11153
62054
32026
20130
62018
33180
55844
47318
27491
26733
41732
42853
45722
27119
31347
44047
55790
196
29963
41614
49299
3013
5377
42854
20379
57266
33463
53431
4671
28535
11300
49584
9128
46162
46055
5031
54663
36071
18973
47815
65489
3767
16962
59575
39436
54891
34604
15444
54113
55170
59570
34829
23085
39810
63967
28513
12490
1256
29444
44302
1738
28014
37965
1441
5943
34982
42280
34247
43656
39534
61446
28876
60366
56977
22297
63958
34888
47715
28819
63487
15838
33043
11215
42862
12719
52426
27210
60782
17226
13487
53161
43739
30331
59101
2717
45473
6493
11166
22675
55786
9429
65012
5217
47794
63178
39229
61858
15899
3526
31389
36247
21422
3454
4990
50077
1686
59968
21643
49311
41956
29338
1436
35634
60667
12148
42647
1687
31589
53242
8866
43056
34198
25845
23799
19033
64965
33214
41941
27627
24814
5064
24654
6792
50837
54793
17133
21408
4734
62607
7560
34864
11464
53980
57044
21352
57756
56502
47653
54965
31368
54199
40715
25700
57645
28505
61754
17990
64401
22837
13995
34776
32406
43069
11289
43060
50088
55247
11717
36176
8437
36920
56271
36120
26771
64097
38375
8036
38753
40133
18509
56900
13866
59736
52173
2226
2707
51888
695
51622
62296
6037
37338
37547
46674
30122
15951
12083
47773
60129
65176
56759
15961
45934
36791
10384
7028
25772
16092
60265
60837
29997
63574
11505
54433
61336
41570
33725
7724
28914
62416
47795
35675
37271
47251
60283
53434
45894
15384
63154
62677
20914
37444
45676
62610
1463
43740
48496
15908
45489
40736
62637
48061
7754
38633
12804
35340
3765
37986
54718
31521
10858
34862
54463
62764
10851
30781
30555
38282
46844
37713
25934
52395
25425
19287
39871
54261
37041
14645
18741
6382
50954
20481
52650
51111
9215
63236
43832
41520
45201
57503
59125
38858
38828
58622
20389
45980
33136
19244
45130
11074
37722
1858
26540
51630
10145
4177
26331
30545
15762
30600
2486
34819
19219
44621
29354
54228
33356
2141
19049
50612
53715
20286
6761
55379
40580
18597
18517
7923
44510
48362
59342
58705
59835
15781
61388
54262
46178
52078
31100
40302
11727
62906
49278
18440
17067
63558
58444
10210
860
17333
19530
15683
51754
30078
298
45373
46645
24856
49269
59921
12887
19879
10481
10809
33968
7591
19517
61769
41559
4104
56733
58087
61922
32259
32371
37607
19255
15329
9309
30025
44147
28849
19548
63917
49329
20148
37440
47927
58975
55642
2394
38444
24065
55988
44336
23512
48369
24215
59604
23070
61369
21573
20350
15873
59151
49774
35317
15389
35331
30405
33147
1456
12095
181
16818
50032
30594
20040
39861
19558
58245
62028
36757
34606
33139
40214
59436
31527
39446
190
59289
45263
63600
13708
7748
54351
19722
47940
40748
58602
20487
32484
19853
58728
29014
48679
5460
15902
64616
30710
9293
40200
21973
7629
40014
12439
10848
39464
10775
61153
38632
54014
15052
48884
56386
7662
49577
19713
48891
1206
50728
11287
35328
13195
45124
12807
14715
55282
60348
23220
1496
38105
40552
47567
12748
516
2489
17387
24180
19804
51115
18313
40274
9810
32788
36037
17886
22697
47487
42776
19167
52853
17637
47208
50044
8748
36094
46760
52506
6022
54231
60485
6025
56023
31330
186
64847
27851
39964
30952
55420
6246
44613
27883
41819
38533
37749
17097
20460
57974
47254
17482
45534
48568
13899
11701
19909
17397
41352
3761
38530
32486
55436
6787
50822
14164
61014
23986
54625
12844
7429
34461
47679
30174
259
20268
58288
12878
62594
64427
4474
60332
53187
34357
39065
28853
61361
35181
64805
40975
13040
48309
37750
1051
14146
20738
28526
41685
57269
46074
37995
9002
50805
47767
15643
36499
12718
23382
7905
946
3899
3372
30433
10098
40630
64393
18799
54941
44411
12828
16780
12503
9406
33292
58298
1775
16775
14855
55984
6941
25292
20714
60685
28854
4540
16566
13936
52481
39522
48304
26358
70
18304
48397
28007
41655
27824
48071
5198
15818
50800
29473
23686
27498
54397
19477
4694
21477
1784
59095
20403
11191
31765
12935
2804
45786
40070
4272
60594
57493
49664
3760
8081
16153
8629
56832
45874
43913
61011
16841
22079
2860
3250
61052
19267
41250
38998
35449
60765
58289
16722
11230
55733
37235
25699
9398
18376
8286
39550
16618
18787
57149
55767
53467
42725
1719
25836
65344
8834
16443
41428
51745
37715
47508
59985
12835
48225
7133
49597
15564
56672
17798
22083
11959
45016
57559
52428
48492
33550
50851
27745
27455
41768
7427
39629
23391
3511
49355
871
25024
64331
42500
39823
183
45621
15900
12315
6111
4023
40512
23204
23381
43289
18542
52999
47007
53603
42603
693
14962
56928
24096
3255
7351
10117
51692
32296
53460
8682
53217
34514
49264
10473
31336
32930
29153
945
6030
6021
30699
23580
55109
47179
11719
27475
25987
9927
23068
25992
27090
24792
64785
62993
26754
26767
33876
50763
26248
49740
37875
21919
7994
30877
5380
39231
1786
48363
12901
25821
4983
7984
51702
8192
52080
14922
21183
57433
59524
39869
19188
36746
58912
61062
21380
57150
52800
49229
9670
61409
12507
23844
10515
40421
41966
2324
2465
59539
7173
20252
20704
7463
32176
3311
24813
13941
16410
7535
57264
1778
51479
60440
50436
37486
61273
27829
58359
58982
8310
62243
12121
33068
11277
63341
63332
16370
28585
11869
58888
64124
16847
32297
28182
18849
45413
31395
36992
59991
145
10333
45475
5974
1201
59200
64754
4779
7806
6699
7439
60926
30666
30067
4509
15660
9754
17120
35555
54729
4456
58001
10914
49565
5493
27228
1574
27452
63135
41747
40517
7269
32036
33048
26826
51314
52848
2849
58930
7063
9050
59077
58153
2553
16806
34883
53565
61367
60188
32218
57987
50426
20781
60951
11474
9219
12357
58805
30991
21608
23811
61410
28751
59934
15276
2026
32637
4241
29594
60341
30173
3279
59461
27161
1773
5131
1743
24402
37878
39649
25615
47826
11026
38162
11855
38930
64715
32810
9196
32942
63083
40428
8652
47139
34686
3249
7509
10362
64245
53349
20906
6921
31637
2934
26556
11388
38528
18593
13152
57190
43019
61515
28869
34074
57994
37042
61573
65301
34068
31628
26490
40639
60804
12238
49733
29637
35076
60599
36867
8784
21168
30921
37649
23164
9732
54120
25734
40629
62705
29768
60864
4018
35991
33921
33927
19912
10857
57439
46888
48996
15635
22899
10558
8194
53888
59071
17400
13123
62326
38665
345
59974
45136
514
18094
31949
62624
26345
45615
54741
58919
10292
54495
2095
9003
25424
39214
35693
50336
17682
61328
14163
45352
48768
45158
49580
20084
16853
55811
27996
24153
11263
50948
46700
52385
529
16943
34933
30164
63242
47713
60414
53504
25819
16293
59423
21916
32642
15623
60931
1209
43365
19490
27277
4716
20245
16946
59917
49813
48127
39912
46772
3268
27992
59765
18334
13614
21865
16574
11592
47014
1755
21871
44093
13524
30730
46218
61585
23965
54249
47175
48661
46775
10663
38377
60658
43353
35232
21339
8094
40854
49809
7986
8141
15432
17438
44056
35682
52862
4172
45829
10511
55897
32964
11022
7637
31677
35147
37458
46783
16990
63269
56863
1217
52392
51362
18589
60378
59845
46138
42047
16673
21195
9094
27328
26347
4497
26743
29600
45790
58601
54761
35279
46796
57848
9565
25398
50866
16669
18284
11792
63905
5033
30938
58877
59066
50842
60300
5258
18464
6356
24113
47047
59401
10133
5133
50314
46366
59338
29471
52113
45783
26779
56355
65328
43366
25711
16906
11021
57603
3854
36652
44794
17937
3774
23547
45163
25925
16902
58037
4311
36765
19631
64510
57568
17823
38317
16122
45806
1534
35508
24072
26394
38965
26622
8238
21184
20023
38410
6963
50378
48753
16001
13155
29426
19129
48785
26487
28984
20001
32999
32221
34683
29218
63686
3532
45424
51878
40209
23541
30248
11512
63942
33355
51073
4577
36283
8343
4587
18108
21158
62213
13355
42751
25176
59590
57906
57309
58310
931
45060
23625
18278
30308
60734
20818
51116
63058
58130
46882
55986
12767
17461
48184
47667
52814
50894
19784
11590
51991
51055
24759
17144
52335
31883
26303
38276
35746
36624
59421
44853
2558
25886
28739
38117
25097
16228
9229
16204
60970
36134
53625
13874
40787
61811
4808
8489
41049
5846
50350
54196
12593
228
41271
31141
3818
15357
58107
4029
36996
52323
51043
41275
59283
52667
35486
35481
39867
20669
21982
64443
27721
27149
22724
58723
58436
30427
22653
9197
65054
37890
28683
55771
13755
6017
2418
58859
35117
17323
56027
62003
37213
49044
64333
8449
15849
46425
57321
65503
52226
51742
8097
25869
41296
44950
37260
64787
28381
24604
63696
44720
12470
42744
61295
48766
43623
6848
58495
8403
1699
39936
27999
24499
12037
4471
52333
23249
63206
43780
18414
35662
2826
37775
49653
15114
49026
23300
54198
23172
21403
61899
16237
9958
41136
27575
8981
54388
50903
2700
5878
11468
21638
57542
46051
15024
24451
47901
23291
11536
41149
60978
1037
41983
52182
21486
3824
38477
7655
64473
50965
15032
29590
25467
20988
22406
14910
16250
47711
43045
27614
9671
22069
63061
58385
35196
36381
64562
15427
52149
53714
21071
13525
56595
47490
53475
16011
13050
2005
45816
41023
19529
14801
51241
35758
11299
22500
2549
57458
55513
21714
62472
11975
52553
65089
36599
16320
22705
32066
19187
61888
60945
353
32882
7691
15260
15893
10985
27604
11425
40586
12318
63399
49536
6793
54740
64226
7453
4813
44792
25812
27784
59574
45192
6087
9882
47525
24557
14274
14097
46827
6148
58296
48216
53716
2059
43311
15402
50067
25482
39858
56019
38398
29965
20816
6798
47947
54597
28375
11596
52686
44721
25088
42585
14456
19149
18151
45945
27596
22036
14584
52919
45310
21031
22043
45298
31099
43943
38165
25670
20476
44868
25209
60287
51059
6658
47790
36246
11141
16490
11458
2750
8568
26755
568
60461
23060
429
30474
18109
53557
508
46685
10106
12599
29251
41265
62782
47474
4125
58542
23836
63329
3375
52024
5675
33768
20453
34490
22464
34314
61678
47802
58181
57709
29433
38036
59781
58684
63823
13787
35960
55588
20271
47804
13740
64529
52616
30272
59984
22676
43570
54765
7880
23096
22608
55829
9549
47243
28835
160
65022
14465
42675
35855
14449
55599
37923
18260
30022
27196
30143
49455
42268
21228
4306
34466
32060
16869
7628
22007
5152
53739
62231
15252
61159
43930
5519
23444
57220
10827
30166
48117
2970
10213
22591
18480
46460
49659
61063
39857
22232
31996
50156
52145
1153
12534
10260
12266
24769
39203
4520
10311
2591
23312
65409
54233
2209
46380
12744
18528
11825
25442
60358
6680
18405
52169
11905
64454
39881
35829
57177
54507
4416
47420
20546
32493
14198
38986
16553
46795
8240
19377
6406
46788
20558
34884
43592
53510
16244
39000
48322
7448
8598
18538
63070
38857
52808
38110
1822
59687
30430
27118
64366
39862
10374
35801
52718
38218
44963
42694
7059
10351
33122
59768
56422
47643
26451
23315
3024
51904
32927
15376
21020
19793
21018
56104
45524
62454
44369
58693
52580
35796
559
20341
43580
55996
11692
39504
22298
9792
8567
6023
11227
59894
49276
21574
50891
35803
52156
55740
3324
24674
16267
61939
48590
56079
22580
53458
23833
49865
64338
26322
55530
60702
50642
33429
43070
11237
61580
61766
18456
17520
61325
24270
12230
59520
16084
17533
18451
45253
29323
62348
15199
31222
41494
30836
52394
47526
3203
41846
12406
33257
47031
53153
35951
44084
52762
10993
19827
14432
16224
52032
2216
36348
14142
49869
50765
19509
14565
45961
42970
14985
63476
11514
21378
17125
37160
47828
16897
14716
54707
34523
22258
55242
25785
28259
46111
14366
55734
53882
16949
5233
33643
10120
46774
24918
9455
2162
15890
34803
45578
18607
33856
37022
8962
50831
5121
434
18709
38340
22499
7756
47698
64671
34415
46350
64270
54192
61661
55798
48050
50820
34158
46900
12892
21062
33617
59836
47503
27164
34043
13237
65164
50300
33339
9716
28789
62394
16243
52328
10765
19917
18273
2424
29790
36103
21043
12823
9195
56878
37495
21646
21054
4378
60680
8955
51008
16706
34437
44981
29552
45174
18079
15484
21594
1200
48023
65447
45650
44419
39296
256
45176
481
39108
8341
59406
15927
57701
23837
52474
63231
15969
1771
12761
48625
19871
25590
26781
48658
50833
35569
65392
34601
59915
53429
4747
41210
55807
15620
61333
46842
35306
28273
29970
21138
55412
2419
52253
43401
48593
63712
65056
26489
47148
36806
19223
53887
15189
436
48759
22779
45149
3095
36825
34996
13667
20631
2046
20238
12295
59295
27726
62347
14109
10694
52247
14397
21966
40125
6719
60346
20272
41266
43928
58589
46021
59060
13706
13188
16029
33734
51298
20749
63299
43406
32159
24888
60160
18724
17380
38663
11532
16529
23508
52669
59147
24523
55836
50418
54606
47948
65013
18877
31231
9678
15271
17183
15988
25589
4370
4383
48745
4532
62258
37720
35857
57681
19864
54999
60183
36597
2487
48981
44160
22567
54831
3772
8454
27224
13835
59906
11938
46396
16282
19635
48152
50306
12436
3572
5290
5863
46328
55185
13390
40627
41574
47935
60117
21716
32779
4369
11412
62792
29184
39525
39346
24830
4951
23379
54689
37104
14284
48274
52926
43462
55912
8481
19696
58229
5739
62892
6292
9900
41256
20624
16255
3985
21756
55559
65113
21297
37341
27053
8243
15473
49143
62135
37681
9898
1048
22929
794
32936
53974
30031
35515
45211
36050
20289
15570
29507
59872
27275
28165
61168
33391
53469
19945
35728
22712
3483
52921
4321
28801
47852
7791
33525
52372
15193
50793
20257
38888
56208
24541
60570
45560
23333
52914
1594
37855
34468
32399
18261
56827
15186
60842
11088
55502
3226
333
57356
12632
34669
65112
53809
16326
32700
8992
16343
1591
44733
45626
47887
50312
20636
49438
24786
44143
54636
11384
21546
35988
25554
36296
54889
48021
7288
39183
59614
64223
46754
7394
55344
60683
65533
11950
6965
11663
27116
33570
33280
12347
14852
63529
9918
17656
46234
1214
8772
10726
951
6700
1825
57303
20372
24299
11205
60018
38643
24920
41261
36224
3770
19892
59036
61941
53261
32472
16278
46399
53163
26496
12727
7049
19368
16887
11953
51395
1692
14429
21979
13743
96
35307
56535
7345
43627
56180
65002
23210
28509
2743
33817
5865
46766
45403
56791
6487
865
11387
47511
17962
27312
33044
46318
2305
12078
2057
6267
20452
53463
39696
24793
14116
15599
35781
7435
17739
54226
64434
53957
16725
56261
4677
23144
9375
46761
6447
61013
38404
36197
16883
22680
59150
65266
21065
4544
23218
56337
36662
60562
29292
64450
11061
34705
26637
40903
61937
11791
4181
47855
40853
3029
62217
7892
46432
29673
2006
31043
58096
33374
28850
46216
55784
37170
28738
47661
10579
30429
29364
22944
36823
7393
9956
58685
19710
57344
62488
11018
62429
51905
54627
302
60979
4759
27014
15198
9415
1185
14363
58307
24989
59649
57640
9846
49842
57446
34211
32989
3202
26892
9161
44727
21354
65171
61195
24335
28989
50388
17914
31553
21251
48256
994
36047
51289
57517
58459
24977
63246
60933
6529
29255
14104
9984
58623
37016
52420
16890
64011
63197
7121
24644
45042
3729
24598
10239
40395
55349
15829
59905
3848
11447
41604
37798
29742
10955
50704
68
32569
42327
60778
22946
58572
40959
64548
11381
1082
34734
24055
29871
40180
63175
11157
23043
818
62623
8897
26058
50699
47496
9906
25513
65329
30747
7965
36676
32647
31022
6276
20477
10167
20267
34855
60881
31065
36196
28423
33802
30733
63950
3023
33562
34351
36634
27929
6523
62318
7899
52107
50083
57841
10437
1999
61023
56764
59058
55306
11288
51003
18110
23864
45461
33225
19020
59798
43086
19446
49463
28161
59084
42008
10207
13664
52431
10504
36375
38450
60484
20213
41950
52383
50846
51148
915
1657
24798
52065
50424
23093
57298
59169
36337
55187
2610
62125
47499
26454
20209
9095
46429
56661
32937
12215
2155
10792
48938
60192
58707
19954
56203
64265
7291
25606
25260
64687
48594
16463
52889
31651
17489
28544
29016
24627
40793
42372
24100
10112
17660
57755
1262
11745
10116
24564
13714
34641
20042
11769
50349
35540
45225
23122
52164
16821
30407
65374
58962
56018
12809
62574
4633
14182
16390
32197
47446
57830
41734
4160
16863
47063
49230
39220
29992
30772
32276
30607
34822
49832
18189
1466
30552
34586
4385
54484
20736
64871
20843
16785
28260
20961
64378
14298
51047
954
45737
53616
21642
9086
54971
19440
24714
47017
61318
40059
34821
16865
58095
44295
58731
52391
16079
30595
27225
35912
49012
7126
27068
21775
41084
38083
29861
38228
62722
64679
2467
4798
10321
63282
7528
39224
50072
59333
19877
16719
45426
52677
238
28798
34414
36849
45335
36909
6566
30592
65040
36048
11728
31851
4919
28659
804
9560
59490
11073
6370
45972
61709
25203
1331
44304
55597
12993
57857
31761
5546
50485
32490
37383
16405
51881
1342
10083
30541
55907
4255
24851
45013
19468
45062
29957
5906
47058
32753
47911
19960
1371
21087
8562
56981
24071
23659
38272
4372
33395
29781
5485
24209
15632
62717
30563
54747
59893
18311
16017
48779
37764
18911
2738
45357
64325
24192
6766
24791
48899
39351
40053
47778
38578
46478
31514
51367
38957
15503
54616
49430
19720
56424
34971
53438
53039
26334
52249
36149
28460
63423
59294
58688
35045
43226
55905
57853
48695
46132
31360
17909
38092
29267
3615
23007
38586
50276
45312
6978
27233
57623
63593
17310
36113
45859
59397
44289
49444
39866
14819
63599
269
36315
65379
18514
24984
60286
64498
30306
7201
9442
23551
3274
10115
39868
15393
12959
55737
46809
61187
7982
54164
64887
25444
35129
14152
42329
40836
21284
18316
12283
30386
37047
51053
46807
57389
17617
8785
60254
36089
48356
48206
7444
12425
23451
21634
56030
42939
23134
26311
53480
43154
59568
17441
35487
14055
10315
50517
12934
8253
40722
32912
54641
28205
28887
49389
54313
27420
62667
16115
64809
3742
55835
21559
574
41361
47709
22904
25428
42685
57859
12695
19778
4185
38760
10499
22576
50876
42951
19474
47454
26191
64192
14273
9173
14884
9916
44048
22440
26617
20887
9836
57610
15697
22587
32091
19742
48144
25144
13482
62351
38971
7505
50915
21513
1688
7176
6066
60242
58014
35413
18082
22592
35429
42309
45554
24706
5250
53064
45454
30198
47746
45910
58711
25344
16241
10020
43680
16294
21956
9028
7937
12541
62456
64339
36368
28187
57048
50065
23785
8462
30586
669
246
6541
36836
16065
37425
61981
57911
9994
37650
42053
395
44095
15685
57290
56191
25165
2800
42172
62956
45932
26268
20866
48103
9890
53119
59573
3762
27869
39897
10383
1028
19534
17933
45127
60374
8024
65323
46056
50441
506
23496
10342
4285
53784
48757
48627
50878
20107
44783
1973
27908
63502
19702
16687
51830
9902
14893
10024
59671
11249
55611
40631
30987
55593
9317
11614
23019
14089
57634
37389
35024
16248
36852
25476
1287
32994
23504
39920
57367
52150
4999
1731
32232
35186
11225
22689
6317
32839
2580
38155
14528
1644
17978
58291
58501
55994
22645
52090
11220
58261
61366
57680
26580
45531
52154
45187
43674
26298
58453
37002
14453
47478
10376
62140
10087
42652
60026
61760
2561
18381
57728
54202
3578
34955
51437
35752
54360
10448
15187
63691
41817
25431
20790
32746
17793
26931
30418
10847
14019
50615
18436
16521
35910
12589
23452
32635
11182
40134
28020
55989
24069
45486
30389
39703
44959
1010
3359
4950
21013
27602
20493
34399
41814
48765
6789
5165
50169
60693
52159
31698
20052
42573
57249
41367
149
20986
22691
27684
34502
45040
62776
38234
1629
36099
38598
12689
14038
62933
30534
9947
48324
57693
40009
47835
52045
4415
20370
2041
58510
60347
10738
52155
48155
61762
10266
18953
47832
41353
54451
10802
12665
54483
5832
27096
61929
12681
6665
41337
20112
16624
5841
49315
20485
18535
53408
37935
26724
12608
39939
37471
47779
30731
52320
18439
337
13840
60448
61651
45501
23284
54947
8580
64017
29063
31258
4487
1616
35850
9710
43527
58483
8576
49640
9940
48587
39860
590
34516
64436
53964
31341
26324
46357
60340
30420
52148
10339
2641
24489
16518
4429
63223
38630
48670
12422
26342
31884
11079
44816
22044
35655
59127
9358
23225
58916
60361
31101
52166
43248
64457
2484
62969
473
62962
44872
51789
47847
39878
26148
14994
49388
9813
22303
53726
33991
47701
64543
26760
6783
25790
39417
59681
43082
31710
65260
12703
18539
9822
7973
39870
38854
53486
45474
52678
35195
57536
63295
18424
55999
52158
1023
49057
63884
60993
14400
21259
6344
45132
16189
32897
30137
65041
57569
12023
5506
36551
23206
7780
62124
64442
35214
6093
33685
49472
63163
58617
39759
35421
29709
23227
30395
31700
41364
30171
38659
64444
35369
27611
35318
1468
59950
3032
37232
55826
25965
59716
49021
31707
62056
8579
5875
4953
55728
61120
37719
62146
32477
24147
56594
10466
58199
25709
43521
52146
43840
27464
4414
43565
11537
65119
19924
18942
2020
55010
42727
32863
21327
64279
48991
41260
30524
8073
40183
15817
17912
5548
16188
37637
32551
45318
60681
3323
42191
19736
47278
45779
38381
6520
367
35029
48562
28882
7218
47171
49554
44315
11168
26242
44722
55867
57319
62621
19620
43425
57988
35524
2018
2499
47422
44073
32915
51788
8248
22369
54523
45983
61017
16186
15745
41114
58603
47618
52813
37638
39022
14612
47788
39185
7646
65099
54772
20479
39005
62362
50924
29948
16081
23071
45284
27753
18099
54763
18583
24528
2339
33716
54497
18487
28857
19662
14067
56758
3773
44196
49704
51555
29456
43729
25770
30207
8717
15896
18653
10400
61016
36239
58807
64913
23102
21005
50126
57590
37479
42803
29045
15129
41687
65016
48119
25930
3944
44538
54502
26244
43080
35799
39140
7513
16339
1728
29664
26927
11223
2137
41569
47637
51243
48564
1752
27059
7128
5365
23909
11901
29591
56086
65239
43219
24943
3427
41075
24317
49312
46173
61143
9270
52727
20539
47266
46323
9749
51567
10734
31729
23752
14955
43925
56548
36514
33376
3042
47145
4498
23230
55008
15180
11742
26222
64446
55742
41038
44198
23084
60350
8277
38892
16427
15418
23378
33304
2150
24565
56201
18908
33839
54668
52879
20799
45565
28975
40626
51882
17685
49566
21558
44812
36228
8361
26128
24052
46370
7478
63146
32857
29270
8475
56546
11275
36392
57310
50604
39276
45293
30222
47649
23803
11099
6666
15856
53483
9596
55108
28862
48350
38741
24885
43968
36416
28977
8360
17713
30972
63648
33719
47999
8506
15960
60338
32040
35547
30771
58884
15966
46577
20288
59465
41288
6044
52653
55626
26097
55286
51869
60420
53322
49902
8428
14095
42767
44346
53428
57426
54779
60351
5476
3525
62693
31362
64137
54743
11751
62774
53043
49330
41557
63827
23651
62709
52157
59204
52126
54902
26175
22448
43288
7223
41776
65087
19525
12459
44296
55713
33717
61246
39469
44263
41347
63051
54177
33712
23656
52815
19756
52648
60331
15721
44393
63832
53425
57430
64792
4078
10584
50672
58925
26255
23999
1383
9962
61490
42962
56865
35495
10564
48989
7334
17086
26392
12192
2481
44558
6811
4735
34299
50440
30706
43552
53393
44848
10570
9430
21577
41564
63567
39422
29435
28908
63183
54172
15010
34812
51010
25147
61526
8278
54304
46687
37055
64426
60330
54416
64420
26495
55018
60762
54078
9089
50025
763
61522
8274
48406
56995
28240
44001
61788
1017
6967
25684
56807
24036
50162
29285
50667
56119
5077
1969
30357
64197
235
2937
43897
63492
45482
27868
63356
32864
14503
2273
42288
6156
43948
62108
52640
49302
57083
54516
23653
32269
44134
14751
36189
37168
28269
44133
57076
40851
42667
26700
11699
29072
7713
1092
34526
3306
29988
26699
26865
1760
44187
49058
3652
36118
44373
8995
31525
58933
2414
56073
53774
35581
42474
46421
48560
59875
10594
16412
5480
63251
64353
7902
55075
23148
43205
23178
44321
54359
34851
36579
2405
63424
20039
52643
50534
56750
16044
28518
54353
64704
25445
39456
2330
48532
4741
6005
44997
20717
7575
2031
30168
24637
31571
56871
4666
24880
25342
45204
24820
9460
44380
5721
17483
33871
23662
31810
62265
23066
23472
44218
19807
18128
51908
58202
60550
10014
55177
7189
56012
31528
19
23180
2762
10216
8681
54589
46793
18131
65306
32326
59273
58008
8120
7374
56005
28787
24
55711
25784
63288
36307
51989
19852
48544
62559
59799
64706
6538
7539
48979
1091
18117
40411
42170
38720
48165
33510
14443
35156
54604
32763
62207
63320
18034
55938
54630
32574
55526
1450
58875
17207
8030
36947
41155
16416
57299
55154
64050
64249
23247
42707
55731
61987
23560
54587
59363
19384
2451
33465
36916
49469
43452
13905
64130
53065
56804
29517
21243
51891
29362
24039
1703
34130
50686
8386
42615
39115
15448
4485
5057
32620
25451
33255
61751
43661
11325
53900
64802
17351
47241
51689
26768
4163
3507
51626
43090
50242
60150
16571
55987
55800
15301
34267
34435
44579
48174
31026
38355
50238
35573
41213
31073
7163
16911
36643
24807
22813
32412
31519
34219
4489
54301
48495
53040
5713
36154
57920
60878
64179
24700
7558
48866
51429
29494
22183
3489
49500
8021
62201
42610
19143
15753
7871
18566
55324
57707
41675
49145
51896
12139
47333
64030
41992
29643
35719
3497
54730
63105
52331
29258
54545
32717
47167
8945
43648
4740
10309
57365
56700
57191
41079
36007
34623
9489
617
13682
50363
17986
27316
25302
36706
44941
24282
5113
38969
18830
15498
34605
62080
2643
48170
34564
64199
19642
32016
55128
9592
3104
53822
26404
18719
22787
52513
48982
8887
16195
19786
22219
14976
48508
30337
27527
26756
37658
40242
30843
54129
18821
48731
44214
57791
61205
12355
40285
42571
3814
64507
40673
22800
32299
30415
53178
27624
1229
19466
38190
6900
39873
55793
44819
18302
48458
57229
42905
60226
47626
17334
635
31226
57745
59850
11970
35032
56066
27160
26015
31695
17179
5569
11976
34050
35019
18985
6914
26953
12587
43663
32151
6242
63388
34681
30681
933
28061
48076
57516
56150
14166
30501
54139
40735
41459
45823
26906
40237
6470
65238
62772
43022
50524
59162
38471
3076
4357
63350
16138
1403
56483
4323
4209
23161
15782
64499
16096
58812
399
13695
39246
64667
56755
23423
16236
57763
31893
27055
33251
55338
43042
19093
65460
18916
51553
54295
27122
9516
11010
34619
50402
33777
57573
58786
34405
45855
8601
37386
29165
37462
26634
12756
18988
19715
24409
38679
47001
56699
17638
13725
57925
13741
43534
56163
9870
38205
15183
15231
24283
25558
21613
7941
4934
5539
30971
1451
32757
5040
35826
58380
12912
1920
25909
57662
46816
47727
50830
37241
8850
36724
44985
46042
55801
29954
38757
5192
31490
43411
8098
10551
14832
28396
57402
54364
31209
53024
39048
45853
34825
973
30473
34375
9571
33169
6772
7971
17881
10434
61130
5313
53513
53371
14795
34305
53154
63636
13335
31427
10275
6605
48204
53481
13508
43506
10501
4236
62599
54257
39877
31403
14426
62167
59847
10140
5719
20296
59434
23750
51102
43489
2985
26981
28463
46342
54333
2630
54088
63171
11990
42102
28985
60780
32169
34504
2556
41221
24903
60359
45713
16658
6261
63811
43439
23142
7733
16010
31730
14848
8971
5346
1018
55256
6269
18935
55237
62810
40796
4245
35713
24911
58738
47610
16874
13529
960
29252
27799
23223
25395
16795
3707
10737
40278
36143
35710
59335
12909
13337
6264
41818
51177
22114
7417
51475
54901
37363
31993
22534
59815
18137
12696
19082
41696
14614
28321
42324
47257
62620
7238
51480
54798
35064
62044
23692
58529
18177
54748
38954
24115
58430
27061
49211
16738
36926
32657
51127
35071
34574
31975
41645
15768
27211
25148
47978
31468
2615
4935
42144
39846
62066
34879
750
12265
14568
43573
60775
58452
11406
16643
33379
63168
42555
43434
30964
39123
59913
7740
52804
24651
52931
43679
1595
60110
9213
10298
26941
55376
29151
25811
7795
57790
20974
6931
10369
49003
12830
26936
5375
62024
58559
44666
7494
56821
46376
52682
51821
8708
32260
16190
48554
53895
18397
12572
33303
5229
57212
59861
31207
20536
59701
53973
52110
22393
22323
51345
30679
35402
59262
27178
50940
12947
11806
3500
18774
56575
46939
31409
52423
46855
26820
16274
36144
7398
34571
59519
5927
55307
19411
25759
1344
51249
51154
6432
39258
47880
53246
31331
3000
54075
18392
47752
61890
3890
19819
57799
64961
49754
64897
25141
13646
20114
21200
31461
2798
49064
10408
60975
19456
15104
7786
24781
47533
12279
62030
33016
18400
2184
37419
8205
46371
45738
50462
12228
20968
41451
18819
57455
16425
52729
21302
25306
20823
52036
24278
62517
22180
9770
22407
7489
39473
51387
57983
22118
46171
11200
7148
58447
12287
59
28983
7915
32500
40524
49352
46325
33200
25083
49716
56653
10104
45509
54307
21797
10924
53245
27643
55218
21814
23460
3895
30000
45343
30523
20747
10601
27282
55119
47020
56393
51017
51172
13449
18479
40333
7225
59259
27819
17875
22533
14355
53816
18533
45830
26381
34069
63215
33320
8115
45194
26425
49804
25212
47375
50881
16860
48810
32003
29549
834
38015
749
35670
25920
7992
16551
1194
21221
39611
19142
46029
19835
8181
40848
34743
11929
20778
13121
22848
36630
16572
53848
60118
28723
52429
38448
40561
48431
14644
30768
62256
3251
33547
34706
21238
34328
7561
31096
9843
14427
26795
54264
18242
53151
61970
30030
9530
58235
18503
60200
45624
30884
41877
59792
20315
15078
50320
4076
54258
54089
54504
24506
52966
42749
4642
2443
59016
64804
2200
38708
49307
17703
28215
59830
33259
5707
48812
678
35506
9725
38018
25261
24999
45664
56047
33630
44741
55206
44569
24234
24707
35868
673
35576
5430
42279
38981
40571
57944
9428
17998
35907
55201
36958
63488
21388
10888
45074
56225
13085
32077
58426
34187
53812
24796
17690
34840
38057
1958
46648
58718
18067
28218
27217
55605
2143
4683
9378
37210
15542
16379
50695
35414
34417
14021
18127
23213
9978
42106
31055
20640
40506
19874
6655
21268
58708
12923
57197
9715
27355
5531
55730
27413
37678
22554
18277
47246
27242
55782
65311
51724
51525
35722
53795
12248
20079
50840
15121
44053
46785
7354
35974
58067
53670
19941
216
4903
59177
24082
34344
30343
10240
34044
1953
47211
9722
60611
19010
57461
5699
22710
1660
31418
9921
47820
23242
42704
2992
11452
65407
6142
33928
18869
58319
39290
9352
9496
23594
17343
15546
10187
4850
59750
21105
56352
60858
3240
1603
26992
12054
8488
37848
38343
60116
44428
40777
49293
15631
36648
50963
40921
11917
13718
60891
6011
35454
5745
61302
12777
45066
61376
28551
50895
6660
43043
65048
58239
39627
19097
48897
65014
14891
26312
18842
53008
58951
59636
51396
60169
4420
6163
60604
58946
26649
13750
51524
32974
33057
17129
20314
34786
6661
1635
58458
38275
36650
23798
48827
37849
46221
44814
38959
40758
10443
44771
11000
22673
6649
11958
16608
6149
17234
45901
60353
22906
41230
11385
11687
33107
54488
50482
3862
21115
65241
33884
19311
36684
9752
30825
24124
4469
12933
26183
19138
30844
43013
46219
36015
28699
44847
18704
28779
16637
3876
10426
4328
62363
50463
60651
58177
7350
61166
54206
2977
42416
64041
25210
19824
27990
10264
56810
12588
12803
422
39953
57374
36612
14649
53665
4495
4778
10028
15326
11878
47662
43119
51158
33948
2982
18078
51093
26655
50647
12784
53926
41006
50570
58226
26889
56042
20094
39503
15082
43868
417
24171
14892
63815
36253
25257
32494
21434
5416
27749
37119
11851
57498
49922
11780
36420
36923
17645
2475
32656
49397
61293
33812
22056
61363
52345
39879
38290
57751
8932
49090
13238
11007
36378
5143
60717
59385
17436
19169
58993
3723
14609
64659
51509
24596
12180
65320
59368
43290
6768
4203
54214
19183
26309
17808
53921
17824
33809
63387
9966
6685
48507
24699
30613
42215
56230
37989
12046
42408
1891
39377
37914
11775
16985
63224
34994
25275
50133
35866
36085
11420
23968
20634
18548
60729
52382
40960
10739
64086
7918
59128
7709
33396
24369
50930
12272
48288
37642
18753
9556
62
61358
13424
36411
28494
58959
59659
19193
56429
38916
16858
46829
47156
8300
39545
23590
17169
43193
1661
34149
43153
61379
12692
62058
36603
32202
34229
59555
65044
21029
27852
40154
43161
33119
36638
2816
52858
28445
26845
39789
1294
44839
64900
1884
11972
11609
60491
7977
7684
35503
398
33415
21492
46764
45313
41122
40760
49271
48010
59895
52463
54380
40744
44570
1138
20012
47785
8745
6457
28824
51632
46477
47242
51894
20659
19515
31610
55005
52403
11675
53169
24502
27085
30499
24281
65038
2652
5826
55314
49242
23921
35950
50806
45975
8204
11266
32879
39184
60981
26165
13008
23972
3982
52844
44787
15792
11115
16016
3356
51890
43392
3079
3191
15536
42097
38107
49585
63585
3425
13398
20277
14729
52452
31328
2744
21024
64840
10633
61637
15646
12684
2283
19860
47964
8891
39849
54332
21322
14034
57097
52450
31809
40739
54399
25732
16540
40570
44887
43802
2912
65286
15919
59813
65348
12742
341
59972
41504
61304
21712
61286
3147
1888
3128
15832
46762
1422
18329
53048
15800
13351
59812
62278
51122
53179
47510
21545
55265
11502
22070
50353
29480
30941
21975
52509
14932
34358
12636
609
31367
44414
17963
5335
65416
10508
62587
15925
12165
61698
34196
14288
5685
34090
50576
61780
3406
52400
12389
44651
7696
31563
31799
46043
48816
31604
31031
9445
59109
14991
53681
30945
46569
23279
46046
47230
15539
50984
40557
49316
11902
10390
23815
23556
25274
41769
4011
50809
12076
11900
6029
9999
27123
51611
51499
29705
54452
8901
42557
23655
29814
18019
53051
64596
49737
34785
10103
11383
53224
43169
13427
63738
1645
22750
43254
1120
13174
11713
59244
27338
6740
61299
17174
22973
48332
14712
4054
49860
52349
13258
62151
39055
17659
9419
49105
48308
36351
21194
61733
35250
705
61828
50232
53555
23588
24311
47205
17993
14293
51157
28697
56365
63049
49712
77
12226
62012
60814
18011
15910
61840
52810
62079
1088
55300
26377
36853
29528
3149
28167
43413
37175
53762
60206
18330
27011
40523
24997
47699
9690
23416
39800
44674
5439
63602
64194
53552
17834
51913
38004
5173
30960
37285
17580
30965
19030
13832
50696
8070
12146
57938
15930
38372
29232
62938
25788
47768
28247
167
35940
31796
47258
58498
59515
4597
31644
36576
41129
29306
7769
63300
60893
51763
17420
40550
25253
47391
56698
22629
27405
41611
14028
60119
64310
10884
34986
4548
28173
35093
26232
20772
28498
25373
53342
23288
58395
38499
54138
26077
38217
15895
6516
23364
38452
13587
33084
37541
36009
54128
45237
61861
7115
17674
60113
57525
13669
58244
7152
53764
52455
28462
13407
25288
27975
12687
64003
26836
25049
14741
7956
57798
5124
12945
63365
4546
62865
16456
32638
1662
1796
19016
32139
37292
57660
49715
11454
22272
13023
37997
21145
52079
22085
22633
46519
57372
45842
34276
10779
59354
2010
49656
18924
64788
62375
51790
11493
13156
25607
26234
39622
14365
47652
55618
46660
61774
50971
37574
17283
54532
13992
33807
24617
13709
33409
16561
25268
37422
48823
48004
29224
60123
39531
42512
9695
63968
15828
33568
18792
50788
62998
18645
45805
43515
18020
53995
46608
15579
52443
25128
25423
57883
52541
594
55385
64827
33094
24979
7673
41513
9245
45997
56568
64760
38775
39350
34972
11907
58649
17194
33737
62909
50403
32248
18398
1802
63253
30686
29193
47024
38744
17090
22285
1926
64909
47203
53488
49717
64889
60308
51355
63376
7442
18968
38964
49268
12322
2745
1956
37698
3396
4212
54057
22006
33989
12463
24520
22687
4911
59851
40408
21189
24309
37851
3482
33168
58054
27741
12487
24319
38749
41174
54269
36940
37294
45765
29618
35548
24894
41090
19855
61706
51786
58656
31476
65529
61084
41278
38019
40238
24279
24480
50547
45270
26278
16576
11700
63981
19930
61026
13732
31538
20888
18215
58479
56913
17940
59404
59585
48015
14678
63491
31531
26904
15289
24734
52596
63986
48490
37272
27736
24678
37550
24012
3487
9469
38806
41525
15307
35537
11831
13610
62157
41471
40087
28667
28481
63528
28916
47055
55805
50762
41793
40780
8915
3136
38551
7671
35590
916
36304
13675
6526
44329
62669
23754
1859
64884
37774
39353
59547
8291
58049
14542
59556
50643
26773
65093
40916
38384
6348
39641
43726
10854
51687
51661
43770
4709
18178
23401
12839
43258
44260
2129
58424
56078
48164
55901
9198
19653
29947
62440
63413
3117
19935
53141
6420
32308
2151
8295
38826
60955
51405
22442
14224
35814
56966
51088
18747
49122
9553
47926
65358
42370
15373
20133
5123
45000
47263
16832
48895
2708
39319
38215
16992
3476
14045
19573
19408
41832
6629
20131
42653
24917
57505
63133
5988
10099
42029
8660
8458
16336
20202
56052
37684
50610
20414
55607
18395
5196
34333
30683
27403
83
36944
47883
33487
7559
64899
29593
687
49979
13768
17640
8622
25173
15142
43980
37584
349
58366
11161
33207
38667
12939
7220
33642
3474
34918
16680
23464
64424
59587
5828
61370
406
63899
38859
4476
8218
52947
49883
60323
60180
6596
37656
46704
3706
48321
33843
7686
12024
62524
60768
39543
32919
48786
51018
21267
15200
17403
34005
43807
39057
23467
25993
41077
46857
23608
27139
22717
31794
35778
27172
38136
15673
36210
45514
46252
7233
15831
39418
40698
21806
62509
31654
42014
36649
42055
9199
60125
62269
31300
42258
6140
15825
15575
54093
37692
42317
59805
9274
59433
36025
52134
7488
51965
60178
10697
21387
19108
46940
19251
31801
26994
59467
20979
27074
42985
22781
41252
55423
7692
62489
23052
38458
27183
27756
4475
3265
27396
47885
54541
38642
9385
50847
8455
21779
17848
5127
24698
15415
45870
16286
40092
10236
18650
21579
50478
24667
53773
17267
37412
40248
52538
16086
10880
11322
32835
6668
19387
26224
3548
11211
5389
26197
11922
21525
35780
27187
7812
28164
56571
14519
49590
58421
15208
57067
25365
33129
15416
42048
57668
18673
8457
1440
50443
49214
36242
22632
60609
50289
45071
6147
44008
36600
22480
1695
57371
27143
9369
15338
48902
62881
6485
28963
18793
18889
20991
25266
7416
2245
57735
21652
1653
36559
42825
62779
62601
15826
18806
24688
28452
40185
16277
34012
43959
14107
38173
58783
59965
56688
62811
10768
44448
50249
37988
14851
33369
18577
11893
12842
36080
40920
24983
11899
14485
52086
41945
4511
18415
25236
51285
62879
28398
6972
34016
61930
14371
53208
26535
34091
28411
39924
41019
9616
54716
29172
15272
48571
32877
34929
56160
40664
3150
22391
59599
24944
3795
37316
16109
36610
33269
15267
9390
14717
47904
34712
28636
30624
32604
18534
6855
54574
9068
17458
24196
62198
5082
9778
51454
10661
17182
25613
40035
61326
45750
23341
31917
30118
11580
12726
48740
5588
5746
64495
47450
60311
25293
55823
48512
64822
63937
17399
27817
59859
52792
57205
947
43262
42745
47613
39251
18212
44611
60724
53862
19046
64184
42122
13637
37593
5508
30182
46753
6586
4131
51168
60750
6123
2098
29140
32591
13938
33134
45205
50746
14111
63615
64143
46752
59131
19182
332
54286
54389
49303
5606
10597
55196
47870
49191
1836
29201
11242
12140
23275
59712
34765
50561
57656
47468
46841
8294
12468
22806
21270
10062
30315
56007
9057
41572
28956
48997
58544
11582
5244
46164
59447
23082
47181
13943
21564
25336
62257
14746
32488
46428
56739
42566
25593
21568
62664
31187
4971
17253
51343
44828
23996
31535
47517
49063
8288
13367
52243
10972
14539
28781
48245
22286
53508
3358
44314
63027
64675
3842
11824
27495
42340
45545
54618
25516
58286
31805
2131
35388
29749
5339
41317
56901
30737
53478
31625
8497
9786
49874
21223
30932
43622
29543
46232
55555
45068
14168
5793
63916
32619
24187
10667
46405
9601
11312
21227
8760
29536
29547
46918
11915
15904
43536
12235
63975
14989
14266
52757
1385
45641
34079
27967
33906
19288
63724
7404
17255
48798
65492
55437
49258
15089
62194
38098
39984
8482
9027
45264
33334
58956
22604
15628
17707
46226
49689
58179
50028
51676
55567
62268
48690
54265
6285
48826
61403
27356
12091
29912
6012
52002
15845
10196
46224
53653
39111
57921
8993
11904
30937
52248
8483
8667
52864
9174
61986
31122
59584
27347
30576
8494
6796
25483
10903
60158
47571
8211
52161
7638
52175
17175
9689
34153
25032
55646
26828
45718
29855
51069
4059
35022
24416
8216
4825
4884
50882
164
32782
56840
2915
45353
53768
39333
17154
64455
24492
46208
10934
48828
4215
63856
37768
35875
32947
44882
32741
43149
62019
24276
41587
63631
51643
44484
9665
43093
30229
50409
26209
26678
44235
50039
63219
2142
59186
63562
12982
26357
60088
23981
11747
37957
28767
61142
28124
45326
24363
46881
42171
16554
51110
29062
46999
52310
55318
11910
7989
45623
12888
19875
64076
38878
55603
47381
18344
51052
29719
45643
48741
55659
32017
4918
13911
21899
16690
10631
53637
16089
90
59602
1640
8869
1847
19577
53251
54685
63639
47456
11534
45276
63757
25809
25392
63483
19555
28545
34718
49083
13702
29227
21620
29786
9141
28725
43172
23533
8754
5751
3213
29913
29878
54281
57914
53013
25026
25305
54390
39119
54633
16704
3462
47953
1798
3190
25327
14810
10345
51559
29144
11501
46902
53868
11260
9798
53099
9326
13520
30197
6105
31202
49687
16483
13880
62473
41357
29610
52341
28997
10614
50949
10953
43246
9825
57217
15980
5733
61745
31225
54510
62110
62407
4810
15118
24114
61782
14262
39783
3349
36349
45274
46821
47093
54186
44060
4937
15830
11251
29049
27646
23136
471
18162
44954
53976
47122
59390
6108
32338
58300
59937
24841
13925
26730
8841
24985
25138
15931
40822
64211
614
43587
18798
10134
63270
25270
18280
16152
46202
59182
35893
50260
29089
41921
34078
48905
63214
10201
47933
65042
11583
3200
25539
25696
65267
20495
65086
9275
12020
3395
24924
24117
37239
13356
54943
32138
51188
19328
36130
17177
38721
28760
26829
43016
61364
3464
13177
59212
41228
8212
49245
27768
55303
58900
14311
7200
23035
20373
27564
50078
10153
38475
41293
22120
3480
20402
40228
576
37608
15287
11629
16760
26363
7415
19921
32712
28234
28627
39457
52137
43285
36761
43329
41362
3392
64896
36098
4292
21675
14487
8197
25668
39955
32874
49265
65035
18469
30217
5078
16077
35536
40234
3470
46222
59644
23723
59378
2291
2294
51633
14986
59537
44262
48520
43562
6577
3954
64711
42976
683
579
38764
43532
58357
36498
23671
37370
26367
63833
65071
64119
36722
62319
42897
15361
14391
28564
26657
47963
27070
41086
41766
45994
24947
2259
51183
58911
24632
4701
17719
300
38034
37167
59393
1632
23030
47605
60766
23950
27136
93
57674
12525
36334
13267
15315
14545
56299
60009
35125
34767
18232
45720
43497
33411
14862
61426
35566
64121
51377
1373
64398
12050
14995
37420
31095
56836
312
42728
24361
10652
24111
36555
27255
63785
11611
28365
9121
51752
28326
2300
18710
49768
57697
12556
51889
56918
2298
2942
13512
44102
30236
62062
17087
5722
36027
31390
26438
18478
48885
43942
23670
46141
34095
59624
3475
62300
27284
45588
64713
41922
317
41981
17079
5678
60429
3501
10277
22136
5337
61225
18038
31574
46402
4848
58898
62754
1449
30936
7147
6418
40103
52379
53941
31151
28360
36939
6128
7916
45355
9005
10959
64740
45700
64460
43531
59143
42240
40556
40236
24011
23392
30367
3691
58906
24592
39656
35588
6747
43997
43834
13770
38179
62122
27406
20664
38488
47886
58098
44960
23129
32952
60715
40834
39284
41387
21053
4802
4946
571
46616
42724
62895
38301
38223
60850
57254
58012
27005
28474
8757
59622
20681
49220
11333
21447
22983
64882
12329
24521
1856
31596
35525
37435
49435
2381
48006
29931
29058
47962
11428
8585
32571
51642
14687
29059
31291
29260
53180
54617
32686
16355
14983
29233
61028
45265
11737
21924
47749
52561
13106
55533
62688
23326
16579
48675
16072
32147
48251
46971
35737
45392
3463
52064
65024
60967
50744
63587
30132
62206
4684
32374
32265
65363
47461
51143
3689
3355
363
12682
49637
33594
52457
42536
61945
9062
15549
23365
64313
49950
44353
9532
5111
49226
48881
30452
35066
22215
969
27007
56573
23751
39500
49486
27387
2368
20421
65181
37438
10688
63659
62074
60000
15322
51398
53278
65128
10961
35233
1618
13678
3144
32352
50736
41835
65513
52084
50792
22996
17006
52784
24537
49644
46995
15544
50416
52424
16360
36910
43958
37586
21162
10836
23394
62872
53414
24737
13901
50644
53108
43405
37030
6494
65368
60518
58423
45577
49543
21288
25282
12716
21287
38351
41276
12233
51421
9491
13516
7365
29253
22156
56574
28344
29254
56638
33597
27186
23948
133
25791
49147
23169
23681
11847
47415
3974
30049
7678
52647
48817
48501
15668
60589
33366
25990
3245
10557
30342
13891
18786
24104
50035
63039
11834
18372
47952
21993
28932
15419
14666
52994
52283
56059
29904
55535
56949
56846
55521
8237
25111
16095
9232
21409
63681
1900
45744
44358
33528
11912
32046
33873
36809
2991
3139
9105
9355
51317
8131
32796
16368
5007
58164
21463
50102
57839
14828
46135
48715
23958
33895
48102
57175
56934
44877
32971
35638
17770
14277
51141
50617
38962
13547
22374
51358
8247
38758
38801
11563
61430
31497
37872
23759
45050
29908
29145
17554
55675
41466
25805
934
58886
55054
13442
5661
25958
63721
46389
33446
55263
21930
61034
37972
32256
1149
14264
19079
17100
51128
50473
16567
24656
3695
5372
53331
32133
34987
34923
49981
11358
38210
17915
33581
46950
17675
18319
7920
34293
45658
48541
45523
29597
1405
37262
18661
29592
30767
42125
27450
7229
41598
13078
37249
27488
51847
10916
17270
19036
58837
7108
15181
63621
53168
62915
58734
36814
30685
30935
18012
51823
52089
27928
6633
6674
3986
38777
5890
55676
6340
39416
5269
32606
1918
43441
39571
25311
61460
56993
31153
11338
63475
26375
43961
21523
50843
57775
17188
6574
55051
59347
7282
20725
23466
21817
24005
51436
26061
27400
10549
28712
64798
30939
24701
5716
30680
57528
59293
26200
24408
55870
45240
31488
572
21040
43816
50445
9493
41724
38804
15325
12956
45706
28979
56824
53829
53857
45772
31294
23421
39805
29056
12142
9606
14269
46024
9583
51133
7876
36074
5650
3005
11348
28791
19691
42281
12836
49507
47551
29917
20962
28256
26909
38791
57499
55990
26600
98
5195
47792
9189
3387
23869
62435
11349
60866
15819
9750
17748
44299
42797
35738
10286
62793
9876
6720
35042
44283
64763
23121
54490
53729
3127
29168
56820
60471
33456
18075
6517
61466
56919
47050
9471
169
12628
41127
47560
31532
60066
28249
34900
1915
11664
54671
37696
21247
56049
6376
13500
55498
49144
60972
2482
34464
37307
23336
6897
19723
23475
11516
19794
54535
26376
58196
63202
33673
41575
45188
35126
49797
37388
5572
2767
12763
33096
63662
30676
41767
25995
14069
61184
33477
20134
57443
1959
26494
51320
21090
3468
48074
45711
43843
15202
23725
33659
58053
21190
330
12451
50333
31533
16219
36773
59747
30015
51866
18746
43953
62083
56075
65498
34562
47813
50545
21734
2995
63420
10911
18933
57558
15615
40442
49114
26549
8746
13843
11015
57240
25840
3838
63297
7162
32300
7874
37095
3923
35286
43852
60263
25555
47821
11712
39298
64794
39505
17010
36760
33710
4293
1961
40982
36316
1378
36043
33459
25113
13116
61478
53618
58513
22861
15217
39046
1459
33209
32483
30712
5243
34584
21402
24235
20428
35538
35546
17260
40272
49280
8139
7534
31944
28630
65133
17702
10691
40579
35342
55378
51145
31495
31146
7466
60070
58305
16777
4251
14597
15310
27114
4013
37971
63050
10191
58073
45875
30922
5316
719
29162
15739
60819
43187
27323
17301
1188
38606
54276
26136
18318
35386
59824
3368
64242
6604
63704
7400
32502
54985
61128
49267
9625
42782
64057
55025
35945
8817
26669
16468
1619
5015
23500
23498
60097
41173
32632
33867
55121
53566
27629
48948
16378
29979
57140
10402
58747
57740
41740
23280
46077
7903
38560
20395
41500
51576
30963
24549
45895
62595
7096
17906
3074
58739
39265
22257
8674
7800
51868
46968
43683
2483
24659
55027
12097
17344
34143
13082
34026
46035
36808
35995
49460
63715
7721
55126
32988
58206
33462
16387
37201
27674
2640
59576
4963
18705
37791
38597
8254
23317
44683
15756
15604
11460
2437
60662
31216
26859
35478
3137
41965
18887
64361
39886
41338
8088
41100
17212
44063
63258
2681
36669
29760
17709
57070
17757
55802
40037
61500
28547
19638
10838
54363
63882
28395
104
22405
41891
36459
58057
19150
64449
7476
25162
34865
54698
47593
17223
12685
30741
1531
31981
43945
35708
1382
14207
25666
62695
62708
7909
19733
28508
29531
59898
13383
3882
1971
35352
14340
46870
54744
54658
20644
32578
15750
43630
47816
56009
2104
45667
31369
15443
12474
4075
37669
26131
53893
52167
41748
37441
63111
20054
18574
8775
4427
58758
21829
43451
30604
51781
64541
7326
24033
55806
20308
19205
54346
38766
8853
34912
36644
55625
54444
63876
28220
3683
28562
63433
39781
10599
60261
51009
12379
4479
54299
32997
26740
15066
59372
2382
50558
22863
23593
27051
31850
45442
11551
19330
54268
3430
16474
54665
34323
34339
25273
52502
28958
932
1347
49983
20692
8142
65325
60700
61666
7474
41531
22590
41702
27383
3393
12372
5601
29415
63822
12749
53574
36128
124
2114
50054
12172
29572
48615
32104
1485
2126
42577
15531
11630
21264
46627
21326
18910
61145
34769
4419
58872
49081
27489
18039
29559
48703
33514
19956
37439
7323
39831
23457
41056
38736
49041
9284
41022
19341
34910
28693
6881
14657
49055
23712
61424
32491
60072
3496
50129
1404
21312
45593
3897
4692
47959
29583
27936
64595
33779
60730
12268
53778
53240
20530
1461
15087
5053
12380
43522
19725
32830
1851
53355
36075
48373
50037
22850
23683
36730
30602
24321
61408
38922
49283
31862
18447
34801
62713
56567
42177
8252
65287
52029
39260
48166
55267
55662
39241
56380
49288
31753
31723
34631
16989
59571
6593
63118
10353
31725
61300
48232
56371
19229
28349
47818
8564
49373
14032
56037
5667
12175
64634
51898
48728
23244
20056
59752
56285
18135
60171
15223
36292
44516
48263
25151
27737
30279
51181
34115
20472
19085
32921
44075
24127
9838
57768
14265
9832
43337
12028
25701
5048
47737
63353
2440
27849
47437
7640
23694
38192
53849
58983
51229
44527
6784
55860
11003
48628
29434
2183
63877
50817
56823
3452
32789
8769
15876
49993
33164
50004
29545
17358
48443
41465
14441
29420
45038
17584
31479
43309
63739
8673
25640
14650
14756
63530
49235
11587
49036
49968
39327
63892
12250
53328
23237
13338
60543
56280
17588
48088
10005
29500
9332
55609
7921
13780
33620
28230
27027
50120
65076
56015
47339
20612
53591
32033
23932
25156
40804
9857
25314
32086
45077
14725
15690
16717
19072
45607
53003
38503
51198
43597
6908
44514
8242
17031
10318
34121
57884
32049
42583
31718
45591
44078
11469
21317
45840
22051
2099
50010
31411
30003
53861
49602
57330
50677
12378
14813
61897
38419
25381
55361
19006
57913
16026
11625
45590
47842
48858
26964
29506
63723
53894
32201
10936
42345
34124
37590
18991
46873
61226
64387
5369
62812
25742
4140
10721
64630
2435
27670
47424
50241
26770
25960
54095
30792
58899
62086
30782
9700
48820
4330
45888
44885
53068
32022
10931
49807
54776
873
739
65414
60824
32053
31866
18525
7751
56903
32329
37113
35075
52547
12004
40019
22799
20618
9973
56145
33250
26806
28012
25216
24795
62968
746
26553
33210
46643
37275
28394
32204
17302
38360
10899
17023
56486
62896
24877
46916
36343
28665
56911
35130
12475
27303
7180
58716
25948
8843
32130
49301
11483
15996
64972
39669
31542
4148
2565
25385
17902
36116
49065
5448
33687
47831
33464
61072
46973
33206
9863
31816
44341
59793
21914
36997
8345
64193
33864
9546
26728
35336
6222
35063
55127
50003
16475
3688
38742
13633
49040
41761
56514
22218
35623
59011
30728
55039
43625
62104
7701
30196
56724
34548
11243
31886
4120
43529
6656
26443
46220
55910
4329
46632
26564
3562
28828
58425
22546
42427
41624
28031
19164
30468
33655
5883
54188
2983
34374
39410
35921
22470
14428
64578
35322
35477
37978
37306
59928
53361
3992
24006
13697
16212
23409
60054
6919
19162
55722
41576
43048
1250
14535
33073
10703
56071
24320
13723
7171
60270
25857
56132
42499
2479
36046
43363
23658
40351
28878
6936
38415
51615
33316
18682
30318
61779
16761
681
45228
45696
30355
39129
45444
17705
26708
28077
24876
9116
39506
34023
26163
24228
27621
35382
54499
57300
41772
4754
53939
35683
52073
1164
33855
17011
17815
14190
39557
56426
18742
61768
18144
39836
19230
64699
21325
58151
49212
44003
37626
8371
38185
64719
42355
53841
63354
58240
679
61443
57817
33099
17511
60835
5425
27548
40128
61481
28254
46490
51261
47134
51016
52607
1086
22998
64371
36703
17671
15093
5451
19673
38401
43495
17951
10879
42879
54404
1261
31478
39704
5069
40169
54885
34116
28199
47330
10820
43787
58743
27382
16827
53846
30403
5051
35341
6615
10560
47074
64693
26518
13353
40402
50359
28906
56192
10665
22999
6078
13098
59512
7803
60880
56998
22322
63422
19034
15511
13324
46274
31599
54880
10582
21713
28594
28246
34824
18947
51516
47584
11781
41709
37153
62511
3550
17570
5088
23663
18022
61451
45468
59323
47256
39274
4122
4905
46083
52736
19748
61868
43794
52855
31928
50692
22186
21684
34800
40544
22713
49932
26993
51631
54438
42303
31417
51142
39625
1090
51910
22187
59952
39438
27398
1446
38952
40477
17972
47164
11774
8518
28059
19115
58557
61000
29646
32164
51389
65149
30147
10474
63576
33041
41534
61455
51376
65413
45776
9619
8948
37429
31920
61895
28970
16811
59226
16399
49909
23398
26010
28213
61445
41837
64102
51610
58588
39412
4707
46959
15206
65036
44033
987
3997
35701
58628
18822
38928
14027
47983
32417
47095
43011
6682
24308
32342
34811
24469
63878
1135
3405
9186
10773
54419
45333
39756
14316
44040
46494
55527
31467
51645
3282
7123
59250
18488
34953
13590
34261
62926
30064
5658
15421
39776
17673
17052
56673
45652
51968
37323
34181
10344
18120
18287
53904
32733
30138
26684
5452
57931
2136
12200
29119
56024
12635
17459
27626
44616
37436
35061
48854
31152
2516
11634
32747
37594
42311
34609
45516
49916
14315
44128
57442
2185
5723
32695
2714
2470
16994
39313
29943
8500
5177
65526
23468
36840
33179
51925
18190
26776
19570
26968
40432
31165
51947
37008
6560
48123
54782
14563
51167
51255
18235
18004
39824
30776
15000
7767
35348
59592
19228
9259
32343
49591
37031
4607
48708
49321
38860
30411
23995
2402
12298
36086
38197
58225
47376
17141
30570
12973
36824
1216
48639
46283
42414
61306
11567
35004
56587
15481
54208
1655
47604
54548
18295
17037
61411
27793
887
1225
25975
44818
53259
27916
20153
19594
8966
11961
62216
22401
741
52531
59663
47363
1705
53693
59073
5908
57561
4557
19090
54027
59428
17982
119
9051
7246
32089
27949
23415
26501
54795
18759
56583
40738
1196
54023
26848
37421
53255
60537
8913
47435
17229
50234
61019
1659
18839
46711
17213
891
13557
26557
47462
49401
52346
14789
56905
19565
11732
53946
60952
64973
49702
28233
28159
12166
41207
867
58070
33315
6662
24068
18592
4518
10996
28986
18550
19400
2159
4153
38424
22319
40679
45423
51846
21837
12969
61420
19375
23283
64771
4569
36525
38358
16974
46706
8473
30787
49605
54639
5109
55322
1650
22593
53744
19630
19810
25231
36396
20847
61104
14345
32666
46744
41382
7869
1674
65423
32445
58120
19325
22209
60010
7111
10764
20648
16829
11386
11140
37085
2667
22535
123
28426
14615
54791
18546
25211
53780
54557
25345
44834
3447
20110
3451
48281
60652
10625
32922
50273
52342
18981
54476
18431
62168
55475
38143
64038
65472
42183
895
31215
34625
16448
45679
47348
29730
16982
13987
12059
4324
25422
24218
51620
26070
14854
32098
60643
53720
19173
33112
13903
38182
54520
20975
61068
5043
24465
23589
58236
10634
33569
41651
5625
29704
55621
883
44895
42054
5368
8750
21834
48986
30153
14656
39958
18159
11382
21119
29753
39278
50972
48093
58761
26305
2764
17257
48669
17844
33626
64568
45527
5840
17369
56010
13263
37465
18459
20651
44827
3241
29373
42302
22516
40874
27997
53503
59700
12476
27223
38456
9240
38316
34223
63054
49466
39126
45656
51760
38012
35378
40320
41001
57818
32987
24988
9164
33494
13209
7687
15328
16538
20316
64591
13183
61301
61548
5859
36848
3697
55309
24054
4979
60741
46705
35448
8705
60153
47392
57814
19365
30656
16564
45086
21026
40590
8233
64246
55407
35688
59488
31323
34176
38222
33238
25397
7889
33171
63123
13409
58936
65065
38046
48418
45390
21103
51136
32698
1615
54289
41166
65066
56889
42176
11672
660
17642
14881
10613
26620
48993
33256
44774
33065
21277
15060
52892
27881
44840
41915
12259
32109
15067
10506
33543
5708
58799
33003
34553
840
9707
24094
11451
18262
60184
58171
28718
62460
21157
25497
35526
25364
5112
49703
33575
25502
32710
52724
58422
57912
3981
15486
5405
33780
14774
58231
47140
15068
50712
35681
5083
5332
2890
63969
35861
57578
43402
14960
23727
48266
17565
50298
6157
19023
8536
2374
6689
26067
60257
12815
32264
26838
39568
13206
53747
11546
37276
62876
37202
33841
1391
33628
38462
26558
60134
53493
13214
11127
50375
59336
2260
3512
42564
15624
7698
15461
3210
55485
13366
27135
46020
22518
19397
63419
59892
58663
18007
29570
58831
11096
37673
31042
10405
14420
63898
38214
60883
13937
3233
29648
35047
56968
7564
35878
23152
5527
1823
45087
59891
6412
65293
50246
32015
43745
50832
7578
19326
33601
47542
13063
15371
5175
59279
32634
1162
27088
3176
8223
39962
33253
54482
13696
42433
54322
4755
37503
9247
1649
55920
17820
54750
61765
38151
50399
18462
49761
46834
53205
14239
59491
25317
64890
48843
3098
10935
54415
7531
11453
60540
58646
51634
21213
23375
21335
41542
3125
49718
13466
33613
3092
62076
55663
63453
61209
60539
47882
59389
52585
11037
10225
38649
2802
27478
42514
3182
1193
54134
32275
4590
30966
27141
46875
46699
46571
47719
45340
53358
55270
38483
58336
57193
54661
29257
39663
54409
11841
59738
25063
2073
11522
46978
62539
16537
54470
40434
57492
48961
48867
9868
24355
45761
25324
60533
23334
48022
12848
9609
50584
56841
49461
4664
56950
41477
29952
62055
51941
59164
27723
16940
23350
63852
51178
51346
29658
60217
51981
14681
46033
63571
12174
62917
49965
14231
27100
52413
28288
46596
23396
64461
3131
5017
46116
49975
38470
33123
54361
10284
28867
8646
36193
59948
58725
8370
49729
42349
6826
58846
61179
51354
50770
3120
23615
21141
61256
12814
6400
47569
46710
23305
9412
53735
32403
13230
39474
50194
5036
52440
52749
45409
35055
11290
10514
52408
62486
21614
58676
62825
65305
51174
7331
53350
14980
49918
24459
540
51950
65153
22094
12333
2981
1621
48836
32516
63598
16085
62195
3602
14043
51152
23840
65415
9507
47527
22945
43756
8742
47287
19042
11726
51948
47960
47572
51681
3456
20280
47570
46195
53228
8446
52449
40065
22551
41537
40388
22370
45073
59026
60146
41799
50756
39940
45107
46278
57232
59646
46534
60542
22340
46322
64941
49915
46303
41134
23090
30125
15317
40039
45878
24253
53227
46610
53327
52459
65234
25036
49423
13699
17192
52143
54542
5791
27520
59308
46911
62897
27379
39802
19838
46257
35880
22537
36270
19886
21528
21869
2683
37154
59329
56331
22900
28045
42430
7645
58094
62768
9602
47411
27948
58742
60529
56643
1589
4856
7067
46720
11408
64396
25241
12570
36880
54004
19051
34341
48825
17105
64597
27481
44357
39992
24536
4731
637
56962
50857
5055
36495
12505
19066
56640
48249
18060
25239
26835
41554
49454
39755
45097
59710
27941
44686
56655
24980
61817
56650
16178
26187
27937
27563
10389
5334
38936
64286
46728
25246
18044
24105
35344
54013
13018
11241
52503
35817
19433
63683
56969
7208
310
22639
63245
36969
20836
41065
21191
22073
63033
48983
7396
18763
52905
61624
10523
43984
58419
2256
30296
3745
54872
52897
14324
64046
44710
7888
39817
9987
19063
61015
5891
18826
50171
50168
12122
464
16803
42454
16739
324
12854
8896
1666
47056
52957
63819
26576
9079
50224
43171
17220
24227
22329
65187
64354
47235
44752
46985
37559
57021
34326
35600
36440
26149
52280
16344
47995
43720
16993
61608
8656
49958
41181
62901
40464
48241
13334
58230
2710
54002
54008
25243
27942
48300
51056
6137
49802
61311
4500
11973
3865
31191
30983
59202
31447
2242
2168
58512
36759
26508
11752
62505
9133
42167
61815
19366
25808
36700
19302
12663
36748
13703
1357
1358
5590
37400
53712
51604
10495
58669
43410
18168
33232
42278
19902
2427
36484
13168
26772
22955
1909
39102
31959
26007
17240
37096
12340
57099
51378
42214
7239
60434
53950
28184
55460
16187
12661
58441
18932
5367
47736
53175
64990
60930
62353
65026
24066
33074
43922
55654
30734
16888
58497
52127
14352
2975
21873
15887
60943
23016
45843
41715
33654
43950
43932
37424
57411
22128
39845
30477
2039
40230
18154
12740
48586
