14613
6811
17078
45039
30370
50397
54664
28674
63146
53672
9785
62428
42432
55480
6484
35743
4708
26944
44553
56200
37026
25096
41197
30574
8215
7611
38977
10087
17587
247
424
15215
43397
43392
52359
39449
51373
28608
32031
8392
43336
49499
29693
51192
13349
9558
43472
64383
61811
6861
39366
5288
40124
45960
51737
40316
60317
42051
19599
17452
18817
28199
60109
49358
2307
44989
3407
57656
10295
8152
51751
1585
59288
42464
13710
43020
39848
59465
58264
55178
8757
65021
62841
31573
64459
18539
37308
50852
35307
29091
43949
32301
48620
41541
44541
32372
16173
19499
49701
51626
40114
45697
25768
29713
56195
60102
19593
41417
51430
23497
44107
45103
33199
14919
50811
61122
33682
24370
54850
43500
33426
64160
62761
38342
53802
7976
10747
45452
20070
18053
51591
32974
46765
17533
24089
43081
33038
65237
30157
64289
29101
6819
38533
49355
51716
24843
58492
51711
63287
31656
20792
55548
59541
58261
13697
17342
7174
2039
42980
2026
9245
40736
40644
11815
18372
14876
61899
50984
7042
29723
40701
51997
12426
41447
37320
65137
65381
10984
5506
1766
51448
19920
54925
32509
44266
32148
50605
47044
44805
9001
31380
37827
3909
6491
27843
44358
37649
15734
10554
31582
63592
7483
37706
43151
19242
38007
6555
16993
28104
28459
36128
36533
42574
32303
15112
48140
8102
54384
62766
51692
39881
16649
3963
51690
20411
44299
33164
55526
41698
59247
2029
29681
8181
55523
39885
33692
22633
41703
2020
50880
58036
23867
18729
10551
39742
19576
41025
51980
63589
7524
64311
48876
5236
1136
27963
45713
43525
34762
48326
13847
28844
14043
64918
12830
62999
16996
8255
25719
9474
1228
7841
34201
5577
42160
20014
64102
36892
39253
34944
35388
63002
5804
30542
7375
26376
55002
16995
15257
3893
60720
19360
62026
41763
35533
63799
49168
44677
5189
8246
63307
28532
3085
28485
64729
10690
36274
45289
45400
10498
9412
21274
21654
61076
41279
45449
12803
60943
14618
61186
46639
40530
26112
34303
64228
10042
6828
34354
56775
22680
34615
13793
45606
63263
36089
9446
55431
21268
14198
13719
45531
62228
46221
17671
10438
33351
54581
64325
47299
51353
449
22387
54025
33804
65450
50028
126
61954
58289
44240
60085
61062
58370
19695
6837
64672
7585
20396
41086
17470
43436
6848
2212
48688
10320
54987
31693
16215
36603
39937
45706
61542
50891
60358
51927
47342
52834
12780
13816
35054
12805
58317
28172
13471
64257
56286
16106
53684
47277
48823
17720
14256
8290
14199
15902
63306
63257
11747
4009
22376
65517
35726
47739
4769
33994
15121
55434
25380
12405
16743
13680
63296
16182
35258
50598
17680
34864
61510
51445
42153
29555
15126
37385
4517
33077
50492
1416
52133
45021
3045
64328
41751
280
11061
43800
48980
24065
53669
21470
20310
32975
4436
27189
37711
27324
59411
3454
63637
9398
11066
15742
62151
10352
55295
17054
33837
28022
6874
7440
44937
47489
27152
43968
4643
21750
61873
17211
18913
42358
24365
19895
44499
50365
12616
20808
43804
39704
57653
21849
24856
21400
23487
45842
31653
47925
24165
19272
2985
19027
17348
59156
39849
57976
43570
57882
10088
56858
37690
57887
36615
24331
62468
47518
47415
54393
4580
32973
20256
16650
33547
18071
35597
24271
9956
56309
25807
50073
57750
16897
55257
48183
33896
15957
53240
3246
58182
48528
27478
11174
39046
58071
52311
50794
54729
45657
51282
18106
17635
45988
56930
90
48804
18125
24577
56812
23734
25004
1722
27905
58471
45220
64988
18991
55255
32225
21916
17860
21142
18334
46364
14811
19523
16051
39832
2607
23196
29760
20080
20539
53343
29438
3490
62381
23559
40373
4290
19318
20791
20374
39043
20379
2984
45371
45228
19733
45117
52829
64371
11296
18443
54162
46384
10251
23618
57686
10917
26126
29786
58257
17609
61653
57210
62772
61164
31640
10849
20454
45850
56810
19524
25537
15364
59569
19237
37936
59231
23247
14932
4977
20120
47121
25940
13488
6933
57047
37021
20915
47635
22587
2506
36272
18202
46240
14939
46657
40863
62450
46253
62333
16504
24367
23731
61574
61992
18374
22097
36275
2117
13008
60017
21963
55970
10221
64559
37042
14284
56232
2378
18065
22941
47002
12758
45368
9431
10069
2961
24826
27666
17748
33569
33878
53142
48065
23741
53527
46936
58094
49453
46755
22549
58936
671
50328
16310
49208
53144
20796
57758
20193
56487
13398
50744
58270
17281
3743
5833
33029
3377
417
9326
38849
62033
57868
19804
33051
19526
52158
33176
33944
53470
11202
24770
26663
7739
56300
65142
56745
58730
16507
18637
19600
63117
52069
55977
57196
18832
15696
20199
19426
53419
19439
16315
57911
17807
57779
22320
10095
23732
33968
22812
15027
63593
15699
48069
26670
54524
31065
9455
35462
28617
58315
50263
57289
19533
45315
39038
4484
33048
9676
25587
1745
1701
13354
46995
15638
5560
53256
56942
27512
28672
26755
23267
50057
21468
8308
8109
5937
55957
43744
52916
43193
56901
63484
38198
3568
52923
51118
21180
33089
53362
20703
1484
5942
38201
26644
53932
60379
3787
50864
21515
6970
54522
39780
14211
56550
55205
61564
23574
56266
24064
2474
20764
19866
30117
30373
36788
44980
28678
11207
46104
50358
22341
38155
40077
3616
8835
51335
2531
30918
14946
32876
54056
56753
23841
29632
2767
21426
43244
55693
40120
19079
8609
21858
23039
18618
27941
51881
63707
41368
15692
39495
31632
37507
29374
55052
46953
63015
47010
27495
57704
35285
61549
2716
60005
16666
64803
58203
52769
3714
63027
64388
27684
22206
55696
55644
18934
52012
22747
56128
33657
57552
61621
42686
29494
13588
40500
19780
19670
39633
19350
51245
63334
92
11903
37769
16923
16248
56778
19057
37130
55811
23434
15609
17473
61688
55231
45779
53529
63419
19708
53221
54547
33650
60861
258
4193
42219
13246
60592
42141
51543
39809
28499
24959
20338
59201
40241
17857
32512
27130
51623
20810
45
51545
62682
5951
56256
30029
41397
58060
2314
51851
50096
15313
54908
56769
50099
25711
59577
59331
63680
21411
2234
59207
63405
30611
52612
18974
7909
59908
26352
30550
2824
64838
1175
56218
63345
60967
26433
11343
23190
24470
48917
327
6845
25106
2208
64800
63908
42245
20504
28181
41517
1477
24598
23339
15144
12833
1065
43242
57134
20185
51330
23125
55684
24400
2534
20188
27934
3115
3626
9275
21288
11956
20257
44470
52130
23161
7336
16512
29642
56837
30747
36412
29711
13594
36781
56728
837
46603
57024
42727
10183
53734
53305
8973
45230
46686
12593
60107
60793
22207
12488
55115
27436
41824
23939
16378
59400
529
58114
63075
13955
42015
52975
3789
24019
25360
59442
31812
53943
23087
26385
13441
48733
61477
21280
61241
50957
972
37684
13903
64197
61687
45975
18450
63323
23229
50161
15234
54407
57776
61507
10667
2827
3251
56220
43550
46861
63016
43282
1759
8817
28542
32911
47363
44933
6006
15966
23656
55639
61597
42208
1321
60773
47847
61963
2467
16320
12791
38288
58770
45591
64092
8633
12974
8487
50695
9625
16875
54386
22039
676
61136
30120
60158
49475
54521
28840
742
1397
40600
9674
19047
48477
47709
30869
58974
13005
56788
59344
19067
40502
604
55283
4140
37699
63389
11150
19399
13883
22235
49685
40206
51460
18304
65278
61528
31754
43261
45273
52502
60295
57257
40097
1724
53867
15864
33991
2064
11412
8596
15772
27318
53559
17295
12444
48
44001
60578
32459
30925
21436
2737
13395
48210
19860
8548
22606
25799
57671
5203
9255
16758
47454
20937
48457
19954
56657
37899
63488
22032
13082
3309
49386
55858
12310
50610
11789
15553
56120
22810
45067
60968
24569
54841
21712
2074
60616
12080
48596
46424
23418
53516
48695
57534
14401
46484
32455
44494
30736
35896
38915
25367
1954
46193
2687
23224
32470
58544
739
36175
14413
64932
51955
44100
60411
54267
49141
13595
59448
57512
20207
15815
60774
24269
21052
50780
30047
24429
27990
2330
16307
42369
33306
55383
14285
1706
27926
63152
64054
63517
35813
61478
60396
65256
54107
46958
61410
15357
9341
7048
28870
13370
5940
28730
65231
54251
40792
55272
923
30639
8891
53661
9815
50995
49351
4051
36488
33185
54240
36938
8147
5440
38586
55525
27270
8217
37852
30153
9839
3680
16634
5130
33970
12778
21596
6450
28836
24508
20822
44518
53412
60377
42299
30372
46756
54948
15338
17336
54437
27002
45377
20262
13539
28574
25344
5935
42081
32428
14137
44257
47541
18753
16505
4056
16223
6706
21064
28732
517
27638
2167
1899
42429
13295
17374
29185
63324
53557
47148
47336
45034
13799
29722
16317
63720
40130
4674
60561
29399
40469
58633
32432
42211
37632
50886
23200
41658
5052
26797
17604
52353
19521
27431
4297
45633
62378
26851
43069
47884
42854
47151
36658
26858
38821
3032
52021
17094
3786
43703
28089
39976
63745
38932
49953
27994
11980
20040
62669
28865
20021
2894
16304
8756
54118
43877
59200
38207
30627
63929
64334
26024
8614
38680
5121
36976
34924
26969
36940
31935
57909
216
2203
328
36489
18691
38347
29776
41663
18631
40821
8231
50806
54268
24767
53109
54858
42304
48899
39968
24255
37653
16886
6540
40492
5098
11627
29845
19795
11757
52016
16097
10989
21337
4834
39661
32421
26201
13185
5095
32230
49357
7469
35767
56584
44010
30360
37612
60100
55408
704
37436
45705
4367
15665
22595
7502
38122
26080
13285
35548
32350
42344
54705
62897
8326
27557
56879
62143
44471
56833
15024
3017
17208
43605
17616
36817
65508
44474
5519
9443
62137
27223
1901
38675
43848
7049
48693
1894
39080
36034
15731
54381
60099
37016
15522
43241
54487
53872
4238
18927
33780
39298
2299
39234
29834
36541
4773
24576
57659
29423
62704
34359
17833
29241
26856
49418
18119
63921
9783
53552
49309
25455
42118
10033
9823
39711
54890
53173
25990
54703
26298
52775
26837
27762
34182
62675
42038
5257
53803
61745
16959
4829
25173
58820
62980
26560
26107
30507
39401
50840
46596
50199
25174
65273
4353
37658
26392
11008
36578
50540
21420
37159
44197
52634
14093
18480
54090
57536
61879
22638
14899
30265
23993
8863
22426
41984
25988
276
43127
39158
12264
42437
16099
33292
53121
9634
24474
29003
33898
3157
18174
3811
53437
53317
50212
17973
58793
20132
22270
16036
57781
21478
13430
34515
37434
39811
30767
57551
28944
39342
20606
64959
16510
29287
18982
63762
39406
46500
14336
9739
17005
36367
41996
3376
18967
62168
64103
63228
58824
2193
19884
32227
28350
63847
49813
30733
31594
36257
17503
43721
3363
64366
18387
6922
63774
21914
24564
62385
2926
28933
60770
35024
15524
62138
10364
6112
19998
2552
14184
45131
55402
11630
10044
12566
44046
39391
19925
11014
52374
24250
52330
7971
39457
9050
43697
20666
44831
2185
11292
16742
36081
8804
6918
12351
32823
7775
21711
50007
39166
52825
44040
4250
18601
65312
31037
6117
53703
53701
32980
54331
20483
29005
49304
18767
52973
24817
53018
8238
32618
29490
63932
54066
61750
27123
21987
60448
59439
44966
30757
57541
42856
51297
40231
41978
62135
28879
11013
1791
6273
16287
29371
35395
26859
43903
10355
4698
64953
44036
24952
20668
29971
10098
29409
14181
21842
10292
353
49513
54181
39814
43259
24847
49433
51953
7640
64945
61240
24509
25648
20598
9702
26309
33478
28205
1735
46123
28789
64187
59090
15958
30857
8419
44669
9989
12577
57563
45401
49790
26400
35061
11696
50421
38806
22047
23922
7764
54826
30605
6621
38520
15810
39151
41553
24703
5934
11491
8894
29608
30415
39257
50480
42701
7227
53806
36729
30409
35975
6568
26593
56098
45234
9175
3598
24290
53019
50556
18201
48690
40083
45380
27897
12831
42125
16027
32587
37777
13628
18313
30862
3356
51568
59170
12155
26306
51303
2362
44356
3279
12847
22303
51520
21926
2463
53871
289
21977
57696
6652
5511
34183
42115
3216
33974
24406
48352
18025
31510
46860
21248
62171
19568
21868
12825
56241
48406
52898
15259
19507
5567
51114
45167
62831
32576
44367
13334
4912
60114
18352
6619
20597
30358
6184
10871
64435
45973
44656
15035
23920
6539
35709
4825
54944
27099
63966
35435
50552
52354
45877
13331
56685
13392
16400
35202
20254
55915
13114
8595
19812
59600
56748
553
39137
63351
34940
22297
57658
16414
48074
13151
50320
52240
41089
19811
47763
15147
27109
56561
23492
57782
5263
27435
20769
6460
25132
16548
27738
34529
49730
49431
35553
15189
33913
41564
4955
55598
62099
1481
53611
6536
47447
26766
61049
39846
63370
60376
30167
28899
65377
35050
36884
4822
47804
25607
45389
58839
50248
14120
18801
64506
46287
19199
12324
64097
38820
39784
32238
48602
30632
3559
37718
35173
31637
36316
23148
6528
2101
57392
12331
11311
14741
30851
29425
64436
34931
2840
2710
18363
10214
27104
56229
55904
1530
38554
30572
36883
12265
49478
36869
50548
44887
4468
19510
20855
14311
5110
16306
11050
43707
5065
46802
13737
30263
55433
41318
8108
2280
48278
30889
7409
11549
1052
5687
42695
7763
19720
48049
41325
36919
29944
12343
24679
1928
26504
63007
28345
2287
455
16797
46634
27181
35524
6878
24054
4744
31106
23085
56427
25839
31042
9668
46790
29314
38173
29250
17723
61075
18784
61828
64386
46275
36985
22783
35194
24697
54831
62234
34927
3042
22945
11791
46895
37333
14555
51645
47510
30258
38594
26496
22098
55440
14488
13193
45945
2158
23484
31460
18428
62086
37737
51718
30430
13345
61425
37730
56490
10726
9950
866
34526
20762
873
64982
5854
19552
3753
32367
59091
20470
60266
38298
5084
6191
9137
40610
36270
39462
927
22022
45257
12838
43385
35538
6309
46795
30760
28010
39076
60058
24407
40809
47831
2747
38677
59083
46789
33897
34989
36830
61406
33384
10356
22390
20819
34932
26104
9165
42296
2740
15028
4530
47302
24664
62396
48831
34610
36914
55137
17053
58567
55195
32228
13199
49443
39461
21191
24626
47047
28655
12452
33162
3608
16589
4789
205
40472
13502
21694
64452
43851
3158
41165
20685
19275
5019
33691
51595
1003
5015
38345
3712
58266
44184
54160
58263
5018
11897
12479
54171
13913
3554
63788
22299
53066
28821
19988
15842
18203
53704
15892
18831
53685
52886
23637
5280
32650
23056
1192
54380
48193
43093
49537
19505
55910
6181
47425
64921
45259
44161
2704
18737
45256
25614
16319
33420
57912
41623
29198
21048
11981
4759
53560
65229
49548
40127
18381
312
47053
373
24423
58869
35564
36965
50837
18761
36715
56517
53015
18825
9080
19987
24427
15891
32647
49663
5543
33485
4808
45206
28900
55465
40358
45479
22215
49784
46856
46535
50121
63777
41637
33156
12307
12034
9055
50205
64501
8795
59185
28330
58426
48088
48418
3261
53259
44762
19349
51054
60364
14335
10248
45128
705
21590
20462
20821
57998
60876
39341
44102
44449
33060
36290
37958
34726
49428
39157
17968
28663
34574
20403
48305
24078
9990
20556
2643
38191
27846
65156
23807
43471
8899
15912
2454
35375
63634
52073
53009
13436
14997
51025
2640
22073
44284
46547
11232
38503
30547
37028
39152
8686
42407
6313
4790
29641
25628
57763
13927
8573
16220
57260
1532
39447
55095
29113
30509
53008
45866
5809
19177
29411
42853
9237
50148
4965
33977
62728
53899
27559
49586
30593
44275
17896
20471
7559
44766
54408
43461
57993
761
4040
22441
15641
43878
18108
52615
1361
42442
63211
17050
58164
12430
9016
58570
629
12969
50520
25493
21111
31713
6397
7079
40353
53691
48240
59338
4670
19662
51306
58548
5369
8964
18981
4916
18589
29053
26619
45611
10757
24865
41121
33853
33216
50778
48864
24405
5988
38859
52346
39049
33973
60189
45694
41644
55209
57802
20880
9111
18891
8343
38489
33899
18077
30436
47531
57546
21648
56103
18977
23301
9214
52087
41270
9992
51900
44454
33475
8195
37941
39601
36344
7784
45060
44961
24186
10575
48844
13660
6608
47168
29477
58767
14673
62501
39812
50203
7286
29414
14841
13766
12015
51583
22727
24879
35424
59334
61363
38226
27432
14794
56496
49653
46998
51047
59665
60721
65121
43084
27064
45495
35678
63032
36811
16614
45997
62499
57402
3138
9321
15745
49139
25504
35823
39563
42535
50950
26185
43868
27492
40004
2888
11782
4101
2153
15254
4108
61433
8184
34594
135
13850
36992
27217
60432
49969
62822
6451
8292
41164
64258
49951
28177
23812
26353
32965
64406
24864
5183
39980
6725
16523
43265
1833
57807
37003
18969
40713
55285
63320
34909
9239
32852
58927
8781
62108
61389
17562
63913
20486
29208
62620
28981
62225
46098
18445
25689
63132
32736
13230
45062
49971
7341
52142
64167
57915
23701
55180
25105
9778
35745
60008
17412
37514
61069
46125
22959
7602
22435
31146
52004
32179
22954
39961
29602
22222
40041
61195
35611
40929
9034
6019
65158
60006
53440
33960
61991
13307
40549
58533
19271
1750
41225
38760
14171
62768
8165
24379
36298
10415
10980
9470
42578
9453
40867
3636
9803
51879
46161
49019
36610
31511
63235
21155
33492
60937
18896
23466
47215
3420
58477
58174
19033
10663
9022
35098
27468
97
27497
24792
44323
39860
61126
13293
44329
38233
57922
38021
12466
35811
42796
36787
43736
11662
2543
19153
3404
13824
10854
53052
15473
47507
21583
51705
64424
61222
38028
38088
6090
34758
55713
25463
5322
38327
12458
65160
44077
28190
33441
50016
18542
62662
57030
3954
22176
60241
2629
42501
32341
34477
15367
55219
61793
14155
48019
26707
62697
47391
26767
39124
32060
16668
32540
64807
42243
11280
53441
38413
26441
48924
63715
17933
38630
31488
41516
16664
37002
20074
14116
61993
44320
25118
36513
63915
26487
13742
1055
8062
3155
46854
3697
13431
27252
14591
39650
7496
39779
32989
24122
10031
11038
57286
65157
49279
10695
19427
1743
32708
13183
6859
1767
23712
29528
29368
34955
52798
63969
4258
30219
47042
36111
49945
6452
8438
35721
26429
64101
45784
39828
1945
41207
7012
11801
4306
41904
32952
12419
15261
22468
1969
25379
833
10638
44364
26906
25667
52263
48020
44758
53309
26922
32344
20773
30932
794
38074
38017
5805
62380
55204
46605
44615
4195
16152
11687
44249
30221
23877
24496
57523
58829
31499
1681
13897
7017
35832
10660
34482
5848
13286
8873
43260
3886
11744
19976
34180
45826
53894
29319
44301
793
22547
15822
37650
17446
32121
4435
31897
3534
46121
33802
20694
64781
8437
62146
26333
4310
61382
19069
9254
3746
46186
51967
49487
39549
9324
63842
40617
22237
9699
11056
26331
4493
11748
35326
63035
61259
64682
48649
20305
39547
32963
63401
51481
12269
45347
39706
15036
39813
49672
27317
47801
59811
22305
48023
62286
23221
26495
21425
10793
2748
7598
29522
15025
29931
7334
65261
7586
12338
50593
10746
34874
23222
2028
49972
61490
21051
20816
32110
42075
21779
11629
21186
62741
19726
49486
36542
29826
1271
50290
26581
64974
17044
36986
21267
34297
1433
14560
7369
17507
5592
30557
41983
7112
35378
46996
8528
9769
5794
1546
847
8189
40322
21319
51213
22981
44354
8393
61718
56119
30813
51193
26579
48003
57293
36977
44873
64546
29050
60954
43227
30645
64937
29589
7706
31985
39099
9190
62660
38808
44105
50246
18537
62906
56893
34364
41716
33493
41719
10995
5583
5580
3527
431
6818
64484
14135
36095
56913
3019
24347
35707
37099
65417
41173
1747
11117
26223
16619
5974
7534
16927
15277
32222
28033
33251
32002
62032
49225
6584
44730
2105
14505
51675
49874
52684
11256
58971
58439
42653
4914
33316
13043
58922
52705
44026
15477
11581
53071
29433
47986
40965
28888
17791
53328
19005
2992
46212
54094
57707
16224
53064
30822
41190
61280
43377
57554
29470
4466
19618
54180
15614
12087
61147
55354
43376
24500
50147
39182
26590
18403
25809
50274
62629
42778
33669
65257
11474
26228
63971
7735
22616
39712
39683
10814
6449
27901
4915
63267
7551
52938
53243
42080
20457
63463
62944
31616
17719
24504
32874
30371
6020
36792
25818
26780
39985
8577
41717
9673
375
7663
40758
41236
5897
14949
36900
56752
44381
52740
16846
65281
59308
7978
31742
3593
10639
16034
640
41739
45042
43823
53631
39054
5707
51677
59567
17354
3606
41963
11634
1157
14217
47106
52077
50827
17132
17099
35247
3806
367
33871
26085
59351
8567
9867
44034
62280
58327
15558
3265
31011
10348
32422
36907
14684
43881
6723
24872
45221
43103
6769
55089
16332
51679
26232
8493
37366
5172
25937
30912
64776
52266
44729
30607
63269
4174
16433
64639
52965
6589
4806
53865
19006
63065
60375
30421
57383
17394
62295
1627
47008
43758
58557
50253
32180
60597
37251
60750
51260
9797
49928
61305
56509
28528
41880
26189
10025
1868
15185
31343
17174
39229
56149
16179
21060
14944
25282
42775
49659
53680
53929
39918
63740
31887
52928
45513
28356
33727
40166
26895
35955
61393
25951
50474
59221
63268
31925
42091
25356
39723
45216
46319
27740
54127
42233
21765
60373
30573
48328
32177
40703
44807
19624
7051
64015
29765
44853
25840
47609
64397
42212
4257
41401
52619
17279
20428
59470
1063
54338
32213
42362
25673
57948
30834
59340
4838
25370
42221
50612
22577
50633
3696
41095
61247
3900
1953
41770
4634
19756
38008
39640
25222
420
2374
14754
35337
52134
34681
27326
42792
37748
5365
41760
11795
12335
48282
7616
37414
22042
44246
18186
62415
44614
41267
56703
45827
26558
1400
42522
36295
59394
32847
15653
64508
2075
15396
36378
58965
3666
53786
17289
29715
31749
52097
43083
50773
20162
20347
22363
56961
22043
2928
33515
26649
40486
32934
14214
50597
37753
26132
42523
9664
5279
46359
15941
53510
47453
2938
46527
53562
52790
59138
65070
41144
34481
16325
42519
14846
20389
28178
59189
11052
13591
24593
36774
31351
17646
30035
40729
49884
35318
8561
42359
46753
20181
43481
18938
47855
13584
4262
25103
39859
39793
23958
45829
45882
48258
14414
42352
45229
58555
35893
28188
43974
12996
57072
24606
51338
54098
48682
20568
31355
28936
59472
43072
20180
54527
19699
51074
60398
25371
26438
47408
15552
41764
12305
16759
9925
17376
54838
41771
51366
26467
31702
1829
37238
26915
27766
45963
31586
62227
26403
30050
52768
12828
4552
42512
52771
32813
11300
14709
470
61960
57082
13582
21285
31681
47031
28152
24903
17219
43493
43082
21106
3797
52147
7852
41238
58260
21892
36329
52787
39798
9225
44612
47495
41083
25791
41767
14239
62473
28027
36286
50305
2441
60654
4470
54366
14441
51013
1118
46588
33903
31235
42363
49121
43077
19945
31236
52086
2071
64696
35953
16251
32497
60362
476
7455
17220
26143
43079
55868
49162
47577
43488
49574
15478
59803
26099
14998
50681
6388
39836
52201
3916
4600
17274
18129
25212
9943
60059
6637
60852
15475
13009
38242
41841
28380
18086
46946
3906
58043
17788
11247
13869
64000
26992
25325
43478
47444
52389
13530
9528
26658
27228
10043
3807
20406
9928
51117
12535
46363
19123
64349
17744
58269
40309
44596
44605
46525
35179
14192
32945
639
51362
13809
39615
3327
15038
11975
24954
23657
14796
58559
1463
35460
33581
63578
29392
16358
18232
15139
41019
9906
40925
60271
50251
16948
62806
43056
61501
43180
36840
11080
37599
8902
63437
9979
50200
985
19488
60665
1412
64260
29718
35555
49981
32191
52788
16068
5982
8025
42914
26151
46597
33322
27767
9162
5259
13028
46643
30570
42569
55617
38146
18237
7491
54012
43474
26071
36223
35153
2631
49887
43680
51620
48209
57665
40158
11304
36655
3025
52698
33412
33543
16727
9387
46408
25835
47021
56558
2425
57713
34496
1466
49211
24511
9873
37376
37894
47160
24824
35216
63390
12699
61161
45557
64627
369
298
42925
46920
56154
9211
18712
45684
61640
9972
16357
14816
44912
38365
64614
63846
35296
63470
9675
14280
10465
10189
13035
52712
10445
11211
13864
60671
51944
3198
2326
60052
27425
27610
62767
14457
7614
62337
48708
16160
47154
43226
17669
14607
59988
41389
26045
15108
33859
24073
1502
30586
61105
45872
46389
13314
16642
51361
39031
7642
15026
48143
24921
14814
4831
12032
16557
35802
62475
33546
35841
10752
25554
46758
27474
18349
64779
47270
60859
21044
13571
15839
62753
19468
26994
46849
17203
57963
18226
52926
34553
13181
14880
52397
43118
5017
38969
44888
31149
55678
65130
5606
26830
30303
47563
5723
1687
15238
5719
18859
4400
13695
32859
15129
39917
29273
20795
19225
44334
331
17877
50730
32054
61495
24631
46437
37575
34468
47737
13819
52934
44653
44858
10969
5491
25627
24501
30182
53693
64390
4535
36789
7460
21265
14260
22452
29065
31079
39239
8504
55581
62124
10253
50735
38093
42237
53331
9187
3466
62386
14424
34876
9483
39662
12563
17326
31994
15533
14952
55399
32715
63308
5682
19203
3468
62738
32755
54243
39717
45987
16231
54830
58232
33699
16235
3715
46638
21778
42019
61291
13686
64457
31562
50060
64522
36192
28572
58186
56352
60122
42904
14038
35730
21818
43317
11016
24757
17684
40786
55856
7417
55406
16998
16187
30044
39652
65403
700
19724
15680
10903
35327
49637
10647
31449
51833
4335
2946
64482
39673
37252
11785
14714
57876
48991
62511
47060
57873
44345
22430
30638
50187
39908
4816
22477
7140
29358
7160
24499
38043
59287
16100
42951
47005
43600
64735
52824
25636
20935
55183
41373
1060
61543
16749
24002
5171
48266
65022
44382
15730
5630
9118
13106
62297
7422
39485
15135
12275
42583
5690
8098
42150
53570
17443
49927
4002
21789
63555
41321
4361
29070
60523
118
41241
39225
60126
9732
1195
51232
25659
7429
17924
21777
16841
8572
60124
42545
32038
22019
53100
51846
59094
16840
11019
2736
64524
2800
36265
40455
14253
46137
36600
41677
29899
14130
9997
52750
4146
21703
53862
2739
65252
41671
58055
24758
63778
57136
53063
39745
29500
22228
50150
54089
54076
64116
32615
44646
63922
25616
47732
25770
59276
17213
104
4148
39476
36425
23060
24612
14359
46950
9894
51242
60814
53480
12936
28270
34582
4667
33509
22514
28841
28397
46081
10223
36502
56620
13497
34934
42078
18404
7247
49920
18016
45964
19783
58726
2317
7723
18495
3657
12837
29348
34639
42470
5169
7957
19828
26198
4445
28612
19823
52400
52367
19535
48006
24565
56908
42625
40327
47791
50701
9845
30672
5888
53732
49076
20292
30471
5518
7780
62082
22130
28269
38332
51562
47249
46974
33368
60106
9750
31521
29731
19632
28581
48710
25746
55247
48442
1558
45152
10273
54207
23458
22001
50566
785
64418
30193
12060
62912
50917
13328
1476
15006
55510
25752
6551
9367
23329
45043
25747
27034
39557
6274
22116
29902
29993
8925
24680
22654
386
43599
6915
59025
4203
29853
1217
23194
44160
49004
40753
6720
62925
54733
46
1139
36422
39978
995
29793
46250
29631
9734
5625
63567
11126
20624
484
7479
26530
3553
41199
26538
12888
60055
59036
20932
38823
49062
37305
53391
32200
29926
62670
31603
20962
32997
8764
57857
54285
24674
33647
26423
22500
30131
59904
1037
63639
62018
56306
15517
57364
18724
1815
64114
57900
45825
32262
33826
9422
48933
32035
51145
38340
56963
36049
30992
55281
37409
24107
22534
4612
30977
16430
6487
34849
1128
6317
61890
47615
4036
38193
52464
15317
33724
56357
26887
64964
5294
9741
17087
27184
11787
58827
20303
52959
22465
37579
33232
16834
21756
23498
240
65317
508
3966
16836
38094
60620
9498
45439
60736
33110
13573
32332
20484
38496
47962
1306
49440
57109
34421
61698
19471
56353
52446
51663
38980
1125
57241
35926
58352
3993
24929
14686
10897
64865
34424
7313
6404
30788
16452
39259
17365
31227
1968
57828
4260
23844
30807
27924
59602
28867
15359
29950
64300
13484
9551
45723
21705
23529
60220
29254
6001
46042
1885
54607
31538
36364
19892
11882
33084
39698
8432
29983
62641
65232
50138
47758
51790
52538
62508
4438
52627
57840
60456
32633
12067
31442
8435
17353
53465
38346
39432
34441
5732
56771
22096
49315
8920
36147
11440
59060
43063
22455
39710
36733
37708
10729
62577
8509
4350
56090
10546
23326
12249
62890
25846
57348
18100
36867
61475
56547
60382
5993
58136
26270
18078
21272
31710
387
27321
13521
42911
39681
10365
23297
8444
18951
7054
44815
28472
21847
58299
7830
2758
31692
33325
34560
35551
4964
19609
30755
8433
44814
44271
43645
40910
61874
37154
844
1919
28982
53524
32771
6356
45391
40672
10286
61472
7254
64513
28515
35985
44398
36737
12641
2527
65056
27319
15836
50207
55775
8085
8657
54202
23186
63519
10983
27920
45556
56258
15981
47671
24280
43064
7825
28096
7917
37996
63312
54199
34816
2674
20620
33693
41718
54732
64088
28294
21256
5009
63356
53179
46828
34823
38569
17972
14246
62232
20867
60196
60643
5875
23539
23225
26164
39923
31524
34941
61185
46877
8984
39153
4287
10104
36280
2834
64594
40178
38495
45385
39334
26381
64739
13322
22731
20802
41455
30503
6154
63738
26844
5014
23479
58288
17509
25443
39804
6155
41654
6101
31440
33681
7041
16830
23428
43141
20259
13308
33117
4347
42002
62399
41262
43890
20458
56894
45481
63910
4546
27288
32288
16233
2818
34841
31647
42642
24839
18579
45290
50797
33626
20574
61274
31061
38400
50960
5661
31520
12728
37082
37357
50272
21385
63442
19048
21720
60575
12989
10019
15695
18657
44728
9332
52340
22181
21640
41519
27461
34939
23724
60542
40139
15150
8511
24898
384
48437
51507
20452
29601
14861
7656
1467
27253
15528
53301
32609
1623
6385
27305
41708
3747
52921
28820
2457
44513
23289
50280
26998
80
51515
18663
58942
50757
16698
23021
20220
61038
61125
27484
30972
1612
18912
3307
27279
13563
7525
53296
10577
12148
16806
27396
40681
63252
63919
50762
10827
28559
29921
35475
57084
52514
23450
20947
36949
58222
55731
17991
46269
46162
23855
55635
35171
44922
17632
36571
27278
51456
57458
13250
37822
19463
30928
23004
49
52078
46158
59820
3897
1607
58524
19200
40068
27010
31452
45335
29997
39118
51787
51540
44159
52020
56089
39506
51376
10733
50169
53101
45689
59434
56224
27935
55045
46612
22839
40890
58462
26866
12720
48138
10101
41054
9429
30654
12749
4389
17769
54899
13275
3924
4710
17645
52833
39643
57077
35111
1203
13337
1731
29618
14099
59435
27841
3276
26048
699
34084
22000
59938
30910
23281
17483
39882
26916
21994
50024
24188
50945
58302
39059
27037
14905
49852
17996
12908
38731
33109
50464
38769
6447
45330
48724
5939
45278
24256
10211
24001
9586
48339
3649
2792
50523
19776
22030
49591
22792
7026
25949
11918
59430
56844
49700
54287
47551
22791
48462
6682
13144
30544
16554
6222
29161
15835
3460
1461
42068
35409
17818
51987
32552
24214
41060
30533
4888
26063
45381
56424
20197
60155
22480
34703
51462
54571
38842
35020
43810
59780
41228
44538
15174
24946
4378
48012
17936
58119
1565
56985
29016
60195
8082
47068
59651
21741
8861
58382
14882
37107
37008
21259
43031
33612
57094
11276
41706
922
37645
47140
19095
47524
54055
38271
11919
51336
3905
28108
40052
36823
7609
47856
18299
54428
58846
56988
6392
25408
32810
64374
5823
32435
3098
33993
22973
28103
15926
36277
47194
21269
3021
24348
35012
1552
34549
9567
12607
59889
45235
30395
34034
21507
54122
8937
52487
24686
11977
9749
47523
16932
3558
53678
45944
42922
15433
37964
29539
54762
42910
7623
49111
49847
30293
21343
37301
16485
9088
58766
6571
59098
38502
56132
13021
25541
22447
15702
40975
53756
17793
17253
13084
54479
35959
46558
13995
24979
37760
6957
48244
33719
7141
47859
18116
53249
41901
29855
54946
58620
43963
19236
57961
45638
766
49426
60441
21808
32731
46677
34602
52157
2053
27250
44950
48824
55618
2893
40761
31410
60907
7352
5321
5028
50158
49673
7476
43961
59403
4292
53666
25625
485
28898
1909
52210
8022
62084
41850
49709
15724
17647
25078
50145
11559
55349
30845
418
6209
22357
24252
42248
15868
17389
9877
39945
49445
58122
7818
29517
638
19991
1618
37640
53228
42982
29600
36626
17805
29559
18758
58357
53166
49165
34521
36581
56049
8889
288
2119
54229
44566
50349
10961
29533
51217
27748
21772
2811
35569
5923
54953
23055
51288
5149
25418
59826
48001
63730
54974
50208
6394
41840
48468
29988
36441
4110
63142
65189
28258
30947
39684
16979
17222
17003
37104
3224
17866
19001
38839
14194
16908
56011
11128
49619
35661
41243
23017
27132
52189
22491
32897
28043
58944
32885
19087
22003
28909
63791
18582
23231
22771
21645
41593
4557
13032
5206
46907
31252
57859
3664
38963
8213
12
58220
46164
47802
56255
46771
58946
63428
34181
64926
29313
39329
50899
18590
15631
23146
39668
30756
44580
9670
4851
7077
388
34345
6685
48391
31860
49649
47280
53017
5166
58133
55997
63423
12984
64447
51578
59184
25021
14077
17430
9651
59837
55852
24283
8912
4892
56295
4431
4652
28264
8993
20007
16916
45138
54058
45440
11161
49314
29762
63744
532
36952
23305
65163
3050
41187
46298
7224
15423
40023
57559
64415
16537
27335
42721
46609
48428
60370
59423
37048
1916
54337
48014
38871
36410
4684
59836
43643
10362
7267
38236
29562
40970
61176
13664
23239
62674
27527
52909
45027
53420
58396
54232
13435
48557
47437
45586
19091
64660
55512
27340
2354
60208
40706
34855
65342
23793
43753
39516
11171
40704
16568
16763
11363
48483
45555
52961
53537
63465
19960
22197
22730
55628
6938
5649
15961
61020
48887
21113
63718
32996
4794
24692
59145
47848
54343
7588
61583
23947
51377
38904
46585
61737
45406
45965
53340
64759
3313
52764
42220
63753
24115
15239
40608
35372
55672
16300
18855
16843
60348
49362
14067
23
64734
64111
37956
30259
52018
46787
43699
37856
39592
57977
21740
15618
19188
46863
14064
2107
58665
52117
61284
38545
64052
50905
17305
8422
47381
65206
60730
1475
35517
30387
19753
34678
6768
8214
32352
30552
24957
45894
42824
39892
34838
53821
35622
60818
52168
7233
59015
13498
10156
42466
30567
5449
23798
4581
25519
47387
65069
25569
57156
22763
62214
5103
45927
49267
65204
20511
40344
36500
46841
1822
5533
59934
53078
24968
8674
16965
42588
31789
11115
41499
46138
10620
41498
52338
44726
8758
15146
10336
48930
29868
41515
39630
29349
41582
12451
53087
15451
58460
3496
5136
18109
54901
41534
54283
35444
27883
10767
45076
6080
38462
65169
43948
23033
9730
6232
5091
18223
38638
15203
15786
13288
27385
29498
36665
8295
65270
40297
21313
7861
40305
16314
60679
18705
17479
6402
9579
47000
25573
60327
1275
64170
42896
9356
49800
37122
60526
29719
43682
11198
21126
33864
55699
2897
43489
41557
40210
613
54238
15249
5113
40932
59641
44136
10645
12416
935
62048
41461
39154
9355
6204
10900
6978
9499
30637
37314
56578
60788
16318
59905
20284
40953
1307
36950
44386
7436
49681
55094
52526
11723
16588
33873
38732
30191
32970
5441
23775
27951
13852
36671
11179
8270
55743
55008
21039
9167
59534
39682
100
24090
12968
57865
5799
37186
11348
2471
7996
20229
34722
20614
6086
20957
538
6690
28988
22183
12400
31310
19141
32053
64719
59922
42962
14579
12100
21415
14655
50564
10892
24853
62273
14397
26367
22393
13755
33366
19788
27032
29481
31658
7365
58056
54419
25082
38589
28427
37935
635
52103
41810
48676
38149
45528
11957
16115
19839
3931
60020
17379
60685
51659
59930
3610
54778
32966
54566
15487
40256
13685
16835
32258
36418
59935
59647
11540
45721
48146
9447
61627
40954
14518
57357
31129
28194
16144
38765
28102
41147
50322
16518
25914
29509
64790
2795
28911
20315
54402
35149
43011
34572
3232
50807
34419
14538
50020
39065
63039
56015
44893
46947
61826
3766
2980
9417
35385
372
59129
58329
34367
50803
33112
16431
14748
31337
11821
18297
24506
21046
26005
7125
64690
63930
3883
43534
59976
7434
8239
24842
49553
32697
15811
59878
64849
60205
39241
31802
611
25180
64895
39926
56430
44889
55701
45245
4738
42434
16016
6831
37687
10580
5801
54991
23439
39940
1974
3052
53133
17314
60159
47353
46292
58376
62487
36583
40317
15672
18561
11022
17270
59318
22550
17001
36178
19837
7682
62805
14422
39738
28136
43773
14501
22296
6068
1875
11033
65224
60231
10000
23471
22688
64253
13415
17715
55474
28367
6236
19620
34196
41913
47338
1900
25572
44384
61601
47832
19147
5521
11464
34747
18200
8946
10005
51328
49713
24264
6979
24040
7592
14496
49822
21607
30816
46864
8796
56741
8462
2599
46432
19297
10896
33328
55621
62819
22410
23573
34316
50345
16604
9573
51356
20609
12272
63122
46972
16925
27494
16073
9986
5639
15972
30215
25577
5632
57114
57577
37909
32149
22414
65151
1682
57871
14340
17621
54884
38570
46095
22246
6334
10880
15413
46409
64596
37680
9031
56803
50868
48730
33289
13427
61379
37142
14465
1757
46629
6265
52892
9908
58917
56065
38822
62747
39570
24510
53033
7634
3340
30603
39305
55117
47631
21557
28113
42218
54555
61834
35742
990
47146
62053
6150
9440
32643
63004
41087
64099
20028
5896
41600
46401
10640
32302
63318
6781
33373
52586
15403
63786
45486
6552
54309
31138
31161
24742
62599
54420
40046
28661
51621
5662
16157
30427
25035
62429
18139
4725
61424
45338
46074
17783
47204
23163
42646
16148
6549
22325
22037
12863
38809
1172
25064
65260
30447
50668
56035
56555
5326
784
23068
44002
29864
49421
47111
19986
50452
47533
1278
63704
43523
55632
46903
23057
15887
12345
35368
58120
16185
58748
35065
19971
18600
59897
55821
45751
58312
38317
55850
29821
32059
51886
15604
42682
2452
18894
51618
29860
51100
55704
6905
13255
48030
38377
27368
48091
41045
54777
49859
54840
32677
53779
24075
41155
1279
17069
23073
42259
54692
53851
11104
17943
11274
19126
19798
64023
612
617
665
7239
54609
664
15399
2993
41605
34446
21131
21227
21133
19595
46751
21230
46038
27562
14710
49666
49868
63590
47819
161
8654
13774
19659
63587
16545
58891
42336
34215
64712
48638
58632
20026
17399
48292
63157
32239
34878
48319
30390
51508
29166
14885
25496
43553
35353
47716
19044
12731
22006
23673
25067
60198
4796
24653
55593
2345
8009
24919
18083
44932
58600
61843
64611
16549
21781
23580
3866
19861
27446
37098
314
43024
40614
44896
62739
6349
61413
36083
16039
9980
19947
21042
3863
55071
51861
28810
50853
38532
46879
1609
43982
37268
4760
5654
6409
50568
9006
57236
17848
62254
12821
51878
48891
17776
14685
15432
4882
35166
61816
36967
38802
50808
38033
16804
30811
36981
7544
43358
41540
15018
61114
25389
36700
3672
17236
6187
14376
57530
57393
10468
43552
61650
55128
5409
38548
1232
50627
37102
15098
7364
47413
55068
17614
53673
61189
65108
3339
57172
18329
6806
32070
40008
31285
21792
3824
26743
49254
41490
27259
3988
53505
38619
35165
53518
24558
34621
62142
62046
46811
61422
4757
13344
35391
11095
838
47669
20727
12632
41108
59135
54988
5807
58410
56009
460
62665
37323
17369
64341
14930
18063
35666
35384
64035
43555
22438
59140
40252
18841
61192
33644
38335
46580
34563
17981
2555
11326
20195
59176
35931
7403
64201
1958
26173
38600
29881
39685
31799
11960
5572
21993
5590
34361
48443
11600
60153
6825
2141
30546
43668
34954
48754
45821
54985
11258
62394
11189
5638
24589
12033
786
40397
19917
33808
31804
32076
12278
17049
48911
20493
37657
63769
54638
29599
43741
55934
39786
2686
14974
30106
12118
9582
58778
23402
35454
64221
3695
17590
42446
6421
5643
8679
60918
31435
31224
13716
29945
856
47546
8222
45799
5092
48399
20289
31162
13828
3904
61647
57465
43136
39008
49726
2874
31098
39161
49809
43007
28432
47869
54073
16461
32787
12775
616
658
12635
21229
610
21127
21134
31526
38390
24971
21223
660
27116
20986
36190
40832
52369
40398
28490
62152
5526
48954
58362
54356
5097
38709
16020
44302
54264
57642
24795
13609
22249
7062
28487
10696
28679
13204
61175
28297
62715
47218
10242
4106
40293
28065
41874
36066
15448
52235
35928
7400
41477
12812
19354
21342
58206
27880
7250
7454
33378
31159
61338
21800
46645
41537
43147
39019
34843
6821
31095
51601
18197
10264
25924
23941
3349
46369
48597
19294
27502
15252
64032
37624
44395
28292
3768
28734
2140
26546
18407
1938
5973
46822
11516
37319
8720
65353
61531
41051
31148
56945
52282
30213
63677
8723
16814
63595
24745
1887
63493
3220
22732
33622
56473
25836
57830
20169
23217
45503
62958
26273
15083
54903
43975
56544
20961
45264
30717
19640
59
56848
18715
33500
62338
46064
51628
32504
11990
54254
12894
30508
33538
9164
27328
46637
26068
18837
4071
17718
10260
64319
56272
14991
5855
62129
64191
32637
26878
6911
18919
64416
26750
53049
35470
33982
43346
3273
9070
39855
8163
25253
51860
42331
44199
7392
19452
11138
52279
3777
13391
62467
36386
23019
34324
17633
59903
45384
59886
23969
54647
7001
6689
50451
42684
14142
36133
50259
10197
47162
41475
62072
48714
59461
24072
29573
12394
29571
14581
46885
2371
36491
26543
38966
64449
55831
60435
39898
19627
1035
26215
1243
35190
52854
39627
53278
26571
30433
14887
22352
61660
10339
5920
46035
58892
52857
14707
35351
21768
58634
50869
32233
63079
27588
13490
33989
36984
43316
30362
39416
49269
45774
54104
63997
39104
20285
38844
51378
35053
33531
50335
25529
29121
25787
26772
25590
50640
10968
38907
28803
54048
45073
8010
47851
15271
53327
41849
52632
2073
49320
33398
55631
10106
57639
39299
10437
18871
56217
13000
31891
17556
12037
21946
39844
40203
9526
602
25037
26602
34133
16443
9393
58407
9147
25516
19890
22827
7641
17929
38337
994
27393
37150
47967
28429
38627
22204
57167
21020
32498
12682
16796
43443
58466
13504
8638
43827
53037
58954
64644
20226
38189
38958
14740
691
16911
44248
26018
59650
46315
52672
50857
52113
17899
19186
14990
28871
29630
48215
37173
58851
4584
30789
9005
43567
3832
51873
16218
57171
50636
20122
8815
48822
14942
28068
47223
50486
19286
12614
10247
6234
12181
23035
20065
43608
31477
9515
40937
31228
6564
57118
14295
49115
62229
6231
23827
57570
52488
21028
60142
26587
9757
38387
64997
53854
18220
20022
20238
61102
39842
39222
58493
53073
55718
60210
37921
17615
36947
31548
14121
59315
11937
29547
60175
4970
37297
43195
3011
17586
52604
2115
21806
26956
4711
36108
36648
11505
54014
29998
36497
1762
3007
18124
2798
6354
5819
53761
23747
5898
60775
33793
42200
58292
22761
64381
37986
52434
36158
58356
23346
11751
53755
24654
22707
9290
39746
16462
24837
52199
16940
31650
21402
28541
38318
56087
40372
18635
14277
40550
58583
13513
39913
38065
64426
21934
31762
3413
8705
58039
5598
15600
25501
14425
5812
6927
25491
50177
4280
33004
20011
5044
3922
5505
45471
7529
41662
15228
56226
53209
49137
7473
19529
39045
5894
35674
49954
41598
25547
52361
22415
6907
64333
2325
50924
42866
47824
37564
39132
140
41950
11703
31552
59718
7222
11632
47139
10283
57842
59131
15974
45538
7620
27604
5101
27940
25502
15289
13536
51977
23840
63407
9752
9052
30377
62533
53154
19802
57141
13213
16671
23211
6880
28257
14578
5094
10699
38637
33642
37356
29670
3885
45568
32959
29059
39993
63071
48786
4594
64745
31842
53185
8514
322
62092
29206
49545
8919
57213
43209
14321
2978
55252
42708
39198
14419
62154
16703
63273
64966
11625
41670
26081
39285
51770
16500
35446
28262
40831
40330
52478
34744
11228
4963
48949
56758
19218
16008
38979
14479
39214
35815
52717
11585
35154
7756
31198
39649
49899
60674
41531
39875
43830
40440
44994
20078
52568
65518
33101
37848
62568
26900
46970
23493
4001
8296
9991
26551
36980
33881
5958
50257
21236
51976
38142
45107
53841
60915
31523
15684
35909
20964
17422
8981
32369
62998
6326
7530
12106
54751
43440
19187
53797
1009
29842
34774
17206
37697
54806
64903
2549
32231
27294
41174
55363
65374
29817
25704
61729
44359
27322
65067
8131
5220
46470
31825
7587
49634
34436
18558
53774
55001
57524
61476
21428
3444
27327
40980
17491
32905
8930
54623
33722
56863
52694
8502
1450
58401
40594
27674
22198
52748
11034
51557
34431
3737
37807
29516
8141
40601
54191
61402
16369
9642
2842
65369
34933
40098
3730
40598
2741
40479
64006
47051
44035
49652
6360
39288
7837
10279
32219
15982
25444
17512
26293
26583
64268
6098
46136
27617
63974
28989
36826
63754
54092
10357
59328
53530
19519
61662
26294
12510
8826
15029
9855
49551
35531
20057
60324
38668
226
31547
680
16533
19712
24886
22505
19206
64123
40596
41186
51404
63346
11858
50352
9269
16029
56700
16610
34570
7910
11605
7838
14299
34938
20706
62155
10271
55023
37209
13912
20866
7668
13209
29837
63511
28020
22660
46883
62693
38339
30535
57870
51594
31980
15482
20473
37086
45962
40082
57341
62049
8838
61772
7826
10657
23722
32397
51669
24798
43360
1170
61344
1485
39141
32657
37953
31040
20478
30175
16793
51150
9677
61573
13110
41999
31464
13026
11672
61958
41998
57441
20628
20031
24659
38038
63935
41212
38185
38818
482
34911
49034
54293
56176
64698
64049
51077
16809
4611
23226
50348
32129
7377
59968
1176
38544
30787
47361
55391
22920
8172
1738
20167
42281
4134
59506
35798
10456
35535
3177
2699
23902
14511
48758
35073
25097
59402
25090
28162
27481
47360
59914
48134
34058
17787
4239
24914
28169
27273
29337
54650
58123
25726
56391
53138
37707
42260
26486
34385
10422
17946
63944
42077
59464
8743
15866
45143
49124
63397
21911
58882
17731
11035
48989
10256
53844
56521
7006
6670
24471
27265
60904
20533
55705
6034
1296
18448
58631
64492
60686
63466
21050
59883
39925
31316
2586
11421
9121
31670
62516
14356
43939
62478
17734
33203
43731
16630
45082
47813
43559
25031
35322
1464
56602
40584
64408
7816
57088
26514
38989
17982
26480
47144
12391
64356
564
48379
39921
62298
43920
23246
14694
60331
1553
51458
50745
62727
57355
16044
63379
59856
46606
60071
55235
7412
42230
7344
60073
9198
39657
10489
31758
9509
36808
43410
49716
15561
25920
14981
22622
1456
8016
39412
11460
4856
64005
63528
27486
51777
38834
51132
30843
19108
6372
42368
8689
27507
64419
60609
713
59046
19045
17941
37654
46602
42128
37526
42912
34000
25928
28146
3780
39270
58783
54059
62180
8007
22262
63524
38187
48485
6216
53633
57129
43035
281
44907
23802
2835
7689
9310
50068
28127
30340
59399
64505
60465
25916
47708
61226
50948
59899
4029
54146
48857
45238
23512
23304
43019
41456
64777
9726
29806
6983
17826
40382
41524
37416
8187
17151
39231
16688
14836
35316
10784
33221
46530
43649
57406
51500
49714
42487
30356
42244
1712
48079
5961
46543
35795
13364
36460
58193
63474
2830
62253
14690
45093
49594
41847
50113
27911
35420
27693
47213
36637
41851
12726
40209
35301
5872
31393
23223
48254
9172
62420
6221
59916
41695
50629
25300
9103
63078
49099
63450
54424
4340
59427
45982
24644
24866
7648
36519
8910
57890
53554
63947
18002
27721
41611
56938
12085
50237
17356
30079
3726
18852
56610
11349
25026
36448
50860
33365
39371
40227
2391
8851
48964
50717
4550
10360
49312
52958
8767
3698
30500
47135
40235
5269
51779
56765
57804
42722
8036
50825
49660
38924
53731
31727
49871
21496
63577
65483
55992
62075
31402
43034
12597
38596
9272
52653
56298
19973
58753
46699
17060
20933
62241
16217
44006
25701
9595
22966
6319
26983
8035
50718
12940
9665
44576
22336
1563
8047
64369
8086
59830
49861
20117
27747
15030
64199
59829
38231
22559
57539
49651
52553
25882
16465
19425
37014
2814
46133
38885
18765
18948
33812
31096
29472
7829
2137
52170
28967
2122
52593
52902
44258
61661
12981
51229
63789
44959
55364
53012
19742
2116
40129
25014
27413
25419
6244
29041
9848
10541
60447
26614
17786
51465
32792
49832
4338
52974
32681
29658
3853
2380
13478
59147
60139
39763
21065
15170
718
25534
44673
45624
26570
59511
55387
29655
274
44277
50310
10479
19749
52162
26884
26889
17947
33608
31839
57237
8166
37311
30068
47753
24557
61421
54651
38260
49057
47152
17477
61202
60874
36800
25440
31093
29483
45030
50086
52986
28
65242
50906
62684
7786
47430
45813
24850
37045
43712
1705
59832
39863
38874
17889
49789
7084
18671
47650
1906
57166
7268
18308
58231
37728
32825
16082
33512
53515
50997
58569
43901
32635
38483
22332
63664
31110
1185
55505
15662
63427
6916
27972
47477
57378
22
24596
46216
41689
59860
45118
6807
36962
12733
53836
25305
33220
57827
65280
52215
22709
25693
45292
44782
15319
57408
54640
20367
18598
61217
31415
32095
41822
28902
57631
3928
3304
46945
48149
7253
9082
33716
38403
47313
28139
37419
162
51222
12543
6307
62817
16950
44573
51898
56757
7136
49670
49363
34948
35545
57611
30247
25420
9584
34550
14177
51845
4451
17806
32349
38101
53417
8598
51032
8041
28462
10358
36904
57860
40212
49686
58250
7659
28707
30531
1977
9830
64878
40377
51781
53250
49912
60369
30419
57051
43318
40628
10053
23816
16407
25744
6745
51347
26191
63686
5928
39595
58625
62847
14494
26616
46929
25707
36961
7205
9046
21801
55418
9396
56179
33222
4145
21604
16492
45935
38653
14276
49164
19115
28739
19569
21199
11486
6115
3414
27226
53926
970
32580
40984
19158
30249
4323
8694
59694
30850
43174
43179
48533
13117
5764
1624
63173
34676
1163
1478
52677
53097
10118
21038
29181
19077
58463
28704
12882
18668
45564
61945
50752
3374
59230
22607
63215
10416
50472
42544
9615
51498
37595
24324
4123
16081
5503
1244
23401
17517
30549
57634
21689
47686
50754
10821
38901
46410
52947
43688
31779
30195
15832
54478
47126
30852
32298
62376
32991
20868
4542
22835
15316
2749
19573
41399
36042
53561
58037
54580
18492
25358
28713
33734
19583
37826
53641
33219
35294
12212
52929
34263
26892
14487
31931
14999
48076
54671
36902
25359
4800
65064
45732
13380
57923
55317
33146
50970
32505
23906
60442
2951
38775
48633
6214
36347
7795
55932
49274
40520
14987
14653
30623
63049
34818
8766
38633
46171
64797
57734
1164
9051
53664
24620
5642
52688
12770
30769
20989
20713
41154
54102
57139
6229
11814
21465
34828
452
16631
16311
41153
65447
14003
10787
53374
11490
31977
13472
65481
23446
64683
47513
51747
1715
11192
52521
47141
16210
36071
63477
9566
38982
41846
23542
41296
4296
1374
31533
41157
7255
8027
51688
2194
32613
47700
57582
57615
5534
6226
63828
53849
43611
9488
56194
59367
31748
32780
16305
51713
51701
16891
31169
16155
41374
61703
50298
53427
60582
47519
52918
43545
41275
21881
14084
10267
30010
64045
55379
13418
17732
38184
54606
34840
59557
6885
9550
26547
43565
23370
69
17319
10278
6823
7928
35731
9721
50889
43348
7908
26637
9745
1287
21318
6649
33114
14512
18953
25426
4016
39761
51518
11495
31982
4982
25760
42239
43422
49958
51433
28624
48082
55976
12498
29022
17840
584
42898
20718
22503
580
19310
64875
56618
47745
4661
40676
20904
42586
26449
33456
24050
32764
27549
37696
17417
5119
33683
34819
7913
7361
13101
41412
16887
31384
45094
61538
40843
18861
29356
17741
12263
7069
19630
34045
395
28393
57111
33684
29861
64
16629
62263
9812
21699
57384
21951
26255
12481
46044
24927
2788
37286
33908
50772
54797
52204
46713
10748
3915
51339
20691
62791
38222
51505
55337
6399
31478
41569
30827
28443
62140
24609
48236
35785
14000
16660
64969
64689
42073
15204
37191
27949
52059
28721
51744
28388
61896
49466
50362
8176
15867
48684
13784
64510
41022
36037
6592
4726
29695
39353
51996
3579
18873
27672
27043
6676
17850
13029
48419
15430
52711
41259
11833
48774
24756
13648
24739
53758
47236
4100
53153
6419
9151
44519
52685
25515
28653
41930
11039
49033
34518
36396
33094
4556
17286
6067
39694
11199
37749
5858
6656
40915
4322
35653
40645
58399
33701
27915
9229
58014
24345
495
31556
40783
61399
3090
40774
47725
42772
8923
59962
50968
43333
32083
58672
22026
43338
53269
8093
27702
12284
9195
61755
5681
46617
46307
8424
48680
42737
41946
2472
38106
64823
55877
31078
39822
21151
46328
48005
34847
19700
6875
46915
21330
46122
33560
6967
39872
21026
4529
9278
53636
22720
25700
10804
58683
428
31580
60727
18716
18709
9937
46702
60023
5224
165
39190
37695
5600
9168
24989
31996
10711
53949
24976
10239
63136
50091
59765
48203
64195
15511
49215
52534
45959
60530
605
2311
58844
4461
48181
10103
25688
34004
3707
24939
9461
47418
7238
49172
4080
47636
39232
533
9184
49377
9957
40780
51137
51637
6276
38875
33464
55880
56143
58246
27794
48499
7435
6257
31046
50059
32373
65054
35546
6560
56911
42806
30995
58506
21763
24244
17952
25562
50144
64694
6999
48426
18227
29219
6427
18956
29277
33033
37316
24988
13638
5700
37740
1173
1082
3957
49490
3362
20161
53656
49161
41740
24819
4409
6612
4324
12007
62316
27755
21566
7325
20532
61233
33796
4448
63596
36612
4509
58931
46572
9954
46058
31926
29190
16748
38500
55645
24371
28771
5208
48176
41868
52763
9747
61252
48186
41866
5515
6793
35654
9919
43482
54346
21412
3083
188
48889
50036
51135
17115
60872
33810
408
4333
39379
55167
28623
29939
44413
40080
59313
53091
11070
59681
32982
28447
58652
39790
63169
6323
57427
8717
20793
22281
47651
2046
29200
47201
32321
31267
4180
33007
61832
47057
58063
24788
13622
34118
19453
18908
12680
23072
49410
16706
11060
360
14123
42496
56779
5249
53653
57943
4986
38159
20182
65334
29773
14149
27975
6526
23879
7806
49573
12834
10825
28281
42938
54808
212
37352
47908
58468
39216
36168
42728
329
63208
929
42958
20665
21649
13261
18015
3381
17018
35195
18500
1205
50907
21284
56038
51914
46582
9947
47378
17800
4907
35855
64986
6815
40633
35584
18689
4231
11571
64063
12109
28382
23095
42508
45616
15314
36748
5076
36358
54805
61401
1572
7778
35799
20869
49627
15559
36611
27815
2883
42532
8987
44556
43930
21089
16784
4987
25306
44059
19466
23942
28284
19419
8021
43883
27430
24933
55638
5080
49434
12767
33607
8544
1569
14806
43756
8496
24417
61283
23406
61576
18513
42529
54399
46106
35281
60307
56645
33202
16064
17956
21715
15592
22052
56549
15157
9523
27736
25068
48667
58139
59793
52008
36825
26899
4627
38560
44940
16571
15414
50316
5744
48125
45958
7456
43125
35910
53722
17382
8124
1473
10963
14897
9413
57162
16731
53468
16093
48121
62484
51391
43183
5498
44734
6042
34797
32591
9265
43872
53522
57829
23360
56338
24936
35906
49580
58592
23949
21819
34114
45372
33611
4422
27718
50088
65152
60902
55720
62443
21643
46475
40764
42528
52755
55717
26027
11578
7216
63583
23337
12850
1746
57159
21295
38054
33662
44785
7959
41177
20390
49840
47196
62483
4244
9132
45190
27593
16228
3484
13508
4841
20728
26335
60647
28698
32757
63163
48826
47329
17737
19304
9122
14124
25321
56684
61539
24965
59421
26457
46439
37034
39478
14883
38239
60650
17743
39533
32102
11043
2267
7494
9315
55248
18505
44222
22232
33418
13698
65380
45756
57557
18475
60333
21332
48017
2269
55356
36102
5347
10965
38183
6785
26203
51090
54532
30556
54074
51442
36244
40474
45068
55796
8048
57603
36222
14240
43740
64401
9746
2602
26813
6980
23748
17742
30346
29532
18208
39493
44515
54295
62069
5187
42563
24103
33685
12935
450
43449
20650
17042
61149
59777
18410
27776
55090
24067
1798
8402
38186
54071
34512
52587
22918
37089
5702
18474
8648
9511
11254
42451
7303
45475
49336
19718
41800
41471
35038
48040
19019
34750
7283
21890
35790
25428
47094
39499
47119
48576
29429
4933
1417
54704
51563
36110
51700
43075
54567
25954
37799
46662
50009
59710
27384
5636
21238
36332
48898
53876
9756
2130
15536
34728
63981
17729
37912
37312
64897
569
35120
16918
5313
47499
17495
2219
15340
16775
19013
19989
56181
62755
30783
38713
49516
61956
47584
24584
8886
42267
17176
24041
45450
5088
26811
28694
60143
64142
31211
34630
10204
42683
60368
53650
56611
22041
38178
22749
29928
38615
14781
55057
49482
54930
49764
51555
23532
39600
7736
17126
40272
6455
42566
9966
35537
34782
18822
15964
8430
18470
1774
53473
27548
35225
18957
53080
33433
51060
34910
33425
46357
18920
19120
39840
14750
62758
15131
31200
37007
2595
23296
15824
44723
20519
38188
42057
32741
38761
402
124
22278
146
4440
46892
43801
49078
56315
392
22179
61848
47738
38082
11878
52025
6330
60246
45408
47283
19614
51768
55520
58159
54182
51695
55805
14431
43431
21132
40453
22683
41494
41802
10175
9832
18402
36464
48869
4896
28381
59199
26682
8849
50655
34704
52159
21220
58128
37862
12840
30348
2621
55495
22172
6245
37306
23708
39962
51510
60438
51519
50525
63545
45164
39440
26464
56134
3392
21282
55397
34869
51357
11370
61797
9007
30177
2509
18024
30743
18960
63301
25466
32404
22374
56042
10999
55797
44116
40845
20331
50194
9170
9961
5631
15754
28664
19481
65335
51415
7792
1676
19556
6178
29329
13175
45787
27417
54660
3513
42627
55197
47616
6942
7628
40593
40325
19561
12209
51798
25774
58977
21526
27848
52479
37597
16151
549
50185
64950
51607
4809
32621
51799
23121
48929
3004
2195
38497
51783
48342
45983
27006
4088
7601
29903
38789
35697
2868
22671
19361
7612
17878
25084
43378
56157
2870
53280
63667
1947
46796
13033
14033
10662
1769
38044
51429
27816
4175
33695
37469
1201
44647
21254
12993
20455
10887
51703
7937
61207
52536
44555
17449
4883
45153
41501
60367
20744
46801
61449
45603
8878
53766
45061
55157
36652
17095
52661
55270
49412
324
21491
22259
35647
31775
33290
57005
17124
12133
26603
24690
52300
55239
1571
22857
33720
7681
18018
5992
62649
5565
26475
3116
48728
45834
11806
4618
46337
3783
14403
24225
5061
23569
19872
14136
8200
6947
7159
24364
32358
43387
23652
13840
48323
12655
47340
51447
6215
23755
59965
14872
10808
31010
52398
54768
22412
22585
62242
14491
43767
18194
16737
55275
20979
3225
52648
25978
32783
17583
11606
31959
22379
51689
42266
23010
64336
47356
48837
51993
57376
690
26711
49107
8936
49913
49541
11407
42313
21508
58803
3451
32390
15452
45035
18051
15935
4990
22051
21283
62358
42762
18940
47572
32310
20732
18611
34839
65036
55010
27660
45460
17159
37782
48592
26402
6937
1337
7538
52639
55012
34232
27422
1779
31844
59625
23791
19374
7291
49759
45180
6748
1459
55689
26303
40785
59624
36562
13039
3932
62777
3562
22381
40873
46176
50623
16379
757
7960
28812
12103
16084
12453
29830
18999
8425
52191
59605
60701
57442
28954
31675
48523
26396
49725
61726
6170
45758
10257
60524
39451
51513
55695
48281
65424
61453
21533
26863
50399
44374
52466
12916
52450
14060
11458
57454
61455
40022
25870
47623
40854
57540
37009
3324
7518
17454
7499
17678
30600
25871
10951
55396
1140
20121
33725
56069
60696
55400
64664
46185
47175
5354
29567
39396
33712
48519
30746
64666
10037
53540
37230
32668
53487
52109
8630
14221
64231
14760
22515
51087
25601
34239
18027
16025
63950
3796
57644
41426
18204
29246
35826
17508
4360
26128
11248
11929
2570
49966
20804
51880
42454
32694
25329
50400
15513
17964
15781
11383
22060
13135
64824
40250
14506
2386
59372
3494
62252
52385
17137
61407
59352
56974
26386
4734
16821
15916
10419
27438
4976
61138
48316
47744
61974
5911
17085
7583
57019
58756
28647
61087
50546
25050
31450
35289
36746
55223
31855
18490
11085
36357
19246
51797
12584
22244
60944
31823
65432
41219
34121
50289
5746
361
17123
7712
26592
33648
52649
3099
6207
7724
62388
10506
33350
20939
30566
63438
10753
61349
38135
42596
27447
48293
18377
5447
416
961
2421
8711
44640
44720
37077
39039
47693
58536
12105
14662
26673
10766
18465
21511
61194
30581
18909
50963
45520
41300
49046
39032
58890
47766
43028
41304
49219
20487
42564
64669
61937
34584
35044
19952
57934
56582
32922
9922
29459
52674
16279
7419
31498
31940
43473
41185
60440
55069
23572
30592
4423
33063
30587
17634
13977
1051
22517
2376
7725
37768
40338
1480
55056
18452
12857
47265
53679
5191
49174
16903
60458
35494
49126
28158
38523
60076
16654
31950
62878
6964
2405
52683
12736
5860
15015
39036
62147
17612
34720
35534
9879
55651
52313
37578
376
7810
20196
6662
30571
51083
15415
39028
63826
35550
41440
39688
34135
65208
18477
27892
51569
58350
10916
6458
48852
32192
6870
13234
50047
4917
18526
43216
38518
19652
42573
57624
45028
53448
60617
38880
565
56381
57296
49122
40677
4011
54362
7993
26736
15017
31378
31298
8898
41324
39189
42915
43763
64243
46641
39029
9656
13034
5000
63814
43447
10139
18464
1085
57142
11649
14308
46767
57011
24813
35491
18866
29914
5093
19591
2820
49585
40919
44130
59913
46490
11217
3940
60162
7655
2401
60065
35042
1793
522
22445
27784
41042
4709
865
13635
15155
38851
39381
7437
7650
11275
16479
39027
12849
18257
6669
6882
3055
14657
58782
58607
24553
64502
35161
12602
56729
27089
15152
34050
56724
44267
47896
55961
41014
55956
5090
47246
59919
17164
21225
58636
13411
3536
24570
14306
28013
53978
58920
28135
19391
2270
3054
19762
54672
31514
22813
53187
59169
12494
57968
62315
52099
58161
64994
22808
11025
63102
62308
6776
27584
21397
26741
42755
42412
44791
20322
41827
51537
62001
35908
22560
23524
60429
62384
884
15923
33172
10466
5244
57366
27448
18271
24350
56575
5877
35332
37738
5133
27713
24882
22696
34168
61384
17282
20276
9160
26218
9270
10740
55834
43582
64057
1325
26070
25210
50667
25610
56030
4372
26740
9572
49272
30971
52068
62824
28507
55620
12851
22573
55803
24022
37764
37603
58480
53364
15885
53189
30116
46651
54355
62637
11069
52524
63070
15115
60203
63095
16811
9418
3009
9223
28435
51299
32057
34503
24778
37843
64203
13998
18101
34059
19393
62390
48299
24662
12910
56135
20999
21211
50985
9982
28718
12957
19197
21202
20687
12953
60238
12948
21000
13111
55110
36391
19668
35961
47166
44250
45322
23065
50528
28285
25352
1031
52641
3913
25611
5168
21912
49902
58772
64676
52642
40730
29751
11432
51296
996
9452
54248
29191
31032
31028
35005
60905
37196
44899
33803
17631
64185
62502
2431
30113
36548
54034
63926
61775
38437
16193
19495
47676
49248
14286
47189
29740
44535
53199
62196
30038
52431
38253
22473
8288
42372
44452
13123
64771
57353
60418
36100
31719
39018
61701
35988
24881
41041
62245
57102
56839
38438
7949
55156
65479
40451
26748
55676
23456
50777
14510
26911
2809
1528
51044
31289
41269
11712
56040
33207
28475
61526
12082
14676
28405
5435
64681
61412
27739
27657
8590
51874
41046
51051
7172
35087
31183
39635
17063
36863
14233
22194
26764
21224
7121
5878
25834
64942
31067
39972
3563
22766
16662
6700
31722
55916
46085
24253
18432
5983
23091
30231
43010
22698
37492
33603
17727
