[19054, 259, 10947, 12888, 63340, 38011]
[5409, 58613, 52488, 55479, 57597, 49748]
[157, 43869, 29591, 26331, 58958, 56176]
[1091, 46886, 59649, 3635, 51970, 53332]
[62279, 12356, 6063, 42702, 39354, 45176]
[56765, 59421, 38731, 54676, 2957, 12263]
[20069, 60266, 52584, 55073, 32777, 45615]
[31473, 32872, 6000, 56602, 40265, 64315]
[15518, 42272, 23764, 2852, 10570, 50938]
[37494, 18586, 25909, 34872, 19819, 56608]
[19585, 12814, 11445, 54320, 62041, 63652]
[34190, 24574, 19474, 50943, 42824, 8814]
[50566, 5035, 45931, 64664, 35742, 56687]
[24396, 60134, 32505, 64924, 2390, 58406]
[54855, 11987, 8168, 21907, 22549, 40055]
[41646, 22398, 55595, 21302, 62993, 38625]
[42006, 27102, 39795, 64702, 9501, 20687]
[64976, 24802, 50610, 23189, 29090, 38745]
[19482, 15896, 41574, 16287, 50213, 6702]
[49781, 38496, 29593, 64352, 21066, 19378]
[23000, 57762, 48327, 53221, 32893, 1683]
[43612, 4231, 18524, 5641, 29134, 3268]
[50360, 17804, 62947, 45812, 15306, 29693]
[35504, 61238, 51426, 64562, 53875, 16150]
[25276, 26339, 51449, 18451, 46713, 37151]
[36045, 27644, 35399, 37211, 25291, 52506]
[42564, 61737, 31810, 6609, 54916, 48492]
[58969, 10440, 57649, 57623, 28856, 63160]
[60929, 18573, 51087, 30241, 17358, 15014]
[35794, 54898, 27073, 55479, 2730, 39737]