60582
64557
52467
47447
33520
36045
40829
11788
56122
34352
16157
22329
40284
17204
38403
17540
58432
27916
53470
61930
1960
1676
7902
26002
20561
29471
11787
52691
27431
6669
36955
8782
8117
7489
18589
64308
41300
34410
64665
13469
25704
9998
12816
9292
59542
10487
54382
27711
20699
6909
4113
7645
21040
35870
64558
52966
3114
20199
47867
35143
39776
1545
48929
55476
39383
12399
27950
10242
7357
53829
4848
11572
671
64974
35915
23272
34066
30421
12784
17883
31629
7536
47934
40616
10653
53448
8984
14667
34865
9300
63567
49123
20263
41966
31220
33799
15338
46344
31039
40016
58570
62748
34483
29252
63143
55138
50553
1146
17530
21738
49324
9021
35326
17228
19656
18245
39059
28819
9020
7827
10224
57378
46675
44387
38746
56659
5099
8846
25710
17217
53295
54572
43107
26078
37071
40631
46474
10932
13707
62614
40549
28183
12596
6616
59203
31704
25059
58737
15662
43072
14342
54718
57213
25977
40352
25398
62262
15928
12372
9014
5190
16804
33212
8990
10694
21993
40828
17172
47796
44263
32976
57134
29134
64129
50849
14651
8812
2545
3186
12392
20581
53292
45194
49983
62449
19666
11777
12992
42969
2053
60530
19777
60392
43875
58097
37101
32779
27210
15901
48714
35320
33802
9701
48711
1544
54792
564
27260
39209
56386
17422
15899
37162
26343
39952
25436
49302
2113
21991
56947
28957
55914
13911
61002
12259
17899
57000
14780
20811
57201
30146
24037
64480
10225
25711
7733
5945
63527
18590
13716
15668
12572
18726
37284
4575
3493
7516
34404
23710
30659
26203
20865
43745
19565
9181
31983
50193
47113
44744
10910
22398
56654
52274
7470
19758
63695
19748
50966
14777
55896
39208
37132
36491
52826
42656
44438
24581
45463
9834
26694
23546
33464
40369
17865
31198
43098
11585
33908
54190
16049
24967
1350
41196
38716
50327
53756
56391
61635
7238
35506
41000
45306
24551
32963
14128
51293
37419
57245
41693
44252
39533
62946
54184
43796
35954
54611
43817
14971
27102
30875
63390
55667
29122
34172
33646
16351
25970
16361
25017
56542
11718
30631
56979
28724
45506
12383
39683
49138
20949
24765
3356
25980
13749
34082
34162
42067
57256
43640
54534
14045
36741
22312
40607
35964
13679
54387
59073
38328
44242
36069
20090
12376
51891
60938
6992
16388
5821
48351
1356
25255
35252
31512
39391
49652
55407
53748
8692
27506
58964
16087
35708
47918
23010
43995
11972
6268
28303
45880
22675
65459
12421
14017
7409
26831
42685
5431
3894
23183
35637
33804
30341
64804
22100
64814
41460
52984
44325
6597
55750
46190
47482
1620
48110
4917
34388
47166
33157
45358
56644
55482
7502
33415
51515
36564
22916
24427
41615
7460
2648
5331
11588
44141
15850
34035
34048
62707
36773
8502
18090
43510
42826
26218
52812
29657
58835
5165
34396
49319
50460
4950
13606
57238
56713
64938
40550
7469
17395
40988
29683
36738
37057
55898
21445
20714
7882
43675
41889
19414
17890
50452
64267
46275
57991
15571
47318
1945
59497
13792
31938
60542
58180
20963
41717
15080
27428
37849
39449
38578
42674
34348
46411
7226
33732
24968
63285
53802
48582
11991
17803
41152
27707
52254
37828
12723
28643
29646
58407
7059
30883
37648
17851
62425
17856
44348
54982
44342
54988
61369
18118
50423
63536
4887
11778
64822
51612
5163
9422
60930
30128
47729
10018
12381
47622
20927
51055
24774
20595
30348
9392
23492
33270
2822
10692
33641
48276
32457
61679
20153
15076
2815
53652
30576
3625
16306
55168
50620
38437
19055
41860
46117
26896
33394
19736
42147
33404
53289
53970
14287
44025
16425
34198
53858
55358
16393
54681
34118
48216
10022
30892
37362
61720
39336
23972
37158
41278
57958
58569
1394
58738
16882
1348
6435
42115
43427
34940
34930
19992
55483
2162
39864
42120
39859
22339
2210
45624
28729
1353
55307
21885
13913
63000
14530
29356
50394
22805
14598
41677
16305
6488
56530
11474
16889
54676
48242
18808
54365
53703
28330
1719
61363
29552
22620
14432
6858
11789
65079
22599
45613
10703
10248
3219
32768
10020
26933
40325
1673
2595
43224
23897
11822
25077
6507
61176
8547
940
21328
48281
63130
64805
34375
64809
10810
1607
42955
64677
33495
15411
44334
64376
58951
4918
42480
51358
15513
13474
40793
37995
2647
6812
36482
20841
64360
43616
58396
32373
65164
25364
20251
29816
60197
19741
38332
32029
24498
50478
33161
27872
60717
50153
62584
40237
9876
9416
13512
7072
29715
63005
17427
34333
8241
18093
38169
56092
64322
48106
62323
43522
9032
5688
2756
14447
21923
12305
40039
27905
51225
38938
15656
21135
40349
21862
456
58159
15843
40911
57789
43720
41958
44594
30506
47627
29540
31800
46215
30896
40701
64218
40868
22177
16152
40900
40901
46905
38250
11612
19976
15074
49685
35114
14602
2456
29424
21551
5758
19599
12218
54884
54900
39166
43646
21248
25028
14647
31997
11339
58313
23963
10837
27342
23031
5346
16838
57825
10450
29102
25419
41258
44274
40986
61365
16844
12702
36712
15379
37636
55069
46891
6560
64115
38185
56012
53064
4667
59655
33700
49248
11597
42121
39009
18255
12909
2412
55303
48361
7741
27149
49785
8190
58744
14723
24124
60157
11003
52484
63271
54241
4094
27047
64345
27979
12691
7633
37064
60413
36007
46005
39857
20808
25455
35842
54436
19671
56126
7310
62221
9223
47299
33412
8409
49658
47426
4958
50703
10313
41072
27444
31222
48605
63274
55198
35673
43003
58429
33608
39631
60910
36529
49255
34218
50551
34435
35851
3496
63620
65017
808
62269
40527
4725
17786
62635
41759
13204
33873
37894
30042
9234
9136
24136
43355
26043
51286
4845
32720
57828
18907
44706
6180
25928
35622
52490
13789
9009
21553
52090
8420
853
51206
63379
26968
12699
55227
6189
58125
8334
51464
57384
43168
46296
27148
32772
37389
62924
33915
17531
40234
22774
38973
47403
10994
57617
24797
10797
21456
7988
61942
3858
38036
14055
65398
31142
34832
51706
12872
19320
33112
29738
63071
8732
61360
17360
32340
23649
63171
21297
45302
56621
9961
35704
61891
4999
27217
1197
8949
53810
47924
30975
1273
60407
55396
59292
30773
19308
10742
48443
622
13294
8703
28395
53244
64685
33744
43644
1659
15365
62184
14057
41272
36680
43089
58387
30627
20348
27145
5277
9516
49998
15215
37789
43010
33926
56550
28026
33195
26001
26975
10555
13627
35886
59742
62829
8536
23825
13835
25036
12701
21252
32169
56996
43631
15508
8953
8739
63720
2738
64702
3031
65122
33386
17435
64653
8394
52456
31492
50472
25238
43255
20345
31455
63548
30675
62382
38167
40104
16170
57546
20341
46248
24830
3818
51791
7457
2650
61950
64937
56199
46364
60555
3743
15278
48116
49660
38233
62193
63823
46244
13566
59244
7669
13334
593
53243
29195
44942
46622
23500
22282
17213
39565
37441
63625
26280
55320
26886
51367
62638
3213
44460
26046
29268
29150
18319
40635
64720
63203
40008
61571
64985
48625
54914
60120
11059
2284
26897
29186
26554
23303
63835
62801
17165
12868
38989
53903
54514
33417
40915
48712
62004
30568
41022
24520
19224
39867
18516
28895
65475
63011
13304
3739
49793
64019
1761
30392
10032
54300
35795
50344
25979
14343
41917
12807
65298
58694
19063
64735
8541
40143
26972
46113
30410
48353
58481
10736
46069
24827
21132
26471
61729
13691
64429
21532
62980
44063
26887
15865
44616
59144
47986
46317
9533
3970
11277
46561
44917
54398
53242
12567
21567
39466
29650
34006
51242
25692
22536
25178
61670
31422
16196
8399
21557
42451
15449
60297
53361
13686
17570
31190
49462
43084
47805
30309
44856
48007
41784
3462
19066
18122
44200
61757
60371
61613
1628
45146
54643
32217
60368
3682
15179
3742
38897
37281
56653
51769
17690
19763
45665
20019
48627
59648
43508
45725
46129
647
63109
28177
1800
19375
25974
38355
48350
34362
40571
15859
62273
440
13899
31673
31965
58992
12346
43943
49145
49229
12562
47241
38705
44168
46971
27110
21158
50902
27646
59151
33028
45802
48436
32356
41838
42978
52410
61794
12462
16112
30161
6994
13121
216
64075
19401
40561
7382
22801
3149
45677
26565
42878
33487
50906
61755
55759
61998
33301
44476
46095
60732
8969
58021
40036
11104
55540
794
29942
6960
47374
58011
30710
50836
6993
3646
11252
56217
5846
13030
59772
42192
65262
14584
15567
25531
12914
25202
22965
48085
18129
5044
19562
38119
29467
37476
14196
55347
15009
3861
61997
26388
59767
41932
3338
65189
33482
18000
4897
38034
5008
31975
64584
31288
35315
29328
18667
2637
59796
43847
11716
30786
43751
35525
29993
58444
64587
13523
43669
32755
34099
62024
52989
25270
39917
43766
54172
48755
1834
42772
24396
27436
35721
1562
28949
26663
54728
59699
54527
29245
34126
29137
25324
11599
32506
18492
11529
4396
6311
59142
56396
4824
53234
13493
33998
42866
15193
3736
850
21547
25830
22759
55917
4384
34000
22420
16809
6231
13957
21731
27928
41679
7036
36800
1189
15816
36227
15849
64143
40253
22761
44792
31270
44257
554
47429
56642
29438
44085
44424
42430
11586
32309
9840
21570
40251
54560
39279
16028
14968
42782
901
3473
3588
20254
7142
41771
60817
59093
29756
37011
13377
45892
46928
23556
29936
31551
7206
1948
18506
47375
31057
30473
38461
2881
18510
889
60727
60929
22661
46829
35776
25072
59145
49951
34610
63594
42222
35717
44160
17709
30174
12592
29468
36417
4563
16016
38931
17780
2054
47252
26960
894
60642
28358
60820
59498
30449
14913
40375
58175
36570
3516
1434
44284
27091
22499
65074
24177
34358
1436
49853
44680
6630
6666
40380
57787
47603
45640
60350
28316
59235
1618
8749
59800
23383
30260
41458
40074
42534
11761
17292
19788
9638
39485
25105
36077
49987
35599
46208
31806
40845
54108
57002
34406
24178
19630
38081
33024
16976
48502
7854
44604
5855
29545
12201
20940
34816
59902
29909
24275
44774
5729
35409
32548
4363
2281
50636
11553
49589
37599
35819
53224
57434
32995
37000
48964
21947
5464
42710
48060
53351
61325
21105
15085
62313
53631
11311
53230
61837
65007
33293
21706
44512
28654
28274
21494
39722
39697
59834
7176
10340
40170
1200
64332
50645
58161
62132
46279
31194
60909
20538
1890
8274
39331
22528
47762
7856
36644
48422
45365
55889
53956
56253
51086
21208
53557
12583
32487
38103
12357
4017
60291
43800
2117
51297
14652
28432
17874
5268
23172
62850
30293
35408
36302
32678
27650
14480
32588
21308
51401
16204
45837
55888
7254
60403
55195
21847
54177
40430
39990
4362
21317
26768
36034
55092
5501
17842
57196
39567
38894
14313
49125
49868
3136
35740
23146
11075
60625
36484
1379
49289
58523
23609
19241
16032
8972
54731
44135
36668
40881
12542
27865
45642
20264
59830
44916
12487
53646
60809
11754
2256
39179
46799
8072
31416
12306
51773
41866
59564
60288
26163
28010
46450
1988
58723
38627
39072
19789
44261
13017
43993
19102
60635
31963
10031
48499
36720
18205
51645
42936
40465
53604
59179
41180
35361
16335
62399
45412
35737
36584
40552
49118
2782
57031
10519
14600
65073
32137
59600
19598
57202
23277
41357
64031
61405
31664
29547
63545
42378
17309
6588
41912
59623
29957
40075
8029
46961
49546
46220
54944
37836
10444
14611
40475
33164
5010
58543
31706
47142
36188
24343
20060
28286
7609
31265
18193
37370
54427
5596
5121
42933
43025
55480
51128
61804
40691
33518
17317
48639
35203
52604
15936
45331
1224
18595
4687
1414
36623
25615
26623
47923
21329
24900
46716
19165
34314
56884
10238
6035
32070
23890
7798
33944
9436
42163
15572
50043
13019
3523
34735
22642
16817
56543
64017
37510
16605
63603
62373
65205
51313
29520
14730
22967
14317
27118
64803
51783
62189
44328
44402
51178
48988
53276
54212
18793
3750
42214
53918
32913
38223
11672
6250
10929
30535
26004
11872
45338
36919
38927
13235
3749
15316
54329
7724
22302
59863
65301
8000
50042
35729
10995
1996
39249
3386
32556
33872
16981
19982
28687
29218
17133
59903
29426
59184
23958
41354
32949
11491
10586
14668
46729
47470
63961
45895
45695
62175
44477
15349
27010
39123
6996
21228
37178
18207
45189
27993
64954
44874
43440
15636
5452
22409
23833
26577
27057
43219
61610
51087
27006
45228
63447
40381
44020
43192
6549
19174
41869
7570
31064
50480
60994
3104
42980
30467
58443
22899
14141
56105
14399
52008
25814
15686
36991
37175
48488
61539
22023
8004
35099
22725
29708
14992
37458
44059
56723
33684
48918
53092
31049
46919
29846
6254
63025
5404
8861
56987
59544
762
18279
13713
49689
22989
11881
46960
33940
21272
37839
64026
24457
64913
7792
29675
17352
13489
2042
65059
6640
52567
25608
2302
48185
1625
59437
21852
22105
18428
40637
48003
43548
60925
27523
28942
28228
13845
51683
65300
2375
23855
4646
48074
16056
23300
38361
39811
17374
38543
15117
27391
46704
9672
53766
40515
62496
20446
41545
35503
22018
17326
19585
15199
28749
14993
45190
44742
17620
32107
3094
12857
57114
10954
29557
41542
62117
5852
12851
36522
40300
25335
31941
45436
29812
41145
57482
25040
22391
42228
36020
12612
23620
31521
987
51808
35023
20919
30133
30701
21060
45753
28013
55472
52129
58941
4244
58403
32122
15940
11722
13672
34398
63188
23816
54130
4922
49552
31267
28224
34739
5341
45344
16062
42819
11151
51592
2895
1037
51316
51685
64800
54355
53437
18841
36686
43825
52195
36411
18443
18523
11011
27702
16818
48328
60998
7689
54715
56380
51029
35150
25809
56074
12200
46257
10533
57029
63257
14028
33083
55601
22719
24126
59272
2544
30472
28333
35395
31059
26601
27424
29234
41895
64324
18578
30321
54734
12214
55045
34123
58832
27911
45958
44599
46374
28794
16839
25846
13477
46476
34915
15110
51610
6433
29653
60941
51382
40334
57475
49721
21200
45682
6619
22975
23539
30345
49874
7007
55716
937
51639
41461
43207
45050
26942
27894
41528
9788
29098
50748
63036
50288
38454
1827
51636
26566
22843
20889
21442
40800
40665
36617
14265
5786
57703
38554
42650
36164
22087
37602
3369
24242
43401
64926
9584
35889
31274
64513
28903
63540
41473
50737
42671
16428
24590
35891
43532
20057
32629
1844
50879
10204
61953
30588
33329
45460
60066
33241
29415
42705
9452
44033
38352
57881
55641
23249
55860
47256
37473
27089
22696
63766
51399
34393
50581
26225
41465
9501
31870
34870
21517
31580
34831
23782
41685
57036
57472
45787
12196
25278
25307
21585
52800
56984
44125
53026
41654
33636
5694
26818
19971
54014
39021
43869
49866
34386
22098
19782
382
32557
17358
62006
6547
27313
18081
9530
49891
11274
51235
63728
17438
27138
32777
35210
63682
56702
4297
6218
8253
63516
159
25696
56562
25699
843
57405
30317
21754
27637
1426
51008
65084
51606
46315
4607
12748
56877
39499
8617
59442
16270
25854
6213
12698
23701
18296
53620
9356
61555
58919
6908
43546
29527
19229
62852
17796
53363
51440
62522
35846
1656
35876
65020
17354
8313
38848
11335
5660
29517
13941
56535
6842
29316
36008
26114
40611
7019
4044
37658
19859
21761
18303
9549
23542
17399
31876
56016
18305
35972
59725
62474
35852
17652
47852
53454
17338
10573
39875
9546
56108
25064
6855
18564
5337
54650
6571
20036
16259
33574
46582
6059
19779
60227
44049
11329
966
404
61238
33448
39326
51575
14468
57886
34558
54155
27908
15844
4400
6008
11589
53343
43301
25067
60973
50046
17841
51065
22756
12854
53627
48306
13944
15841
39292
19578
40514
32881
53699
407
19575
4755
42861
6211
52794
55234
47568
13905
25601
10669
54395
2253
61560
8250
1091
4246
57557
34920
51648
6057
23862
46774
57993
12377
15163
59563
7986
2055
40943
247
3479
3374
28646
54072
43321
57144
2655
54932
49910
52981
46392
32887
64826
51351
4641
56088
23267
6946
20024
19912
19768
20168
48640
56650
32338
45663
11727
46159
42538
40928
17683
56093
38042
15042
45962
8188
47242
6567
2219
2158
21214
32202
860
48557
55212
47255
7939
61649
3481
20294
31921
51157
61219
25550
53643
38302
12693
13200
54963
5042
15698
41064
13516
4592
59783
45137
15376
6506
5100
59790
4621
2408
15269
48801
1939
49292
3644
13883
60856
6898
27996
8290
34596
52802
49923
14618
39235
33311
24431
60807
21110
39293
45507
54889
22077
4500
51383
255
23545
872
28304
879
45380
60002
26780
27536
833
37302
36202
15788
25175
48622
48978
45143
61326
57443
37289
57440
23547
37970
34291
33610
30313
40188
48010
32213
37401
1622
3468
45305
36370
32952
60639
47638
51701
21023
61320
29483
41773
38902
57717
62647
37187
49643
43984
17393
61632
3577
45863
18664
48463
52299
64313
2386
47849
43756
45724
49480
61134
2635
43852
4240
17844
46631
36857
61647
27251
40858
37283
39766
27603
8989
8773
33975
32837
61254
25883
29521
48150
17128
32947
2035
56655
47534
35593
24855
29220
55537
2378
6313
12190
46747
5657
47684
8688
23840
27261
23523
33822
12096
22011
39822
38715
15144
28117
23504
55392
58893
28137
37051
11004
52353
4990
27530
25640
39282
52389
29105
41844
35613
36275
35792
26865
45379
28135
18087
57715
7580
10569
46922
56738
45514
55340
30478
31066
11071
2470
5580
53172
57654
18684
59047
57857
52815
59393
59478
2818
28268
19833
3979
48483
31599
46006
930
45799
4503
47920
6948
50662
48381
21045
5442
9777
6804
42236
52208
4927
24131
14134
51607
47405
510
50915
53335
53056
59342
22003
9630
29271
23864
8958
10747
17920
24817
40172
56807
34550
48685
28931
5713
1889
46426
24598
46723
3476
2305
1164
46889
18724
47249
2149
3383
14083
49640
2215
144
974
44428
10838
28433
49806
60812
21811
34577
22410
8369
14291
395
51568
149
48681
45121
49194
5865
56225
57887
37170
45739
36201
667
682
33670
2403
7596
14080
58269
18734
42245
49544
4379
6924
14739
17206
64232
48189
2217
44970
9030
28163
43824
32102
19338
38128
57474
32427
32641
42589
7501
46964
5862
14880
28448
30164
14339
26604
13520
50077
12559
43619
30488
22388
43257
14895
40153
63934
23485
51934
43739
35126
58972
4159
57236
28463
39929
38425
35908
51851
5145
7398
22789
63096
44171
45059
55250
18033
9037
12950
63740
36470
30480
51369
50361
62934
3040
19774
9906
48727
30972
37850
65355
26808
49616
12738
41352
10705
49086
4056
9284
25153
3741
63311
43731
29970
17855
8016
64965
1807
62939
1882
56357
52894
15196
29259
50218
4920
59147
42962
59105
41242
63091
15703
62654
6225
53034
29663
30344
60397
45046
13325
20861
67
43765
45669
14745
61732
59123
30056
5212
802
49444
28169
35836
769
39912
30756
58221
13597
18553
46962
22784
44817
26062
31907
7899
20201
49441
35159
35632
17200
14887
1140
6448
11726
15052
1396
59108
44837
62518
7543
29106
52435
37317
1764
25349
14888
25595
15845
27297
38611
42627
31935
37692
21749
42467
10454
20269
13942
36261
62284
4027
4898
44094
61157
40207
44343
29149
64732
41468
7640
55252
49366
41173
54239
33443
16054
64983
10836
61416
13811
5183
14569
21593
43357
21466
42964
64010
7252
64722
17649
19745
3327
56140
52893
15696
37121
41066
50566
32353
61450
37681
13594
41094
22386
44495
58468
26053
54047
31187
58516
34117
61162
59181
47287
3730
21619
21059
18098
7375
53213
43316
30964
25026
11306
3404
3900
40439
63206
59023
49554
63521
44104
29986
57942
48649
33447
58619
3813
52357
62955
13949
38414
12553
58328
53273
612
5641
9113
724
22166
36386
64329
14623
26560
55355
36396
22086
11048
5578
43849
32316
25344
53708
25947
23979
14510
36109
59288
34222
45959
52396
40873
44122
7347
9312
31345
7845
31719
37986
40124
52907
41842
26088
32140
45609
29287
31093
4987
9169
29179
42927
45528
28204
33605
63708
63698
29509
26661
63628
15906
26911
14272
50697
63618
35774
9815
52688
24098
1731
61394
45873
4402
26588
49609
47030
16225
41334
3949
4989
32621
47546
18535
4291
23145
44018
27356
46127
60879
1900
37613
36568
19244
39781
5507
64697
32618
26009
36909
52024
36913
21622
27117
18540
37369
32206
59789
4601
59293
2462
15358
51015
62860
6361
51068
4992
27416
57286
18248
58160
11411
47582
12602
33616
36185
51339
355
55714
44474
20480
60974
56439
52979
26581
33114
15641
62141
57162
43382
41504
52669
51387
14810
13104
23828
40575
19094
14457
22509
27039
40574
5348
4407
27860
5896
26119
37363
34710
46390
23839
32716
27815
34935
51261
57996
44445
39807
44914
28118
65320
34147
21830
15468
28027
22530
38939
15700
398
38873
23460
7658
614
45531
54986
63124
29286
46323
50274
43693
24418
45258
49583
56164
49260
7847
47276
48347
17386
33499
19786
63018
33494
27332
41172
37898
49264
10489
41710
53460
58856
59506
46361
13719
23892
21026
44593
25347
24542
45301
45139
24746
25402
22610
64465
20167
6634
26762
41633
3465
27028
61472
41332
31992
60917
30586
29929
60969
30848
6718
25558
51915
48821
40882
50273
24417
46732
17199
8964
19173
40470
51649
12368
12539
34709
29232
4222
20683
32628
59477
55920
41050
64292
46954
23021
27160
34295
32572
51214
5437
9116
14832
617
37598
48539
12040
62077
42294
28701
22197
56641
38917
11501
58789
48564
15075
34981
20837
4732
22311
62067
42620
36974
17784
161
4726
36784
57590
49728
13428
52091
41183
8700
38421
20946
45112
54164
28648
38901
33254
15948
38734
23003
23165
39596
17794
58751
4944
62930
27120
36293
26499
1317
28539
22491
7428
22762
26578
28946
45887
18285
50924
33235
40698
28556
39181
13439
20436
8328
11053
21335
2369
61484
48050
24550
24717
55315
33240
49938
4147
58177
51301
2002
20092
37530
12037
34170
17081
41680
32062
18109
62940
3605
47002
18524
16346
27349
57279
40945
38589
51855
9425
54744
51396
59120
20734
13381
47769
49219
38542
43121
11428
26132
16932
2458
23907
35676
829
14319
44853
10017
27216
26869
14980
7505
30401
5502
25969
26305
63804
51630
58666
20268
49004
15866
29278
47205
3284
18062
11700
37306
53123
35132
6090
12725
65161
57537
1556
23561
36904
21842
23664
23147
30148
16188
14032
43753
26845
40859
58076
25726
19989
9499
37788
3197
56246
50495
39548
38766
36054
22108
44346
19153
48856
56276
27351
39333
33683
50896
64474
65207
57588
31775
54200
40339
49346
25542
10902
17008
43988
13006
46580
19757
38256
36059
25981
2612
26334
20954
41621
18968
53060
31762
26320
13547
23550
1797
35608
1226
20424
41040
35874
39547
13244
12704
2832
9133
14501
51507
15501
10435
23778
7715
12192
42626
1010
48859
62028
36067
30117
15079
32489
20842
14798
37645
42263
9985
7712
22154
15350
27829
32022
52094
56558
17525
40342
38208
17071
53523
9029
2164
2212
5685
43983
64811
55310
55725
55486
37919
64806
37904
59176
48330
43968
32362
25597
20122
11119
1724
47017
6999
59215
2383
59795
13576
7790
18932
54713
8707
60939
4997
36916
65253
35379
14754
24132
62097
34409
24720
38106
29579
955
12241
29045
41603
42495
28157
11720
55148
43740
5160
63506
64888
31780
63137
668
39849
17322
63692
12525
23304
5392
48921
13906
19918
63808
18534
4605
4594
11165
42998
31608
20904
34076
39545
10886
8064
21844
26599
63707
17221
62277
63702
41509
34844
37705
27136
9033
35910
34834
34766
8535
52944
64582
35264
11812
42972
12242
4925
41539
37436
16289
54210
39708
65269
17325
58173
35672
45235
941
17413
60483
8178
24625
19513
34015
36381
25426
15374
8189
22753
42876
38698
47430
16995
53667
26948
30584
60757
44047
57337
28132
36558
54132
23108
11760
35807
19008
12086
15630
41569
4654
42136
11809
25972
58393
5166
55214
20033
5853
20166
39550
63302
17350
30074
34813
21053
47150
22418
30342
37662
14200
57332
48558
58462
38246
63789
62228
36342
10668
31584
15808
42863
47257
684
33092
17004
10603
54983
5360
46165
19288
54430
58028
44129
55140
60251
8579
4716
57919
60551
63015
62172
62162
19783
43842
43732
11583
62455
34745
49553
56020
17710
8914
7305
20881
14262
28901
15894
9496
19508
22771
59501
47730
54991
63765
35653
10993
60823
50321
62163
29792
43989
17896
56572
34551
27906
14606
27455
26012
36707
11331
8635
20172
58384
33317
37555
5848
58006
59240
8612
14485
61180
57995
8845
30705
24054
30308
4702
50828
33669
17289
53843
26363
17397
50138
52164
8696
41308
25905
21423
45560
31304
40219
55299
28377
52502
55880
63519
40210
28950
21227
42952
37449
52932
53338
45132
21591
23900
35402
63453
10702
31939
6434
65270
32919
45928
22305
62252
9536
13194
36106
49815
45142
1366
14037
54087
50719
40834
56609
42352
47481
4864
48048
62497
56395
22163
33197
23242
51949
3323
39800
33887
37927
57232
24973
21108
36399
34242
19891
3291
40154
53191
42427
23576
37043
41859
30066
46883
45670
2220
10862
30693
61715
11983
12732
22608
12673
12827
64688
50810
49537
64225
63799
54082
5011
832
27361
15209
38776
62898
48255
21882
20144
7378
43844
37457
15040
56089
62995
34203
45740
53868
21982
61152
31858
60661
7492
62680
11556
35382
6146
11598
2952
60398
14109
48329
62149
23408
56612
51437
38227
56419
31778
44526
5439
10651
20568
44036
51844
776
15998
51375
52709
12838
35858
15712
21769
11566
36921
46251
37554
2157
22972
51237
50303
43201
19790
49561
2840
56622
19040
36341
19780
60997
9430
44859
58492
24493
43518
13554
19411
6373
28478
32539
4600
2632
34420
37157
44088
11565
26913
33912
33939
38088
8247
53655
51452
44028
64797
23450
58568
17528
47341
15661
36125
54674
24299
24871
12101
60374
36406
21580
1821
32581
38272
29593
49170
49181
5931
23591
47130
63387
3511
65395
59408
6840
52637
25032
47244
56810
25005
8637
10243
32167
53025
30694
32648
19544
49379
41139
62907
61050
52442
35365
51944
61832
39654
783
37822
23246
62859
37763
9349
40594
58089
436
38540
37829
42612
50814
35856
23241
20452
55175
59744
19980
17236
61164
41009
19624
1583
25015
30282
19484
64170
27111
19335
26584
42362
54557
34302
37713
55584
1217
48730
21857
59874
2138
10019
41485
65478
50419
55338
50813
21860
30017
948
22099
56851
20491
22988
37405
30759
61242
9128
48523
5349
65483
5105
17727
37499
61043
14156
43872
54605
36552
3355
4427
44986
62118
35470
3238
32941
2307
5356
58483
22128
24794
44197
58993
56848
29713
37848
290
49005
40471
26589
46329
26327
40128
48054
53606
13136
56333
61773
23291
58485
18146
18522
25013
50308
8337
9637
9342
47061
33741
27345
12197
13178
17015
36496
26791
34351
62124
8830
52532
41087
29154
41168
18697
60130
53277
46683
14892
4481
51090
28652
37308
1787
41160
60940
45757
55010
24951
11803
49783
20741
35301
61836
44389
38320
9954
45181
8402
50805
55773
22405
59885
65465
14439
33250
12826
16132
2460
10624
7625
49913
53138
40106
13820
56106
18925
5461
56311
35757
12027
39328
42722
23046
64167
29960
27399
2045
38916
35310
52971
58280
7589
20770
14418
58010
13145
39077
39602
31134
7057
9134
52902
20566
56732
51435
40625
7339
23899
50920
62783
32603
7594
30599
25903
13756
44048
10633
61826
50161
12123
20427
61213
47084
41162
50334
18378
44015
57408
7330
56109
47578
30277
1019
58286
7802
6601
36508
23344
7343
25727
55083
26626
50621
3874
21792
11020
4066
45103
53325
33260
6888
65460
23596
49635
19531
34824
48787
27069
21273
22205
4512
30904
50867
16717
12578
0
47990
36726
36592
51207
63202
38792
58488
55016
721
25114
15178
39259
41418
50550
63212
11793
50684
45986
29679
58763
27781
8066
33303
19068
10149
10062
15442
20530
23411
487
62316
45864
2318
14605
19957
5216
19368
58736
44866
56503
39378
60926
14802
60766
40229
64371
53657
64303
54324
44032
55519
6580
9542
6322
55352
16652
1129
24264
25564
49242
5062
45574
44697
19247
43969
56496
37194
52678
44243
4182
44183
57016
38333
20221
16215
35912
26989
62203
21253
21302
31128
26628
60748
17136
39377
282
37254
21666
64561
5615
34439
33835
58920
18252
4012
46266
53709
21814
60355
21778
56472
21523
46201
20272
15731
34823
47139
20209
21089
35067
65156
5319
16014
36489
12236
41584
38097
57048
44871
43275
64671
37917
64573
54670
16141
11590
32540
54356
2485
13649
10179
50049
29258
50192
1723
9669
36347
6450
45496
35848
5827
22453
6222
57959
59231
59559
13902
7482
20338
31925
60415
56039
22850
7743
49083
20626
26692
34872
64663
33463
30609
36520
33115
30156
8126
46823
32424
40722
49211
38166
51885
65322
2875
1660
46022
42242
31203
28525
12889
19696
47164
29313
9353
8930
44196
32195
26030
20160
5834
5607
5574
14943
36976
12543
9561
10735
55017
9052
14963
7218
3272
5293
19427
54322
36716
15684
17911
43396
12638
38220
22880
56495
24878
47538
37214
45303
11551
44509
22887
28666
46534
489
26723
27052
65069
3961
27596
14361
50229
31398
36397
63530
65466
25806
60846
19086
30780
10153
19687
29185
64463
33192
52431
35534
46222
25782
30335
3000
65278
43483
9395
15459
43156
37544
26856
36721
35239
63671
33109
17852
32277
58112
19345
34022
50025
29167
32035
50302
18444
51300
2280
36727
31348
18433
50558
32958
4972
50294
35768
51085
45451
14625
64759
58880
38996
28792
52620
34355
57353
61744
23057
33675
22406
33934
40174
44039
61866
5768
14906
51518
8092
43243
62128
41804
42185
42314
41192
4505
63669
57646
43203
16911
62521
59759
38051
5751
5830
47441
20146
43831
54060
53905
32434
11954
61106
52534
54570
61863
29881
16066
39479
25269
49856
49037
29445
25414
855
63374
1616
37307
58624
50076
41537
4494
14274
60638
20565
27864
5481
22991
38105
34371
25745
50306
33213
37309
34679
18975
52414
33082
61754
49401
26737
54268
51317
44195
9125
36591
50389
50166
4336
501
11429
44119
48378
40002
57949
35978
27990
30711
10100
15616
46805
13557
57348
18701
46843
1627
1558
64621
10393
51100
18765
12892
10491
10110
11594
15444
4293
57953
11135
59553
401
4497
2695
63731
59256
41034
43150
24193
50938
39098
35020
39475
42983
35479
17728
33187
19702
31814
5792
37207
36208
43747
27984
15034
27541
46077
5521
27692
19890
26789
849
41641
32443
11963
61122
53104
1437
51097
37046
38586
28405
54258
8081
41849
10162
51360
5551
21155
11195
11953
11709
28533
48296
48174
23196
56344
43607
63597
17907
62484
4149
12636
40302
37212
40731
36635
44409
29820
15156
8808
33792
30625
37545
790
54663
45659
11186
23974
999
23910
59330
11965
61117
3435
7191
18509
43597
37862
26438
59801
30670
37861
53290
63552
19407
32175
53313
31819
55846
13876
32160
26262
26182
21827
51439
58355
63676
12339
3
35185
34681
61591
30198
30102
46755
38487
30099
29851
27991
20625
10589
58884
31678
15625
1766
30628
30633
34963
1617
30107
45287
37224
31672
340
63935
53422
63700
110
54001
19713
63764
52849
48991
26493
64427
24159
52097
8365
49151
48689
62758
6834
36746
1745
45124
3716
45900
62944
5597
65299
49822
26905
25314
53718
1467
59872
65304
43448
62959
36400
35443
13612
19899
16159
22408
7146
32187
60875
60866
40068
38039
37670
3777
47903
8727
56188
55255
2506
16059
17545
16811
34912
53902
46703
1018
36736
6615
24576
31243
3378
52862
45231
6760
47726
51595
14123
19723
19051
27556
52125
14267
63265
7427
34090
10375
56182
56753
6936
6087
55516
57334
2013
2492
10528
55326
6424
5626
62336
56862
20789
26488
4158
58939
56587
15115
35967
13401
30219
56745
38293
27918
23883
44796
63277
60722
28731
44734
45160
28100
15213
48434
32050
33523
15915
45230
40853
52136
22354
23372
28779
15476
50919
56763
55182
49190
9503
58350
3509
52621
64640
2030
11531
51075
46444
19523
36640
6105
54997
30048
28105
2008
44725
23497
42778
20155
6078
52618
38838
32194
11707
61115
48068
24294
24256
47055
65206
47039
15308
36300
14263
60354
3524
14279
57022
10171
61121
61105
51125
16055
7435
49447
19431
60358
19994
53662
45470
31987
46214
2767
33760
46404
54357
63774
48578
2766
47545
25464
65184
21887
36448
20089
39138
59323
28546
27370
30646
11211
11981
11697
42283
13388
34053
37567
23310
4424
45723
1550
46495
62019
8251
21663
44475
39739
52808
43846
24583
11521
60282
20503
10119
3522
2958
30502
2937
58192
7611
3760
15381
47240
47134
19520
1258
2862
38304
45471
6491
33492
51048
164
48287
62016
28098
32305
57505
63339
22351
28154
23094
22863
53407
15341
56479
39725
30874
7425
6221
14478
27579
4948
53143
43069
38139
37955
4436
21467
55996
12403
60176
4720
32019
7812
56303
7319
64213
20445
61561
5529
7401
9027
7601
17265
52449
60343
60892
42257
62042
39260
18387
10161
64222
63333
61556
60337
11986
60882
19312
64425
12485
38960
57771
14016
54735
49096
8890
14273
10197
18993
60977
55194
40926
26594
63177
9340
23490
28989
29284
26573
49055
48975
424
36545
52095
7842
47695
21151
62116
63893
28024
51839
6329
38595
18400
47025
48670
31717
10442
5628
48833
9334
60373
552
6420
30021
34485
55087
26557
42394
8008
8546
8719
23967
2970
23382
45215
49332
49559
22687
39268
62613
43982
48482
16641
28662
4084
52923
28404
17576
56994
44695
44767
53615
26202
26964
62632
62088
45567
3418
62745
32098
58977
30851
20354
20365
57218
17913
36650
3624
54039
36194
20362
15825
34186
54033
6713
56042
22448
1992
22464
24240
35008
59329
48847
63945
16071
59313
11890
61051
48831
14709
6864
29443
63705
56767
63920
62579
44330
20145
57055
42892
1674
19889
20177
19921
4192
44423
56946
62853
2435
33765
55333
48671
45566
38932
3552
7110
13702
2436
52260
49146
26380
3802
63102
29420
65509
35518
64773
35800
64933
32449
50654
4652
46880
32461
20081
32465
53215
14085
63223
64801
52255
53759
3633
18778
44989
63737
328
45811
41975
26941
63985
14579
28029
2385
34181
8837
6185
3538
48527
55680
55222
30037
57041
57047
65511
1156
55695
54618
48665
57071
34394
54879
56577
64813
50575
57183
54175
34901
44753
53842
53663
43106
62034
51329
52093
4688
36088
44610
1304
16348
2071
60132
30414
51902
58060
62961
14388
1920
59692
46756
18961
10725
37901
6867
41643
33528
37942
18427
29855
3015
23969
62621
3455
47455
29425
59947
64046
29803
61160
30214
58528
12008
28031
26574
26561
63158
50870
4026
4250
63254
13219
43267
49
52658
57643
32574
61400
20006
43629
23051
44875
61883
2999
5773
9990
35546
38582
24609
7884
21314
60922
9077
39129
11159
54274
6561
32415
61406
28696
437
60595
31733
40110
17058
65103
33023
13407
3535
22882
37841
39676
14514
39334
47046
61828
35138
6755
27731
18525
20012
42925
58110
38438
25206
30986
17067
3880
2839
41598
366
43695
20847
43880
61896
61143
1055
52240
4561
40108
22647
59756
59159
56876
5092
47825
54894
44937
45182
24078
34510
59356
7251
22180
22644
63268
6787
65099
36239
36670
13108
59224
50829
48837
23562
11526
57163
22357
55893
3008
10078
41133
16914
118
24833
56864
56192
34069
59747
50017
17064
35549
842
24154
967
44194
37760
52232
39611
57956
28468
39616
34501
45769
58537
12628
59185
53570
23370
16065
19974
12532
6579
20914
56264
22772
15136
51353
6052
32402
6085
18973
35076
48824
58230
53240
36127
13681
13260
7430
1783
59749
46753
42946
28113
63259
53126
53611
19718
19046
15363
49306
25895
363
35398
40717
23362
52296
13140
59944
55590
10469
63
61771
13650
35134
5923
9450
5893
34252
59087
38677
45061
50271
49585
3391
27125
12913
2992
59852
35087
7608
12150
22005
14104
65090
61527
22628
19158
117
26728
19448
12030
1028
61762
9319
36551
29632
23650
23119
8075
57866
46184
55517
30362
17686
53380
41399
22922
43148
10118
7201
12058
28759
62974
36754
1251
55729
50044
21261
11040
21051
58411
6471
65462
26953
55578
19521
42108
23245
46532
23193
56101
20577
21304
37933
60472
58982
16935
40624
15620
65467
37050
11987
30374
19818
21910
14708
57341
64975
39026
23027
58627
10708
21646
10897
35345
65469
59568
17114
10462
29449
36419
37845
35348
63660
37751
27396
29872
30889
51838
19083
57361
53549
61885
23160
11018
7309
25884
63194
12733
41343
397
59883
61935
54694
41911
34918
45654
54272
46119
51836
8106
49371
42405
41285
6931
17537
25753
34
35671
47605
45921
15898
26013
36809
13663
55187
18934
20357
37202
23186
51925
16523
40773
45761
60955
5504
18
25437
40486
33833
16200
28706
58646
17285
36945
26189
25027
1667
35961
22613
45475
28858
24341
58515
17657
8530
53483
33198
59775
44010
55656
26732
61579
59311
14876
7754
33801
24594
46934
61179
10050
48731
20074
6048
41195
53917
33828
44013
58639
3635
5963
13389
62512
61917
58007
40009
29764
1874
32568
3068
27172
24230
41709
36465
5538
51185
20730
35902
11142
44079
24974
46906
7358
46300
17635
49550
21652
14664
20411
31981
48423
41338
44107
23844
46443
56289
52014
10896
61576
8537
12730
1145
2027
29455
36246
27497
46504
27103
40328
53476
39751
37442
55409
51500
49628
41914
61574
49067
33814
60957
9700
60557
52448
3981
25926
46659
64139
7248
34169
21859
55094
2300
8931
27334
48217
34964
38314
36759
56855
1683
27073
50225
27673
19978
23729
46353
1298
2692
53745
34164
47097
64134
52362
23056
30027
12968
47759
32164
40924
51583
33836
33441
16623
18126
37606
41671
16078
57534
21368
38596
47390
64618
32361
4911
36217
37900
37587
43170
18267
52471
63272
56959
34389
15891
61303
25717
38150
700
12881
21562
46003
44671
8556
49018
26199
52380
24307
45207
44411
5134
63366
43895
26928
18216
4039
40774
40913
39510
3784
26930
11502
12566
25856
51082
58447
21518
35665
18933
62651
21351
33425
64044
30827
54056
43126
36248
39195
43134
3942
41491
45249
21356
63176
52269
54415
6359
60311
40710
63931
18431
1218
64387
10052
1076
45557
4795
47528
23605
728
5310
19527
36116
16053
49160
10135
1035
12249
45269
33540
32328
53848
58800
35576
36001
18261
56231
18594
31031
54965
13670
58760
33826
42199
10604
3311
54993
17286
51493
51391
38210
63182
21805
14474
47614
14322
23607
26779
3640
23526
51551
49307
39523
16198
5866
32858
9924
61174
14556
28576
62646
33444
23211
41217
62439
18459
214
13078
62741
46039
29325
13600
28466
17647
10520
57271
25963
53466
42244
42255
37059
8939
4220
63173
12469
49014
29730
14003
37204
58095
59695
55840
39508
1318
17093
38880
51378
56255
49748
33536
32155
25620
61187
40908
62826
15749
58471
36495
15569
63598
5131
60952
24001
53751
46044
23802
63371
21609
28986
64150
57301
52182
33509
41523
26982
55843
13133
19817
18271
16759
53369
20907
44097
17419
32707
5124
10599
11093
517
59150
50511
45082
40232
52320
1074
47325
63926
53821
11103
58199
5307
11092
34199
1220
47230
53648
41519
39705
59112
52281
8232
14614
57911
25796
14286
53807
25804
10964
18699
23743
38607
49846
62908
21560
14659
13300
33421
11950
35976
62562
19363
51056
15366
62550
10786
13083
9538
1575
37396
17246
65388
13808
24423
62355
40208
46407
61251
29600
43686
62967
27302
409
9548
22387
40238
36569
44396
47259
55926
22332
2678
55099
55004
11197
33333
30888
19821
60353
60795
60891
33952
2679
34121
32294
14269
64757
23905
52786
13567
65242
24938
44011
56557
33211
41197
2725
51722
39246
40865
62617
36168
30891
4969
25304
11199
13013
44199
23048
36541
49284
2651
54969
50028
57704
40083
64761
44202
35259
7414
36121
40560
60579
39918
13143
20647
4597
30103
55977
20652
30105
16301
29355
60798
35225
18698
35971
60367
45273
51196
40730
22116
11506
402
53689
46174
11767
63631
40103
11902
13738
58356
36706
40337
4547
1268
14363
51774
17917
26157
52153
27975
60005
22122
44899
19701
24634
36427
8491
63273
44006
24633
15741
53485
22033
2645
35770
27301
15328
25968
25648
1454
26880
56484
21363
5627
59325
52976
39542
33206
11185
11899
11643
44441
3153
21509
44266
23177
26624
7342
54696
45838
32193
51621
27177
21276
32433
32369
20189
43171
1284
60713
41228
14812
24844
39388
37406
5114
4403
20649
8061
42499
17914
41262
17715
51246
40280
1851
26534
57966
42918
45276
4551
46375
20157
23399
11021
4701
32445
19933
32113
52791
56358
19812
40004
14679
14416
10250
58367
20318
2677
62197
35324
33099
19707
58705
6679
10593
60931
41130
49206
35254
39711
19705
16134
40227
9
51694
23660
24931
12279
400
11273
43689
3159
25955
49805
21832
21353
60792
11903
57189
55929
30987
47636
62201
30203
23071
65210
9313
4009
46574
42353
46573
21373
4909
19719
3059
49281
62932
1774
65471
21482
20709
33563
59117
4142
62137
47438
61004
24591
40974
11449
9139
42754
18797
18794
17569
33278
4610
9764
63667
17575
16905
63531
31750
35213
25316
7810
3714
7313
63454
63962
64372
65014
5892
27884
32623
62583
34639
26074
40714
24971
13885
3898
62936
1050
11511
6846
25031
21296
57538
7657
31940
47157
51126
3276
63258
54817
43724
54240
60444
7127
17965
14613
54481
39666
41373
60543
358
65384
38804
32598
45820
21366
13066
54636
49002
6170
42679
46181
9559
21763
41365
47081
52529
52373
57580
5677
50876
1468
41059
43450
24291
12314
55665
34056
17953
221
8370
22024
28261
37413
51823
23247
8237
23231
57581
17571
59143
53649
41439
55938
27997
50474
61911
45457
38442
54913
65009
40112
13367
10541
38207
63882
46480
18457
31021
45816
41969
39946
65527
56102
1977
2391
16904
15677
18417
47100
43626
42541
50721
17263
56576
7771
33800
34847
22315
29241
52796
39484
8815
58438
59896
9463
10564
61905
50724
8800
55132
55122
56663
22827
65233
54444
3755
56657
28277
46232
26235
21863
20915
18623
61385
38445
38687
23307
14506
37161
44045
9761
6709
60247
1126
52772
40419
10182
27708
4252
45466
5009
22655
22331
25720
34390
51811
25461
58016
35808
17943
5678
41314
17509
37174
20247
48790
63217
48250
23725
3969
37780
65521
53140
7438
27015
36189
59873
46855
36057
37946
57168
48272
30853
41431
53852
18913
38202
64604
3354
32811
4703
30346
54230
50314
54820
20797
19596
9098
34397
56450
41612
7383
15432
64594
27727
59116
52321
65378
25582
9871
41774
19087
6156
56645
13195
26045
8671
51092
42448
53177
9547
17628
9908
52080
59394
31755
6843
27881
59519
20435
38446
64039
15775
62010
65013
60830
63842
32608
24399
58792
25204
64033
27080
19514
7051
46678
50032
3564
8515
14621
23456
64898
46427
4923
26827
4900
63017
19996
45122
27809
14139
41406
2505
49547
33275
23604
2685
12068
30640
46278
20884
61163
6269
64810
53371
41943
3203
54549
47302
49028
52858
47547
41887
12353
63111
4199
22215
14642
59426
31731
63013
63858
56330
841
6617
12517
5280
12118
37360
12707
19376
33156
31147
52789
53362
44919
47217
64807
34927
56453
41865
61198
42614
56463
57277
13917
33159
60189
37731
11751
38753
54062
33752
1006
47372
10336
17905
49956
4273
14658
42533
50572
26349
50469
6866
30917
23793
20681
20378
19785
23954
22291
10631
53341
39361
49556
53694
15093
540
36017
15524
28076
2917
56591
56229
33539
35969
61563
45883
2291
60913
25249
44333
21521
9640
62560
11869
2827
52116
11085
58454
60317
42542
40162
5435
54341
59486
1173
51245
39407
2058
52538
50071
19507
35175
39455
63911
58797
29374
10446
31196
58037
58955
43513
43015
34329
41163
5683
43717
55351
63432
41339
16928
22971
53658
47889
1384
47382
15762
25780
40481
61005
4926
46395
50069
48703
60084
13856
16899
38192
56837
38706
36023
58676
64158
17956
39949
8143
15410
26377
20887
20913
29594
19781
20698
22601
5013
874
31020
42439
48038
18573
25417
37008
55783
62897
38065
24263
56506
22455
8660
38435
809
12166
62903
17966
38937
47298
38205
12398
57582
31531
32926
20276
10959
36905
22377
55088
16128
20554
10682
24271
34341
58927
34109
45950
13692
60478
40610
33272
10466
10233
13682
54535
63543
13478
629
35374
45619
18914
34373
63033
60272
39440
41696
25214
6611
19846
60468
48002
17719
46268
3246
3131
31301
63970
52739
64327
3313
7558
57058
6722
14883
61674
4643
34621
24333
51784
4787
2236
12678
53000
56013
12062
31689
331
20862
5755
48187
12362
12011
3200
26038
49370
47319
24257
27511
47554
50686
29165
33002
3214
51700
7804
63658
58123
165
57976
47392
23689
38632
9632
61583
34011
39829
36501
15549
64234
17012
62911
63233
46383
61479
6154
45871
2737
58706
53219
1739
38045
20512
21270
53650
44078
58469
45693
54907
21430
28116
35182
36122
65445
23571
11025
49271
57119
54226
34557
32134
58116
57104
29211
25435
41429
59849
44379
20211
33710
29206
62429
62570
25080
1652
61939
46218
81
28179
52580
56064
7086
51974
15597
37632
30621
1282
34821
12630
22797
52193
51483
11268
4853
38523
31050
44623
34378
27558
26159
32253
25418
48301
52135
17487
55792
27105
35103
56482
43343
65421
49340
32587
39496
49586
49049
25685
62906
17642
9402
56167
29201
50163
29166
55788
44922
44225
59433
40398
20939
56491
1819
22978
22927
46436
46433
32785
21720
64858
36506
56382
2342
5905
27128
28456
31374
36794
55562
16664
16840
31995
62426
16606
28408
28595
41939
11505
44913
3568
63850
18902
32281
9477
30900
9633
48560
65501
5
28827
49817
51462
39920
42610
59577
8884
19166
54450
52086
4204
50313
36880
32789
65498
31723
14563
4786
29645
63039
20000
30255
12172
40012
47385
26814
24195
13384
54658
1582
915
43913
42984
32234
27682
26040
1360
38400
39684
65023
53045
40715
185
65197
18591
3677
63216
179
2200
43205
60933
16560
24374
17854
43854
17936
39744
40418
46662
54652
34195
28356
43177
1686
24579
56505
15895
63712
43845
25100
53285
25267
60944
62297
45161
36269
63933
48601
34580
46693
51959
20669
16051
37444
51677
24645
52628
11480
20723
57362
38940
23394
64968
38929
5479
42019
301
34451
39966
15384
22983
7879
49905
23606
50395
47214
733
22960
54287
48734
4339
54449
7774
65263
47567
4798
53749
37264
22729
57939
13128
37208
59078
46809
18270
3672
31025
29621
43599
60246
48807
55447
9361
20580
53532
10493
42688
39880
13031
11260
17949
2690
11399
42003
63873
40031
15599
65423
6164
8802
10483
36560
11047
18257
56191
43940
59304
42131
63136
6892
6987
62100
9686
57456
49903
50496
43851
61857
34477
39961
59681
46807
62432
23063
1494
17633
51850
24683
29320
8942
37
51725
56359
49400
23188
35877
9451
57110
65408
62759
4115
18817
65415
50685
9454
18831
53525
21313
5402
39773
12544
19993
35193
44296
22118
12342
13009
9481
7355
37596
35679
49716
53136
7875
23873
57577
35664
41324
8506
45075
52946
62648
22691
8246
15523
60302
27020
22551
44793
47409
53529
32352
12548
25508
8650
55850
47279
39483
32367
8390
6990
18501
2396
47264
58434
43595
53286
25427
25108
11080
45745
12999
19960
1876
30038
55761
55124
34403
45759
55775
30022
63666
64976
25432
29341
48173
52611
29333
43487
44008
899
42889
55940
19823
42475
45023
46057
64155
19808
55739
11026
1312
8392
52228
27590
13024
59064
16612
12060
14624
62781
38500
40156
47653
34533
63231
40146
5430
4249
60245
31496
15758
55417
29931
26851
41476
37209
61440
59344
12307
55349
43124
60263
57452
627
63077
35763
42094
54692
34027
3563
55193
12391
30872
12508
33309
41657
13420
53417
60026
62055
11785
15631
9579
2596
34405
17118
36471
23627
41398
6176
19208
30061
13695
65368
45575
36728
3092
48271
1649
23060
49967
18736
47647
27273
44839
55899
25902
461
6729
15553
3130
36899
18184
60739
45568
4825
14051
46073
50239
32832
13993
19385
18923
40590
210
61221
54544
46917
36935
26207
52370
13213
45353
51550
59727
41880
59019
62296
7407
52954
6784
33929
3973
56002
27215
64794
24246
40017
54040
54035
11392
21838
63229
12264
46825
52305
19887
35767
28860
16862
33188
59299
35316
64943
8850
10940
42988
32769
45736
28850
18779
17049
44552
45643
15585
3488
56639
48040
31553
1865
46147
64114
32417
26498
43298
59306
6393
37206
10490
27494
41092
17559
34458
19965
17567
5968
54515
65409
4689
43138
63887
1387
25752
10488
23258
25163
45893
20379
36943
23113
64008
8844
2800
21954
9935
28489
57630
55430
42438
5990
38862
54690
55179
40372
22981
42105
61351
23065
41695
10919
47088
18776
44733
27369
42174
31914
29151
60299
21637
1211
23482
23720
64133
63151
6889
9510
19689
20413
12463
36807
31252
63525
30859
50333
54101
49594
20633
19955
48650
30854
45015
57191
36200
52293
63219
45590
80
32104
25688
32227
54279
41768
16879
17944
18120
30043
45009
55129
34408
41904
45008
49295
50557
18143
4491
63405
47634
55424
22984
4065
53272
57152
32042
16036
27936
11719
50628
27352
39525
59334
36600
53429
64818
5005
16187
17476
46925
33267
21187
22344
55984
37725
18121
17848
52530
53919
28947
45468
56438
38723
40235
64289
52600
25253
30510
47651
53660
20832
62505
44787
18222
43520
19640
30063
20624
10608
6463
2312
64161
53744
34702
25746
55741
23952
46482
12731
64149
39474
21595
57719
14805
48146
37375
31742
48024
61760
52066
63450
17337
15368
2140
26256
27565
41374
23035
47717
64817
30592
34131
33997
41503
36143
49275
42847
5737
15612
15833
10613
51413
41370
20494
39210
24744
8795
19073
65224
14637
4639
30989
59897
26915
1927
38180
46048
63116
4139
31053
13034
23140
49269
38863
30237
4321
45592
36887
17472
43280
47914
36639
4638
59554
63885
28659
6333
52291
22575
59208
20216
47951
31990
62685
64469
275
51011
54488
19526
35010
3583
34315
46736
59752
12301
55431
1066
60858
56444
24747
1004
53568
34781
46492
45280
50785
60342
24904
46738
19309
43615
13285
36624
13286
291
41793
54055
18829
23964
31007
19306
44113
65418
38802
377
24164
36965
65404
60923
2909
14449
14460
42833
7092
27736
60777
50515
33154
52382
5894
31238
1760
27354
22022
28107
37583
49824
10004
18282
16391
12711
26764
15030
59104
65379
28664
40507
50929
20989
4907
42200
61126
3859
19310
19301
27920
11724
41944
7429
37266
1567
63445
2015
27566
60202
19453
39079
51445
63965
33003
23453
6068
45652
18112
25230
12986
7762
18277
8406
1772
12719
27816
54335
2040
18286
59539
45290
8668
36971
54320
26258
59888
7764
10870
65087
2319
36152
1087
24198
52108
19071
47755
3071
35064
6390
27759
37724
9846
37291
3964
42178
21348
50301
52276
21679
24416
24623
20005
2904
32293
57198
27049
45465
4614
47950
348
29006
39714
16718
40089
53818
48624
24435
50102
43896
5125
64790
35920
24608
4444
52596
7096
64142
31124
25797
33446
36155
51023
11907
45448
47937
20849
57536
40952
25787
57012
42677
13393
45454
31371
8825
20169
52785
48267
52411
48087
6893
10788
39983
30953
27869
43332
30951
47032
50293
34982
33263
17556
65085
52222
31504
8821
51696
41640
8368
61032
50299
56756
1883
39243
20857
20165
64753
16866
19804
34296
8854
15371
59686
13726
37656
9257
1375
26958
2785
59002
9461
32248
18755
20223
6853
23
33698
49464
7071
32348
56076
21837
13298
17840
1886
1919
61922
60235
65086
10088
26383
52733
57806
7982
56145
37956
12231
59246
2341
45286
25744
17243
34363
65315
39473
37653
4556
47453
53815
24941
20778
40961
30751
62549
48723
58354
49196
32764
41288
59520
49406
59621
1303
45650
48633
44877
58602
50171
20309
14639
2688
40171
59527
5126
5253
61774
2064
33102
33954
19064
16155
10422
20984
60110
45999
50101
65307
1329
43592
18998
60814
28338
60702
44722
48725
53376
44921
27866
14543
28767
50202
52298
52121
16442
63710
23845
42373
2224
9469
54753
9459
39480
3918
61758
24046
61932
21483
2233
5151
42831
392
30115
65076
14111
35467
49164
28264
51009
10678
3001
51410
14603
40416
21925
55593
58629
13990
43792
29771
54253
50656
45765
8768
12344
57156
35462
6788
61748
24365
5312
46104
24318
52004
53874
9103
34229
42915
22970
34794
20826
51897
11243
24694
53439
9151
813
61466
2226
44576
43521
11330
20833
61469
53038
44933
16342
7452
19740
6487
30033
45855
18110
10277
36016
25160
59669
40671
7606
54125
7149
31296
50212
57096
7949
33051
28142
26421
15191
5384
19894
57069
8721
49623
51603
48848
38122
1799
12641
57068
61473
35082
64001
21312
61747
9253
59522
3907
19570
2237
23148
46602
26643
53175
33040
25472
34636
39911
54386
5508
36609
10115
57293
4885
65071
34167
48839
261
59844
8285
51829
33005
4357
49362
23589
26630
35829
13853
22737
17588
25375
13053
7361
13783
47212
1474
11389
9629
27685
19579
43934
51737
44149
20381
27835
678
19464
19650
45020
52528
48645
22487
24629
4739
60151
35360
46449
50068
57390
16330
17262
37428
4443
27710
20933
55525
40203
59219
44091
55173
34447
12524
51800
58308
10795
59331
5725
22347
1088
49825
49257
28327
51742
56068
20650
4877
39168
32401
661
39803
34846
57197
21086
64530
7772
40290
2991
28166
22045
65449
24406
61236
39173
9310
33966
52753
35055
17156
1888
24813
34320
58507
14942
16333
45878
51609
12860
56197
19429
60224
9233
50023
36620
32451
23770
54595
15231
60873
38077
32516
1809
62909
6419
57234
12036
58796
31014
28005
15862
49042
62701
7138
42767
49620
5752
13846
9376
54910
61316
2801
26325
17188
44530
38522
42279
4242
20916
19258
6070
63852
16332
416
9400
15473
49952
14872
12032
34446
22766
27046
35728
34226
24752
18904
29678
57138
12634
55975
54003
64693
27350
58057
28114
39299
45826
20644
62360
7644
1742
59894
32729
39826
7935
14173
33035
4118
44665
9467
32256
5181
32048
21416
20737
7204
60090
4781
3947
53480
7775
47558
1951
35424
8494
32604
43032
44193
50196
50233
27859
50824
5068
21346
30375
30495
38008
26794
62660
55280
46613
51753
57694
42875
8542
24407
22567
42089
57612
26491
5676
26781
6130
34712
22233
14401
37892
43492
36537
7486
35963
35928
16955
56040
48084
17501
52873
19716
60027
34166
7141
15512
11008
48984
51904
54223
36763
5354
53183
54500
43864
49844
48836
15172
41585
49373
33034
39057
13375
42212
34171
26773
64953
27747
30779
45766
60517
2872
44000
35958
7909
32260
28877
16223
60208
4952
13297
25295
42697
47404
44222
55780
24222
57215
30407
14190
7166
58651
56904
42775
27946
12050
35224
6574
37972
23634
55459
61536
31447
21490
1918
12527
7677
22259
43093
40289
26462
55734
26894
17150
26299
10040
58608
15752
7551
33062
58774
25407
7914
28431
46892
54013
5398
55283
12450
59248
12642
33924
58259
5653
33666
10195
35981
15364
40935
13119
38282
47181
57003
46611
49311
5916
27230
37952
33416
55718
17426
48406
46518
65252
43608
36580
23198
8056
50291
49454
46199
47524
54454
25561
1246
53315
1132
6148
9895
4613
23412
57492
44472
5651
55724
43843
32484
39348
20196
40181
20748
49541
4426
61495
21601
41025
39394
21316
20253
14958
12690
543
18513
7696
25568
19381
46106
9366
14828
32708
55156
25296
51344
45788
3403
15266
28319
46204
41421
35078
21668
60216
8560
64280
48504
17140
41645
27800
58861
43701
33313
46462
35483
1450
6364
58740
22261
30665
4630
45972
14615
7701
63833
32063
32447
32271
32207
12689
10485
473
5192
37959
4856
4347
4337
5654
52726
11704
32635
38213
39339
37881
14763
33423
20313
361
41123
17805
50857
34065
38379
51129
47145
65198
27452
2557
442
44394
53690
48653
204
60370
39171
8760
60257
10098
18299
30587
37536
4282
37701
33403
32665
36761
33398
64566
15296
52524
50741
52514
62298
58695
17242
53513
41225
63429
61520
43297
30886
12629
19892
15971
56480
47795
6655
46459
26454
9617
26152
63936
54420
1443
13139
62361
34934
34939
17305
34102
39856
45369
26862
15431
24627
9623
32759
54793
42505
61257
30829
37211
32436
35219
29350
40723
19711
4275
23367
35066
42510
58689
32669
53683
55700
59500
14585
12354
57701
8763
40724
29563
17574
24243
45049
62202
47806
62849
61266
45168
44577
19704
14922
31784
3158
61946
44555
45499
15682
35772
64569
50989
28849
37233
41259
28186
64613
40285
50272
44844
3855
26885
831
27856
4975
10107
27632
20515
37238
11131
31611
18290
52725
48136
53173
43363
3163
27040
54162
21802
1435
60797
52112
32956
26453
11889
31665
31677
41257
48962
62587
33098
36585
61770
65257
49709
58873
19509
13616
27728
62821
5875
61276
45216
43213
63607
7682
44556
444
28172
53692
48642
4890
11633
39177
11681
19249
11645
19393
19405
63539
49132
61860
10159
57710
12873
60758
14181
11960
2672
43863
33676
1183
53329
47682
4332
53086
29941
39495
61943
40469
34993
839
61941
39372
8963
27003
24403
40099
240
32662
53603
33584
60563
56536
22763
28173
28464
53108
22654
45827
34931
50540
57554
15739
39538
12497
15830
8050
25556
18017
40589
45375
15633
15921
30783
46321
24310
26568
54799
43674
24079
44365
34041
59953
33720
45510
15491
3011
6380
3017
46687
55887
63624
61052
28909
51846
57342
45637
29689
52790
18061
64223
10279
26348
12479
14842
13451
63328
60379
28616
6534
27764
11227
18395
19314
5232
15721
13587
37987
48111
62229
4577
237
60810
17301
49548
56863
54762
24032
57098
52779
20614
19751
64897
94
29752
38785
21288
54596
46424
26620
62591
56235
4340
22589
43262
25837
13023
5624
6279
13088
7024
7805
46895
3699
60199
20373
1997
19754
24874
47407
54511
61333
32455
56719
36481
38384
24552
55902
59502
30876
51032
51095
4190
46591
64012
51307
41566
35136
63668
56226
1694
34197
4932
63458
59724
10351
56123
28141
34008
46494
39527
22786
51278
37465
53503
23454
12665
19250
16493
14965
4580
47640
19134
3324
18922
16651
48151
48540
38667
52001
40839
8388
7032
15322
14531
48088
39033
33465
52083
11122
56260
43893
2604
60283
19323
31707
46643
27605
47813
12133
52851
7796
24016
44661
23836
60881
3540
28198
36316
11901
30669
18369
56958
42791
56267
33216
4730
55731
55484
56095
3566
51233
34188
18807
40167
1013
6190
11353
23866
31191
37672
55078
28143
13102
14422
16150
34425
61053
33774
49791
62862
61041
19377
18381
10265
15267
61594
40331
356
16385
59816
36514
13278
42842
57761
5897
25078
24239
43921
12949
24004
53837
46293
39641
55495
56258
56200
1242
17084
57239
48093
8892
29930
5358
4846
60480
36652
57070
64154
16801
18750
15634
4408
46607
53567
15826
52158
2379
57345
51000
26619
49698
26552
47011
8354
14902
1528
62136
27761
19371
8756
52218
43902
53300
27614
33361
33284
52875
46670
1868
28262
23082
911
24876
56548
48430
53336
14831
46979
58041
37863
54041
28558
50317
56114
17097
50126
2853
35162
53192
63558
8748
64980
20082
50475
64544
28557
32466
60273
60285
748
63283
51943
46572
57611
48518
53888
53893
10930
32592
13591
7054
56178
34271
30188
924
62348
19122
51815
4344
60770
43899
23823
6712
54782
26522
63950
1181
8509
15105
27486
62544
38149
22616
27164
57066
47497
6075
48878
55317
18899
17232
56187
17520
38170
648
55332
49142
47909
6932
24999
43890
28324
45311
20130
45487
56414
23884
29026
49752
14712
36450
23551
35152
40709
47357
4174
51154
47631
52145
47679
11938
6226
50978
63940
54094
14718
14081
44366
38127
57601
926
35504
12969
7720
11968
8880
10713
59157
3226
7148
57394
48594
47343
53518
35787
40998
19753
23507
3038
15831
56190
65142
40570
64374
20091
7800
35798
48607
32210
60381
11133
28121
39802
357
46828
52007
7614
27430
22412
39365
31691
47998
14803
60585
19394
30685
19421
5824
63699
46778
33232
9668
61808
19646
53758
6958
51499
24618
59928
24620
25684
22757
54598
3426
28959
6183
25986
59318
53122
63996
38982
10630
19403
61823
34908
33247
30651
19313
18397
32473
37527
39364
12598
5267
16545
19259
21970
48716
52631
2718
26238
51156
33435
63663
24314
43529
17000
61616
11696
29401
47995
48879
17017
11232
46412
7794
19749
5911
45807
1060
49047
26138
47908
37582
8299
19362
63672
5184
46590
53262
15229
28351
59758
78
38977
12808
28060
24992
20920
44864
51658
11689
48563
55274
9089
9160
55976
42259
36173
24157
35535
28641
45968
20987
27951
41165
48820
13051
39491
47262
5979
7592
4286
17800
38056
46768
57721
18742
43389
12973
25888
3436
16807
6789
55969
34051
38111
26587
22355
14165
60780
58934
26924
12295
52268
10883
43526
43377
46816
62622
41659
32817
13985
6449
49451
48496
34693
9064
54685
2488
45200
2760
55565
60160
29130
4490
60771
20990
5972
5230
30802
15439
2588
16503
54426
49396
65438
29845
53871
36128
425
13405
7623
3661
26864
21736
3765
58490
39086
6014
9941
33994
51421
63902
50793
35899
35633
17481
62366
16589
26414
55530
54757
57933
38301
42789
42273
56293
1843
43535
1476
19592
15778
35151
58486
22296
8315
49108
48213
7129
31761
50965
50449
56601
49524
65434
2326
4539
12142
26841
3766
6143
6132
24411
2709
49857
59089
47314
47327
34524
64193
44906
45042
23726
55965
4998
50084
24810
24806
35520
4229
39522
11170
30946
30959
26444
61094
37218
64181
37806
58093
3100
38318
6019
3461
49383
60775
22104
4470
34514
48375
31214
7286
43614
42732
64414
371
40545
23037
27720
7761
18526
41834
50435
43870
5833
19717
9457
2765
42753
10498
10015
57767
61098
15760
24995
23503
13502
64202
49530
7292
55878
63621
28102
28048
1850
63679
41155
51386
32000
47183
58641
3606
23343
3433
43613
32412
44795
37080
28642
53806
52312
20404
43101
53552
38754
61464
22102
51332
14811
43469
47068
52724
163
36544
34135
48508
27075
40021
19868
31952
15318
12365
3486
7768
6315
59090
3199
4464
57527
681
56890
606
43272
21410
2267
19341
45859
58671
33185
35623
39187
23293
1663
17383
60453
20648
62367
14870
2601
24790
42605
14875
24558
51748
49165
45284
11909
46870
24719
41624
9192
996
19151
8723
34249
2124
40414
56816
48097
15832
49925
49849
16073
3903
52868
16650
48531
3409
52314
49184
24088
36469
35127
54789
57804
35962
16207
8857
16625
62552
15435
29886
24102
3423
63317
7091
58525
57435
41871
46552
47270
52367
54209
4049
9597
60481
42434
55462
36849
26147
42357
26344
24497
30171
4176
12513
4928
20679
23280
3495
4682
55174
36723
54083
63832
23632
63027
16937
47865
36328
17778
58339
25104
227
23095
49240
44904
64658
54809
8073
18500
1007
36669
15023
46525
38887
56035
8992
7973
17867
49220
44503
34796
58765
54225
7209
14467
27807
38146
37135
54917
25864
60164
44311
9914
20068
38452
38760
11523
27055
13718
16858
35766
36875
44189
17698
59723
32101
55696
1117
20520
6224
24880
3695
11089
7488
665
62747
11169
35707
63518
3411
21236
20113
48119
44550
51757
56903
7534
46862
10740
31500
48643
24861
31489
44587
33320
19566
7013
59460
33152
40463
3948
46677
15092
29249
21765
6112
59665
54672
54724
50092
33542
19904
50103
10128
14303
17774
31399
11977
38448
63240
13265
54619
18918
8204
30518
14908
24027
64198
37506
11372
20248
18317
55379
57099
38490
35377
26294
49565
48537
59468
29780
50852
38222
34535
47816
13353
4437
34612
4870
64233
30865
11088
30617
57056
21978
48197
49775
44090
13628
60339
58497
52229
44648
57018
8755
26319
212
6776
29487
12498
50872
30630
57553
64118
28442
39537
27326
20255
25491
47633
33325
26822
11061
32738
29560
55432
39194
43908
49945
64191
42370
14631
59458
36253
