38543
49891
15461
42615
57078
53158
24528
50412
46246
47801
44674
56774
14124
43537
111
28358
50105
53965
54113
9422
13359
6659
55566
2236
25250
26827
46993
48519
49788
15891
12921
50223
46899
43924
4800
39804
39136
45714
25806
57980
51235
58922
40957
13123
39100
11611
29065
59600
5053
34731
11072
36763
41590
12296
14334
6453
55827
12167
46167
42756
46729
61838
29741
38936
25246
14008
44988
52571
50096
36265
30813
54780
43445
15945
15066
52447
7148
27049
28616
13232
13412
31257
32843
49238
36521
15369
17859
12009
64615
59719
13428
22939
53795
5908
62610
33640
38008
7531
17070
46164
13242
6677
35444
18908
11265
26727
46160
55851
56390
15832
49475
62229
39891
29098
63294
9415
32543
14189
35362
47494
51245
30519
28108
27676
27240
36902
42714
5816
26477
61928
34372
39800
8010
48930
7521
16106
60066
35090
14088
18606
4128
15901
29243
50208
38007
41118
4926
52003
17034
47197
25700
52815
64805
40728
58990
13317
40230
30865
60849
7766
31473
38105
52340
58813
3537
12453
2832
65208
36232
43387
52488
34645
16054
50825
27851
50215
27337
51433
5035
11131
35302
46680
56557
65148
54322
34379
15954
11938
33548
12616
11649
6438
49658
1969
50050
11124
25884
14225
27515
11148
55830
54801
51919
55999
27084
17997
40931
29980
39762
16500
21766
58678
13356
2537
13467
12236
15630
41339
47547
52669
47772
51332
29730
50220
13392
12546
22140
24395
6239
50069
4509
8108
213
53436
52392
40821
45196
53381
50014
10399
45142
8221
27953
63682
41655
44722
24879
18883
7284
13303
13759
14015
60436
16826
7023
26998
9012
51003
30924
61540
50890
42204
63124
62629
38284
39874
49168
43622
17340
38274
8986
50301
16068
19275
54068
39761
22030
19977
3758
44754
6727
16584
33798
16652
14433
36159
8598
27160
3458
62868
17593
4304
36688
36585
16524
8301
53015
4470
14163
23266
21451
9997
18874
7480
48089
56987
32677
9313
15626
31548
56510
36799
42039
6619
11678
619
17852
17847
56552
45087
54965
58987
43694
64008
44368
25964
30232
43195
39178
29982
55747
57257
54716
32499
50110
29861
56581
44423
54947
64107
49435
30506
43917
62843
43319
63104
3680
20542
33546
51166
18559
50289
62543
34526
19154
17552
19157
18901
35399
1033
18898
25844
35806
32990
28483
57878
21020
35800
4883
20311
34312
36940
31930
18697
62312
19918
45111
51586
34253
54699
55393
59386
8570
40261
57190
24322
36220
58851
55209
36361
40756
52898
57564
64584
21876
14749
33907
30876
16629
47256
6440
16207
33212
6446
33173
36533
27126
14510
22962
6722
15520
22034
62562
19301
14570
55215
25786
38353
44335
39677
41341
956
43872
29464
39302
50539
57984
38454
54204
39309
9619
50290
19359
51473
5139
50479
48027
20181
31572
36084
33586
23910
23518
58473
58027
24141
16829
62536
7720
6500
26902
22944
37796
35253
21049
61604
62306
38057
56480
46388
17506
50309
6073
30021
56281
36235
25268
47549
38219
18890
18032
39099
31072
11680
56408
43138
34058
64735
8200
51269
17927
32752
14505
37105
63130
6602
52548
17857
3991
39873
41886
29154
17674
52706
64860
50288
30213
33440
28004
30210
3513
7210
55565
57103
7873
57088
29598
57166
29962
29961
55555
41800
43188
29565
62341
63073
15190
37772
61020
36437
9100
53828
50525
36444
9093
37765
12818
50515
11105
18504
36309
58358
3408
12605
21705
4146
7644
44342
18650
45692
12226
16535
36692
51358
19108
19788
16567
11596
5826
17995
43590
36294
52700
25370
29366
300
9382
2313
32823
8338
64977
36331
60001
45873
43645
38279
29662
38451
31708
46189
46205
52699
38277
17772
40416
36942
59795
33325
34004
65387
15194
2691
10199
57837
18391
29396
11841
48816
23640
38864
58094
50521
26456
50325
65162
45039
35636
7009
61416
11914
40585
60131
58051
12742
33366
20099
45369
19346
46416
62614
54228
17487
14244
21970
8881
44140
18741
42920
17480
55699
15526
61211
49051
21566
16557
28136
8487
60735
41390
19097
61294
13658
49687
1993
55478
36792
51610
52365
10958
60734
3219
4478
716
45857
20690
12692
12890
20397
57756
7634
36771
19784
9934
54832
44169
2728
22959
17817
64441
6488
44138
17842
42431
48435
24245
47493
30101
13078
46213
19378
63850
15535
28355
51397
52799
39350
54834
37209
59272
48700
20072
16339
12694
36451
25174
44607
29433
46738
49952
48024
5084
45856
58654
21461
22527
5761
33749
6269
17566
11852
55206
35229
15445
64334
36527
45845
46396
24239
1175
17765
61380
13663
17845
12687
30018
6421
52101
52098
25954
41874
23135
4427
64193
8587
13687
59803
47073
24451
51179
47865
29303
42977
60079
11787
59344
52082
11770
62671
4647
38633
34128
57922
4642
57927
4674
458
52095
10471
39143
39138
34730
48064
39140
6365
16718
18679
53139
3996
64395
64989
7258
42638
46192
56766
40418
19434
37854
42318
20063
3074
11659
45021
55448
56312
30866
40536
2425
12359
43291
44010
24204
32617
7820
30867
37196
34640
64642
8059
54819
807
21833
10041
39325
27118
47042
15089
16771
17237
60908
46403
4661
38482
65409
1675
29798
58385
43918
8863
40063
39822
51808
23020
4748
13533
8792
28150
24833
29984
35092
19026
47621
38776
62405
7751
27954
35666
24589
30913
39622
15749
9170
7235
47564
64298
47618
50644
26777
60748
33505
33826
12033
12331
52227
31197
2901
9181
19548
30805
12774
50420
26703
52073
13319
53513
56569
60422
40945
23341
28782
2462
65510
46390
40678
44407
8054
54155
23636
55003
2277
52811
53039
15623
22233
27668
46253
49276
42103
29526
10709
44314
7490
19602
16367
26347
47432
64744
10781
44577
10176
31358
35732
27963
1623
13523
48673
24582
27928
51195
61059
61387
35881
41462
11879
30263
48795
56823
12941
54525
43142
17701
28394
50205
26758
38302
61329
16283
18309
38768
43652
36517
15317
39988
251
62745
33635
12622
28316
33112
33705
39490
28219
2561
26533
45566
27455
13116
40056
50654
12404
50710
62617
10950
20133
28147
25836
50898
10462
57163
6867
35051
32839
18749
16775
7405
14881
45421
63338
62506
11900
35368
11902
27895
38627
34491
54853
13567
29965
16103
48884
46573
18843
30603
32288
14520
28391
30281
8912
5632
31275
27377
31667
50099
15286
8935
10190
17723
28626
57079
37586
37318
8942
24579
27180
31038
4988
64034
33155
29770
48998
36960
20698
61373
47665
43541
59008
32860
45276
6035
47977
7840
54519
41323
30659
12042
49663
33837
26945
654
42578
24590
50486
21043
55690
44307
17212
50711
11322
15575
25395
26715
11370
3417
20600
52411
39906
53016
24213
20128
10441
29797
44778
19841
61581
8407
53430
60210
7832
1143
58949
17954
45975
24468
36153
53898
35254
49733
36441
22836
62848
53040
32207
22071
52557
10483
41
42576
22877
23580
7770
49646
29494
10120
17367
18148
5664
17719
35555
3363
59971
12391
27997
8045
11234
8898
24130
22853
16663
11237
47423
40811
54164
49559
12840
4322
34893
18445
8400
15025
35883
5860
6110
60844
16633
26617
65258
14224
5132
51660
3345
18547
36857
23201
57420
14022
12967
43325
22822
27477
34518
10115
18904
45627
59965
18910
15644
811
13903
6019
58717
11245
6020
43548
49425
8857
14412
27658
4868
17808
21077
8146
31670
59288
31726
50591
5281
11246
5732
36487
54241
57612
29774
47807
11891
58859
6001
39500
15741
21151
33684
6827
25431
2446
62007
33156
12693
41702
17436
51058
29500
65426
22923
42295
4403
23920
15501
34966
20607
60557
43879
39189
9061
50386
34968
29804
4965
38270
28506
40912
29795
6744
54379
24015
50611
62939
22020
14604
40613
8754
18527
25141
20184
400
37228
20114
381
4909
51244
53389
9355
60486
3073
45697
12180
12214
11544
11241
29655
9666
49802
36055
47898
22056
23814
50780
30974
5597
31591
8551
50135
59317
48450
55765
20004
36049
29952
10750
8227
36641
20940
44203
5284
28919
9774
26450
33761
51692
34737
47800
6634
26107
8472
38148
19865
7912
26202
40122
22880
51913
44690
40154
60363
11251
1862
51063
6649
19015
35565
59873
15640
6632
62108
4797
6638
22679
32402
16612
2899
5243
47667
44613
4351
64265
44881
41275
45699
1328
46220
45385
61352
176
42265
23605
62460
21112
17943
28845
6351
9624
35929
11558
31414
15614
44774
12295
7322
36820
40903
55383
26467
22896
3735
50733
2092
35718
8358
10276
61730
17009
7913
404
52000
44874
32384
52235
34507
9336
39351
60211
6505
40284
23919
65477
15111
21352
10575
4046
50267
21955
47140
673
49243
17994
31880
59293
33403
41823
54279
49377
43225
23337
31036
34243
16903
52081
23017
35547
54452
7075
11116
53502
3192
3122
58700
45185
64649
32051
49500
16212
62085
55792
65389
21635
6252
25373
62742
20616
8283
4720
54274
35027
52240
60570
10549
27492
32652
16680
47149
35715
14680
41809
8135
40977
2009
4599
62906
10281
49655
52341
26807
21579
47952
10051
10715
54625
37191
9342
21628
3003
38676
42245
80
11563
56306
28259
57692
24966
7697
25780
53114
600
47356
35264
21630
46685
38436
30044
53885
12950
23641
46112
19992
57284
38177
56583
6963
40779
11214
5126
49799
23128
45079
43272
3889
59857
47822
40077
54268
41833
21864
59479
2490
65381
52940
48470
34957
46676
22292
48194
35307
57238
47241
14929
20172
22547
35033
36993
42259
58795
25740
41819
56547
20830
63418
30989
48961
36310
27834
62847
9447
57311
24238
12269
36347
46466
22311
27731
62467
43156
30106
7696
42131
59753
38729
21045
10726
9376
54624
23704
39663
50052
44996
45094
36089
50724
41928
51794
59000
62146
20962
40922
4631
53431
3738
46430
61
22053
24871
33206
28491
60563
48609
21379
63369
65499
1954
65413
35321
56832
36314
38352
23944
27032
60323
53333
45682
43165
46895
2028
11903
24491
14911
55276
14845
24076
55476
2445
42799
16286
20095
12830
7692
44953
11517
8492
60757
62207
14139
24722
54041
1188
59481
13468
45596
65078
41723
65264
35665
49748
610
57989
37471
6794
62819
8856
18331
51099
45357
46591
57916
23357
14563
23310
39152
60041
5638
17797
35164
28459
13506
53117
19636
6444
28137
47620
28553
29564
56278
14147
35109
37204
63440
10192
56261
22123
41023
60274
18683
47625
9574
50573
32432
55946
31923
5647
38871
16185
857
50986
6832
13883
57432
31467
23633
62036
9435
60564
56732
29700
34938
60896
11898
23097
65535
10552
26544
19930
3534
58969
11759
2571
14486
44387
48985
57733
43502
51335
59824
20788
26791
40564
25569
57738
50286
19748
59301
16171
45347
15816
22644
25535
19082
35838
45458
57732
50438
60937
2851
17134
3248
24329
7856
44521
5721
24843
14454
47416
16397
63999
11012
53081
57729
49980
61093
47514
57429
47709
10997
58052
56788
27561
57737
10354
13296
2606
13136
64153
25717
40565
25580
59131
1432
29721
4004
44588
45693
16210
13082
46144
35623
13245
48684
3977
43756
50988
60284
52890
21102
62764
20840
44723
36170
57960
13548
29375
30978
19537
43448
61844
45771
60930
48672
63594
44336
36354
24348
23515
29203
1110
65150
55006
19448
30157
6130
12852
12223
12287
47756
5643
42043
12220
29966
47836
45683
46574
47679
54749
47855
13235
12044
644
46891
2017
47214
3931
22883
28032
59963
24321
33248
60558
42795
45585
32707
59200
7681
39513
24027
19338
4184
36635
54612
39899
12039
7241
7891
45017
53684
45800
24584
57896
35882
41620
20175
37289
185
22440
26508
42847
36604
54015
20984
61180
24316
40655
46943
7312
4406
53967
56725
6048
46903
42690
40451
34420
41257
15847
39665
11380
64121
3299
26796
30069
21511
27174
30963
7102
46015
4109
9098
29046
63581
54976
52611
8375
35329
61017
49054
22514
6053
6387
1528
50882
27943
6831
35116
50931
35157
51513
7270
6492
139
17804
13704
61230
45049
6470
1690
49246
14785
5133
31004
13729
43329
2506
10157
19612
51773
26510
3013
20493
14937
14523
11907
33207
32235
5131
20106
26274
41721
51422
51629
40586
40582
49196
29315
14067
63710
22747
64887
60024
12034
35357
10716
10762
34039
48746
12505
56711
2651
59792
42023
296
30601
63513
39528
56377
18333
57597
12037
49116
7538
51070
45187
51553
12136
12280
44404
23797
64355
5635
27780
44713
33610
61564
25292
52542
39544
27479
10753
65299
51308
5646
57329
29637
4257
24918
7667
4096
10479
11035
7845
52621
54312
47931
23974
8052
5645
37733
55799
40439
45768
18582
10127
15977
43331
1016
32508
10124
63372
48518
51443
52988
52991
44799
32511
34288
17254
28038
5522
32213
30911
52035
46940
54396
32355
26059
18973
64703
65228
7031
26196
17603
53341
63507
64399
19048
29026
23213
6405
18888
23350
1028
32937
60658
55692
47455
53190
64713
23144
30234
22218
50606
25664
26104
12108
29412
12069
16213
46835
12181
45053
5685
836
21760
4009
24806
65069
61898
12607
57775
61153
47342
24570
28291
14009
7908
36580
50798
52813
57262
33411
7830
2947
52114
43511
36008
55674
38685
55897
51708
28036
27082
22125
10446
14070
15437
51769
57215
41597
24351
42905
21158
1592
60981
24117
56886
4803
59745
26638
36412
11928
1880
57075
31377
20382
46293
6463
20981
1275
15865
20880
61318
28659
9078
63686
48874
11396
51560
56158
51441
19073
47464
47950
49139
7261
42505
46340
55125
51318
25167
30762
61162
19823
20488
2408
40838
60214
18190
64449
28502
59006
22144
56476
64108
55878
7321
28337
27724
23407
27075
64652
40820
21284
17415
6270
34816
2349
8660
11340
60569
19901
17057
18498
35644
23842
23430
22869
14988
29064
59091
43680
22664
5538
11913
65161
63707
19899
61829
64325
65158
20102
21891
9327
36743
55938
51445
767
30905
37742
4083
26984
34468
56649
55423
51450
10559
39231
63428
19451
21041
7487
17732
17588
49907
39166
45591
65380
49203
51323
50022
4318
2055
52355
12430
20074
37515
49953
64411
13785
53730
4095
4508
42115
30572
755
34836
2734
51452
36152
11360
49739
50938
53235
45544
50808
46921
59711
50806
57207
18374
22742
8070
12166
40472
56712
30237
4290
20388
48739
22267
57706
5051
24663
65128
65125
10291
34959
52793
50757
11877
32319
21615
51214
3130
52376
53904
35394
46916
52168
13452
9876
4501
56643
54224
17534
58364
20359
45186
14561
65300
31218
32976
31381
64873
50375
17639
15410
14979
36627
37836
17532
49927
50495
3229
33180
12897
21543
17412
64448
6966
60462
64096
10698
23722
15840
45649
17473
48170
22165
54206
23642
2481
8614
14662
12298
598
56160
20011
24292
7734
59238
24549
58479
11821
40491
8030
55176
12228
22152
18187
4882
36774
2880
41011
35930
64133
35576
57173
33511
30202
23427
60480
63881
43585
55260
39824
4001
14300
4010
23934
26588
46927
20560
51023
43874
46110
65055
19999
7868
43877
1885
49050
24745
8524
13745
64690
41353
1220
25383
26812
35240
17172
43175
32651
12848
52338
1021
20335
54100
57909
65418
65457
37464
43219
58772
37535
47962
48503
13197
4741
63584
51823
55095
22330
43784
62423
42093
36191
54459
31910
26155
62427
42085
56322
63760
36418
34657
38018
33486
41562
12648
47484
32615
7156
62914
26785
7500
54540
58024
30842
18949
2898
45460
48381
28954
13798
51832
45468
32861
33178
31440
28028
40255
21215
39747
44389
22689
4119
37580
7300
63810
19937
16515
18744
12413
39915
33604
2935
25387
27016
11145
33252
53213
40857
22886
60644
16458
29991
18868
48959
3492
63413
33873
12213
26145
27593
28786
48318
30236
49135
49132
38798
43078
61311
47623
40252
12640
62138
19935
38723
6213
5155
55835
29400
13315
12929
4444
49042
22327
35129
29936
41788
43878
17935
42479
40419
22110
38024
55605
15607
1973
45884
41787
43884
28936
36951
45041
40456
14952
58372
48409
19973
60305
2074
15021
44228
61938
48876
32495
51816
65093
17245
32349
20037
24391
9478
45753
41701
9718
33756
46321
53311
49875
37483
58325
51969
36060
5552
47691
35900
49563
43016
11423
31007
17920
31151
55762
25560
27068
7388
11343
15922
32145
63596
13603
37584
41307
36769
8928
32565
9659
37607
50262
26856
13844
8914
29294
562
9610
22824
1493
9706
34097
36463
54411
30083
24175
35114
52348
406
50445
46077
17801
48327
9204
8925
54084
6409
1689
22895
24564
18685
6536
54902
46967
31027
11011
2909
61684
43330
36581
64151
14843
43132
3317
43435
11816
47796
36305
61164
23424
37003
20015
36213
8627
2502
35467
28824
32687
27080
64734
35737
32663
44247
45390
48870
18241
57040
60818
64426
57521
50704
63629
26211
47512
1160
52426
28103
17289
41422
8749
37769
20355
24381
50358
54656
37293
58767
6283
14579
49752
21067
24228
10843
9175
5724
7753
60999
1023
17448
36875
33211
11719
39056
64676
34587
28113
46358
51140
15817
15422
32459
47605
18872
41535
25311
33700
52381
29789
43932
49564
40915
13641
50251
20398
11583
9767
18054
52981
28044
60649
14582
60839
10155
30724
17815
2504
34589
18793
46121
65310
51790
7601
37474
54482
18748
47120
18462
62785
55966
33012
62738
49119
35284
17888
27528
65124
3369
49036
9731
8739
12133
11502
17445
12040
13792
30166
58240
11580
63217
32251
3784
53377
59461
28963
1148
10927
684
53061
18474
20969
62625
36454
49311
1166
16586
47868
38086
61338
40749
3740
51115
35028
24229
5519
46096
21646
17757
61899
59734
11784
23601
42480
59622
45050
58388
19976
31771
8491
65029
51822
48498
52972
11526
34746
1535
33788
20290
54850
46115
50741
45504
65085
50179
48649
40652
38592
9784
49418
23918
14415
61019
31023
10971
25879
11209
2039
18763
55788
54810
16876
27020
34286
9965
10616
64289
32844
41895
16891
40355
1957
59627
52583
50920
5092
47935
8486
40481
21242
5453
31482
11531
25454
1008
10247
42730
12312
21062
31840
43493
11616
56652
59337
52695
38213
58316
45311
32692
16668
9902
50603
44437
41722
18037
209
51701
62925
20210
28117
18803
17223
35222
48195
12418
23758
3787
52166
1133
50634
27395
47276
43954
51609
630
9349
38516
49530
56678
24284
62935
10555
41255
61727
29682
26816
10148
21471
8804
40218
27366
27069
54334
19879
10187
40457
40197
21624
49786
56629
2690
17249
3289
37675
17236
55424
21574
51061
23583
2717
15631
65059
8599
21623
11830
39773
47650
18103
50299
59512
31666
59556
19055
31669
56684
8785
55992
35132
24119
3995
37418
19402
60597
2967
1912
29983
54967
19110
53700
61619
22656
30238
54706
10597
5815
17323
41659
58274
41086
34828
590
9064
29811
41165
16486
12361
15940
15108
39216
20198
60295
21127
33338
12773
18427
5026
53634
58133
28883
31725
22553
19819
34980
33415
18923
10719
38847
62470
21228
20889
41126
21296
48349
9736
37476
2936
56120
49730
6225
56305
13133
10745
38588
21080
12035
19001
15856
20371
50617
13344
29818
14846
37778
60157
1654
38706
50935
32294
8645
54927
51009
61815
52370
16958
64124
36486
55143
5204
63704
14268
22035
63076
60745
16092
56887
55171
63697
35211
459
42256
11045
13351
14007
15254
22767
26618
18979
57682
11571
40629
51868
63034
48742
53895
461
5050
28898
320
18493
33219
40272
56733
50712
12556
60402
40664
11292
7318
18156
65317
48033
3776
29438
9589
14183
38166
6824
31676
45122
44465
3661
55612
30167
822
57274
26446
32510
60122
48556
60975
17787
12791
30057
50957
63126
55853
28792
18819
52935
13963
3770
13408
41129
61846
31519
4998
36608
7428
28339
60155
3222
28677
52457
10579
28241
49857
10489
54368
29956
55563
13503
55558
57096
28695
8500
57102
37337
30215
29953
47398
11869
18578
30220
17260
37740
1948
62316
26524
36524
61100
55196
24236
14236
42044
50236
46140
9068
7852
29756
26515
31298
54807
39939
2060
61881
10754
28406
69
44986
36637
38517
57030
61699
53635
49692
30883
57266
29256
28594
8799
43117
47112
26964
37528
48203
53467
57996
31617
22779
55464
4668
62828
14692
32333
9605
31702
22956
17392
51437
6485
46472
43831
54579
50130
17893
62822
9708
3160
44180
3947
18384
52919
23810
19561
15464
5314
32439
61389
29639
4006
64731
14646
44720
7827
65155
2133
40579
33414
36715
21103
48697
1557
367
51114
43596
56915
20475
20105
11910
38775
43428
33681
32418
56534
54549
54180
1063
23648
15255
20119
63803
49473
19482
60689
18911
64154
49039
12277
39534
54812
64180
36311
51562
48956
2555
31331
28837
14790
61530
57436
12216
46385
40332
11752
3305
22552
64827
20504
47981
45278
58904
19929
57271
31732
33273
30091
47212
17509
56532
18243
48098
17251
63376
18246
48334
16028
46336
55735
21555
45229
41883
17507
17253
33119
63375
44796
38799
25190
33010
60639
48892
38796
14184
41413
419
25254
18319
18316
48895
11463
11845
25413
40060
58332
13218
1461
57230
54546
59114
20044
47943
47761
45737
35214
65100
64357
7228
47535
64354
47391
19535
5150
16332
19615
16327
55660
26988
52509
37014
60319
55740
2499
44962
55506
12143
47852
16227
12284
13021
12140
47676
15003
47759
14675
12047
24431
47839
39122
10466
54061
10450
57895
1475
53778
12868
1485
4679
10455
43867
43218
63084
57890
39127
50748
14898
42747
11146
43184
58493
16518
49256
28062
46093
38498
54001
41061
42721
42559
46346
9189
51322
7545
62823
51507
7717
43124
62551
22951
38305
37868
48820
62437
50098
9333
43836
22411
31145
33601
59385
41456
22403
65106
2855
52536
17020
32486
21128
59197
20980
1705
51303
59486
14137
64579
10856
61573
24154
43822
51064
53047
46730
62345
53538
61073
16426
62573
40808
9701
19146
56817
9698
24173
6437
56558
6614
6434
7406
9612
35917
17900
62476
36835
37767
7132
33202
30454
39174
42708
35976
9768
45240
26645
18603
11420
5523
4329
61958
64976
48267
25834
28742
6049
43312
63080
7968
61579
61563
5234
39821
13546
53761
36106
63451
46531
63848
43282
29144
21096
32277
63598
23663
56611
57966
22383
25462
18751
63589
63809
63393
20846
65072
4964
63614
56622
613
62317
20084
64582
44002
12110
50175
21252
35805
27272
35062
48477
57911
57105
63532
20492
51075
15414
62835
54036
22399
27973
33607
65139
18742
27170
19197
57214
49063
50306
64876
14876
48005
24424
56988
55425
284
14743
8040
62309
23198
62531
30022
24011
62821
4869
38950
7542
40800
43830
20085
42494
62302
40807
50574
21253
13629
54252
49678
9343
51775
30994
49942
52291
10103
48292
23743
10880
60680
54693
41526
65247
25418
63258
53161
20659
63815
46210
37652
25668
62565
1889
56903
26366
39438
19520
61034
62386
10006
42315
11670
9380
15975
5861
55657
32413
11488
52721
5772
62486
45286
11495
9773
12117
4474
5852
63240
17846
52976
9722
32154
47540
50743
64136
7584
62503
43204
5245
42583
48106
7457
63204
64983
50121
38501
11242
10921
35171
9201
12592
78
36845
7400
4271
27117
46586
16938
16617
18153
6870
52193
25485
3859
42320
1517
25906
39810
61004
9173
39813
44011
43564
22953
17372
62428
54771
29269
63645
20052
5950
9649
1762
14055
7660
20947
4491
28233
55974
56520
22365
37164
21283
47433
64913
10032
20373
51670
64645
6486
24908
22686
53058
38713
28869
12513
38091
10428
21546
37357
27635
63984
570
39763
54565
38021
56134
42340
42082
64083
44882
45165
17207
35292
54918
47738
20378
38629
60136
3918
31069
25905
31180
4153
20554
2784
50342
42185
15086
7052
36760
53817
33400
41106
65304
27854
57838
24981
53535
3468
42710
60724
61358
37093
23905
59500
22472
61917
43244
62967
206
57319
54568
54854
36592
749
30779
24701
32247
48626
48156
10712
33887
55820
58371
16497
23599
27089
13097
35374
7299
60903
48322
28861
47905
57661
57158
8519
41251
51126
27683
23571
12522
40081
59352
58378
54571
25260
59830
33085
35102
31857
63512
11660
23812
45513
20239
25223
17329
65362
40430
31596
25720
35739
15543
193
53604
13645
41783
57052
34085
64980
32074
20483
42321
52647
54467
60573
58035
63324
40067
41522
50550
23171
16677
48844
11644
26473
28901
8219
33431
30855
1959
32790
5077
21468
34973
35413
18151
31686
40524
40517
27209
44300
41480
55406
9550
20224
43309
31671
35237
26956
42087
29413
53553
58001
30172
30012
49849
57305
32767
64554
63625
39765
49650
39071
24812
16807
27012
21957
12707
31376
33435
47692
8346
51123
31504
43933
21978
42144
23637
4598
17802
35162
61411
58256
38644
14287
6441
6489
9247
40420
31663
2524
2983
15280
46184
58093
28867
53620
33520
14660
37097
51518
2337
47446
17179
44293
47507
1758
55100
23726
3508
47007
2656
24172
52394
16368
49376
24454
42911
59805
7777
16335
5110
47224
26636
36110
56345
60892
40890
32609
26633
44206
46670
55629
32165
46498
31181
50811
40268
52565
10252
47225
30570
48604
29616
17915
49156
47586
36933
13595
27124
33255
37362
9809
4280
45144
9580
6672
49543
53986
43525
6428
41410
47831
25958
27554
22528
35360
55849
61083
41661
29556
48823
13752
45715
63447
42493
44727
29213
41199
50516
13886
52912
14526
41650
53376
12405
14254
4874
23392
22876
43157
14932
65146
29005
59735
47716
10366
21882
15838
18983
22159
33022
25816
10556
35491
1543
1540
63427
12519
28995
29361
47222
47231
52124
62669
59298
62996
45336
11101
10499
47220
52439
57094
60755
10180
45300
56807
19037
58526
1473
12940
47183
38433
46852
39716
48678
15752
61090
32115
33799
64912
26628
58057
12292
6559
61855
39852
7254
46795
50804
5904
28380
46147
12238
48393
56596
58512
64221
48662
10273
2574
35463
19098
23303
18093
25924
416
44572
57454
14794
26794
2753
18252
15100
2497
41604
15311
13477
22158
10564
1382
30720
52094
4876
38054
12572
30508
14058
9889
56793
2588
13680
35406
933
27230
34000
63643
27946
48071
46348
20899
41397
55676
59551
23650
44385
2825
34135
22672
44992
37689
9084
43169
10755
19397
19979
26734
32547
47083
42456
65025
57218
46139
46274
45115
40459
22031
19641
3035
41560
54590
11899
60064
15617
55265
15502
24065
28132
59707
47920
23709
20091
14157
24332
59798
13246
46504
55754
35870
47463
64163
44981
27002
55481
43452
56800
42074
14512
12824
28441
12992
15582
57573
14012
56939
11508
33123
89
47468
24690
4105
25151
38705
19676
18388
7224
15781
11207
33508
54083
10214
53169
3778
33052
2942
6531
48650
6352
36767
42267
63538
34196
44222
14235
54867
49392
41623
8099
39315
18410
28106
36183
56789
3858
48037
31687
63462
3726
55615
696
56600
4142
57518
30481
38102
53352
15724
59073
18530
11147
51602
12082
49055
34375
33602
58683
20150
48573
31167
54887
64680
36443
56139
59544
47548
46124
63574
633
6139
23281
48324
55913
62919
40008
41010
47496
25178
25976
54062
27923
61282
16222
19248
22062
10299
28556
18841
28471
62101
7497
10632
41150
59264
26694
60196
4976
54677
49519
45162
43636
19249
54928
60114
27679
2754
17101
15127
57408
11379
42752
10732
23389
43332
57162
50139
45130
12544
2276
16440
18044
26752
14674
61235
4562
36645
42084
25033
45158
39304
56685
58736
37960
62526
18917
30935
44532
56604
15366
63914
16437
5017
5031
36243
45883
7987
57952
55284
4485
18920
38029
7488
13899
52327
44081
18542
21932
13234
53151
12232
55280
4120
59620
5754
64029
33090
28030
28467
38886
9367
54513
54865
9074
6627
44379
12570
57219
45202
30574
1714
44476
2206
63466
32475
61765
5170
45665
366
60162
32885
8274
52746
23378
13003
55775
53130
44550
5273
24025
56419
26905
2201
54562
55102
21187
37617
47471
29051
23254
7854
31074
14275
39782
19516
56667
575
31087
23590
2684
44093
47132
6296
26041
56566
43064
38596
52345
47565
60427
53643
11327
16870
40927
30954
55912
8117
3891
60250
10289
5652
41791
30399
25013
62521
59144
1486
64028
51592
61922
34941
15010
51654
25195
32263
6883
14363
46847
15550
5186
35641
52743
52253
60750
43467
22454
232
26871
16334
37560
10349
33132
41649
55842
39608
39450
1560
54559
29784
37240
28716
14303
28535
39160
22384
60088
3434
16465
50027
54981
28984
5697
45788
1271
51621
29350
36343
12688
55121
5727
49305
22013
59243
8480
3089
7540
29006
14521
25095
448
64348
3105
43650
22061
46706
51644
9341
52736
24651
65336
31079
60097
10208
19953
60353
13214
64422
41716
43035
57815
18365
34887
15316
9133
64367
49227
1137
54401
49230
25271
57205
433
3041
21569
55134
50243
60447
11950
39705
18924
31449
52296
57212
2329
51841
62995
42367
55670
34038
21516
37657
40758
13046
19172
14522
18956
10725
63783
45413
24307
27727
2552
23295
41796
61037
5572
18692
51704
29155
15702
3557
24400
7118
49951
9611
18731
6774
10639
41256
8036
12618
32964
15395
41846
10711
60991
29785
15440
53405
54130
57995
25673
40039
41283
18831
39154
11006
15852
60345
20946
6164
44132
13751
35353
37184
36910
2161
35320
42512
52099
2893
519
57572
21570
25447
4183
48995
6163
30981
43589
2136
1062
5582
55671
12771
45807
18128
28779
29391
3939
64455
32916
7990
45620
41447
34322
8709
60722
13266
33575
3590
504
23861
47457
33
59791
54407
1325
44266
27948
41043
15250
56010
63456
52788
36125
53046
56720
10215
27414
64342
48257
3220
63463
19890
33611
64125
30612
54385
2541
1136
52368
14811
18400
53552
41393
44191
23872
7678
57760
11712
27719
9330
49776
23813
8475
14231
64097
45584
6475
58672
683
61612
23153
51313
57489
36135
11001
41549
50675
29860
27372
19225
47711
13010
45755
12063
33986
47695
37959
29677
14143
41614
54879
25187
28711
9833
62334
42380
6317
53960
3473
55845
54349
58238
62156
49085
22374
33512
29189
7823
23820
46660
48279
27054
45785
36447
8778
14530
59066
54578
18770
8155
59109
22681
52841
27585
4463
14166
32345
30921
41609
31425
49612
5617
14005
25497
17241
22092
1373
42553
59475
22191
41115
62266
17819
17240
21830
50627
12447
4554
21827
27584
63147
42594
47021
39892
34511
59621
48851
28370
46245
9503
26552
37658
49166
32855
39328
15621
45979
8741
15779
59188
6107
19955
26881
19545
62068
43398
16379
9465
42237
27875
25312
58228
59194
56036
4887
34389
36103
15789
58523
17191
2288
23664
24265
56564
31061
48285
31221
61092
39191
17635
26201
43724
30959
2128
59193
29701
44275
37943
35673
59185
15308
60635
37951
15037
12121
41866
2143
58518
46915
9203
1059
54022
28846
4350
16675
18681
17641
38747
22473
47790
55681
13942
64603
32918
27801
14553
34465
26367
44330
28707
6380
29529
55044
52836
16845
59612
19238
57059
26652
11325
4886
21447
40591
32234
3946
35313
56264
52990
34500
60286
43112
41208
10198
65160
23973
6102
51001
54866
3838
61481
41801
40386
65164
47675
29306
11909
19169
49537
19595
57064
22109
4941
53780
175
59153
42654
42323
43038
53826
63062
18657
13987
13773
14413
38958
22107
25794
51725
34833
12159
27196
29136
25145
62321
49976
8124
13585
30062
22183
29272
11601
8188
14041
47421
14428
34497
52266
63317
19604
45980
58905
10689
55693
26504
13804
35730
38170
44803
5609
24362
14883
54921
20395
39193
49098
27800
64742
2493
5286
44457
34718
35990
34186
42467
21859
42086
23013
21095
28828
3574
29251
41952
32723
29208
11456
43492
1670
36785
39816
5578
43902
54574
10487
62441
56518
46483
36313
24079
18981
36393
58049
60370
58059
32577
24691
33341
58503
55293
19425
7799
64485
15033
23106
18501
41216
45222
23873
14080
25160
49320
8665
42735
8646
31587
34695
25540
44447
24819
15137
21299
30777
29777
40062
55636
57994
50468
62934
58310
62976
44152
23475
59035
38016
42271
25600
35839
30183
37888
33116
27140
53391
10317
31743
33859
64131
57651
51532
15921
28473
39651
28686
16107
27146
11734
25943
46552
52955
28641
60547
9608
38931
15505
61645
65000
5750
9165
12154
13236
56961
41989
35868
46180
35871
5445
28364
46176
1208
30656
33899
35742
38280
54320
25226
42819
38194
35892
20351
2801
21688
25503
37155
27931
47733
6978
18925
17548
46183
47428
53744
41958
50356
25920
57830
35619
38106
40897
32841
59083
23159
40723
37025
47782
19855
59728
45224
11646
11943
59767
26453
44942
18083
54847
55079
27422
13013
32388
30882
45152
39532
28987
5437
41496
40846
34443
5498
46097
12985
10376
41539
56689
62442
34871
24989
835
58801
17090
59291
15829
18263
51294
35510
27331
41289
57839
60970
25230
2253
52078
39359
5513
52687
43093
59838
18118
10137
18778
64095
4226
47930
23630
56905
58691
1396
14633
42520
22097
49838
41178
11995
30153
7943
38833
5062
25555
45908
18468
54617
30947
25685
35459
45655
9456
52585
46957
53069
662
25081
24881
57415
25768
37973
2816
61363
38031
28135
21880
64711
56159
54573
41029
46746
30864
8983
31340
65359
19489
34686
8437
24993
51112
23448
65129
41820
60781
5781
38357
6612
53132
14062
21124
3494
48310
832
36335
40805
31144
16616
54277
4735
50064
59755
36484
40010
57687
61517
10492
48048
49524
58181
36696
2996
36693
15698
27813
7711
28349
58424
32019
1743
36090
16532
29927
20689
52332
17110
53194
9183
62099
58950
32762
8284
29390
39023
29575
49175
42888
28878
7591
35731
28217
39059
15079
63749
22437
39680
42723
3845
21889
1874
3850
18663
18516
10280
20855
9359
11555
25840
18289
34394
33322
24488
58010
37784
24059
34102
20824
8483
2460
51985
30531
56114
44144
16278
5075
22949
10860
29692
2688
64706
41387
65326
50529
63010
4600
46492
58430
2173
32819
49780
44673
25750
31994
22489
56769
8688
6481
23724
4737
30288
40207
36397
9901
9704
32112
489
35156
52671
35031
64292
46879
34179
9920
29486
32026
26852
40498
2755
22364
41607
2757
14395
59286
64046
5041
61047
62950
44259
34138
20823
65408
36713
23707
34598
61440
32136
57176
49326
48184
13956
56873
50966
47165
28258
10702
53680
19905
33619
38072
33774
27595
45559
63828
61814
31056
42168
20043
24988
5008
29828
452
54465
23725
13098
7359
8287
44470
12417
48688
36345
21767
22648
55637
45334
30468
21638
32975
63187
10519
3272
45685
2758
6327
25774
16691
34360
63156
56847
602
24780
19
39861
63824
56694
13827
33358
6251
34031
24368
53032
9954
8396
34567
45110
32278
56709
35241
30047
10081
13158
7315
62944
37996
25917
33664
210
31950
62149
39387
59724
49832
54876
21927
26820
53734
26066
24786
36385
53136
46592
31734
32977
34257
56802
43530
4264
41144
9764
52963
55760
61870
36745
61306
3016
32588
6329
21396
27574
13203
62496
58628
7393
30741
36559
6637
54804
61124
55341
8608
3450
22281
32489
27022
59809
48624
62490
41389
43228
35036
41306
21829
1657
2647
48221
3852
58529
8862
44677
25449
23253
11419
28785
9871
26654
37434
3249
46329
3888
30068
65126
44880
15174
55256
34820
33265
47193
11741
59590
5554
51083
64936
22184
37189
5499
19895
8402
45236
13458
7114
28077
40538
56502
7398
7994
10454
63909
18756
8414
27324
58751
63329
10316
44057
16326
62673
14234
3390
15738
7154
23179
2508
10734
33014
6292
54167
14990
13340
58153
62964
17401
30553
21851
20949
33074
33126
60512
33423
41695
32096
15456
63298
4948
4659
52346
24929
19160
21205
45243
45962
23886
13132
46811
19416
51498
63026
20518
59040
9323
27527
26210
12256
60814
63247
47823
30411
44841
40500
45294
49649
20138
53537
36709
7403
27869
17983
58406
20055
5001
13623
35296
58561
45716
1091
61598
15015
56213
28637
16198
57810
5056
30854
62813
16948
18984
62682
56509
4917
20782
48144
21475
27320
39310
65507
41770
7568
52029
3352
30667
15154
33596
63232
58924
41228
29319
24471
53656
9059
18714
57325
4891
1615
20499
34273
3498
51461
31430
10497
14281
12379
65509
13605
11430
54314
5894
21193
64085
47592
64479
61942
35118
36625
46271
26056
12450
17380
59203
26530
34457
57014
61285
35553
22609
48776
42288
7664
2159
64062
7673
968
8733
9537
32243
52361
44714
15404
61399
41897
37415
6375
55086
14404
13993
60510
61532
13524
11585
42329
59602
29184
49444
58439
59607
29394
54543
62829
54235
30821
56299
4612
15766
64587
909
14713
49453
42123
59908
37830
46351
46349
2412
56489
36374
18013
17386
45354
61027
12129
59229
60879
57469
24317
32766
671
44200
7721
46952
28089
33311
61138
29723
50009
60317
24070
60291
21854
19511
23129
16998
16177
12552
20046
13371
31707
33718
65452
15451
25066
55508
62223
2387
55474
49779
15494
59643
65441
50062
2557
49998
29678
54030
2928
46344
32032
7946
44573
17811
14804
22223
25992
41758
34088
49709
33691
32518
24430
53824
34665
28593
11586
14245
14049
58510
57363
3394
49581
36935
58511
8120
48110
17870
16076
56958
14242
59223
36703
62892
40044
9881
24685
12626
26968
60102
59057
20430
8515
47970
17640
54504
58232
46216
55311
58496
19662
51350
16058
64896
58504
16590
16017
45309
58899
41125
18997
55519
26171
11587
48408
25607
20887
2392
16026
57559
177
7051
17218
2820
59228
62283
11840
54509
54824
63919
8989
20945
41294
16543
3794
60106
25613
52558
35622
65088
28569
28727
29667
54019
52703
10150
26093
3684
55748
22659
3567
50173
60986
9158
62155
54941
63206
32198
36394
55075
47453
941
7213
19053
24706
33062
56449
60969
48666
25247
18999
6545
53801
25918
49811
34992
37410
8743
53713
7652
62219
60504
6370
30462
23032
22118
53073
30856
6354
41538
57069
56957
1602
47545
2397
38161
14514
18122
40993
2547
48182
41492
5756
14548
56657
42861
35261
56902
22890
49201
46197
13918
16111
1416
6171
58485
3993
37350
61425
59278
50686
57112
63904
1037
55500
26444
16240
57109
23140
63004
14156
54889
30147
34734
54217
3762
51897
23692
7113
47993
14513
17261
58893
64662
60507
19699
49920
46726
54582
7437
23795
64165
32497
2872
25473
37923
59747
55060
27227
12084
50767
29929
64664
4468
24230
64972
24670
12843
35315
2885
63816
1035
31424
53330
29036
18068
23137
34561
11154
36937
62006
22090
63827
5996
37695
33791
22376
55208
54631
43990
24715
17407
64117
38821
46478
39158
21350
1288
6967
8602
1468
33693
6767
27167
1151
1934
56346
49449
10145
17741
63305
17722
7214
6235
21631
20265
33606
36212
48008
7144
49787
48345
19177
40035
60288
56453
51319
20467
10595
51810
64504
23657
20174
6721
10541
37929
56341
47594
47802
37926
7211
9796
55832
4317
7149
54066
59578
63519
8605
54339
58566
46278
58750
3203
4505
28495
9806
50843
65396
39017
60509
7202
55626
65009
6173
44855
60503
28248
63224
60515
53705
55860
62789
44741
63987
15053
50026
39971
7079
2267
54128
25518
5105
56344
15663
21724
55829
41497
16834
18592
52764
47261
26925
55467
54643
31097
28484
39042
50312
5256
1559
5198
18075
15394
7136
42577
57389
22675
46158
9238
19178
22372
34932
41933
7207
26920
50948
10664
63652
866
62887
16427
16247
16662
9244
33043
16799
7478
56820
7526
1516
25007
4228
49574
22070
62445
39962
37324
32255
61903
35038
60411
5762
30549
24312
7976
46584
26088
1141
54399
59723
22298
25332
19265
378
6451
17535
4512
21621
35258
54042
23370
50168
25480
48208
8697
30569
8273
3849
16117
30113
44646
49910
1658
18880
36458
44079
7247
9229
8592
25433
54611
24713
8012
6661
32740
57161
35471
8028
56387
1098
20951
15772
37622
3825
27779
34761
19643
7467
62398
43609
33780
54185
49659
13739
2364
58292
38137
35597
10558
25635
11307
7849
15574
8458
47490
19871
29446
33692
58102
30650
30146
54955
28804
35188
22085
9227
40864
39254
16746
42537
46674
514
48608
18071
62015
26020
1653
51603
21202
63835
58731
48209
1928
54882
16372
63624
31584
32410
21765
63222
2361
38614
4920
5618
39290
14707
7582
39282
27123
34339
8780
45114
49433
20252
27974
37445
22141
22382
6315
13128
48727
16634
51311
40576
5246
32501
5565
29297
62324
2617
14791
5219
63741
58548
56642
62078
52984
19319
28515
25641
1514
14128
50317
2731
64803
12838
186
43111
12086
28250
33588
1036
61858
6218
6543
10692
9222
22379
37881
4793
44823
43106
9827
52530
61238
2852
7443
13584
45381
37290
44344
3832
10722
17036
6057
33005
28663
17322
33580
33779
43258
50237
64038
24657
10859
15340
36240
35944
25479
25891
3837
19805
37420
31781
53697
41541
30316
59605
27998
5446
10826
53407
48714
39311
5240
65021
40597
18643
12414
6756
57334
24206
19092
11064
62449
1482
47608
12681
63313
27128
39298
46587
25628
15673
59521
17690
64035
12942
55370
58172
350
49432
53091
55414
21485
57711
58634
5687
63024
48669
50141
32457
14214
52214
18653
29229
14349
54836
16985
59116
25179
4023
29630
22650
9861
36710
12837
58033
2218
7973
39460
25416
35190
54437
4407
29187
1605
2620
62575
44995
52042
37475
9892
4665
39247
46754
53329
29061
1610
18832
61287
1790
53853
51571
46026
55084
64782
54218
47262
3963
50713
61052
15594
43759
56249
46792
25961
53163
11579
20336
13535
43966
44718
50399
20704
33902
6583
1723
28628
55528
30960
11231
7135
47315
25758
35863
9510
32808
21074
34086
21086
35856
17284
39758
9687
28838
36832
61144
45123
27408
7704
52356
5107
13417
3803
33481
26486
27803
14826
13111
24525
39897
21377
21190
60921
23380
25050
23127
41744
45275
23717
784
53740
15744
39735
41592
49252
32126
49731
6326
18447
27933
55047
28449
37752
59192
11482
44566
39113
63071
53597
26193
56078
47271
63839
1944
34862
7554
18305
49121
37749
57410
21655
49850
19158
48530
31200
43710
47890
31246
48881
26156
46636
33865
35860
18336
5379
10505
58373
57210
40216
17575
16407
57206
29851
27200
25735
41288
3539
12212
43311
24402
62272
24020
45706
65099
52546
43848
2627
40226
15344
38261
39288
15826
45983
60373
56626
60165
24991
1981
13039
22748
43226
36888
40828
19497
7965
31249
6516
7519
20861
15368
31583
35858
56399
11957
38660
49617
26438
22205
16414
60916
1718
1286
3959
17530
19151
55399
63203
39220
38983
37165
9096
59431
484
57535
23478
22484
43771
61418
38358
42829
6280
44159
26238
26722
27007
27004
2163
55567
49785
6686
30925
29964
45399
46129
27067
13241
43123
56385
45083
3154
7775
24858
3930
36495
17978
63051
63781
24000
62962
454
55836
18072
33148
23390
17131
10523
3551
42239
11247
52719
2831
38298
33901
11248
57316
25329
41217
21759
4932
30670
47032
39985
51223
34068
60550
14519
29717
39108
39552
21525
15565
43684
52839
29514
26666
56692
19050
61448
41440
56244
25249
3702
35830
45080
23561
11855
26996
28445
63090
36731
7879
13761
54767
35655
41487
51457
29878
58351
30191
16749
9292
39918
12077
35298
25742
64737
19167
45754
62493
56046
62026
20692
13608
52544
36607
28884
36387
3453
2421
38647
2424
15953
31785
5333
15379
41102
17039
13407
44858
17395
51098
51278
37781
6909
63997
23859
55433
47106
59772
10062
10467
60555
41489
47543
29885
768
33747
42005
34603
17883
39515
23687
59531
10168
33813
55479
10449
5710
37850
59542
28639
21368
23624
1915
29826
56382
19412
11940
273
38467
5899
33949
55377
9710
58090
39294
51074
21365
50497
24964
33768
63092
19677
11561
5028
43296
55770
20038
48094
36257
20232
17928
15653
17667
12761
31453
34801
18691
7735
20443
34903
58396
22282
9680
1606
59789
62017
21582
56895
58176
41284
61626
39868
61762
49249
65397
22136
1102
18485
22
60158
1651
50385
2761
4225
24975
11163
53113
10352
2760
43388
3731
1302
34295
62466
15957
28011
54813
41498
47643
35507
27871
47985
19269
47378
44764
46519
30385
19016
34878
11908
25504
17235
38286
58081
60738
3100
60971
324
2793
44264
20770
22068
36886
39798
3362
56890
23369
23999
26829
46522
27062
12107
17685
37306
45764
49010
18712
10225
36192
47908
60792
62469
55552
713
3133
9065
7864
39742
17308
18555
1910
51295
16025
44190
39384
52118
18298
54743
7650
33501
11232
522
21417
34642
38991
38063
1024
8702
1199
6468
29853
24470
42314
9216
56772
20147
39808
513
18720
39525
2167
8707
1039
34016
49641
43773
46100
63449
34572
9231
32283
55054
15467
3120
25287
53688
44810
7636
29102
31109
6308
64745
6894
18933
10254
34472
45521
7997
64970
54202
30117
40174
48566
18161
1719
36012
45791
18642
4784
64478
52637
31325
1291
13479
56810
49660
59931
6112
15307
49903
11421
19094
19025
28783
26705
53759
38167
679
27737
61882
28122
54284
57588
10305
3729
8181
33579
38714
50880
59332
29474
35435
24665
20059
51081
61543
36099
29367
54966
47726
24739
3950
54535
1877
10504
20041
37763
9947
33223
36988
15519
8037
64230
41151
3230
6495
29503
19071
53739
53580
63149
51598
22434
1480
20097
31795
53539
47965
19728
8774
48453
65405
42802
22441
63774
26802
10636
61014
29771
62994
30413
4193
38258
44612
15469
33730
40692
52269
48083
3247
58137
5330
38465
60736
16282
18927
32820
24936
12137
10728
32315
16269
53298
9085
58224
59501
26776
20284
23727
4402
64528
29801
40539
14378
24909
22638
20383
55153
35533
30843
34356
18821
53495
49034
54196
38897
4232
19293
51287
65079
5122
57512
20549
1660
11874
13746
2164
12435
18228
7653
31299
21314
59108
48975
7870
57019
55484
49900
33079
28075
64618
45633
1666
50427
21576
56474
57136
29527
53420
28313
3783
5658
56813
25705
36254
29691
3047
4249
20068
33075
53292
8494
58452
15346
60478
37557
51962
56511
57290
18480
41647
45432
53652
858
56320
47500
59484
34823
60670
25299
60234
53527
16483
24807
5127
31119
40865
23363
142
29226
44150
34967
5782
49830
51860
36908
55368
25326
55127
35429
30121
24390
34582
28586
9849
44090
60164
43856
10560
38854
12152
10264
59491
41445
1380
64459
46759
13764
29364
42700
30623
20143
49588
12980
64418
54029
26428
42642
1421
14023
41502
43026
51103
7453
16527
13824
13072
19064
47635
61685
19838
4150
49936
28522
57340
15522
60058
39740
47211
14737
55893
21072
60501
12334
3514
10945
57798
4675
62965
11677
16940
2828
34100
43864
6809
15321
41349
18065
36181
25991
5767
11929
39802
63637
18261
24264
431
59100
33625
48537
37177
58902
22735
28752
54686
53957
25241
18112
42264
39078
45211
52538
44428
12335
5039
9135
70
20160
5715
38443
60905
60753
44064
38005
9408
55080
42101
55685
47226
46928
13529
17704
34792
34795
26010
38164
2071
7033
43265
60502
9236
30298
41495
31987
48073
55473
64138
39567
35012
38824
28968
63015
14001
60340
15335
32877
57288
54499
42442
29567
45846
29159
22468
38062
18937
17647
14431
18126
60637
1434
18894
39700
48419
55085
51726
22405
8980
45686
226
41863
34797
28130
5300
46507
40073
1505
24260
46736
15667
64854
23123
35267
9251
61097
32656
43865
56580
53165
57285
42523
13244
19186
43462
46025
9421
56947
47274
25808
44442
51659
14517
46611
25532
30723
37683
5435
49165
52104
29126
7151
25523
54510
14769
21130
60302
48974
64638
58103
17646
65311
28185
3755
45007
7212
15625
17324
64937
56952
3517
30253
26926
52233
47458
54781
55756
23423
57802
38294
28102
4299
12657
38291
37024
18477
31680
43798
9169
58779
59438
17574
14250
35009
5546
52033
49699
50174
32745
521
47266
54024
16089
31366
26094
25745
44563
9852
29672
60380
60762
46785
27586
34664
25959
16732
39797
62618
47780
51109
14248
13756
33884
17500
13594
40673
15521
42587
44888
54837
46146
7391
3374
34564
57299
20193
6806
49620
64598
59435
46288
5496
40946
45550
9384
8368
47179
59503
57458
13047
54009
59053
3424
14657
65013
47546
19070
15378
28671
11525
31618
58028
10313
50010
19453
65319
34366
10899
27310
59489
8561
13994
56616
1966
25679
30201
62809
7895
29002
16717
22897
65528
11854
20990
62963
21163
30759
12882
36113
1216
30983
18184
50851
1698
17219
39275
63367
41100
65526
34123
50837
21288
18544
52983
16322
16084
56609
63169
59095
6778
1422
38445
2162
10956
62795
50680
9866
516
59106
2114
6279
8056
59810
46290
26872
34062
16916
51446
15150
60977
64632
15828
62462
52292
3689
8057
11291
7475
16169
23078
15771
44430
2398
44914
29244
30691
50023
5980
20367
62274
22525
47046
17382
55649
18662
34541
61002
53589
7150
52612
17094
62714
62328
50318
63733
5263
60864
45104
22826
43377
9576
10175
36081
41980
33465
34855
3694
47521
50232
12356
15503
64868
41267
13936
931
61143
43623
50833
14036
13950
60301
61515
1090
11429
50510
65102
30314
12756
60375
22593
56454
46397
47286
4315
49782
22095
7439
21076
4506
14213
59471
48399
63640
49102
62718
54688
63864
20379
6724
4765
30448
28959
57800
23863
21460
31173
3668
348
30796
31876
1445
5973
54143
14376
940
44787
62808
12004
18095
44928
18929
38249
65261
25161
64405
34166
45899
31474
7547
52948
27979
38571
52256
33419
47218
8168
798
55797
2736
26658
36691
41476
63856
13134
30544
24237
35111
17420
42697
15232
8825
45613
24146
52278
32285
3561
43919
603
8977
61015
51556
31146
64218
10930
26200
33708
48896
37454
45540
31953
1566
43704
2169
64404
8736
6790
51669
54594
54995
36642
59553
27526
45233
38429
46415
27926
41890
30424
22439
26779
23374
18039
36716
8157
33428
48845
14176
60529
55169
50066
51225
29581
58011
32103
65307
25874
14373
61000
53423
30586
44870
39448
15078
26256
42527
40689
10170
49160
59142
36904
36246
29738
28938
61030
64824
41168
53848
3921
53858
14239
64308
20860
34856
33869
56635
25139
3157
10458
5707
16340
37546
37000
27254
35367
65113
27581
3000
57739
18056
54516
51046
31205
61905
30085
5189
61497
46624
31261
50202
57578
43147
48867
7246
64066
57632
14179
59265
44777
15920
54145
2664
26075
17123
33783
29339
3156
61763
58298
22269
35059
57627
22236
52600
48590
8556
64609
7881
9541
31745
51953
64845
16990
56922
51994
29534
27256
991
11474
25398
37166
60906
35879
19161
24414
22819
55585
58810
10935
24750
61069
28743
14089
15843
24695
64818
56443
22554
18974
38099
11615
12931
45301
35063
5367
54394
16790
29841
11361
53572
36724
61035
50578
37144
6158
21386
30262
56436
57413
40228
4961
20101
2663
29268
31673
39039
55586
11912
21572
58239
34427
27257
50506
59022
35563
7553
52354
2281
5663
63998
20111
32089
65371
44617
30628
38075
37
11916
57647
25170
17980
59113
13749
34960
7159
52300
42685
32675
2520
35354
44058
34551
55358
32664
34451
14182
21929
50201
65302
4834
47598
16341
974
6502
52398
4823
15737
62672
31322
54056
39555
17783
13140
25699
44849
18955
50425
59998
14296
57734
36162
48363
55241
3903
10053
14774
51051
20874
63300
34798
25527
15269
61698
21719
43890
13239
31849
50858
3208
57460
52759
24697
60900
1697
51321
64694
54187
40057
44554
6777
60028
41904
7035
14010
38442
17707
944
19962
13081
52742
46236
56539
42858
29017
35197
4289
22515
52866
10218
229
2057
32262
42880
35472
54428
27885
32574
56016
56586
16188
63220
37479
23387
1974
8512
55339
25545
32030
49896
57831
3725
52109
1726
54004
49366
18247
951
29384
36097
30014
60000
54199
25659
61264
24635
65369
62987
44567
64843
4583
46256
13867
25191
58963
3897
41328
28059
60119
32180
41918
42096
13646
37152
32132
57781
41173
34978
51710
24650
6840
15171
26886
60280
15408
61365
9908
41648
24889
15651
10735
44236
57070
18828
56543
26888
44802
42308
51850
28081
49627
24558
39301
3231
2823
12492
6289
65484
18824
13512
36022
39296
14416
25194
16526
9917
47368
32648
58488
19330
13087
21964
39585
53868
18110
20885
37307
8849
49040
6321
57746
10629
23659
60696
46745
15869
62890
886
2558
40238
17645
45680
2941
37901
23209
27141
49680
35417
14949
1430
39488
43024
6979
61773
55456
11460
18406
54390
23929
38169
58571
54406
27563
53291
37913
48646
3609
18049
46214
35979
43747
20420
34787
32266
25546
58553
38890
49904
54881
61833
29642
1933
27540
53672
49506
7229
57099
12351
41008
32595
43418
22990
50621
5335
46547
34007
54484
41501
48663
1774
38727
50563
3214
63303
10055
24832
23361
47297
60015
41116
1201
12439
39794
32279
41652
41329
1369
58583
18285
37472
19057
28603
4567
14352
33957
33613
14190
64352
25725
47824
62769
47725
61241
21133
695
55419
25434
5289
31461
24634
15191
33661
47596
817
20173
161
56316
16733
14984
60664
58612
55954
9003
63392
8885
59070
8889
19373
59069
53547
11212
20911
28274
39172
13001
36000
63924
40653
40059
24473
24057
4370
13562
62754
27808
19285
14755
17116
47510
35476
45804
39057
56859
24919
34215
59514
8868
3381
32485
32965
40856
44153
56706
49466
23866
10464
45225
26136
61785
23670
7727
23570
18693
52060
54892
4036
61823
22591
5555
32035
42904
10674
2640
63131
32753
10851
14867
7833
39422
19833
12406
28039
24541
9723
43858
64076
41375
36671
28600
31480
45496
19553
25015
58304
25721
42263
55114
64928
43956
31404
9337
36107
7162
2423
34888
10638
20
59363
55020
19637
41412
54634
25511
11316
43036
2081
2151
4413
18402
14362
8584
22307
60640
23884
32194
34521
48944
29764
53600
407
42102
61360
31364
8507
53386
1142
43140
64842
10222
1159
58896
37853
53983
56117
45424
62545
30719
46958
12702
55898
19084
47857
35617
44692
10905
8035
25402
5369
7176
41580
14598
33650
64002
58442
54263
23267
45317
45412
51596
16352
6993
34121
10126
58032
27741
32078
13725
65198
30857
39937
57450
53889
12182
25800
22576
49887
36382
3822
59360
24617
63650
20392
10494
12540
37384
13964
63959
12493
34596
5674
35933
29129
44242
18913
13154
59524
14784
18359
4389
47923
20646
52677
60580
53788
8705
24198
18936
18966
63653
55945
51896
9091
24526
36006
37075
11920
3944
3780
43869
63851
25114
54347
19130
10744
4632
57584
48872
64319
26138
27083
45595
36193
888
44538
30332
29465
57772
56359
17047
61239
55918
64996
42550
40099
41138
61725
59169
14
14347
3911
13935
152
39869
41729
8421
21741
7027
58547
38153
27433
2903
48348
7097
15397
32540
42426
12423
58803
9502
41841
49363
52693
34122
54262
50403
26961
57505
7824
47933
28350
64861
31658
23543
59161
48191
759
20145
43196
44177
42706
12364
29417
42634
40813
61250
23383
841
5921
26689
25971
29716
45068
62689
25940
158
51362
12103
22456
48574
15985
16885
34577
49572
61233
28273
47937
62800
46753
10461
37522
43019
40225
17633
54384
61675
11970
22169
44866
369
49211
51495
45325
26883
42097
42296
22305
33268
38780
15081
54011
43426
22649
31704
61631
881
56142
1564
63820
41194
46778
29753
64771
31967
19597
27759
48188
13383
1065
50996
20829
12428
30641
41500
7227
25985
46791
51682
2806
55099
11323
10607
5192
54553
39289
5547
44508
4189
54555
49477
10195
37894
56561
29551
59759
64619
49482
54907
61779
63249
44922
34098
61834
49582
18796
12357
21532
19753
14251
61350
46070
34656
37954
7470
56945
52211
36024
39673
19493
3697
31427
51732
13916
1511
41745
48051
59204
42592
43429
47862
4187
11388
38481
13470
25455
7218
42200
46713
31807
57721
17764
51386
40950
63895
63898
61430
39425
47690
26121
18876
44256
43868
21813
50247
23728
57546
589
15387
52335
35612
28823
3587
59442
30928
38606
932
34593
49532
56589
53540
29289
29441
51282
36992
41618
24418
38113
26548
63112
50903
25451
60367
54
1200
54552
57534
45825
41598
42161
50900
58587
10338
38610
32525
1562
9441
13073
13080
34882
56226
60352
25714
10295
65328
51252
62777
22721
49921
16604
49066
34717
30421
53727
25239
61142
55182
8005
3811
7107
53249
45285
9964
4411
1405
57701
21393
29617
47305
24814
4542
62132
48605
57716
8648
57954
1783
43576
58302
1116
9761
55858
42906
31505
9116
3964
48960
46443
63930
60865
17059
60840
10248
36230
31872
60842
26873
63716
48391
29739
41210
61271
59841
16281
16290
59850
61340
7440
54315
41732
41956
61266
60688
40895
41094
57914
1640
50805
13461
18786
38611
16847
32756
47664
39349
45622
5691
50750
2875
10112
15218
32493
5558
57337
25460
29496
63985
18160
17926
51456
52534
62128
25400
45556
26937
44709
914
11061
32421
46354
56216
57972
54048
56136
25445
42800
7842
43833
62388
12936
31952
19054
45429
39109
47422
55254
53212
52965
8453
10993
56215
4536
44218
64810
42071
21594
58107
8632
4178
47333
37627
63334
26648
42351
62454
57387
13220
12142
54694
57186
3173
25625
49654
19617
46876
46156
20122
5591
18871
55936
869
65127
6282
34751
25676
4774
28573
24200
22463
37339
47038
30156
13293
32208
10119
48086
18276
51485
50157
33810
29277
19464
53478
39991
63078
11468
36718
33500
38855
44341
29912
2315
55320
43998
15709
63900
34469
40292
50865
4792
65180
53012
17080
23112
49553
18616
21810
57669
55009
33589
971
35756
23109
35139
14102
33208
21671
16952
33495
13965
22079
63978
40892
47412
50942
50531
10625
58570
3420
45816
1672
63038
61723
47159
22973
31388
9941
16762
54696
14264
33376
13230
21219
38578
25270
9914
51417
6030
9788
38385
13651
42236
38394
42445
58575
6487
22821
5327
16293
52106
22828
17209
31585
16276
52097
14740
19814
65459
20497
26389
40032
56457
3278
53523
9535
38328
6575
61531
20472
59575
21153
58873
36007
44495
16758
11471
3743
26854
42591
51719
13373
59497
11
13706
46870
38563
18010
64212
62046
53350
58060
4721
17193
4731
63570
15349
19280
10197
52131
44635
1129
60382
25134
54319
64992
45032
55983
61081
37804
65394
46744
4488
35430
46878
7325
46837
57556
61127
49164
58805
3106
8275
10327
38856
28511
61409
63628
48990
8651
34553
24829
51093
58919
33228
15750
53404
33450
52006
60695
28966
42249
8448
28826
27092
40839
13896
6159
18599
48407
22033
39008
39368
9614
2570
18623
47609
21384
34998
737
54569
14446
65174
42564
43359
30429
23609
32568
22598
6922
36526
51429
26245
46994
60807
1827
45508
3732
36491
35935
14307
38730
63567
6582
50147
20410
46161
56049
17121
32509
12126
771
52331
12176
55442
10274
41731
7737
13283
59029
2676
59510
45876
34093
34361
9935
53830
37498
7384
62301
56869
23086
21495
35549
31493
30657
56679
4524
61208
59063
44627
51749
19653
36808
43699
27279
58927
62554
25243
27848
20657
18534
38120
5701
11835
18064
4673
34807
27031
59322
53531
35234
29803
9038
42216
18077
12554
60410
26822
3773
53185
13563
48303
37106
39378
10153
16469
61790
15184
54662
15886
43153
48524
65492
4885
23079
53800
45351
41567
17446
50538
36666
19588
26749
56313
41164
18182
14847
65008
13558
17718
10351
3290
23985
36377
23557
9399
48551
46102
59799
43955
29487
33597
16961
57367
57767
63791
39904
25076
28976
3785
35727
43739
1279
54099
29284
31142
30365
22524
45010
9471
43061
35141
30616
62871
63822
19024
40785
46442
45851
29266
1661
27987
30754
9309
7043
4041
23855
63177
55600
64037
29654
24630
40281
29048
41537
31503
8467
48258
51534
50586
8429
64149
56426
2686
14380
31419
23343
48047
28227
53500
13018
3454
28236
60801
23588
38043
3981
19683
42370
65182
15300
23786
35221
15370
32546
15209
33398
49521
53805
32815
33881
27638
39725
54457
1574
45449
4048
10132
36401
51366
48041
52176
22424
29944
25648
39602
27810
37619
44059
55096
14185
58692
3093
36883
62779
59550
223
26491
25960
36071
59147
11942
48049
9626
33757
46392
29875
36921
21657
43503
57649
31478
40972
48059
2087
57317
18659
34206
24700
43239
35559
57493
17775
32086
4753
32158
3443
34377
2496
41686
4282
11655
14090
2226
16782
4520
35087
24085
54110
3343
48798
26733
11150
59779
10391
18489
37139
22914
28775
10713
43681
60863
29583
41336
29883
7381
56334
12151
50140
53074
53601
3251
60719
16601
59007
63720
14094
62184
16978
27827
34910
1385
22809
23723
55705
22550
38265
19349
31571
39264
39396
10182
31252
25211
16470
6556
52152
441
12067
4992
8244
40143
53639
26251
1256
41207
34157
17855
27915
20741
30860
21736
21912
37813
3698
50848
59349
61297
18532
61307
3710
33076
42190
32895
48035
19068
20456
29606
18152
57853
35542
28852
29517
62552
15715
21885
46202
1047
9532
64058
15356
46922
15049
44599
60629
42430
8534
1295
21520
38862
42508
4833
5766
8420
37243
33951
27907
54078
29712
38637
848
33967
53449
8576
29550
12937
11652
43521
41882
32245
17035
1312
47240
42159
13790
21785
21663
30458
28318
36507
22676
9350
30592
8757
17277
325
622
53053
38067
20621
32865
35977
20810
47885
49420
15480
567
46122
10820
24350
57479
7296
58621
14405
13362
53808
43721
11341
45503
54848
3880
17953
28916
58609
31979
13565
31277
58185
63662
31255
62049
19213
57829
59948
8032
47330
2378
60537
36816
34194
43850
40782
29369
15219
2078
51996
6346
5775
29397
33491
23891
15767
45512
64340
12240
50118
64084
15845
42949
1370
28737
56744
53
8729
6136
3527
357
60472
46633
64047
37512
27259
29997
63630
5830
44276
32177
60901
35372
31990
55048
60473
4320
47617
43081
55015
64816
27244
42280
43881
55590
4563
40590
47743
5568
23639
60653
32987
17087
31201
6033
51870
1817
20291
61357
4758
62481
65514
50204
9362
59249
12501
8872
35199
26338
20697
58589
4801
45663
41131
29889
7128
62511
56066
33368
58578
61992
18733
27577
38484
38437
21772
34516
47364
58461
59055
34955
42767
23992
54564
31124
50782
9683
19633
44467
41766
53695
11320
65527
48882
25320
22540
36733
23210
46925
32635
63197
56445
58380
7710
37516
7062
44147
3015
22308
25696
30870
51903
29492
31353
47424
41708
25148
65005
59375
35659
19241
12535
14870
36459
33933
63150
21731
58047
61426
4853
57441
5370
44297
32244
5290
23495
18600
11826
62169
16972
23523
13830
25192
27282
42250
14500
10284
9270
23994
61673
35473
30274
37426
49749
46475
63219
56076
47902
41386
27314
2745
59390
27756
32986
37439
54601
58401
31546
14423
23379
11085
49152
32163
1329
32702
52872
60222
25544
53999
33261
4663
32389
42303
41861
8125
41533
64828
63712
40676
64402
14637
27551
13872
23585
41454
32716
16162
51883
19449
42221
23072
65259
16317
5561
12578
18434
53112
47661
30500
57849
49380
39040
34040
22004
58100
2798
50230
17784
5856
16315
41198
17135
62710
60867
55273
16640
41666
28656
27698
34249
51802
21709
22697
50615
52620
32606
18848
25581
61326
6075
56836
25131
21169
23353
61272
50239
40905
63942
60045
28213
53627
58354
57722
10474
29188
53197
30501
6155
39005
92
13667
34050
2698
13191
48852
62363
49239
3821
24422
53579
45037
45447
24480
40711
3709
46741
51927
53712
49144
15885
10678
15917
26133
49014
50414
5358
13848
32541
55266
43113
60384
41630
29635
63950
12593
64270
3673
55738
56023
25004
20897
33299
54846
27951
57152
35780
27805
24856
28731
55831
8565
55434
11089
9808
58023
27483
63595
56790
12778
40751
34480
51454
30381
3439
51014
32223
57852
33452
59488
30084
11631
42751
60455
28200
21081
36118
32373
51097
17831
23858
8439
54735
62116
26018
60725
99
32031
61147
60266
4733
44781
54305
14747
39996
1838
29714
44857
12529
10174
14318
61920
21035
39418
46576
40288
24752
38959
59669
54747
13406
6255
63546
57977
17331
50229
18326
37985
55937
33194
18328
4780
2584
42113
9144
22955
2494
45914
17075
14528
15385
11375
37588
61860
56687
64875
15858
14542
28730
20196
19712
32377
55515
63003
58789
58680
28351
24425
21489
16866
50078
20203
50158
1701
50834
24363
36439
21867
22818
52925
10650
59687
29915
19452
41742
59725
41709
7098
51024
49928
25576
33456
13924
56837
33307
57866
13877
16296
31776
43674
65216
16189
15924
43671
50542
48031
14705
534
18236
41246
29283
28353
53574
48751
1597
50473
42603
3699
25252
24050
