22524
31350
53628
2818
20494
55935
16468
28426
37237
43522
60502
51067
26890
14169
4467
20986
22360
30216
3235
51775
23576
17915
22943
418
22680
38889
62846
26852
30218
28425
29448
21512
18104
45467
35247
19440
47452
22771
11334
33163
21909
36518
1004
18823
16651
19580
47855
8250
1239
56170
18211
38043
45717
48320
34265
37530
52952
51256
28510
61020
46695
31295
19817
23144
45415
20154
33053
20584
30524
18982
58430
26901
44641
39401
54634
40372
551
8303
15839
35252
16371
29141
11560
37593
12912
25580
36075
54160
32291
8219
33558
17088
61273
38345
49876
26543
61990
53446
39578
13283
27727
12590
35022
16436
10561
31136
550
6152
12648
44621
30377
23738
27375
38346
38298
33253
23471
22910
8816
19273
4300
51486
26740
47152
6465
57621
62308
58048
21209
55804
50405
16413
43322
38892
33404
36964
917
30700
25300
58737
16773
35091
34464
22869
2760
29416
34292
31608
20003
16945
28625
39878
49416
14793
6877
51636
31754
48242
8711
34684
33865
44041
54728
58633
21886
53928
22985
4691
61928
65277
25476
50183
26571
63753
31975
46129
60669
15797
29829
4165
28698
39404
44502
57497
28169
31111
9772
9897
25493
57570
63802
32214
43263
40120
26122
37419
46089
26904
34692
10060
15603
25067
27536
9556
24055
15803
555
33709
1224
47084
28333
21262
22896
8191
43904
35300
17800
32912
61580
51568
18268
48678
11507
56207
1880
58964
18933
12686
32022
14795
42258
38042
28167
30792
56602
2136
51004
46359
4945
21511
23079
29741
17482
22873
34570
35353
35448
22900
10565
25577
56159
51835
63774
10949
57715
26431
320
20496
50909
60545
12782
61619
23568
52077
52703
8728
30920
44730
27923
50906
784
46870
59470
9040
26686
28826
4603
48558
62878
36888
56740
47787
53543
14388
14958
1638
28819
7958
37872
21881
25246
63087
35738
45726
60950
13422
60106
37534
52838
6911
1297
42810
2807
52758
42058
21213
45897
9176
63760
35636
65388
48508
41331
34180
14859
50221
358
947
27869
43545
37164
17083
26140
52265
54712
14391
37497
34974
37187
43376
32261
61734
7762
32791
33467
37193
59689
13289
53920
10751
40868
14926
58026
33296
60483
4768
18031
11302
33754
14048
16393
31769
29578
51826
23844
63503
45323
42063
33542
13256
11299
32435
33243
16795
5570
12368
24974
54880
57834
11190
15654
39559
29525
3562
10256
26643
23849
44306
34366
6826
23948
15999
46233
43024
58700
53074
53177
45042
13271
7511
10697
49361
43987
47407
32953
39043
6322
29049
65362
9545
36507
58169
29600
33040
52066
6987
47979
59131
8371
3564
50211
30429
8392
64072
44711
16480
22656
10313
8102
62465
21918
32030
24442
10862
28771
55801
55185
9136
25422
50152
32025
3424
14923
11510
13769
24478
18735
54009
33440
54554
32697
9887
4624
9945
58956
28682
60467
53776
6922
60236
6160
41426
21657
31128
14435
63504
39811
27982
17125
33945
65151
59977
506
23424
8453
23851
2663
7453
33157
39813
14752
17815
20403
38057
47428
9065
36773
53405
54913
18704
8208
59117
12448
39593
1161
2875
40235
34469
17225
57711
56812
56231
9819
48503
5725
29456
21814
1600
53174
23099
39053
65462
30136
33941
40377
63164
25405
64956
60209
31047
22587
1040
334
31998
9012
54565
35037
41440
55793
26396
42797
6578
63382
65233
40489
59851
61113
329
62625
27478
39424
55120
43576
18936
19774
54555
19336
42294
48972
32566
61918
55521
9534
65470
63300
3363
3770
53950
1060
4399
63657
25620
25098
46995
50965
8913
15480
45325
57121
33687
62481
13109
19518
8002
403
18204
33287
22294
51386
58993
14364
39538
24170
32737
52019
1162
37236
32999
38144
8490
1828
18223
1290
25616
34960
5136
5585
42878
28383
4103
63683
6925
41464
42348
43806
11464
41489
65248
1095
60223
33966
9531
22509
42158
32304
50800
1415
56913
22683
14241
16811
23393
34306
38447
18362
20763
59496
41427
44288
55779
26651
11114
41613
9339
58759
38370
48299
56051
24804
30968
22066
20758
47978
9997
45244
12053
63373
46786
56394
28016
50540
34968
50362
44688
14896
13498
52637
29374
10657
42730
48820
2920
22744
27472
64049
46439
7392
31417
10118
3344
22051
43833
34727
61906
57735
26391
43453
48103
38103
29079
20231
11844
50406
39840
47011
46426
25831
39081
1098
51077
40750
20883
7567
47880
30161
5351
20456
19512
24416
65093
58065
14480
58349
45578
21439
29776
33960
9880
42704
64993
55232
4071
7059
60727
10709
21195
64597
10413
7925
3239
40897
24860
51932
30970
27815
34382
39644
40164
7588
284
7318
60356
53671
18807
45312
63955
17450
39025
29051
24855
64428
3330
52552
29773
25901
34680
37316
7055
16704
55210
62323
18855
15310
22299
35614
52607
62906
8246
51845
56215
10546
12727
23094
25856
15409
16238
17691
38032
19617
25631
55965
11658
39784
64980
40268
50598
7530
60218
18891
6281
32221
46165
33520
31587
58088
49250
23971
40593
30266
2246
37578
36222
41113
45565
42951
44192
1705
48844
65461
17969
37577
26779
47083
12495
61652
34736
3822
26883
5627
37172
59783
58975
53990
10223
28437
35849
57449
17030
14847
13840
51692
22054
9071
33411
3754
30189
12283
20041
19741
51918
42580
56688
60194
1659
40322
25803
14842
63675
46711
9910
1711
51363
52766
36124
56870
20600
12131
15120
10174
53063
65214
26133
58918
40558
3979
12928
19786
44742
16186
57618
33147
53008
54061
44830
52586
55008
18970
65296
30095
16432
22171
27651
53102
32393
37515
14073
13251
40130
49798
9932
10807
35457
61622
55011
25222
21126
13183
14484
36194
44750
17208
27658
22052
39280
3538
3970
53462
21375
12810
57794
1972
42800
12407
33498
39198
57312
44816
52484
22465
60602
40814
14070
54912
25221
44286
36627
65310
65376
60929
32588
17359
35318
213
8277
58933
53997
16758
8187
21271
58307
61050
12657
30528
52164
9535
21371
32603
19920
20189
28821
4302
4809
25381
29614
24323
10502
44593
59126
24392
59433
28831
65487
29454
23810
53334
55221
32212
59831
36643
45944
10185
37633
21507
40122
35952
35311
50004
33795
22876
64057
32853
36997
61486
45702
27485
49803
20298
64055
20285
25227
39493
39929
38217
53688
651
12460
47486
48591
54684
43317
1667
31907
47945
17772
23538
24475
51472
63735
36522
35553
56974
58506
43332
4661
17204
7373
7020
36769
42599
18124
33894
31358
6272
414
3023
62315
59819
43684
47659
60268
30902
63807
34323
11107
27669
642
36384
38510
59369
23326
37732
40772
7100
55069
1814
7786
11952
46229
22851
10422
15376
21134
22574
44372
50730
17170
61544
12111
37724
46875
62737
50486
58
34668
42993
172
37041
27588
16819
644
23134
35437
55418
49342
42406
38897
29643
63290
8278
64354
62888
57571
58283
13964
22020
37540
52843
54876
6963
56673
11431
52763
32429
20090
14368
63483
37777
15949
30128
65352
51387
45365
679
52069
21429
53901
24380
38955
5874
56863
15661
27364
38308
36131
9744
20546
52690
38036
53340
44466
24615
28781
24633
52514
44152
17508
5220
21140
63480
58468
59445
62100
24292
54372
50787
47876
49812
36353
33892
50337
14669
13149
30457
47482
20454
1185
41611
8010
646
62061
9900
40098
19491
45707
45015
62086
29348
51582
21426
23748
64178
10420
8457
48163
61859
18810
3796
1027
47472
11727
14949
3068
29796
49649
23812
50099
37524
2132
9316
56721
25236
64168
660
45716
60357
13412
41544
41620
28594
12123
61435
13024
33094
58165
22163
30032
40500
54295
5907
65079
12124
61647
9054
47250
20637
5714
30450
28829
42065
5826
72
9888
7497
57012
23041
60700
30012
78
30210
36534
60296
29451
28961
40667
41713
6673
11446
37061
4323
29619
27742
8342
52859
54975
58267
4873
49244
21131
62091
50740
7378
16709
14909
41606
39740
9756
17729
53546
37510
11983
4398
47251
7357
53485
10736
2472
8861
13030
22814
61257
50729
50670
18745
673
35859
44865
6360
47376
51572
31179
17345
64197
60348
24377
64713
13139
26597
43387
32467
22363
16470
25859
63795
41265
46390
32479
60813
60262
39572
11187
38079
63163
13941
62632
56861
56621
50495
15269
63215
54603
324
58847
9033
23524
22028
44270
4448
26903
62596
42834
55082
35052
50802
10262
48904
1819
36697
59176
33374
3289
42006
63642
49560
38985
38078
16235
22927
18881
10068
33814
30208
44962
4277
37598
945
59722
8508
44079
15416
1084
39118
22402
35558
30734
9894
59125
45776
11133
36744
19520
6445
40385
27660
62426
6767
39291
47143
2130
20045
52688
22811
15994
47388
62593
15321
38064
25709
8779
27459
12212
8585
49718
31767
16971
35975
52621
566
36383
18298
4130
62446
9027
33644
15766
17462
10553
57505
43079
10666
38717
6704
53359
26411
32779
41109
4256
52785
48294
52422
44245
62156
35027
34466
29245
24066
45326
24332
64635
15526
12481
60719
2725
19229
57615
60361
28710
10194
34165
24613
50767
45478
47559
19303
53247
49775
23579
53291
42223
23690
49841
689
43114
52086
41658
863
14301
28356
54644
39776
35838
31440
49727
21178
37352
41012
41096
3140
2465
53605
56368
11277
55594
53178
63899
35244
58749
30083
32746
10557
63878
52537
53342
28728
478
53705
46134
49555
14250
2187
40687
22405
10230
10064
65036
64166
22338
39955
33230
35061
5497
10479
28538
56680
22312
37889
2782
61360
17409
50114
29966
43296
46901
428
60141
34767
33325
55474
41323
27671
45610
39071
61607
30753
55781
63885
61537
321
61779
26568
42662
3244
11086
29490
10195
4260
61386
62619
36012
17137
21879
29279
5524
15801
42990
24584
22081
52270
77
50808
58201
6495
58153
48192
25123
2987
18716
58735
14758
30445
43487
23100
5696
16703
40886
52832
51936
10883
570
40226
5768
34178
54168
53035
60944
33628
51045
59466
54939
56471
56421
26696
24234
15616
44509
20726
57879
50971
6841
43996
33039
51907
23805
36388
43791
38092
2603
21577
15690
58536
33655
55179
39528
12030
57918
54997
18267
55504
58488
59799
59544
54363
299
15888
15764
52839
44731
59189
27413
14880
56594
64353
39102
65091
15621
36540
13220
13262
19672
43051
42076
57660
27663
64957
34895
39099
30020
48410
15881
23052
61501
40237
37580
28428
39535
58126
33010
9273
48367
19177
2941
58286
65120
3628
14492
13873
7252
58600
50836
12265
2271
51239
40910
50799
36663
64566
40227
22306
36546
15004
22510
45006
28259
21083
19393
25960
36300
13927
26853
29304
20972
36825
25834
38730
41563
23880
33640
52339
58668
5054
47988
45249
50253
42437
31859
196
23887
10242
2092
57135
5841
64032
63355
52427
6919
59518
56923
52293
50280
11875
56738
26695
59568
12828
24094
60707
10462
31864
3627
57608
12169
60582
8521
11795
43195
28245
24588
24285
37180
8183
61275
50451
18934
37156
62003
32397
20315
16469
23466
42844
52862
63514
60717
57058
62521
22903
40478
22307
5688
51732
44110
5247
37735
8462
4019
25558
43129
65060
39944
64568
29135
22480
50287
43271
34904
16640
2530
51159
38783
29253
62964
58876
44726
10749
13499
23506
49871
27064
52287
12502
35795
64947
51952
603
14497
52283
63258
32155
56579
33409
40812
20446
353
34159
47716
28349
28645
3774
15495
2435
15929
16991
36227
15897
38779
65498
21772
10183
48401
59810
16655
41859
33686
2238
21606
5933
34839
23078
32593
29666
61904
53442
34056
22707
43190
36692
28127
17867
27437
51338
22415
32782
58085
61233
56622
12937
24703
287
26312
14046
14487
27614
42621
50966
6061
34024
7387
60508
20989
42560
34660
19415
54969
13258
1605
38344
27748
38312
36637
32758
48940
5853
44138
50830
11498
59244
20874
26841
20470
54110
46443
52844
25496
37475
35084
13822
10010
36960
8605
42513
22205
55052
58416
16431
62173
58231
45720
4114
59137
2270
48963
3033
49454
21532
53806
28501
27416
48497
54707
60072
21142
55472
20268
29474
10136
29655
21361
4378
28037
18423
34162
59309
41252
16298
64672
9636
32551
38507
58064
30051
20431
51278
62998
20493
9817
14816
34339
33661
56338
53700
34817
16834
42696
30778
17189
6127
39937
31956
60601
58524
49276
65143
11769
5586
41078
30720
33488
10773
63155
59140
28079
9271
47700
48322
1800
8503
20211
41910
57601
62580
38487
41415
22393
63449
63430
9726
45266
11206
53059
25891
12490
54072
19321
2353
45433
65490
51645
58418
45052
41771
33619
21252
27624
22386
31268
37452
29584
30239
63165
8757
63179
47099
16565
20411
14199
10088
10410
9676
42574
26909
60024
4040
32550
24077
39962
63822
45045
42559
40936
57856
32150
23711
185
20593
5658
20351
57488
7383
48934
63003
16397
27032
32579
34092
64020
30783
34744
60855
63474
36504
51200
20861
62519
62814
43284
18427
26836
31264
15767
27395
37521
28987
10917
19111
2312
33997
30235
18432
25547
8978
4085
56147
55096
46420
55280
34328
13124
872
50050
3883
39364
20291
38660
50676
33928
45103
32975
29536
17560
8118
39169
63396
44030
23083
20692
9917
28434
7132
14698
18101
15876
43912
40811
19062
3435
33255
29314
54851
58499
46871
33765
13028
12865
59242
51769
14763
22665
3395
5678
32127
63557
63363
36770
26605
45376
9878
44380
39599
29979
8119
29678
31733
11368
17902
1935
37085
52970
17739
2601
2717
4388
17105
52547
36183
60905
43954
62073
50256
27521
45074
64949
7658
20511
42974
48028
58978
37386
26699
16632
54837
33579
38060
10307
32763
26653
52877
31105
3481
48705
38847
8027
32477
44352
3747
38319
24591
35976
44402
31606
30402
28176
34713
35660
52658
27937
61834
5634
32384
59994
27754
50747
42667
34719
54381
7563
31186
59999
56891
32823
44505
2868
55491
12919
50843
4584
54697
14325
10401
43126
23196
47437
11542
47147
54459
54888
60561
61340
38833
7862
62252
29883
17368
48379
23029
13375
25329
7879
44257
38842
27263
10480
8051
60603
40492
62264
63103
64368
42731
8535
16037
50985
27941
23345
39519
16487
32107
7101
57001
50859
30274
26527
27833
7451
46226
58444
7488
22660
2374
36667
13365
51243
6952
56729
62282
63317
63531
11969
47849
19845
19152
2255
39514
44498
19331
32821
288
52594
25151
30290
11387
9430
44322
52810
26521
37727
23731
4817
64729
16653
23147
55124
62459
32061
19284
29132
58652
51500
56060
292
33489
57682
4888
62043
49755
56304
3199
54553
21042
64790
43898
30698
30475
35102
22668
49975
21044
23059
51448
8597
13364
9309
3487
42416
12566
28206
10257
22663
7173
22434
1810
18470
45599
16667
5011
16054
19247
12072
52400
29442
11173
38840
9253
3702
49007
5727
46971
34040
22352
35608
45562
8279
9810
15541
32788
63401
1446
23484
35599
59764
5451
39872
37309
166
27360
59904
26943
44747
34601
56252
2423
1217
6269
28600
41021
10963
27336
40752
64734
64462
42530
46396
57117
47352
38082
15317
39396
38899
31372
44198
2322
14260
1330
17606
1708
33043
17354
1570
56998
44736
24890
55835
5532
24565
41876
33254
10171
36379
41369
5516
10812
42724
1339
54392
21491
18301
59685
32074
30658
51574
43607
14164
48458
12510
63732
26665
37512
20607
47483
45302
2861
26418
44099
59364
46716
57979
21563
64045
28204
34561
42378
48713
27709
176
17019
24374
36583
23891
65199
6965
42801
48472
3694
11323
56979
57063
64427
60097
36499
26389
63281
8136
31528
58090
46568
50974
57466
51070
4008
17190
17279
22398
42293
54960
16457
39176
18894
55422
20733
23902
47079
15544
50960
8483
3939
18263
37505
13278
34177
23798
15877
45129
26175
44916
57107
31373
13669
30599
13263
47591
44906
45436
32257
18359
9711
13865
39785
39389
39399
631
19016
40204
47098
20960
17555
15564
58358
20151
61018
38656
20988
28857
30535
50488
11217
33527
33850
30223
35242
31304
51511
47865
43613
54721
4970
56248
62450
60684
30209
64360
40538
54385
6312
50425
45462
12786
51175
47848
43585
16646
30178
19454
27189
59367
29130
39780
48645
54871
27706
39617
3809
35973
24911
35375
63820
41102
10033
11148
35979
64954
5937
41805
61673
28593
11032
56566
33587
2695
4630
44538
3607
35209
4535
27502
64686
13390
34400
26276
30183
57282
15637
18121
38086
46169
30257
7363
54774
34769
18882
2829
28096
14126
19931
58095
56872
55419
45386
51365
47672
10910
62992
33348
50958
23804
37885
36580
4891
52525
37117
49493
44822
23036
45385
50733
21039
20436
13559
26922
44166
24857
43030
11442
27690
44355
64784
62080
7877
1820
25390
3783
10016
42046
786
28947
48205
25272
1046
28327
40356
21040
24798
37567
45080
20130
53480
41630
46680
670
8032
36698
64422
56967
7952
44084
43918
60747
9326
12192
29806
36588
3392
47382
39190
32632
10923
64534
541
41341
48505
33646
49231
48714
20752
24534
34619
2077
24637
33355
4683
28210
55044
57931
51567
55271
23855
1583
23867
27946
31320
28441
21046
3600
56133
33594
18163
27793
32797
34509
11420
54086
13946
53305
3300
54831
7311
54074
35607
33606
13556
46878
38686
18249
48341
55733
34221
59854
14038
31708
25761
10385
14766
17245
41405
12106
15625
20095
59981
48049
18740
45398
10895
39724
46864
37342
3482
8451
37306
14096
5623
2067
20696
49942
37734
50022
20056
50134
43061
37851
29940
37750
63075
10948
37659
49601
50043
56801
12847
61418
19513
493
17491
55724
42965
36081
57452
61840
24852
9068
59105
40548
6353
35114
35316
44556
25657
30211
4973
47785
41899
36484
7577
12237
36703
59625
10056
37569
28824
18346
12664
28762
61411
47445
29542
4099
4835
13241
29462
39367
26005
60974
60627
58278
6280
54602
60922
7791
14890
44568
11317
44713
8576
26393
40383
26398
65193
36496
61837
11887
57093
1817
13610
43655
40312
28137
35351
1812
55600
4263
53782
63376
35241
31875
5527
33446
32419
4172
15813
17978
57907
53692
52522
42178
43649
60622
18710
36307
12309
34622
12488
20766
1569
53293
23802
40742
17700
47048
46040
33836
8994
56152
52752
52222
19385
37110
59995
38438
65323
1055
46876
32813
56428
63380
21917
63908
14102
42706
22738
38852
38602
14861
114
11882
61555
45390
36395
19076
34952
37543
56270
12230
12198
16034
37575
24120
8038
29661
16265
28359
17210
42468
21690
37656
25310
44909
58512
62160
49744
4950
29770
22167
64879
23914
22535
8276
20621
29882
11670
10518
13081
52823
5165
50048
10108
46609
27602
25064
36877
35282
25298
19408
41959
26647
7827
18413
58567
4795
61204
50141
58399
807
8072
24694
23951
34270
598
15744
52612
38008
56229
36523
5478
1181
54054
54758
28680
62871
32745
15937
9222
46503
21623
14951
28212
28321
23762
1293
45258
34061
21149
33209
53444
13887
48734
51492
29239
62661
10669
60619
61145
65031
57316
36188
56749
4037
29047
31841
38437
21264
48074
856
10084
2393
24714
22088
40222
39104
15192
50107
25566
23063
45434
61481
11320
49608
36218
7630
10435
57122
1878
592
49958
38856
19552
41000
38434
26902
5645
20419
16285
58128
64585
48984
44053
27028
9082
60665
10579
45958
18189
33336
6788
16003
24471
32966
36566
12054
20641
8086
43897
46564
40474
30121
62470
39127
54662
13593
31649
21911
12150
23445
10855
24327
2827
8093
16463
7924
254
29048
50839
5526
43315
7114
59584
3272
34664
2180
22114
38435
64249
11401
61143
52630
49996
63157
56347
48541
38440
1709
50838
3672
8017
9337
15531
56474
43921
9811
63757
21893
13216
53397
59247
45483
20339
63154
24610
63173
2440
8387
58272
53373
21273
44140
18616
29568
12476
18090
34554
38445
48378
35048
29581
45135
20783
50484
33808
44987
63588
44838
42000
55040
45890
61151
63742
58846
63743
10164
61236
50877
43110
33523
28801
22403
61855
62345
35214
54219
9268
58744
53309
47670
62090
28951
34770
59839
21702
42480
76
9410
58083
10489
5535
17710
56225
24499
45096
28918
6928
39468
25021
5529
29272
25447
34790
46421
50873
63660
29496
44459
49864
9276
42347
41951
3568
19701
6896
51478
47987
45150
53281
63612
23873
22902
33416
14170
22704
30049
61242
50953
42968
37509
14174
21190
19738
5181
13121
6385
59688
62150
6079
24084
19797
6583
19184
6262
8397
7066
35998
10683
61452
54202
10566
30195
41314
53831
23722
29242
24722
35869
30275
43911
62019
15924
16075
33725
5212
19579
55055
52769
52442
37063
19033
31688
22715
60143
31819
1610
27240
16605
14812
15348
56149
48091
34017
31010
21300
40054
12775
28982
20602
22710
47032
1762
42216
23997
63615
23238
13880
22999
43117
21018
2342
51197
33013
48065
50028
52083
39271
21389
2808
45036
45628
21906
13594
42066
63617
54757
4276
4191
3157
34786
32346
51122
23042
58502
59778
18610
6177
29011
52826
48191
41879
34702
229
54330
64157
8071
9066
63890
41049
33533
53811
2940
43645
39354
21958
13088
4285
21138
14037
28712
26130
59804
49720
29548
15475
16449
25010
29258
7093
11521
5202
64346
22413
55936
53042
26603
19029
14911
8407
61910
23173
63985
27744
11668
12014
53324
15935
8292
28989
62542
62745
43435
58611
54427
4007
19962
5771
6423
23547
48935
41533
45800
30998
3666
4001
9414
16675
21259
27656
40769
13178
22718
20964
62551
45378
11074
55848
65307
32125
60991
9137
53589
44016
22954
30595
39640
57655
29988
8841
62557
6835
8869
30375
13275
22395
25805
35565
23699
64038
11913
43960
16574
43638
7628
3677
21820
55988
47197
38045
37298
16017
14886
33800
14515
35032
47739
35070
15941
65121
61618
11196
41170
54097
9413
27826
39713
59251
28268
51749
47699
7617
44311
33817
14599
12898
21521
24096
35936
54820
54978
14789
59215
23057
40362
19398
22016
64444
30486
62679
35202
61584
59139
38044
20924
26591
20455
37533
2924
58120
13819
22550
46675
56291
47734
19463
63593
42723
10141
32942
10320
36503
26862
4332
37257
38151
64370
17747
10555
26172
20815
63511
19147
29383
49463
50439
27741
25291
36965
21305
47002
64221
49467
16149
47104
30781
33618
34427
21816
23055
11454
40680
54902
54903
50241
24121
43194
56556
29003
47441
48896
23653
83
23636
57631
64441
33513
13699
6859
56023
1413
22194
48498
11193
38764
24273
32364
7277
23086
13423
29233
44512
24850
19345
59559
33485
58479
60032
16903
45543
54314
23011
43167
30641
339
65252
13875
23465
24356
20685
61351
58168
40653
27341
49511
58375
30563
3253
44700
50706
64133
22298
31412
34889
22049
57740
54305
11716
41105
23813
42960
28587
38759
50797
29591
63213
23072
45301
16801
35741
58973
52549
21609
11113
14025
63482
1599
56952
35933
62512
47507
22238
46419
6566
19132
45993
16380
29819
62350
61521
22492
62432
37243
57463
64404
34187
64160
16070
42918
35211
48331
38773
58232
45270
6995
33743
10345
14195
15005
61860
38570
33799
23808
14363
31147
45180
5386
40664
37765
21773
54401
20810
26893
54001
64889
5579
57512
34784
3155
14160
45338
33448
62483
42029
63610
9723
5880
23024
24309
62384
10969
53730
42685
58511
15006
43964
58644
50753
63679
63092
10568
48123
48381
61222
30221
2978
35515
46603
16368
64448
46758
56113
11544
38235
18041
28818
32884
28755
6978
59372
15327
64443
10264
28330
42411
36969
14489
4975
31259
51180
19919
64867
63893
38647
50562
37961
35262
45946
9944
40048
19447
64633
15109
43558
19633
55051
37955
10325
17271
733
41290
50223
46467
799
11931
53368
46713
49343
27436
62509
19723
42268
42051
20918
4051
33387
38698
15271
47786
61785
57074
40420
42142
51810
34359
17561
9374
47153
12773
35845
39556
47934
32234
16256
27112
45829
2674
37828
55497
44039
14707
14172
23333
4217
58701
36733
37335
43554
53292
38454
25758
40648
57876
23331
36128
63116
62786
19973
36170
43104
27948
13470
22899
60291
43486
57161
24962
31777
34001
23500
22110
43355
52093
16731
16085
53452
33034
33999
51632
20993
9148
13232
40650
57549
45510
64955
60206
24376
59349
12214
23391
31293
59021
15995
44804
28873
19981
19712
65185
4915
36389
63208
61430
32869
4299
5821
60091
21415
9837
42698
51783
39161
56978
5278
25753
47882
14903
24069
40439
27975
9877
29178
10408
62622
15710
13465
52082
24923
6404
23478
47154
61790
35773
16228
38448
49802
63111
17566
6240
40271
64438
3256
38272
60201
14385
12587
57594
64718
27969
4943
47751
47940
30236
57002
51815
30992
34515
9549
63329
2240
58081
60203
32598
13261
62639
16730
17392
60509
7543
17274
43532
17160
12409
33893
20485
8275
60962
47654
27442
38541
11688
57969
65382
24882
64950
39050
16786
59780
43145
22070
38538
24352
26941
1815
58435
13359
27986
102
34602
35882
27668
38683
61778
64670
7198
40062
7293
9261
45380
20881
4183
1334
30213
62478
46502
38219
58559
48468
163
24213
27911
63295
25921
28817
340
26877
59523
48479
59767
40571
27914
54075
57068
40555
41273
2884
52955
24249
58123
7123
48421
19560
34953
18198
43749
45653
26934
8733
23582
39783
51400
21357
7065
22856
58217
34954
21719
54705
15244
54288
63694
44642
21808
16785
50527
43140
35613
22041
32236
26241
58570
15289
17873
34314
32043
33595
32187
47707
54066
54156
61799
51803
489
7225
41662
50891
31243
7547
18015
1429
12089
18848
51682
11315
44210
41515
14608
38591
47433
12044
32896
58138
62312
14650
49702
7606
41832
47390
4895
40469
8661
36342
22800
28064
18761
9854
48799
64653
19373
36274
20826
42587
34540
32278
60474
27410
49344
7643
40470
23921
32358
42699
35066
13167
54065
14057
50699
26609
29191
35313
44823
55312
13048
27817
6403
49639
36009
8637
43364
13040
38153
39407
21752
35452
50522
19505
814
64500
56519
184
44710
62695
26634
52987
38247
64148
25931
42250
18985
1253
33585
29611
33178
57578
58315
35524
40475
34108
29595
42716
13625
41352
14623
54071
20741
1961
21035
2324
17785
20404
60705
7084
64640
50185
62372
63342
42557
45606
58377
9349
40399
41892
58685
59087
40144
28684
55721
26900
4124
39184
63902
35232
2389
57388
39294
45403
21802
1032
61409
18859
53634
11597
26928
25865
15520
23816
50721
15692
3592
59114
20639
12120
23192
47676
8486
14892
56908
36648
35369
36585
95
5403
32294
63731
30027
1375
26476
57667
27156
13652
6979
17992
11239
12456
29861
12467
39530
56518
14286
35017
54270
37930
56715
2328
16128
56307
60275
61735
14894
26522
1691
23648
11248
34237
57022
48694
34716
51756
27048
22011
23668
52312
48565
37986
58718
7598
16083
35640
275
58874
17237
30465
62103
30730
51476
9312
50458
4920
20522
8737
54523
13655
26045
18545
28122
34288
34728
32926
26816
57688
5141
59378
10650
57951
37720
3845
20520
9807
11287
32520
9775
6176
62989
30175
53923
31955
42733
24441
63379
54529
43490
49952
40969
20147
34508
17329
36341
37997
1492
7021
13061
60050
35858
28166
18668
29810
57960
58766
9228
23652
53793
44956
35577
36666
17466
62340
35930
29935
609
23421
26848
2997
46836
63751
35784
54648
54083
58750
7118
32172
7618
6514
25714
18631
56439
18793
10813
25627
40562
27250
20280
56741
60809
37767
56015
41457
34142
43616
62865
41433
2404
14367
30303
24558
25400
3854
56013
15392
27319
203
9769
19775
16067
50852
49829
7279
39521
4413
13673
19562
64385
5415
56088
23978
26341
2551
2233
60824
10798
56332
20028
8675
49795
24513
17792
12200
39961
62373
50644
53718
33740
29989
60725
54522
44148
32124
30123
18632
16961
29276
26547
37991
26491
62727
9218
45424
21454
53345
56782
14275
19874
18020
40209
41424
18725
4127
56781
13711
9863
14709
7007
64532
40218
19400
18419
36665
14278
19399
19121
30729
41495
21693
46065
15606
15613
24590
36154
45048
53596
45444
55584
33887
31388
43461
26117
20432
28178
17349
16638
12381
35901
38552
38605
53824
17223
50991
29315
65216
22186
18803
34208
20435
4772
30245
31356
37249
8492
60092
60140
43088
18007
34921
39609
25711
7597
23347
43537
44656
14303
55556
23434
3644
58447
52723
38780
44557
32913
2885
60877
33624
7220
27345
40646
51229
24167
49296
54616
45112
44116
40907
57884
46608
30939
36764
6804
10459
21320
50066
65483
4982
26375
36060
20034
43985
12614
32275
4365
13876
23357
58387
23439
62489
34976
46928
27268
20800
8489
19511
63347
39412
58160
18851
10024
13632
61353
61341
57423
36704
10827
45060
43470
28688
32848
19816
9181
61903
39029
4741
64762
28897
35427
18034
39759
33952
62774
53644
42144
39744
42126
32517
56074
58124
47430
61504
34731
5160
25518
58029
32959
63768
18138
43717
36079
19472
58687
19481
51499
2597
47685
21618
2595
4116
15050
47688
51923
44586
42941
1137
63442
46109
40471
46106
2607
62683
38107
40081
21475
30224
19695
10102
16495
56871
10382
30228
24779
2576
7369
16907
33291
8931
33328
55747
31117
35904
25032
53036
8239
38322
16807
1448
32719
54544
38323
33863
42568
5830
9782
7805
57665
33591
16092
46599
3039
30040
37856
5869
27565
9792
39633
35764
36200
22638
60629
62574
22624
29005
53918
24948
39600
55978
63210
46222
64927
1904
5655
47027
60732
63506
62567
24946
43085
4496
35185
22651
43903
50365
51242
16405
40305
44304
37227
36252
2125
10649
61517
39273
9843
1112
17289
13209
31113
22996
4503
54249
31948
32531
17818
54035
25444
34397
14061
13763
57614
2552
17528
27722
16931
61473
10592
45000
11267
16915
37657
46466
26034
13622
32854
58624
16224
756
18216
12201
29360
54637
11624
51621
62980
55664
19469
10830
57418
39564
57742
18565
53552
11083
1746
18456
23398
43072
11786
40052
63507
38077
31409
4459
49594
35207
25934
37048
65326
46190
9230
13684
9500
30861
30025
55852
12503
30923
25710
15330
18477
25959
64110
54891
12277
62174
41254
990
48511
52734
26671
21349
20689
30925
49886
56567
3060
63443
19413
12734
9386
20580
53602
17522
24934
2115
29949
4494
26640
23932
56949
24427
50355
44072
804
5637
57801
21457
36506
8939
57651
60216
8694
29419
62795
30521
3937
31383
60331
60455
32695
20506
29172
26666
46473
40912
57653
26720
8699
45008
6526
57767
13937
22461
65235
22855
22647
64465
16018
26166
26475
50525
36019
41297
17885
64605
27451
18128
1597
2665
37973
56398
40041
50554
37258
27827
60398
36889
42057
26470
62495
41753
5041
51900
46557
18629
65071
23754
18033
52872
15780
62324
23150
37707
7056
38881
12003
49963
47163
55348
49944
394
31408
27147
41967
601
5004
43999
26889
25703
36031
47333
31643
39778
26293
18131
23403
37641
26379
26297
38161
38222
32233
44476
11972
39125
7573
35610
61013
43221
64218
11676
32692
32507
40453
14918
42377
49708
21835
58299
61010
17957
60756
25699
11607
34861
9911
54446
29579
25387
39754
4673
40922
815
65247
35822
26985
25190
1167
24166
25705
25965
58738
51391
45952
12699
40557
2408
49550
24171
11360
63037
51827
45306
17280
40389
56219
22076
45924
31072
42550
17610
23976
64308
49753
43513
11205
24939
62153
52036
20271
402
10521
55665
20830
31081
38002
39327
52135
14494
30405
175
13627
30795
62682
51569
30809
59998
11529
61969
63105
54432
10315
10041
55246
45466
59324
37201
57659
56589
37665
29248
18628
16330
56805
53516
29429
26554
53279
39927
17379
58463
51360
61933
32328
54950
37464
53000
30735
19012
31448
51727
12307
32403
1518
48178
8578
49815
44753
37924
7992
42966
59241
60254
2076
41953
31204
18583
26414
42774
60817
35395
62968
63427
51374
64556
56046
32850
34651
15580
11262
29418
29931
58531
58936
32405
15943
47668
32970
13308
12854
94
20616
60524
61977
47024
35958
31341
64548
13094
31977
59725
49388
49939
7871
59796
41946
37485
42671
19050
48733
36679
33186
26844
45059
30601
14596
10043
54059
27309
37929
51707
6420
8981
32080
25525
27612
43632
60723
48464
6390
58530
59211
7683
48902
28805
28123
50290
45985
26766
60677
29538
29309
5767
43116
33177
12004
44652
24136
32402
59093
27796
36240
25643
24129
42935
32856
47728
10015
10946
7104
40676
58680
43132
46123
32413
24498
11072
49369
58362
59740
46648
57654
63175
29859
49092
58730
34236
14272
36749
1630
35258
21445
39932
57777
58812
29110
58984
35698
14607
45879
53212
50307
33886
15633
58713
33391
445
22906
63825
39349
54699
43428
50776
45160
19930
25766
58247
61159
31715
42384
5248
53419
7685
30398
31903
32095
21687
26754
46882
59198
54910
58906
16455
45427
16064
14283
2074
42167
42013
17938
44277
15164
1281
57189
12359
59184
10241
21692
32158
19260
28379
34879
7058
7187
6717
43993
7205
46756
4154
17718
10735
35481
51618
4145
47217
20346
15646
35728
53382
12848
31821
26004
23968
10728
18150
31830
59731
24781
6506
38332
60896
32732
38927
38324
30284
33599
56509
11247
10673
37183
40422
2419
46368
16663
10845
17020
19766
21883
27539
9314
35676
55701
61480
53565
27848
48444
28394
51605
50933
34182
50069
36481
40397
60786
12426
7241
10044
58934
12616
36761
13628
32243
53227
42211
52134
64016
43196
31718
34903
49759
41406
27417
32338
33030
49983
38845
27237
40763
12752
39309
44940
6215
41437
9494
32457
61655
20790
18571
23071
48188
23569
12592
49208
48640
65026
51608
28580
34188
63784
55769
19975
35620
40510
57961
59538
46696
15173
31662
13878
51143
28811
6755
61146
43584
34341
45439
60095
24582
49158
46150
3609
28795
37034
34671
33413
49318
22825
60189
5932
36759
55099
35847
32455
60609
47419
58023
6968
16804
34449
16814
48701
23035
23242
6633
13005
21348
36202
14961
31443
50645
13218
43442
64525
52797
900
34924
33689
12994
33499
61929
28335
60675
45283
35635
38988
6456
58075
7629
42790
45574
54244
27158
24967
4827
45692
1909
24174
48300
2574
46976
13766
14053
4685
49164
42341
65386
8440
31229
35960
17696
47953
41853
39196
61166
4025
30866
51454
50456
7570
61131
6705
62841
216
51970
24148
60878
1134
57517
42214
32094
5077
34022
60080
38150
33684
44431
43119
61767
26209
15977
49381
8862
19929
36045
20461
53025
14956
46437
31449
46693
53847
4018
40090
9340
41080
14298
26561
29271
26193
33149
29884
40906
29022
17924
56657
29956
26933
39322
15841
35146
4296
6034
26570
42321
45768
49537
23157
36756
15530
17615
17139
17141
58191
10654
8590
52453
17205
12204
23425
13683
14739
44658
38606
61152
4650
19377
16921
30766
7231
9503
35280
60882
53256
9037
24153
32665
51695
56822
19005
60773
2497
27251
51561
24450
52140
61108
4141
7753
47572
49225
27504
50265
3455
24252
32453
33438
44627
9412
52058
6568
24688
10660
8168
45705
17054
40339
51341
6497
3787
47271
36528
42267
2242
42400
1350
785
40527
25367
46411
13376
50507
24355
22417
9444
6638
18377
57824
4421
64683
4502
37565
37554
21651
53582
35142
1107
25266
45757
33199
37344
6428
57306
30323
4667
37963
10052
25675
33339
9117
16955
12859
1544
57915
42059
9069
30403
51283
55423
60090
25188
20457
24627
7420
41572
32916
37476
30536
44493
45668
34457
34665
11432
45761
58204
31968
35989
1934
17521
51054
31134
55741
11422
4582
62359
18702
22382
33363
31872
5917
6362
10025
21890
50347
37725
18157
41943
33364
42676
1714
14409
1458
59891
16816
16357
1996
51356
62688
59602
44802
56516
53186
30834
14237
10354
6258
39044
6354
40706
22429
9440
29286
6343
19150
37715
24125
18226
10028
57943
45815
65331
16183
48296
33367
56713
7156
39250
29257
18606
10980
49302
28147
20545
3759
49206
1687
49350
32820
28909
49238
24061
34564
41211
5184
6361
59978
50150
47080
37088
56858
51576
25871
61976
169
56092
37718
24836
33891
24576
44550
55420
58553
44078
18858
28470
58202
45691
55016
48197
30823
40499
41595
17913
19081
31992
46637
16636
16355
27657
4167
43282
51895
18146
9007
26115
49546
26944
54615
39700
27144
60521
56050
56049
5899
56549
43014
6750
14477
54215
37880
30004
29447
53020
4802
16831
14897
46386
19426
32055
6033
59611
1228
35009
53195
29441
22722
12177
6267
2412
6363
21540
4555
1086
43990
55050
17964
50751
36459
36739
16744
49823
4520
42329
19153
44506
45001
54942
60432
17646
32115
43107
52841
17181
23925
50805
63469
10114
46512
54438
2635
3479
55512
2905
47432
50025
50343
54397
10169
57037
43281
37220
63203
2427
52967
30140
46475
11961
42529
37097
2626
61944
51741
8035
57379
89
18219
4790
9634
42783
45847
51785
30539
24579
3855
15554
17840
16644
20171
18797
7376
3689
13051
57640
3285
36604
48899
39471
8955
29076
16187
50533
36232
64035
37225
25842
131
57026
46556
16347
26619
3683
47753
19364
50620
474
45007
44064
53778
44121
63426
52928
39489
16680
48326
61021
3288
31103
14205
5817
52390
50712
55508
50536
3417
56675
55066
51371
10160
24585
46247
2321
7709
41746
26127
62723
42418
59456
46407
27396
27912
64512
55510
51366
63268
57199
51559
38676
64560
5084
1842
58665
47575
13344
17431
27699
44661
27547
55442
55041
31384
32072
25783
45430
50335
15965
45181
16560
8791
42617
12279
23169
37136
46636
50260
42768
24899
10298
22372
46616
32381
30865
41772
15622
51044
45313
47479
58293
117
28550
64096
52942
51941
16689
26217
8846
50325
49811
1625
30914
32626
27497
3849
45560
49949
50659
20093
54390
13237
38575
41590
29858
49489
18593
20953
23504
635
36644
45947
23775
40692
38303
43931
2806
39583
60696
41116
17346
47493
29105
10348
33838
42646
46549
17355
50552
40697
49576
7143
16866
29889
35605
47270
64361
502
55755
63072
33829
53954
47469
18459
27555
64864
29297
18999
4411
55451
43039
54027
29876
11150
29634
40335
51049
17511
7842
18887
60881
53445
64944
43109
57535
19899
63764
47577
34472
2900
40145
49345
39380
2056
2094
62743
48319
9417
21851
48520
35813
50020
17157
60716
52595
50429
11410
39621
54587
33206
24091
49305
21674
50282
3218
54927
30154
41361
32472
50635
57945
27401
43353
35336
18987
22007
33386
4660
36052
31999
36312
52772
19991
54373
47403
5320
58971
31781
22119
40021
25448
39206
11760
23757
63788
32773
24482
12954
46685
28898
21238
62748
34127
21221
36133
44590
21377
29227
57439
31333
936
31849
4113
32965
32301
35453
42571
40502
55885
65223
63016
10642
973
14016
58715
40146
6627
60787
24486
21342
22477
9926
19659
5321
13065
21224
35364
31791
13064
49451
53141
31336
49928
32024
9456
44634
19926
4566
210
29689
3247
52966
41123
5831
42450
35923
22470
45225
22701
52384
33429
9389
26530
8179
30567
38484
12093
11285
20452
11295
54296
22935
29228
2355
41255
21744
9461
4781
42311
2314
58007
62733
39966
14355
9972
38716
32561
36214
7896
6632
8624
37768
13577
46795
40887
43294
30033
5216
2931
24074
48329
30298
8104
15174
39707
8395
25005
6206
62526
34139
18621
29837
49066
24112
10848
17677
38277
65482
53197
52707
9896
22197
43937
15315
35227
62476
6941
54304
37483
57790
61052
16589
45248
59653
50705
5833
23210
41774
40365
9
16587
57590
29436
59658
8872
2743
18501
15610
18213
33465
5383
2057
20676
60852
40133
60302
56756
23646
48415
49866
54098
60284
61540
33888
55806
22505
33474
33126
7421
13918
61055
19211
51330
13001
6137
1596
63783
45756
16928
32829
30789
53371
37559
1673
31949
15656
38549
31187
64878
23482
7720
19070
14137
7608
22802
55985
38076
41357
10291
11138
37302
65066
56930
50801
48524
63274
25928
36891
56244
2063
4600
42094
9446
22532
30190
29342
44899
13194
23985
14939
60182
43234
19522
58840
25395
43297
61
734
6887
31679
38244
21214
21766
3606
37441
60697
62711
64330
35345
60369
56624
63925
59495
59179
64028
46912
20026
21125
26384
24202
14155
33815
52012
55265
20104
5924
32818
61958
30230
518
15871
59905
36346
20998
68
56992
49670
9824
35058
56851
14658
57227
69
45673
63270
41577
15809
26473
56824
49764
34337
36411
25193
32073
39610
43765
63554
50215
33353
27702
7568
52470
59100
22334
58218
64573
40737
33354
48182
24200
48651
14663
41030
37555
23996
25162
14135
50621
51901
24207
61885
5893
5701
48010
25161
24762
38067
30541
43851
51825
35796
41649
7149
25265
4681
55872
58649
45745
61644
16522
37553
27919
14470
23570
41983
49123
14132
5733
28419
38071
12390
38850
11777
43037
39595
9002
46263
40911
47822
20136
24603
24593
23039
28859
5201
28747
52697
26372
63673
49398
22080
1050
28779
19032
64228
18303
65357
30142
23585
2052
23034
58187
60987
27578
49198
37878
60198
54440
22204
3412
39606
36683
2429
21350
40234
39965
60098
45686
48768
25706
28256
14130
17217
43818
37494
41033
38073
39771
1906
38068
60872
36956
2070
50918
17014
65256
14133
36957
21122
4138
41194
9028
43761
64693
46063
49747
14010
24193
63747
46194
17021
25767
7296
10214
27297
53318
26702
24329
50261
14085
160
41604
15560
29665
15272
59531
31542
59442
57550
6283
30711
55866
9047
21695
54468
20083
28133
48695
22495
6517
39984
49104
15777
45102
24272
2079
12582
11006
48265
33903
23586
46655
8425
8172
55501
20525
32969
53224
8412
33890
7356
57985
26039
34227
22786
2250
31591
49847
51700
40849
57206
39116
19493
46634
56213
35251
18381
29961
44858
54360
37411
62140
60441
55071
61863
44594
26467
34088
27711
37418
37409
7509
61676
44649
9905
11522
906
34656
41029
32245
27616
26531
34897
44770
52725
47317
20229
11005
60866
40386
7915
10995
65048
62705
35890
64333
5492
58409
47910
24164
38756
41332
28476
19688
51081
51221
28265
23148
63712
51156
57084
21181
58983
7561
17037
23751
21170
39095
61271
46156
7096
9146
41661
35334
46881
701
44425
58642
47246
2833
26477
2772
53513
48821
42831
22489
37916
19200
57127
46208
47713
62578
24275
41702
26114
18003
34044
46941
4747
52993
30929
7978
59910
39430
45798
54739
27041
57995
18099
27291
34367
59663
31021
22498
60273
64553
18548
24420
56709
60823
50411
34233
65003
4669
61972
64551
44440
38658
57200
28521
58716
24587
53207
30791
58809
41840
20609
55822
5424
57289
55435
20781
64977
42791
47692
23829
61800
53349
37242
10246
43853
45346
23334
20950
35287
47691
59546
8411
23332
23356
22490
63725
12887
39496
45116
61670
28479
10956
29007
47033
39910
1207
63263
47465
26236
17330
17770
43458
60066
49095
19203
43587
13270
53290
179
54745
37934
23001
19956
37182
2985
54956
7197
62838
6686
13841
54057
25192
16230
15198
2274
55823
23007
7334
45884
15099
42047
52124
6340
48699
48440
51751
30959
15556
58593
23294
56309
6224
20846
2062
57541
48567
55417
15757
15119
2047
17890
60089
46099
64298
57600
7989
61909
2160
60953
64768
39612
52112
62714
11516
7917
44894
11662
51218
4976
11742
57881
29129
5546
34906
20488
44774
57912
53003
45003
38837
34567
30994
16643
43668
1910
33441
22630
20129
63624
18603
10268
65291
59515
51320
6367
60093
11066
64243
32712
60083
39603
26464
34720
35902
28270
1151
34659
64253
39613
33597
36858
30047
55690
26306
35602
58634
58842
55692
56132
33612
1784
36653
55786
55788
30143
24968
28715
28699
26479
44006
49382
43842
39615
36512
24636
5375
27452
2163
48593
28891
8682
59082
62141
49853
35151
54531
59002
60566
60518
690
10598
4462
57181
14636
17133
42744
49842
46097
1138
63412
47695
20251
36444
46098
44662
3360
44320
1149
63534
1146
24101
2600
47683
62539
21579
1099
34566
47636
8763
43664
6800
29243
58344
32410
46155
17580
26374
50251
53819
10742
36694
17904
14328
37025
45687
63926
13686
48200
9362
12870
19507
12076
588
25694
41140
34281
43767
40398
31490
18847
46008
43268
30974
15170
62744
13897
58009
56663
28590
44434
35623
47029
50286
64322
22483
53944
11235
56363
51219
15113
38777
47232
49527
1145
32789
21614
57603
28203
62647
50359
2848
47976
48601
40482
51929
48778
51082
30886
51073
2166
47287
36788
43808
17385
51673
46403
35749
43940
16922
31209
16925
41761
34037
43396
10509
16422
58284
20484
39268
17901
54877
33616
35914
711
34747
45587
55670
42286
30080
31926
12121
5674
49199
34141
22146
19706
5724
57919
19677
41730
31598
29264
32541
33727
59772
5770
58352
54572
13212
54685
58832
48879
32451
29785
36129
41813
49514
22202
51556
45322
11125
942
17545
43288
22889
60832
22537
44501
63370
39702
42650
1273
44287
61942
4766
16242
58014
37171
55148
49242
23241
2090
28296
61232
10745
62692
31585
50502
126
26020
1355
14225
46363
17724
24393
7095
42262
7534
13199
5155
18224
36335
10165
32841
56732
51526
868
37375
15650
3077
29236
22859
38191
278
51885
1651
31240
18767
8715
16204
35438
21723
15938
4953
56875
1243
29312
29195
26279
25412
26513
6874
60230
18195
65406
5829
59417
28078
25398
9630
829
47166
2041
53118
51405
22255
24736
25446
14640
5059
27808
30527
32921
49435
57240
59673
34452
6478
53077
19515
39460
53105
10621
63583
14467
58547
26290
43831
22844
13805
50610
9208
64690
54621
34624
46722
57513
63805
19550
16270
33856
29613
62161
30348
16284
21210
16705
8732
53623
730
41739
49873
45028
41161
38685
49183
6814
7928
28725
35131
59592
19744
9201
40174
22841
2202
6528
4759
58557
5346
40903
45537
60926
27414
12229
13630
46431
23449
1338
52597
48330
48729
6567
32709
1184
62785
1558
52122
35766
60086
828
56691
23807
65251
37686
37039
50166
43920
18966
25402
14371
62768
13726
59279
10304
55165
42373
4491
6985
61433
40993
31982
38433
52897
46282
41579
31120
24412
36661
61614
58682
60569
58788
18824
46626
23991
30039
56538
40095
48001
28
31176
47831
7042
32954
1521
18994
29781
37721
1994
9989
53635
17090
49319
7406
62717
41801
16354
31561
35570
21809
48354
7350
54334
20033
44811
20581
1598
30843
41419
10363
16182
53065
36391
40715
30316
54700
56634
4640
17951
22884
40695
19206
38737
22022
23012
946
51668
41250
25953
31535
16650
46683
50273
12638
60161
30011
14986
7163
52121
9639
63862
53297
20179
20677
35995
38918
2266
899
58041
3636
22530
6699
21310
24147
4540
48979
65320
18449
46587
10303
47599
11039
57292
64616
7695
57558
59207
45746
25277
8273
10166
64518
49121
41650
62130
20772
23709
56510
13459
39223
57510
54355
30289
21222
53899
57366
35133
33042
273
62182
8843
32749
8475
44085
13244
52657
58673
15130
6076
1463
13916
57705
5785
27771
16279
50615
31183
32849
39954
35276
19244
8871
12858
64922
51037
14750
47070
14865
61245
60690
55888
59662
30990
49236
11218
50917
55645
31829
49568
32399
31354
46546
5539
42640
48041
41540
56321
37729
57013
26794
41104
17676
34662
17931
31312
4249
10653
61115
50155
51792
41453
6629
33459
61003
37691
54509
55790
24933
63580
10117
9948
54356
46631
16983
15724
28549
59951
58856
58966
4695
40106
33517
35928
36463
59330
40184
50117
60075
28555
18692
15802
29780
28076
49347
33504
31124
5919
24324
42643
3830
56827
40964
12293
11226
29740
44813
15375
8479
47189
38615
22938
44071
47274
15364
27829
62635
32140
24333
40198
56879
31338
37499
34252
45251
58873
51640
13060
25211
11617
43254
648
13071
33898
59812
17981
54959
22534
17671
52220
28958
19709
19220
12276
53250
5463
14832
5189
16179
56330
59320
17328
44499
6132
58050
35434
59543
15792
20472
48129
13217
24589
42446
31029
14185
53650
48408
17136
46217
3715
25271
30244
29290
30269
31588
58741
21341
37564
13222
7861
12863
5676
54855
3452
59196
31391
42323
6865
19574
15735
48851
42631
48048
36472
40111
43264
4564
8378
20053
15894
2073
39715
58044
43547
41908
13391
6431
21023
54809
40231
11885
50754
389
45614
38189
24312
63459
33669
60982
42379
48603
26169
56290
39077
19369
45234
63550
4482
37107
39611
22728
61593
31167
15116
3369
14357
12831
56526
46176
42306
387
33906
21769
47135
36219
33398
49777
32197
53710
53807
23369
34882
57355
8546
9469
47519
20867
53931
6200
30666
46004
20008
50073
43878
50831
3967
31432
16404
1567
48307
46185
2947
5173
42598
48598
51311
867
12135
44464
3096
23832
43220
36784
45261
45502
40981
61014
43524
13709
42253
48075
16426
44836
18186
10198
14112
38744
63785
62729
1469
7138
14403
6999
23136
39449
52215
12216
48162
9093
46658
63177
9344
33572
43217
20265
42561
64904
38371
54717
64088
11021
53106
42129
56843
22064
47895
50402
46361
7077
6388
36787
15958
47997
24936
33468
30056
13706
46183
18430
56838
48853
43741
220
43787
39555
23872
56720
23998
41518
43966
31579
27715
34154
47825
19743
9098
32609
44056
47402
64799
61921
38218
19195
61394
61980
64305
51071
45488
6372
13134
45421
43273
21901
37561
42751
57924
9140
3964
64991
19291
23769
61648
6907
23507
20959
45670
29202
6049
20241
55186
64979
47492
37213
23509
57787
50854
29869
49086
18602
65227
12496
1706
904
61234
43454
12849
22727
44077
19803
5982
57783
42098
52502
39930
54140
33633
34431
40700
559
59313
61822
27935
14724
16882
30394
55093
42080
5223
18088
51524
30874
49865
23984
15905
5358
35122
11077
57515
27433
60742
63636
22469
37913
34350
20723
25990
49118
11003
26170
29541
34343
11092
37759
63200
21831
42579
52119
10643
58602
17227
37983
63909
30936
16759
31247
53384
243
30952
15504
48447
10014
45953
25512
60585
58157
14602
49852
38405
46625
16604
30169
20316
695
6479
29
40992
35980
12475
50401
39662
24669
40256
14441
48973
47461
11095
63206
57380
5086
21319
64688
38463
16724
55121
51869
39657
57751
64340
51093
47633
18840
35836
12600
46305
10388
28903
61876
49636
12544
28275
43577
7898
51235
39614
27205
33929
63798
18005
43087
47899
62560
37628
51210
51921
12261
47398
19888
38705
36533
57376
64491
40561
10370
7931
60299
49348
24719
20235
37058
39243
43052
8113
24277
28048
24278
42957
29378
22485
42732
62781
62441
20955
56243
48819
39616
60077
21600
41718
58345
54185
19136
60618
36893
62234
7051
10607
34410
38861
43303
49106
41781
16939
14716
1275
7180
37132
16005
41828
58313
23127
35153
41789
57675
62514
24888
56647
58410
7028
28542
26178
6486
51038
4745
58994
63322
12880
3250
34581
35789
24432
50931
10375
20227
9625
33911
23116
61281
52575
45357
52599
2587
26466
37868
35157
42112
20769
63519
27501
58403
20770
5373
56655
24015
2195
39231
9041
41459
20889
42301
63212
39216
1178
13501
50682
51209
53911
27738
64588
43308
48628
59769
46078
47460
50782
18551
55547
35704
41733
39385
60538
21442
11237
31717
65172
48700
63386
13264
42949
7752
4994
20417
46070
35694
26035
22478
15786
16777
57678
41958
12593
26793
52173
5902
38853
23291
27271
30199
11520
15102
25764
9381
35833
48081
64343
13883
49245
38333
21344
34590
61091
18816
30479
22149
64153
31703
64880
57236
38325
5353
32639
23546
60960
38352
65428
11672
28113
55760
15980
11188
7910
57952
5074
43560
49854
44781
48161
28351
31493
25760
51978
60319
42312
18431
10071
848
44859
47638
18487
10379
4846
60875
5280
37667
17096
49078
61577
10455
48604
63918
17651
26037
42143
10005
10128
36207
20690
36147
17872
23235
35681
50631
27415
5750
21982
2744
59005
34049
43746
56893
4420
2759
30504
54328
28861
30451
63605
44636
43716
42166
23104
28636
59491
21863
49162
57083
12468
18728
36874
35760
33228
12037
13690
20010
11738
24492
14533
42237
31237
15371
64600
35218
5970
218
16584
57077
28677
21186
10205
59801
53418
63844
12758
11141
60956
43336
8898
39284
11036
43098
51588
34669
45956
5105
33515
51882
24032
43738
1412
38932
39638
17134
42515
53708
42735
63717
831
15266
18671
42123
50145
48594
27976
12040
50100
5730
10694
34132
13152
49165
13718
47488
54245
14051
14931
59677
38199
49905
44943
7981
52080
26064
8960
702
38684
16833
22244
32610
8465
31263
9101
58211
9832
39115
6652
19256
34084
32988
10265
40049
12958
6395
30997
37998
62823
14291
30731
1450
50236
33693
12537
50103
26125
51979
11990
47540
20450
26984
11734
19043
41064
19811
33122
12951
19937
29885
18573
10651
11973
17813
31457
18069
50433
28429
10833
14015
60571
30965
59073
38369
64723
39607
3351
42669
34131
11744
58281
54260
7190
58020
2040
62356
58708
7341
48572
8234
45758
51896
38679
56121
60289
30877
29010
30120
9702
61126
7431
33060
58625
9600
33586
39688
4174
23774
33095
24107
12764
63465
61391
21192
56541
2846
35692
54049
21791
17821
48121
8268
6682
2405
49940
36819
52883
17480
2174
34757
37279
11224
8126
39072
10834
48709
59941
28156
2958
45358
26395
9586
5752
44009
25034
56340
20150
34749
1899
38875
29559
49600
58327
6022
28447
16712
40046
45877
62922
24118
14605
51584
16339
8458
27220
59090
567
32995
60575
33389
65364
14643
29609
14829
34083
46136
64203
35875
21939
41137
1476
43429
49320
63160
29414
3981
4329
23926
55623
21311
788
41264
3097
18236
20542
12885
26450
52203
9370
5976
32523
27051
15993
20202
38758
54148
9812
40228
34780
13682
54242
1091
46937
33200
20407
43935
41319
12043
42324
325
38763
10838
45167
40233
24653
47731
33641
55981
3958
39313
6045
21353
1913
15108
63611
38753
39703
10381
6659
18278
2569
371
33133
25574
17950
64273
16488
57351
49471
55340
10729
57936
55712
9368
34115
56201
21624
8265
38592
47290
174
32713
30160
32558
49022
35895
62467
40743
24887
10376
42298
12239
44612
13512
47296
59938
1936
20159
54322
10991
16760
24992
52348
26442
39708
10250
44549
18843
45094
34765
44183
25568
26047
11324
29008
905
8621
40023
22290
39035
24859
4362
6808
14616
47436
53673
31659
13513
19480
22219
43625
38335
23360
55628
59235
22313
55100
5671
42224
45330
21706
18759
14603
18760
27199
35024
4168
10013
27179
4919
34390
33005
60560
44323
49976
21302
12504
31104
12513
42938
44996
15523
55571
26724
62445
62976
34301
12374
36000
47536
47604
8707
24884
41780
25555
55696
43438
36868
50116
37374
43777
64646
59459
62819
37784
21968
11181
13702
62413
13792
60685
27076
50972
41288
1080
4849
25972
48748
11046
40600
25806
9182
37311
28608
60385
42149
30661
15036
42009
12321
21888
33998
37779
2420
48014
1592
37527
23657
41315
54909
28003
46697
7929
106
48742
26386
618
51814
36026
29888
64759
43319
45744
993
48089
60168
58388
44980
9170
51635
8224
31095
9741
40861
5811
9856
25438
28664
51653
43793
57385
15354
30060
34080
45492
37304
56432
45838
1733
18493
10947
56508
45645
56707
63723
59696
12473
38177
33990
9281
49036
31145
17683
63011
42157
17338
44069
39802
65045
51436
51973
18721
40265
61122
39369
22039
56022
64732
40259
4798
35542
63936
17468
8421
1588
50660
65442
62219
4356
10373
60946
45075
31701
25828
4636
37826
49047
24343
17036
36123
63447
21531
20674
26906
52089
57967
44413
6660
63604
49807
43888
20859
17684
52090
12154
56883
37432
9203
8105
58336
58953
34686
59255
15427
39333
57232
30227
49054
8
10110
16087
28768
13954
51031
25076
57670
23945
62400
30551
50024
21894
5145
23107
29204
26449
34756
37833
13537
38186
49740
3384
40853
29327
27825
5455
53914
15298
15513
31001
37487
62987
8924
10245
10475
38866
62562
26283
9280
18025
56644
24470
28691
17132
4780
368
38295
28696
11995
33509
19461
59092
63650
29244
1417
37299
20364
22947
64779
35934
46010
2144
63454
23458
65289
10469
45817
36086
14054
9619
63950
31155
55927
14101
568
17072
13568
57184
36872
53156
7639
59157
7961
13629
34294
22174
23223
55619
15001
56319
53044
55194
2939
17248
24725
41637
9226
34555
16178
39093
36642
32977
19158
20949
31616
52760
47023
56031
26569
64508
33554
55990
1157
55681
2969
19665
30716
33784
38410
53421
19339
34202
25280
45538
21933
14745
11616
37791
18080
59023
41504
19700
56685
31334
49579
38309
25290
24156
56799
28126
417
13626
59376
53727
47063
63949
64086
118
26255
61804
28319
3806
14378
44725
42477
5576
30643
40293
43797
3737
15331
40283
46308
37825
52194
970
28358
9089
48107
18900
34302
60358
23213
19640
38373
2291
51305
25838
4094
25201
20277
25801
16757
30655
37126
3336
20449
48069
12580
53530
50529
6871
558
38666
58470
27359
11053
6169
24072
42769
27072
47503
63980
1166
8554
27865
11017
2200
4521
21257
53271
47489
56411
42556
30152
22472
53622
50350
63977
44341
44191
62638
4023
8952
1192
44444
48436
33881
7549
32303
26567
53144
21165
1367
52233
47061
46133
39413
32239
47332
59388
24476
23412
52206
29073
14346
32565
52165
5019
22330
9783
12597
58932
2044
2206
8389
44818
1607
24794
15059
36120
28910
39946
58863
55253
52649
27081
1666
26058
9130
19756
39177
10967
18651
44699
3281
13662
29688
60292
56284
21677
42037
59655
39083
17477
19164
1745
6641
46132
52972
26785
764
46845
20911
43444
25086
50400
28241
16216
26683
54792
47329
43447
40040
47381
4458
6787
13732
15750
10893
17594
35208
25289
3687
36538
16482
18570
28399
39440
33978
56420
39331
37221
63856
10483
63340
34542
54108
49098
43019
9621
25935
31061
38923
23131
14059
13290
4527
53017
23787
19668
7782
50998
30021
23045
17433
51257
47998
65194
53583
50849
64051
4734
50461
65202
13131
11137
19086
5130
27957
13993
31200
3316
33359
46651
64522
62858
43413
13004
1946
60512
64992
37371
39202
17773
27317
19166
31468
56062
27907
12252
59961
65177
60721
44321
56333
348
46955
44561
38020
39900
18785
50247
56517
20327
5258
9947
3686
62536
42205
3491
24930
60188
3945
37816
25160
4825
40430
9706
34214
21116
31053
26165
36933
39199
51677
6646
18703
54592
9212
59901
54579
7428
38567
62475
40034
63137
50058
1170
13197
46830
33318
23195
47630
25164
46435
18052
28012
11782
63291
33511
18379
6205
2546
59704
36098
65112
19295
41087
46215
40753
15807
40483
26730
49596
39760
63448
44448
57163
17127
54053
8437
9343
10679
65030
47125
4839
971
51163
40485
60367
16919
47123
53011
42972
54575
57609
30891
21582
43130
46415
9767
8269
25735
24098
42113
23836
48484
9295
9890
54805
29772
14218
30634
50311
42204
64774
28885
36204
13034
16358
54576
35671
24770
3940
30082
34070
27855
61093
59836
7263
61260
19479
40427
38559
18304
47854
25159
6438
53693
11127
18368
30690
25085
19333
52921
29142
53748
64296
31037
50339
61669
28708
24109
63261
23766
31491
7666
9305
25333
22556
57844
44881
59455
634
22491
50
40481
38023
42119
15850
5656
23999
26957
7584
34753
11971
1142
1090
18588
53034
34481
58597
60713
4579
19945
51846
3827
64216
19059
16568
36753
54961
53813
10207
57986
34838
43815
59803
7414
28764
58207
48451
4034
47576
44670
31197
34130
10839
17734
36863
19500
24897
16825
11511
17722
7229
16352
9919
658
29674
27685
53159
1347
21915
4282
8784
54573
64929
13651
49945
61237
65261
58684
61713
38414
61029
4293
49044
63141
62222
50967
36308
10493
57327
29425
48743
54951
55226
21940
57854
41234
47195
20352
35012
33708
15106
3620
7339
46218
1288
27477
4656
48000
42798
3441
4200
21684
13468
56813
8117
32801
9179
48747
2703
51337
433
36509
29310
8631
52050
64933
51503
25550
1751
57736
3983
21416
40206
4004
13708
7675
13801
50551
4014
44222
13657
8713
20482
2348
6183
30632
53919
38220
30192
65420
19182
34345
22153
18619
3588
20365
12245
52995
11526
38718
6729
3536
11505
3555
58103
46691
4389
59539
5149
58647
37234
15866
18049
4210
32840
2913
61443
4926
32846
26831
15034
51745
35011
42207
43091
51738
24051
6444
27252
19946
50240
18866
51729
10491
64223
51854
3663
40058
17638
64377
33319
43188
25431
43593
23176
27642
16504
48817
54760
6095
53690
12149
13497
37927
47244
48681
23476
20218
32725
39191
13804
55326
13705
40686
10505
32459
59759
65269
55316
50463
21463
32806
223
12351
51346
13214
40597
24756
15003
37174
42843
12412
40001
31068
65415
23941
58308
11790
35162
39825
15516
53274
8830
23183
29120
26989
17185
31396
19404
22635
19407
43343
8829
29133
17774
12507
3076
40666
27938
15859
6227
6720
24058
21574
7078
8802
30193
32987
25315
35743
57361
27944
18801
60681
1908
64802
57528
13784
10243
47411
17364
43981
61285
54923
11011
42192
56896
11785
46329
10340
40528
31666
31488
41954
30156
29280
9840
5631
31023
61524
7819
14575
28497
41423
55552
21826
47631
16554
997
50464
59154
28202
45796
64087
63947
45920
42532
56783
623
19922
14413
65213
62853
27393
9206
5029
49280
35388
22337
65301
505
17060
29892
58189
11062
53209
46060
56042
57264
48132
23348
21058
51730
45093
10781
33583
51003
45950
19430
26129
1520
48680
58736
5341
3591
58496
6950
43483
25128
25583
2049
234
33055
1313
11808
50571
38430
61461
14873
18328
64615
27137
30685
51786
845
23401
54629
24340
14773
45148
8532
42093
41338
24362
28446
5282
57025
45168
12861
16122
30225
13874
62507
6663
50485
36859
16837
33531
15356
16523
14852
59734
23046
42070
39913
30879
18215
19848
12300
14173
21679
18884
50920
8561
31785
32391
2809
5343
12103
17282
63457
57028
51776
36155
27756
23231
3215
48926
32833
10215
16040
3312
32843
50327
1799
14464
2286
43361
39341
11684
1025
43036
21505
50759
34592
46731
10212
28439
21315
5340
32378
36798
19021
19970
59390
20597
47580
47754
58645
44919
13096
51671
36292
21061
15216
4966
8061
148
28054
36438
61267
7481
40506
9329
44796
61239
4115
16363
20205
44200
14545
55043
60540
9053
40193
12001
20966
3321
14876
29478
1841
25121
60131
37018
52617
40328
28800
31836
17673
26781
47353
17714
10098
60280
56335
29633
49574
55035
12851
55429
59316
19223
36848
50326
1798
38883
30159
6426
12967
16319
54172
55952
33690
55505
65204
5233
10524
12183
22344
5328
24508
5509
50949
50037
1529
48009
25530
48745
48616
21340
60749
5269
11570
49189
34113
28978
19003
3965
30153
30978
26986
16313
1030
63847
21510
55511
18625
5239
9443
944
42519
53739
31713
41830
7402
6407
13781
8388
51372
57768
9023
8129
6295
29799
9480
5447
39091
7176
49763
48175
18155
54133
46732
51051
43856
63655
2650
1043
57139
65258
22708
43133
46325
64041
58911
33312
14747
35990
14491
56609
1785
54561
8865
8516
15550
50483
4813
4514
52550
7706
55149
58441
61624
51367
5194
56365
46235
62600
27282
1314
58505
42673
44961
12646
52759
11589
26918
44876
17348
8334
3907
62599
14521
35078
3779
44560
9808
30586
1159
6743
5520
29546
54475
42527
42415
21639
38706
40525
26685
34054
56793
58087
46500
36855
57442
15771
10850
39618
44368
16215
33899
11567
53252
45142
6789
26613
58475
24800
1266
16821
6954
40605
50338
48740
249
45107
1575
63205
8671
41627
44340
61085
3378
7955
63352
28251
25243
19082
10288
44555
55517
36393
13032
43010
17889
30591
987
48318
36212
50823
59529
42274
14989
64192
38209
3596
18394
9359
20578
45723
29836
8845
43169
42049
40359
29803
37956
4059
26002
35436
22711
30471
16924
5472
61677
63546
12051
51345
8935
61304
61494
36699
115
13031
22324
12474
55573
28083
19503
4749
53991
45508
61064
16059
49203
4904
29415
41176
5904
41040
9210
35286
45350
39918
38896
18689
50546
33203
1433
50492
35006
63576
21346
62783
44625
59925
55997
10006
44002
30589
50348
63536
60338
3778
17300
56931
5227
41028
11586
45943
33859
17515
60714
39766
133
52519
50927
42576
41674
1586
10879
46381
45397
24131
52715
5898
61912
51352
65353
53686
21539
31467
7665
55243
40189
50342
9689
6575
31169
13633
20732
18455
4058
18699
56547
14387
29557
56299
6738
45596
8343
2060
26070
26413
46236
5807
39837
30987
51485
57090
36674
60244
55077
63754
34832
61139
28466
19357
46318
51046
40709
38536
48280
35389
62154
20585
60682
43064
21797
