55062
60997
42250
14665
26935
23848
25887
46029
23571
58464
52219
32396
49157
32974
12700
51092
64943
12545
63295
23195
19225
45913
37374
6892
381
45556
33703
4770
28224
29106
53627
55107
9438
703
65284
43458
6627
32855
3600
8718
40750
20159
15003
52626
1131
4846
53108
31783
46733
61646
38205
52222
43295
64700
13114
51001
49158
34637
1767
54358
11362
22597
25230
54899
10552
26236
36666
36839
2809
46354
35423
39306
13943
4879
53722
31564
18346
55293
47089
24889
62460
46329
42268
36187
47625
2771
24913
53543
51425
7553
58055
41106
55892
44747
63111
9946
48616
26610
39298
39716
54997
62781
30943
27428
46854
22600
14077
27915
9194
8738
4642
35302
44876
8072
15890
57384
43235
16306
58135
3615
19636
11583
36415
19732
4310
1912
20144
21895
59770
19220
43796
6966
16404
12735
37365
40190
43444
45561
16820
4780
53231
25190
48137
14770
52045
41828
39679
61739
28710
62974
29674
23102
60131
61729
1448
37592
10417
35337
29883
55836
14719
49602
26654
10330
15564
11578
21450
36557
1407
49609
46381
36774
22102
63116
52345
19107
49164
19208
43784
2521
62766
20783
24192
49588
33895
5312
2127
49750
61218
40806
57630
39940
25836
33438
15883
5511
26165
20754
24605
32445
38927
34632
58504
52563
6773
35711
62623
15824
64936
25461
62899
54294
52348
51513
28026
9720
39459
49604
26175
36779
37425
5512
56014
41372
2308
38425
26371
30204
31047
23671
30929
48335
41903
22605
53078
62302
4086
28612
9983
47314
50836
62761
59495
34068
26545
36508
48184
58692
40837
60639
3299
42537
37788
4258
8354
21375
59973
36756
58338
12975
38287
34322
47553
26068
24585
15197
11912
39959
38418
51055
30678
2479
55592
31505
63755
53462
64094
16284
15263
42496
48482
9184
60584
45223
16406
14529
62017
43364
10412
62714
64251
15139
45145
14112
40311
34576
58361
2256
17497
32935
24616
23484
29827
45303
57330
54038
15405
13746
52302
10400
795
2807
5265
18100
28908
32893
61685
39710
52989
9684
5810
26344
32271
42582
2888
4648
65168
35975
51322
59155
26503
61395
30154
17143
58347
51335
18336
55431
5459
9889
14313
35472
3849
29309
44831
53310
7523
16254
29149
22602
41836
62784
21714
62010
23382
55559
41019
62204
15774
1463
49260
56394
55519
46758
43493
20283
11914
3121
42544
9257
12071
44746
61388
10906
54308
53288
32197
18677
30789
26655
17478
20656
18348
32451
60601
39955
53068
21050
24843
28954
17666
8363
31574
32036
37071
59552
31800
64545
26920
56170
29321
28362
24005
17116
45139
63220
23834
14895
8439
12617
65008
59078
7189
8024
45738
50825
30423
8031
9906
25197
1874
58699
51588
30810
43526
15186
5272
25568
25416
55514
31095
41117
15407
39421
56337
52593
10497
49882
43330
28770
10437
57592
26149
36400
58680
19296
8304
3441
39315
55324
60560
20330
53820
4826
37511
40743
41246
62101
8933
60720
17290
45439
42805
12202
32705
31978
11205
18184
58703
11833
5082
64752
59057
23263
6432
4747
42842
1281
32449
46895
3297
6249
31126
54893
47338
10880
16240
29364
14237
6798
9299
557
61150
2097
16581
14263
59723
22034
57010
44841
52534
30955
16741
51959
12245
15447
26414
45385
30156
16230
58898
38942
28700
9382
35674
52073
46042
16868
15537
34378
5287
61173
57142
49751
59651
6522
10780
50617
22702
21205
21707
33957
5994
61800
10342
18957
55957
48638
20192
52724
44599
29232
28294
58725
62009
23813
16140
32105
51845
13334
46604
23948
45044
9461
64944
401
33355
25374
62710
54885
20942
53735
47445
47358
62887
29370
41984
53399
20236
56168
36217
54030
13051
64812
25743
23690
65156
53223
59917
61358
44410
29715
53054
40458
22368
8040
45141
14134
65121
57240
25147
26970
12917
7885
51254
54788
62410
57769
53045
51669
54535
30824
54020
51158
9749
56935
63706
22423
21589
22535
41556
18660
59126
40440
29749
64396
48068
33379
21571
55464
20215
49063
33837
59386
14330
50414
3217
58111
15077
53938
1788
48626
12883
9470
11128
57631
38384
18931
19189
26044
1288
44909
50697
59530
31027
10615
10347
18278
35734
48629
15195
52729
15413
60770
46597
57065
65017
28649
56722
59484
54579
12986
26047
22216
44738
30819
37235
41345
28358
49269
44791
47493
9594
50421
43806
35644
51717
60727
59927
1055
2431
49653
61383
4774
32988
12408
52229
59095
49270
12968
8468
47269
26067
55228
36203
12416
13785
8035
32034
58565
17808
11762
2590
31845
13660
11803
36305
8804
38406
59405
26938
37797
36721
33384
31556
12592
18665
166
13932
14261
64356
33798
6359
53678
15093
45909
1040
18562
47736
49662
30790
4779
16333
41477
24315
23148
29561
45944
10435
32100
42271
33843
60262
10096
50924
56163
20226
34275
30272
52873
16144
63948
24478
48213
57097
61432
826
61047
56894
26868
27126
61182
8931
63145
38093
48952
37217
16873
43948
39556
22854
15605
29864
19689
12565
1695
28702
62311
26939
45086
59624
58529
38028
50430
48389
9309
54336
63655
45286
52489
14023
64168
33517
44630
7997
47229
20414
35892
29397
55670
19198
31304
16089
35121
45283
37136
6900
65436
17118
30402
51950
6076
3580
4819
63403
35114
36330
40241
47567
11556
26905
32377
59425
49352
20542
8123
25192
1780
6497
2621
35804
13100
5939
33629
18587
54397
43529
16309
46774
28947
26375
45582
30413
45414
51134
34856
6742
26442
5067
42256
25325
64665
45890
3764
1878
38334
49553
3238
54393
32139
41752
15052
27491
29650
62736
33762
35654
7464
41446
33066
43578
40628
57828
33467
58333
4786
64843
62921
59626
29975
12893
38411
49456
6512
46440
1519
19501
57306
33287
51824
41035
52479
59855
32602
21096
8347
12992
26072
38085
22407
46699
44969
31788
24245
51618
2785
63173
47005
15942
11287
65379
5790
61597
54706
13651
5071
6069
63328
23348
20467
38104
31035
54029
47479
28576
31991
38399
9004
41637
829
17776
18332
52984
40007
14067
15543
9938
2467
1535
34370
3056
34173
40693
32719
15302
56025
17052
1781
12797
26732
5593
24564
14073
23210
5753
5743
12871
10166
62551
65341
12882
39378
27439
10757
6765
59882
22088
32227
60576
29655
41028
420
10116
48636
20977
51854
49413
13515
32942
58445
1802
4630
8116
12943
38778
47885
13566
19120
38049
17294
32581
3280
7794
23667
2354
63699
45085
25821
61545
38969
51259
15623
18700
30875
42513
14645
57311
30333
60883
35247
23527
6977
58876
28341
6842
34513
49820
42238
50065
54432
33003
8265
36329
21501
422
36455
53252
20745
48194
22092
37767
368
9195
18085
844
35858
15859
37415
10934
8206
34650
57833
3205
17170
11039
21845
18630
54509
28393
12855
7030
46400
15677
2291
62068
62658
62720
55136
3489
13206
11844
54836
60232
42754
39771
2221
29219
46093
54735
19666
31685
32532
56425
34450
45970
7137
789
53530
39837
60574
51104
29727
35275
36166
27585
31397
52483
18850
8057
12876
30108
20090
1296
6745
45604
48379
55312
61361
42130
25463
33624
28148
8260
60017
9569
31401
31436
36966
33848
31434
22325
56618
58104
42640
51619
58622
51550
51938
5970
33416
23028
4535
23722
38972
19912
153
592
33147
6350
37996
8780
3619
36399
1580
17400
44942
31905
41555
36281
43707
21516
1119
18897
25968
50877
16408
8638
39712
44387
33845
5631
26531
54463
30155
53291
34486
26476
14739
59653
13885
9449
9536
10088
35131
53778
45009
34861
39621
42873
50400
58171
18580
32077
26760
19766
38128
56476
51858
29593
609
44022
17771
19498
32525
11954
42240
11751
25397
10175
56181
38102
36374
9746
19824
21274
10706
12744
30703
43200
30274
50209
9714
2393
59881
14684
13757
18663
35035
35896
3542
2874
57586
36219
58640
29456
56383
47745
8705
41422
18292
18887
13440
2662
44223
40594
19166
3381
22101
17603
17899
42666
37375
30832
22006
54973
29459
42605
52967
60705
26634
34514
46290
30207
41214
54955
39895
32164
48745
4003
49071
35927
26425
61071
42349
38393
47044
58020
17811
13304
33391
13046
22160
18794
33428
59609
62200
17032
44020
9338
35129
28254
34731
49676
17601
3890
32579
46676
7363
7859
29193
26790
56293
17738
15561
26179
22051
58781
63241
55070
7343
51974
49877
15349
54909
37430
49612
45321
45220
32932
7755
3329
4636
33772
27184
64082
29042
17836
20543
40181
27982
54483
44194
17983
6184
40610
23547
53041
11938
57982
16020
18863
3931
30474
20996
40609
21892
39570
55638
35031
17571
46543
57646
53414
27372
3022
5108
18260
7954
41568
14078
45969
62461
10282
56522
5104
3947
27975
44697
44150
31634
27374
19383
11911
21756
1268
36759
21536
36265
59303
44245
42180
43409
64891
61858
17288
13489
17508
43217
58934
38046
13816
64100
28172
54076
34893
55130
23155
18236
31076
7663
21693
1510
55765
25958
18318
36786
26091
3326
64239
24879
7126
43019
51137
54971
11603
65367
36293
30960
20106
24602
47400
16832
46770
4666
15347
6915
34712
49552
28581
29270
17781
47531
8837
19692
20320
36480
35917
40851
29792
4853
43442
53177
62656
48171
42768
20719
19052
24431
46226
48634
60193
47048
17416
12929
62235
22765
43882
43421
36899
32402
13040
57303
62217
30193
15402
38471
59042
25872
46268
48257
53034
22044
7259
5189
37984
62944
15356
40972
17900
3321
32788
23584
56424
30805
28692
35951
47271
45076
39202
57605
65414
8212
25074
56428
18063
9936
14376
20804
3732
27796
52884
52692
45565
48799
4398
61089
65170
43240
49529
37436
7279
23546
32486
36630
64902
9629
18042
3930
12748
21779
54989
44252
57040
36565
48900
63886
19377
65024
54935
20849
40879
27426
30124
16959
14683
59190
47366
35408
29298
46324
60067
19773
14567
20871
25881
24302
2508
64886
10486
50676
57165
46326
17616
53642
33733
41959
5449
36740
59725
13563
27281
6881
54895
52021
62790
42088
61326
37081
63954
60681
59324
19086
52895
3743
18581
6012
1410
14267
25035
23111
56486
9509
20129
49649
18153
24123
48788
64095
9350
17494
51240
21574
31996
14333
18444
9180
59334
28133
12790
6896
48192
4750
5274
55187
53869
59063
39215
18034
35140
29062
54745
14842
57995
42971
28746
61058
26426
12772
45809
4911
4909
13621
59410
27163
36489
52962
2295
55975
32073
26347
38645
56700
9868
62039
58701
5273
44166
7987
55706
6766
2794
46426
349
58392
63839
50066
47242
1629
53119
44993
42257
29296
33338
52335
38324
6074
2552
42366
43874
21781
31682
49191
27498
53665
64551
20879
51695
43325
62869
57066
36325
17061
45731
60880
3568
30687
8601
12963
53980
56741
38279
24583
22266
53148
36872
40986
54763
53496
52730
54225
14487
35528
9305
3578
18695
47958
31122
18604
62797
35197
32458
40697
3063
65063
55212
62326
39031
17709
5065
43221
44739
60064
20671
36664
35692
30407
49194
33336
5746
64349
1023
60433
60557
58419
19125
3832
57999
23628
2417
57200
59066
42333
31973
41023
55308
16031
61090
47037
44336
5458
51253
20130
27842
30869
47090
18148
5084
11937
12377
53728
35468
17542
29098
34611
57668
56724
18664
41322
47110
63528
21734
3231
22924
49654
50427
10006
26184
23009
56558
31637
18177
43664
60541
12335
10981
6065
38649
4739
29869
56532
36878
30809
5465
4957
5303
46428
44337
11026
16098
49325
48009
64152
57298
19948
26926
60677
9745
2666
60952
54243
63668
32543
41577
57434
54503
19317
62799
32582
34714
38137
35954
44328
35141
33411
48890
38107
3118
29290
32784
43234
18367
38097
8835
59589
50438
49952
57526
18898
17324
65179
56734
47838
6812
24300
21959
60688
65115
47839
41410
28002
47096
12480
55295
36190
13131
12971
34185
60780
51628
37582
13882
29187
20345
8615
44964
21086
19516
870
65472
35739
15984
8875
11160
53197
20851
10292
40512
54418
2853
57185
12129
55454
38069
64780
63722
3621
15738
32188
7916
61057
41008
34880
27926
53395
27852
8081
48241
50689
23940
64805
61844
23196
19209
53639
59447
49910
43079
5931
26053
21106
49923
31345
50987
50383
14355
38733
56032
30138
13633
64911
53599
54546
59708
24534
25890
46085
18488
33271
26722
2155
40949
23607
16540
10650
43081
34817
26258
34418
43296
13517
1601
27944
1107
9905
52690
34478
30165
62978
21546
17366
26578
57316
23035
23931
32636
2223
29955
32598
39738
1053
19311
54772
22081
10864
62977
13754
9498
19761
31130
21067
55916
37583
30435
12130
19953
42031
25844
21087
10192
28485
8261
51878
49383
302
3886
8842
14033
56920
20643
27457
26146
50320
23326
30434
42102
27182
60599
38417
42724
55059
63343
38929
27113
49423
31014
55463
12889
64769
57720
24566
19496
10501
64219
48073
23125
60021
44552
10705
22913
49853
26152
36409
56329
35373
33864
36116
22139
17741
22118
39727
44563
32624
9328
56929
15511
33716
24099
54614
37760
50370
46004
6692
37552
19226
18578
26103
35957
7593
32201
48947
56551
56745
21874
65457
47365
54400
36297
4031
50691
12404
54229
55558
44311
31211
12037
12123
39561
58373
2844
56519
14746
58498
56029
56017
22590
19408
63717
64714
24469
27044
1545
39271
45823
38423
240
47231
28686
42405
17800
60481
17034
3440
65382
45743
46263
11921
53504
755
48359
49686
47409
63723
12145
51236
6722
32079
63951
15462
22243
15142
19617
29487
22707
51197
56528
20675
17035
24311
54716
59780
51474
58908
17555
58879
64653
8307
54496
41581
54866
52964
18291
59509
53787
55902
43412
10367
24961
794
23471
15517
49670
14060
8007
46843
41593
13006
16638
45007
53681
28788
58540
53730
5439
25415
10316
8982
9872
56841
65012
31703
43471
38451
30642
43688
16544
18588
56635
15223
60277
47165
65127
26102
31135
49985
23082
9179
53175
46126
14407
29225
50786
38493
53214
2138
36737
11550
61570
9572
22140
44732
62004
14610
35779
4170
8388
51781
4
9283
6320
51461
63167
25742
34203
57248
16801
54269
22693
43673
12966
62751
15199
61795
51162
65487
23642
11
19712
39420
44593
29462
1127
58173
41969
50621
2643
9970
11289
23833
57549
44796
43053
49295
55780
54042
24003
46677
25547
50649
64361
15505
13575
22154
49150
805
24837
38419
5666
17868
42907
31759
53032
6577
13516
53864
65161
61701
62060
1821
30302
24115
9029
42202
59247
13760
40056
43433
1117
49388
21094
15778
21598
63422
47392
50608
28827
17371
39295
32820
504
50474
23112
46479
34498
24
44859
9633
50300
44751
57862
8829
21833
52199
60273
24429
38615
55508
12689
17291
59048
35794
32112
39287
20933
57868
25631
444
55842
13115
42650
64189
47954
42694
26156
48434
25754
38905
62715
30397
59959
59041
64827
41569
56614
28660
9234
11226
13753
14418
48222
18966
55305
52148
8938
7360
48150
52647
58099
34869
47580
4851
53367
13538
42930
59449
48556
53674
5043
8224
59091
59909
46584
63612
41560
10209
5573
20417
11831
64384
48072
34605
16933
31056
15547
58524
47789
57596
14586
44832
48027
59472
28867
25276
25901
37699
41643
7040
19315
612
37616
17784
20023
46464
17090
50181
28837
29096
27129
31984
28185
47776
24090
55540
48901
61357
20875
19932
12798
18326
12891
8000
4615
58100
43676
59922
50335
43215
26960
8132
57068
18016
19990
48692
61889
21856
15872
24443
58505
52723
41833
30870
50380
60140
9914
31764
58029
52295
4281
7014
36060
22082
47883
63674
15860
32104
5568
40946
32503
18878
31379
22574
16928
55689
14776
6310
3582
60096
41783
11076
27021
12024
16454
57666
43354
31739
40245
8143
5309
21239
23875
39664
23033
64176
35354
7490
61394
9411
32021
7615
8609
23799
63162
34951
13560
14620
62777
7675
5929
15360
16373
13541
45457
5283
28873
25606
34166
1778
16699
7052
19321
25710
47876
7232
17653
56480
5047
48956
20808
7779
31088
2846
21885
25121
834
10396
29859
52841
11334
40014
59353
5379
14881
56845
60483
60297
42660
45390
33265
62364
35737
6233
45752
39388
27785
59501
62744
27278
3319
61149
19076
61438
16457
5311
41206
31185
8737
36852
48571
55309
17395
36997
61584
22998
17101
11696
53111
48127
62967
60887
533
46678
1520
30927
61303
51732
23346
64326
13471
3232
47379
53859
31568
24846
22907
47952
58508
34282
59318
25012
52979
60137
46883
33850
34538
44047
12881
30410
51646
9416
2070
47544
54415
14517
15046
36863
30572
27783
16919
32670
65384
23333
50716
1814
1811
45027
32798
30969
62502
21410
9549
19200
29031
33581
48131
53652
35055
8222
11154
61255
17719
64825
33915
27728
20825
28514
64958
15373
7648
31465
1278
42819
34455
57054
11157
47769
17549
35502
57163
43181
37647
56488
42882
906
50784
11243
18796
25414
22083
60347
54974
22359
2647
5488
24241
49986
37159
18003
3000
51893
41897
56308
42999
25790
46772
3003
6126
65486
20318
53534
58618
51590
28932
9602
27369
58122
45030
26547
56513
61544
10307
23228
13731
28350
22155
64711
8840
32823
62307
43520
9423
22933
48895
4856
57474
54571
20715
8095
24254
57973
16582
63758
17138
19081
22582
39821
20744
41759
58485
3881
32721
27175
8498
53519
14902
37267
62906
18097
60616
54990
22130
54428
56645
42722
20423
9019
40155
46657
62377
31071
46005
20826
29063
1050
35480
1532
8963
25905
53996
35365
51652
6767
10465
29432
4885
6082
4406
47987
7252
23525
49679
50797
31920
18076
26031
44314
55315
61787
27355
27394
58537
58559
17179
29271
11607
14992
54818
35906
17802
5228
5634
23749
46249
58897
1776
53320
20712
50897
51674
41561
35785
12828
49215
2542
23879
64088
53536
26844
40956
59295
61300
46334
4612
63104
106
4641
23662
17739
19812
56692
42293
24694
30893
42820
47105
17501
37087
10164
34654
15792
30968
45230
45229
61214
50236
49181
10199
19855
39978
54234
17830
4412
24860
42494
52389
26922
17681
27124
2546
63878
12126
23693
18323
22128
12286
12425
4024
8142
2293
56433
26873
8078
58814
24249
28290
28793
47391
46474
2244
9678
16428
20410
25322
33063
51842
23293
58815
29385
38037
55629
5321
6965
55134
22038
64501
29283
123
39238
12003
14144
16122
1918
39448
63107
40909
35274
47443
52216
37139
52320
65521
7160
20231
55635
9314
58539
16352
648
25224
45024
32578
14738
35994
21022
10793
10290
15163
51004
41431
18338
28369
55451
64315
22598
11035
57532
40907
15554
55205
54163
6260
63112
15166
54986
64872
55637
38347
1944
64318
20369
12740
57931
30450
7024
47828
7214
34815
47832
56482
31822
59384
7900
57975
11804
23132
6795
6715
1696
49201
62953
18867
13309
55341
38870
28260
26885
48865
31404
26183
878
59281
60909
28668
36123
47106
8866
28841
54160
56544
23688
55307
57854
24087
22914
2237
2225
59878
44463
500
3625
20020
36671
64770
12010
15504
3601
64499
64158
26158
7975
12120
59587
48658
17495
20834
62778
33215
44527
19423
36890
3115
2836
16233
26562
1357
2326
23316
54435
53688
17059
4834
22141
32260
45037
11666
19627
28887
21694
36420
45984
2855
41826
1151
21732
36468
1122
11967
11290
4383
55125
18833
38428
5519
13630
31899
61694
17491
42247
54931
3292
664
1271
61259
34466
49455
44366
64814
10325
42735
23886
26828
24639
1906
62956
27950
52071
60911
20358
5952
22818
40856
33422
19229
36180
26832
23933
29006
28205
48160
35388
8846
44516
60189
5865
21619
21718
51663
62755
48822
57389
65360
11738
33694
36569
13811
32631
1322
45382
33742
64201
30157
37656
37360
31591
64230
39714
4836
23625
57102
22451
61220
27122
15395
14653
499
49778
26559
6771
55602
46089
29970
10266
24457
33274
47419
35375
55912
59580
1324
13639
22374
10600
5119
46498
15788
31552
36102
22379
41554
5305
14444
19152
51076
17828
45322
48058
17513
21046
20119
20989
27606
48214
42945
31084
3861
3506
63825
4653
34279
57398
31081
52288
51313
39720
3862
16876
49187
15519
63394
38273
30583
37876
45778
37454
54748
61528
241
42049
32956
6939
6439
59088
12380
9349
62027
33095
45045
28399
65522
60916
56753
6956
47196
17837
16361
44456
15094
40873
62293
55085
42979
36108
54776
14202
29408
31112
19528
7701
51169
43904
9713
51064
64684
51809
17069
41163
36841
40170
41664
5187
43457
39020
64875
4566
64097
65375
44343
18027
56078
21673
4905
50080
14523
60470
56028
40721
42372
11748
10790
62372
27275
5632
8706
64157
15895
23335
41325
55538
58623
12208
14748
8136
53489
55862
14074
8725
29101
52242
38052
59016
64340
62965
52756
44754
53647
38624
22909
30878
10268
24450
63226
24579
3604
19033
44351
11194
5310
22094
9989
15611
18936
23711
5388
22417
54292
37967
51782
43006
39362
15887
55932
9406
10982
10053
42083
29228
57395
19044
41565
57401
28608
14178
47757
61533
54343
50390
56767
20137
17065
62564
49741
44589
56638
23122
30396
32142
36844
22595
22918
64574
589
27776
344
57380
7549
34624
3581
56173
58110
61414
26620
4862
24939
6784
24838
6953
52733
45553
20335
65106
21053
23683
18419
31616
8620
48928
43258
60775
54783
53293
37504
30723
47184
13126
1527
50637
42368
38039
3827
62787
55217
14825
43974
48416
38754
40159
24176
24581
999
24452
313
21012
25194
24199
27605
60926
13292
57392
56075
14709
57100
9858
18598
57397
14564
43916
47604
29722
65066
14436
9033
47962
54557
16095
62767
45028
64692
630
10100
33418
41439
52567
47626
63507
30540
19572
55919
2253
20455
36663
7567
20298
2805
20869
43249
50450
14392
24927
54690
26130
13937
35162
28945
4046
62062
32679
11569
37313
18617
18959
16958
16971
12603
44874
44392
62936
13176
55750
4008
35270
35987
46333
26166
4611
20441
54615
41424
54011
52739
58334
65128
19740
20786
45033
15201
48315
57811
58525
63877
4474
24951
18575
48306
8075
53066
51691
20315
43786
3510
3120
19827
30699
10219
46513
43238
55071
23239
33985
28169
31214
60543
53246
27913
16470
45029
28348
503
17042
48020
59498
57752
20182
26557
21280
62098
7836
3390
12607
24156
17780
24569
35732
17301
9943
32680
60434
15807
39718
18356
18612
44233
9547
31001
65306
15026
13074
16966
48067
17940
44288
36032
13490
30223
28292
47621
46325
50635
12818
62588
36047
1800
57578
13586
57387
13504
44706
35203
735
33117
61793
64212
41211
40704
32422
2877
16102
20211
58842
30836
36178
30282
19230
49816
48697
16414
54194
20761
53650
3159
45032
48444
8216
695
13139
30986
26993
18904
16847
3583
1026
33114
49134
54743
1556
35266
64795
59660
41351
39284
46361
38671
29417
3027
28993
685
10786
57747
34348
23108
13581
61870
5650
47591
62909
58839
17934
18768
42383
15972
51727
6415
54477
19221
32853
21577
62640
59688
32765
33706
52120
17608
20197
691
26522
8208
7294
31774
29679
54998
33162
43535
3443
49775
54006
47162
28174
46853
63942
61817
44519
427
49116
35004
33853
41040
60999
12727
46681
26934
33421
48412
49265
17037
64329
38964
38758
20121
56086
13829
59304
53082
23580
64197
45262
62950
13808
58595
58945
1274
4925
65452
36883
45750
41074
12412
61309
14253
55366
10570
27880
15471
51416
47534
64093
12342
51680
23776
17586
62762
6838
15729
44946
45911
58390
57713
56081
18642
20063
43207
64174
6143
7131
41071
56881
53989
25772
38019
49742
61145
211
46065
9890
25400
15766
64453
43271
50996
33017
46090
49301
5798
54497
16932
5106
39232
45467
1297
38117
46131
15255
27533
6342
24133
27225
60153
38263
14397
24717
1051
37907
546
530
22635
56731
22267
28636
27709
23805
16154
10800
44715
28493
62764
62197
17029
49732
17259
2025
50133
38685
26932
60862
26876
13112
24612
39700
18359
39266
12606
30839
3093
42783
37247
24783
34345
63232
61066
4876
52390
21723
46302
31594
5469
7589
64928
2325
26902
23160
47155
809
40838
52022
58101
1794
21271
33155
25423
64224
614
33413
43582
28069
15866
63741
54170
3313
29873
40586
39986
65176
7858
16443
53726
26509
992
30087
64931
8163
13084
22327
58054
14809
61493
53580
34041
39366
56784
7555
46399
45889
45050
29280
17043
33898
3077
2096
31953
22138
31074
27102
35673
27045
1354
11490
36893
38963
24428
47961
46728
45474
26632
11535
48441
22085
12531
47999
21057
14193
52490
31215
40583
60961
15345
61822
32522
62663
1910
16320
50992
52556
53215
50939
18138
56792
65411
21890
35476
34395
53619
45610
48621
26020
1035
21567
49912
23835
24050
3964
23038
42028
37775
51815
49930
21608
13044
38303
8364
4530
9187
31227
40117
40927
14931
37142
54375
11512
4644
53840
37449
30507
11372
12364
62105
45340
33280
18235
21048
6791
37939
40252
32026
38509
61413
7721
8146
37484
17510
16187
476
14722
40449
22014
15888
44205
19940
5234
5904
50087
45143
51157
29144
43668
58853
55590
30416
21490
22145
42670
52230
19629
58447
46348
16159
19083
42910
16365
11286
53764
5749
6684
40176
31628
16207
48902
63587
56998
30513
7166
60164
29248
8643
42534
13306
654
27132
25799
14400
5257
64118
33283
40446
23104
9954
35570
64873
4954
7528
13282
31805
54489
38275
28214
30299
38654
50146
54396
40437
51069
19938
18146
40467
32291
14311
16108
17665
39725
44632
1130
59715
22847
62962
23803
54250
37837
43039
32750
55593
22269
17806
5653
11640
14462
36028
35251
15192
49659
12280
35772
15606
61172
415
60048
247
9446
48113
51453
23394
9565
17547
37881
56283
15903
51262
14816
8983
48436
9956
19945
36972
13215
44980
14133
14455
34078
52753
15551
11376
63231
41970
2388
5402
25549
56801
41291
55929
42392
22222
12926
46362
29707
30185
56432
18675
9445
5526
1521
17550
60855
40441
38644
59743
15099
47136
31557
759
16378
13558
40289
5358
44728
47960
41167
40989
47160
35448
12692
13961
62794
25634
21893
2060
8924
57016
35079
15188
48555
58030
10453
25482
36712
30527
24175
52578
36106
47355
54795
20987
26817
15787
12396
42551
33225
53863
32025
17541
37451
40436
43772
13171
50182
5267
41118
28227
31332
63177
62566
60174
15033
49477
31605
65331
46370
37912
19817
16948
42263
132
28490
27090
13666
50120
37478
39573
26670
42982
6460
21043
40048
55231
30146
64557
60858
11907
62897
9935
57378
40774
5345
27199
26660
7395
1323
26907
47033
18492
44168
58105
44346
40308
7482
17826
24055
19428
16413
49353
49446
13396
24348
38711
28152
23884
50743
56164
37399
54275
52072
30112
37191
30009
63286
7583
32550
5873
2112
22380
9156
39753
30336
59764
27465
47579
33567
50892
20768
8240
18282
46793
41394
35800
52712
40313
62114
17058
27608
19944
35936
25011
47204
34926
4564
23646
35366
16366
15454
11697
55364
49328
6365
33090
62191
40831
61201
23233
16685
43229
57617
65233
6101
34693
56269
20249
56481
42374
1255
54891
50582
8606
45786
39744
35918
47754
22623
9877
63024
48329
36794
32829
19978
14757
62123
41472
54259
9965
7777
34706
51364
47552
64486
55029
3312
28207
5912
42601
18373
28890
2495
27006
5282
10397
47190
1394
20811
37393
42949
29780
12812
39748
8138
63265
64029
30186
56346
26493
16148
56739
54426
21279
36848
3650
30579
12564
5847
34900
55053
9887
15331
64083
51595
43788
46698
58948
52100
39328
5380
47052
64483
60734
39303
63835
19896
55155
23968
21288
49335
41558
22013
56736
18752
10534
8137
1953
2149
2718
27092
44479
46214
59109
43474
11340
50969
24696
15937
61427
25368
53157
8598
41487
19679
64324
58627
49796
55430
63009
14289
42108
61580
20566
65137
61922
86
31789
60765
4850
64737
12879
45834
38788
58796
1156
21020
59884
7471
35054
59492
55406
47951
26635
39759
44335
1166
29584
44608
7219
53757
61968
10628
64160
61952
32911
5520
7396
54065
51371
58958
31114
6449
9564
38389
37922
21857
7469
60929
50966
53229
32749
44333
39757
44141
34884
61967
40751
35810
44590
52336
39450
61849
29414
59933
22861
46546
14615
60346
57913
27717
24584
56666
7961
8105
42565
25987
19191
9778
5874
39524
37554
9679
7302
54878
63224
16859
18007
33783
51185
27378
58283
12395
63360
9331
16786
27236
43893
40426
41400
54184
1356
29806
60094
49065
14688
23615
34462
55422
60077
37352
14264
2766
51946
1490
34384
20422
56305
43611
53256
39123
43340
10064
35663
57558
24262
16793
47448
9927
57169
23941
12913
18021
63896
9712
13944
2664
44260
19713
3385
54172
7123
55489
39533
13199
38189
23945
30720
12847
27922
21802
19584
13925
33335
18015
8320
63512
8987
99
32830
64845
7376
55697
22333
2301
53936
24328
27072
51204
32118
8278
37898
54000
9463
41157
3860
45375
62345
10937
45947
29027
56657
54830
13183
634
12137
47588
5227
39510
6272
57964
36359
54404
14794
20870
34382
31989
49339
45896
39614
19139
42928
57652
12734
5640
42662
7391
19271
29390
58810
25088
39134
39274
36807
1032
6846
23224
29464
15646
22755
63126
26230
28784
46866
27700
38851
18784
36886
7129
4547
11701
13949
20507
7683
13776
39521
35287
52645
25895
24647
49998
53313
57104
60494
27173
55617
55854
57280
54561
32117
5678
40005
55073
4891
20796
42381
30286
40039
25103
47483
23059
56193
48200
64566
31549
7578
29469
23062
64614
64307
52661
62624
64062
4135
16461
4153
24112
53452
2671
8576
47266
709
9623
31119
7860
10272
32182
24643
10320
35747
19127
38627
9303
10929
14880
53249
32102
45699
45795
61162
56192
14199
52227
7460
6569
37891
10849
22545
56549
15092
34208
24577
33908
57352
25275
5243
45618
48974
28607
22740
5317
54174
41791
16802
54049
42459
796
30268
28058
12101
21621
7200
41144
47045
64671
55701
21014
57461
37006
41313
12177
65468
19304
15128
49338
33339
2948
29587
54992
48326
59814
62384
23843
5098
10298
45201
29882
23119
16955
27403
14123
59628
43429
28757
16345
24491
47702
56517
17930
65076
52421
20373
63770
19960
47509
31318
5728
65445
16000
24483
19307
21453
51814
11761
5961
3409
11201
60376
11118
21588
53071
35980
1083
41455
25150
52
16243
16957
43681
8346
6801
3141
23611
25756
43264
38081
33684
20673
37642
60383
28003
33315
8478
46789
11610
21253
50829
43076
52473
49322
57357
13293
7328
39892
33965
36481
51762
33062
26155
16488
45466
9697
54622
62943
34417
39582
13273
65349
24892
2862
33886
36892
29005
29004
13294
17723
10097
57750
23971
35556
23342
13168
11562
62397
39641
7821
52871
42996
58721
14876
24725
45254
56886
49651
4349
37237
61353
32215
53513
64638
43092
5217
4665
8486
59087
46154
61629
51279
30556
14996
41939
20901
38290
65086
30755
61859
63164
1617
23107
57505
64865
28618
42142
43679
57917
19246
1313
18771
24856
47823
1422
27170
12694
8082
788
49315
24966
22606
39555
6089
43822
8209
20545
785
4274
48459
36713
17632
31403
37246
37411
41911
50666
21629
23570
33064
6709
31283
31598
23489
47097
12903
39241
65302
17725
47671
39855
43635
62900
574
65299
45205
40719
41922
23289
40357
11402
19868
26255
61945
9826
13154
58353
18786
61942
32253
12301
35662
59222
35691
13511
50748
34977
20322
7984
42033
47950
11418
51850
45017
40691
25875
15165
565
60672
1468
27362
45409
43731
42104
40290
5869
23592
7269
46852
59801
34342
15772
49165
10095
13056
23273
1332
9241
15237
51825
60116
13198
13078
37546
2426
42547
53854
52519
57493
10546
25660
15055
57440
26995
53016
15061
46730
12053
32070
64389
11737
2109
2332
5471
62317
31669
41278
4531
20051
27336
6571
56087
61252
63873
65440
63640
38744
4788
60045
45781
14129
12947
60675
48206
24113
41901
3401
31626
21316
29867
33504
37368
53153
39245
29651
24988
27073
32010
22925
28228
20558
49977
44580
12220
38221
35223
69
38799
11395
56704
31028
10545
49576
34219
44055
34837
63239
58120
6498
57078
51023
20506
39283
26289
62325
137
32358
7443
7861
23162
26
34249
45179
60542
8879
29543
38763
38930
30761
31686
64434
22884
8539
18352
7359
22341
7141
21290
46718
8092
16421
11075
29317
52228
29760
57560
56344
45701
36583
18908
57916
34392
59819
41777
15591
32406
55879
38880
31802
36169
26899
14185
9775
44974
23018
28766
810
61776
40184
39382
22950
30265
22489
18846
39021
52350
47518
22881
32464
54103
6421
15251
29131
41795
8051
791
32833
49811
26949
33494
31259
36707
46974
4416
60293
51535
57786
26999
54444
7029
793
34243
46369
56197
4960
59522
26097
28338
48251
39190
16317
43629
6973
45351
58499
18903
53384
48090
36280
28758
59240
55328
56786
2452
25338
24461
13214
53181
36001
63004
48215
48089
26080
54094
64555
53748
52879
44256
786
9431
36554
14910
9559
11109
20982
60578
28856
63641
11365
52623
11505
22958
24873
33328
16485
41483
29402
20429
523
25909
38525
2873
18274
13160
1466
55382
52840
33050
30253
36542
7196
7715
62270
10284
45782
46010
3693
21300
10612
41452
57896
16810
33127
8117
22679
19838
43466
56403
32614
56836
50886
26986
2126
3398
59404
12941
15982
15981
13591
7575
8127
31981
23830
62432
11244
51943
13177
16823
55436
40591
17840
15976
53410
39558
37655
26319
62291
18926
38923
7080
20421
53036
38926
48749
13135
61188
31945
29558
26266
25939
34084
45022
43312
20006
8614
24559
59940
14220
12765
54476
24358
11292
21713
61708
32565
16824
27076
60380
51328
13366
17238
5036
61108
8700
61116
62297
43973
58452
51984
52061
49012
28144
53123
33795
13370
43220
43648
52810
57846
13661
51196
15418
52634
2278
10467
61501
64833
13252
35943
52845
25474
45959
29069
28642
34470
24244
52846
41442
50588
8332
38914
16817
6501
52598
8343
21112
54502
46105
11717
8140
32903
6496
50326
61315
33286
44987
19409
31324
47578
33800
32009
36809
3688
47238
37126
17175
22055
48750
2348
62019
6072
25234
52649
36478
51977
7176
21844
35702
51340
3694
50044
51996
15979
63210
45783
4901
4724
964
34007
12925
36038
36816
50634
16673
50394
32281
36736
50234
59018
9667
32361
49466
49626
37147
17016
7260
19151
63903
5316
20859
872
54666
24907
48744
60582
40411
25675
31645
5523
1021
48747
33918
58687
20678
22825
49401
19708
13170
52843
22532
889
30011
4600
61698
61442
3691
13727
60991
33194
55379
37695
60378
11683
61750
23660
11539
25444
29350
36534
19562
16746
7742
29206
58320
38901
28627
48207
38123
18083
3045
45705
15659
38902
28747
40936
8554
18090
51462
12840
41792
64826
26774
7923
55429
1161
42528
32058
1515
59529
38172
63023
59497
18921
14780
18353
57540
43837
57271
14942
19475
49893
15442
34728
6164
14687
4082
13479
25247
14173
47142
44966
54945
41613
60586
30661
5142
32940
6048
59998
49282
52416
21615
30015
58194
10181
54346
10141
34210
58786
46313
21298
28082
55477
43848
38761
28964
64596
42656
6984
2693
3368
7440
60712
18200
27994
43328
12187
46739
43614
12180
64532
17039
9362
12937
16834
31301
9374
51351
65435
9506
58706
24964
39468
51366
64415
43005
48479
50954
64723
53514
4320
31647
1887
34082
22340
35234
12635
50217
17213
3258
56249
907
19823
40787
37000
63547
40547
431
62782
7097
37463
52128
60225
47330
35106
5208
7457
28674
36985
16358
9698
28430
61961
62327
46962
24697
38935
61513
35602
26773
48244
53166
40325
4849
95
62886
30399
2699
14249
13985
61377
37676
22604
1959
44891
5879
42606
33894
59849
21869
30351
20985
3336
20403
43936
35935
63230
52151
3520
16617
18579
15241
46708
58996
61827
8732
51347
62892
54480
55500
1897
29059
34997
22828
27187
42457
45693
15239
7393
54520
13401
4769
36979
41929
49268
15451
26355
18031
6658
886
61932
52144
40285
41298
10162
61246
44785
50802
47910
746
4929
31173
20089
7424
31186
35622
16828
2099
41606
23674
2366
62973
38188
22648
22830
34996
830
38960
46152
21794
23839
38355
56607
5073
32939
51039
25351
33991
20017
63336
46670
62331
14821
49445
30643
31631
22025
57371
37090
26436
12629
17201
7739
30567
38751
36488
28896
40798
36491
63541
24312
59975
8760
32048
65163
61647
38054
33704
32246
4940
51222
52217
60348
1457
26801
55311
35017
5338
36186
19641
1768
40641
54180
58271
63325
25971
35227
51660
47139
606
64657
47016
56138
2911
31146
58490
56600
23391
36608
44654
51907
7314
38961
15524
48915
61850
31177
7635
63866
58785
14254
55245
20385
3503
55280
14502
38207
5493
64728
35925
44243
19848
43601
45422
29026
43174
6716
64463
53057
57727
24230
43827
34759
46486
34018
25629
45395
45681
5802
52495
13963
46624
25201
18035
17582
35977
40287
5163
16712
12616
26529
50857
62539
2051
17202
53611
33473
62699
47667
35382
59980
37916
58795
54872
17774
32647
8286
37003
30345
44790
24248
42659
43440
25026
41981
9068
20069
65042
40874
36383
45407
64087
4059
30164
36937
25623
31551
24590
49499
7568
47428
37825
12435
19780
64819
12933
57183
59006
64007
11663
26015
37001
49807
51308
53371
42692
34975
20575
25392
20809
6185
16302
13672
22235
61914
40414
7863
40345
25102
57567
55546
23207
61576
44386
1219
41057
52481
57503
58049
1232
55051
62423
36838
23105
34800
7381
49493
59625
8533
3167
19737
13924
16790
31435
31444
5892
36211
11103
53827
39411
52831
38166
52226
29577
11487
24691
2810
4972
50175
60747
52436
38198
14766
50511
36934
13319
31583
30660
55435
42672
30978
61050
17305
34011
23621
25285
3131
59467
15200
9110
12362
61848
59
38495
53450
39072
59804
27957
46260
10806
59038
12931
56227
20756
38575
62290
29315
64740
44292
30666
26813
1236
63959
33511
1007
51325
30845
40367
6140
32642
15311
19323
57700
60283
59845
11477
25473
38915
23419
15422
17000
61095
29128
59337
50099
18886
4259
26987
43932
30301
34780
29124
55903
16016
877
20546
51572
47855
43642
37070
52012
23154
42823
31073
11112
4986
36094
41961
20689
56395
24056
54642
53237
11852
21881
38185
55762
3304
26576
59965
33615
41761
199
40160
22488
55279
9044
59574
8848
60951
33596
48472
37799
3416
31640
45493
40041
43928
47668
7257
23860
13200
52800
47678
29122
4517
53844
48465
24919
61940
55387
25356
10000
43921
42117
46168
42225
43538
41816
14621
8393
53686
18993
63796
21640
24938
1339
10448
33678
52559
17071
38462
35048
33646
36586
35467
41033
51688
19018
38179
10243
15387
13130
32897
46667
13133
60066
18403
21880
50765
50845
31016
51450
2784
33948
53708
3844
10533
32108
35051
23557
31466
47937
7820
6517
62236
32033
56224
20440
17993
34776
31458
62868
583
55883
18489
18912
26362
54493
60655
61573
26090
3461
39642
49746
7657
56176
60272
30210
37056
11799
35988
52264
17319
52312
50708
24768
30680
30520
33868
9748
44101
43960
64756
31274
39840
21355
39343
41349
64960
11185
2648
26869
61749
64765
64558
61436
14819
60020
56162
12381
28492
49997
3721
20580
14906
55362
10216
38537
13898
12602
2684
49757
30212
48998
57189
29892
56538
11943
25793
47148
46003
16245
52889
60646
6323
43933
7213
3547
27861
59702
56735
25377
15114
55384
23270
39391
15700
23780
58166
17457
23250
63095
39018
55394
45376
2644
1873
40511
22697
13915
33500
43934
19875
63595
13656
46159
9901
8634
34722
41030
45456
53848
56733
400
40546
52571
37817
19012
15707
16693
49752
39730
17949
17946
19019
8387
37175
22197
22202
39991
55331
63308
26267
6713
5954
20844
7959
48922
45978
3661
61798
30481
54212
13462
45137
21309
7576
25734
49758
19027
18770
42916
2687
24686
39299
3912
48274
59283
58287
32849
48715
20734
37563
45824
61660
3378
61360
6855
23230
6840
44798
62999
36002
42946
57815
40351
58818
37274
25540
32537
58820
11234
14287
51314
30625
38484
48717
49434
16613
31424
64908
58980
1619
30601
16513
14208
16644
2668
1025
46790
5115
29947
63090
27438
16742
18082
33732
12543
29838
20597
53795
32560
60475
8697
9881
16806
18131
36313
23666
42764
48502
47744
49664
38321
14588
18215
6276
49776
42223
42809
37098
18062
50230
22159
6894
29563
9723
8990
25465
57958
5224
47173
45089
5220
54730
61490
12802
9251
46167
40221
17256
47463
5239
53587
37648
5704
24757
48963
8618
22800
33817
50478
59539
32634
35518
32801
57194
36307
42777
53081
30001
63460
47376
32528
2993
15947
37753
708
11486
17915
42432
35086
51648
12288
9870
54003
44684
5479
41145
24406
48419
17157
60699
51798
49104
48178
62214
45590
65278
42843
453
55168
16615
58368
62988
8417
32508
16423
11801
46327
8225
46087
10942
58608
31243
4358
17948
8550
29360
41948
60099
30161
36656
11950
47818
38507
19739
36832
29376
42098
18257
10321
42572
28705
21369
33586
54833
4651
30048
50686
50214
11547
62353
45438
9784
41060
4386
36837
46262
42642
50250
37846
46163
50330
46115
29486
27350
5269
7718
44102
14192
60885
45370
45530
34005
51071
13466
24258
2275
48714
37807
30254
58860
38379
49867
19342
12151
28605
3130
49463
14537
63378
40013
29902
12670
57655
43027
14463
62137
63909
32681
31589
29903
63771
52253
3658
35094
63911
48650
24782
62349
61387
1761
23670
10639
8763
2827
41973
19495
43746
60443
53301
31113
19224
33507
12397
63270
374
64690
13824
21452
57094
51258
17251
27206
40063
52768
47364
31792
53477
60573
58672
54656
60493
23499
51136
20028
38044
12225
52918
31319
40366
15386
15389
46651
42023
26332
55910
35777
33658
12805
33197
24054
9690
9552
64546
46442
65332
7733
29167
45791
54516
7893
19982
43761
42746
48452
36925
19347
24060
63172
59805
23725
58381
25564
28032
62453
2049
10279
21875
52922
51583
38184
60394
45953
34331
46344
46747
11941
13157
5755
7717
53767
11925
27718
61056
35547
23165
21293
35554
36431
60816
8863
41605
8080
37417
39644
28626
32501
41006
39958
7346
33376
55462
12421
9408
20327
43447
52166
44339
35963
29
38634
36869
11875
45272
32583
52917
63267
43415
13162
8501
11438
57120
49461
34475
54536
14120
51968
9473
61152
24714
61868
12814
19928
4432
56900
39579
39009
22105
55404
38218
26459
28048
56649
28199
43554
35255
10327
57906
12548
49904
26160
60298
57588
54144
49856
21787
9755
63922
32374
29158
3454
10974
31007
61887
59154
42336
14804
10971
30997
8534
11934
26307
56202
21568
52208
16255
58059
40993
23910
59957
55685
20776
19973
45955
42500
4007
61426
7925
58677
65030
23577
43640
48088
1239
45901
16717
55719
15002
10618
50630
25141
32724
7541
63385
63554
20932
15575
314
23365
12231
842
46444
35787
845
28061
11211
58939
13158
9557
16812
6044
561
52433
52273
40300
32676
1851
53772
45133
4869
34772
4100
7537
48198
8153
28193
53203
52521
47548
36590
50354
8974
2887
44114
43831
53158
8935
28243
30807
27708
53397
52793
51243
9280
42373
23832
45405
8566
21560
2653
36680
57212
3257
36209
5812
24355
24652
50403
45633
40112
39708
51021
58165
36940
22578
51411
41097
37975
27854
23127
63965
48994
19720
42778
51147
23480
57195
14063
2107
43572
50615
46925
23717
64682
13380
28233
63431
32364
12619
30504
37024
14402
45715
41280
54854
16206
33928
58012
3396
34834
29107
15695
19349
1939
59328
2450
4764
6650
21386
43925
39703
46121
26700
62772
12633
33367
7465
40329
60979
18345
7909
8791
57154
53978
905
11829
32049
33351
38786
63950
18782
5320
57186
43661
31110
2881
57198
8295
20408
48996
44321
59737
27131
49003
64274
34503
52197
47820
65215
56586
8726
32051
56172
7226
9673
51372
48517
35769
39698
38004
16219
55904
386
27349
8579
37259
7072
62185
44069
27657
25779
42938
20855
60864
10547
64581
43613
27109
60320
23372
8919
7616
19346
9680
47145
45212
1801
30726
7178
43922
59409
7208
44721
59050
12067
31079
18667
49449
36099
49558
54473
50636
4204
7882
10409
53734
25213
23505
51562
61581
12429
11880
19217
3202
9049
48477
42210
36708
23601
44577
31618
10624
54124
61874
11025
36563
39317
25706
50003
38300
27119
20763
10408
22275
56376
4516
39697
27857
5332
55641
12190
45734
60837
56834
49705
64271
44627
17209
4361
27729
32304
4256
18844
41350
40214
29703
6070
5823
64256
37719
37613
1088
20586
12188
65240
55256
22441
40686
33340
39507
10565
62189
2168
56019
5404
57253
41807
46771
1157
22382
60806
21778
63503
55397
38504
3462
3444
14290
55893
46530
39118
8898
42697
55725
61927
54876
56824
62476
35600
7394
56410
41488
54096
27379
60565
33711
35124
32159
17308
59953
16848
53401
9076
12761
56183
59368
48275
15740
57497
39221
47043
15726
39112
61389
3875
3432
43263
11630
48488
19822
8177
52590
60776
40296
31104
63488
13359
53038
32226
18430
30325
29809
56833
12589
63709
36100
20648
39906
43042
30941
44846
35447
59011
61929
742
52009
38704
24437
20798
10633
7071
46957
32107
60767
54662
43935
6455
27898
49347
51544
51025
8909
13929
9885
39750
53398
9805
40470
58391
58955
50117
15989
45971
39591
25646
2792
62322
11168
47372
27828
24692
62466
64801
36980
35744
39745
21531
62321
42196
55270
37198
38888
1517
31660
35504
22904
32800
45010
60805
26129
56263
7475
3915
50711
16863
47846
11608
11352
30340
52568
62348
5944
23877
54869
6104
27941
56338
11304
28842
43802
34453
27801
19025
58343
30326
52220
17890
7241
22617
26244
4483
14483
27464
10387
42667
41347
23368
26404
15224
22338
5398
29349
6102
17997
48144
3967
8506
22802
58535
56169
15998
17181
372
46000
52824
2471
14837
49229
16314
42851
27840
61378
7069
38816
35860
59474
4781
41923
57172
28124
37773
60239
47332
2050
58346
36685
8145
2895
64815
30214
42603
61924
24910
32047
22923
55269
9562
22601
16362
4677
63285
20085
38033
59728
9800
55188
48481
59487
9045
50840
59996
908
16941
57901
8004
12376
11337
11902
58036
24136
20094
48562
1633
24088
20014
11822
21037
46775
1150
50764
21575
39453
1246
56207
42918
8542
38201
46608
46518
64058
10335
31042
639
53891
59290
15208
62011
52561
1018
11987
45020
59047
12556
14551
32437
38387
34726
49745
34460
63497
47510
25005
57489
61984
11442
36380
16640
53449
26502
18620
35272
13136
48323
11183
45980
57915
47813
25768
60750
1141
29291
27393
48462
21889
53472
12907
39894
10535
18271
14449
31799
45675
13741
8493
36210
44548
50458
62344
12260
23826
55770
46453
26062
58629
38941
62292
27298
56396
59306
18615
58633
53746
21740
25131
45425
22257
55063
3423
7816
9952
17832
44174
7928
25045
7581
59035
34507
32157
14791
53975
586
34506
25911
27462
54543
19136
9669
49755
57494
24711
24877
1773
39643
5657
49797
48528
24644
65505
59861
54592
26909
34748
40749
32144
14545
53893
22555
19634
64738
15684
22859
32357
58231
61921
64001
45088
11827
1816
38989
65138
18610
14292
29275
51793
52398
61989
34427
35185
39795
53443
22464
23930
62373
13696
52654
11694
46490
5659
63828
9539
17639
28855
62507
31544
45215
6968
26501
5195
7287
39308
59994
46850
555
62683
44573
54224
2825
11685
41800
54719
21628
34961
27040
60441
56199
12485
11099
4987
28529
26401
31579
19219
27153
63141
46559
35008
23583
3908
53479
25673
41894
31418
15950
32154
45393
31419
21902
46305
51224
55767
18609
21419
33654
26964
34681
4867
36734
49955
13144
16898
39560
64786
8100
37148
59370
51057
17622
13316
59400
2669
19121
14458
57908
49264
25963
36867
9384
24704
63908
36376
41579
44866
5916
51961
42095
49771
13321
36424
722
20810
53867
53302
36962
58841
76
2052
63183
6777
45213
6646
19506
61946
42231
46107
50480
32898
19356
22258
29786
13582
50546
61628
15444
55186
14616
62413
43252
10404
59113
47464
18406
53365
36344
3716
29617
26946
36793
33239
45548
14678
38180
41767
59758
5604
40070
33695
8864
21876
8996
36033
10426
27706
32914
59219
48440
38023
49200
47188
11084
62785
63631
45202
7251
43259
41116
40163
24599
15678
53591
32319
31617
63590
40813
31633
111
10572
1185
18490
49748
20795
29475
21810
12181
22692
59752
13998
13742
62568
25562
2619
7705
5576
55423
42034
38718
27642
2925
36304
55415
21671
47730
44037
42259
60157
32311
24674
17067
53469
22091
29875
39545
50972
35684
7218
29476
19069
25980
49024
36855
14493
62500
53146
57022
5302
57420
3165
4554
31308
2483
22610
52960
53324
39349
9940
31009
54303
46173
52077
41559
42355
37013
827
34164
27196
44129
2921
15541
42058
5235
11600
40983
46740
55250
57269
31115
50767
22084
8912
59355
2409
59684
34696
59616
26148
18602
51792
5030
54449
1866
39277
62382
43968
55236
36430
25940
25333
16186
23613
20592
10152
64730
9588
56829
12271
3654
51362
22615
1678
22883
48820
5055
63939
17835
37226
61468
42220
49847
10346
29834
29445
49386
49001
23858
42535
34224
3421
57196
4330
32517
32689
59532
58336
25383
10554
31620
22332
28063
52564
39347
2412
21585
39015
34617
38974
63089
57270
47318
14454
48972
62866
17311
24059
28256
43512
58393
24205
17463
20142
44136
27632
19358
33030
34019
65337
22290
56974
56717
12787
6762
47185
16542
42269
63618
3996
46164
45048
28741
38631
34976
17649
22342
25894
61895
34635
7811
40326
26086
8025
38534
38682
53097
22910
48518
48614
16410
51154
51700
16321
53114
22834
2681
33254
14952
45976
58411
42862
23947
52606
30575
39487
53403
37673
43575
17615
34502
1903
55668
10736
6906
34509
25847
51304
40629
7309
10996
23807
46493
25977
57109
16463
38885
1992
59200
60902
2084
23277
48568
64600
14697
51211
1670
40376
3020
65281
226
63660
38186
61233
48332
26121
9272
21805
22625
7995
19286
17512
26079
33844
21320
54864
7169
45436
16696
14259
21272
55035
1724
49464
30393
38329
10740
15378
31972
64107
6619
8134
29205
19282
51209
12488
24421
8666
2445
26728
19866
40078
3695
56251
9133
13262
59899
39447
6284
57284
61837
35282
23926
56846
46413
5130
40889
34429
11495
13351
14601
47026
51128
61012
18953
2756
15813
47039
40262
12887
58139
19053
26565
57419
12047
13161
14087
33890
42933
53956
50509
65040
35173
52680
38877
5539
39419
60558
30568
26638
28380
13001
29533
5546
27754
35346
21363
61286
15817
39383
42342
12886
29872
11721
22500
49846
38335
27299
57993
41084
26553
56656
61510
17208
37223
4171
32366
16698
35355
3139
19514
59213
879
23612
17178
8989
22294
48751
8269
41838
57117
8221
11832
64413
47435
27690
61971
34587
56932
24435
32371
29485
38730
36404
12934
35997
29366
18749
40891
18697
19828
13670
7905
26468
38328
52596
64513
44004
31793
42955
4123
7907
35229
61462
53957
9880
62230
56398
17992
16458
48876
44052
50760
13891
59165
48780
4757
14581
27844
8797
39054
17987
33934
55616
20174
33933
3724
44626
13896
11870
38772
46695
26497
7350
55438
20552
49795
49502
33688
59524
36970
41603
47799
63404
4919
13702
41681
61063
11601
58790
54867
332
3877
52476
3660
5884
19237
27948
8178
20803
9664
25644
9788
44611
29265
63572
53013
20764
4667
55566
39801
30304
43626
40215
39893
2556
52143
20752
29500
57905
46528
34053
24242
6923
46177
35904
42559
44228
31273
26753
15897
52261
19550
60792
27229
19211
63106
43357
46743
51498
29452
26941
46317
46178
19239
49453
25620
59904
64882
2189
19563
11446
34476
61022
12990
12702
41011
10867
13946
22077
48313
45347
23932
26139
23204
58555
7335
17127
34897
31412
50391
15334
40309
39812
52865
34149
39589
52097
28080
27510
35232
44762
60221
27334
27938
43431
8611
44867
57191
20498
36757
16175
30140
22296
59253
9171
40482
63262
29009
46382
40209
48538
54046
10099
37711
49331
58570
10385
14240
47187
5590
25364
23874
17530
44818
43332
46161
22003
35515
19718
5201
23703
7012
48632
27273
62160
15130
15446
47268
64773
45627
8205
19032
47734
48536
53807
8087
37420
61251
10908
62780
41369
5097
62339
34140
31896
1947
559
12801
14548
62465
15572
13569
33483
37834
64802
63010
36984
40318
18055
11649
64002
19730
17938
31537
54757
61237
43732
31355
49494
24651
65089
59062
26003
42016
51575
41684
64223
44354
46330
26929
22657
14251
40263
23922
24434
10264
64061
6874
36114
4889
50665
12532
30486
28759
46187
9836
33854
28481
42742
18775
25215
17516
64763
63022
46750
9368
3102
18066
28041
34036
37770
19112
25092
43649
47949
10819
39053
50089
39691
59667
17204
59929
25200
46189
53201
18258
51580
35172
56381
1452
31277
38839
23565
9636
10013
52524
57929
604
42284
34747
7421
10093
34770
61606
9614
5437
58005
16422
58943
42312
9197
15424
56711
54578
62746
58849
63777
38826
63260
22678
666
24010
51420
57955
16780
22029
60330
45350
41962
43711
25578
32620
2470
19370
33098
29368
53780
47622
45916
9786
5443
65061
49090
65071
24270
43602
51329
25277
19836
19330
39412
50554
20195
22188
56157
44667
40103
42407
60844
4736
30769
37600
30778
49095
42487
60438
16658
3164
23668
26033
33974
39193
50725
65197
31234
41749
35985
7989
26209
52830
34363
41817
15363
64128
55202
37279
33216
37641
53357
12328
61265
63853
20658
45798
7
34269
31187
63798
14085
40642
52231
6367
42558
48724
20162
65185
62690
24859
28319
7841
36513
52820
36318
33070
21547
48169
36354
36321
21346
18510
50397
50395
514
44916
33103
42859
13387
16829
6955
29477
12671
28250
23229
501
26231
10194
44634
24630
57141
42615
4155
49818
32697
7626
62241
26729
11152
31325
28108
23005
56096
45596
13916
51517
59885
42524
10157
57273
54451
7181
4191
59279
39655
51685
30798
8477
3156
15295
34881
4571
16667
13533
22978
61298
44724
25714
8637
5079
63710
59620
24225
3668
61122
40930
33256
6948
56991
11970
24660
47034
26626
40939
15956
44703
32415
61778
61167
34326
33593
23246
51895
40378
15885
55389
49978
49672
21208
57074
61724
48653
45926
13772
64072
58694
45356
18394
54240
27646
56984
13918
57093
1826
62923
53124
15966
41831
63414
10960
24393
37772
53645
40369
62864
14218
53817
7619
519
36494
61264
11687
25475
31158
16139
60700
38551
46378
14655
52494
48429
64316
18471
59704
45253
23980
31131
1229
64935
6782
33506
19810
38115
55852
28861
10529
45849
63751
4363
7509
56099
20259
45477
11586
24784
21513
58349
930
35868
2259
63311
57763
43077
57925
39145
57533
28499
45847
5906
65073
29677
62590
32149
26974
41722
52382
31060
18979
61392
11707
15929
5735
391
30756
5734
37529
14235
48762
38677
29775
15110
48100
48791
11708
5297
54297
45806
64518
42794
28056
17996
15272
26586
34629
35332
30557
39843
14439
18519
47046
52761
7168
34360
14305
52491
17369
15150
55954
41926
47512
46429
24212
21061
29619
30547
5597
16097
40320
36317
436
9101
33924
36245
54338
23037
61857
8833
57123
34119
18302
61499
31446
8089
28097
12848
3516
62831
40099
52129
37525
18527
37713
10204
27475
7285
46711
65444
52817
59931
35136
11567
32692
25233
51280
43659
6641
54710
52975
28375
63074
49926
2851
57327
56661
47236
8301
17554
5586
12624
5584
5645
27476
51269
41837
37311
7612
62086
51277
36134
29041
19092
3676
3937
51149
27848
55169
49132
27485
15344
7898
19770
13392
1748
18935
19905
1100
13837
50551
46472
5166
17151
22142
48904
40323
9735
18223
3665
17386
43392
21471
40129
34794
43
64308
63764
2977
36945
62941
24855
16295
17041
49160
5150
46483
34339
1372
22481
26599
6808
24669
22964
33998
29538
49886
11436
44647
16093
15118
29239
47857
14637
46989
36573
27563
1162
12837
7419
45123
30740
12634
6073
9124
47427
16519
14399
52190
58270
13417
36885
36124
12461
37258
9821
26291
40364
46995
23065
7938
33292
13484
5191
58478
23390
31400
61878
45406
2403
36303
44399
31421
37303
18649
47362
15120
59556
10947
31582
19045
40502
2600
43306
4794
41813
27098
65020
54862
54441
14528
52447
19287
48455
60159
35584
57654
15072
23914
34689
60568
63644
28340
38088
48092
62228
56693
32259
19989
25949
19059
5019
56677
24825
55824
64288
47649
3803
22071
44216
11153
14026
41748
35713
14802
35083
45519
45243
13854
3740
27996
33402
9761
56004
49591
25685
7436
6834
2580
8816
30414
56131
37269
11740
28528
15088
51585
32141
48734
49350
17523
21102
59934
16250
7853
35678
28561
49723
39898
55931
27190
51983
42213
33532
45256
63423
59277
27493
45368
39444
15722
21388
28567
44039
63123
34215
47982
5477
25038
22301
20111
17611
63259
15368
5733
22549
5472
42136
2370
6307
9456
39083
45244
39003
23478
56218
13483
24384
44467
24309
51516
34118
13480
38095
17650
32310
17965
28806
5221
31941
43881
20718
31938
16006
58297
62643
36471
13225
26387
32923
42204
28532
29024
37183
5230
63984
39674
37238
47966
31416
44869
3331
56036
65257
43894
51835
40732
7016
5231
59976
49171
13419
19719
3028
54940
19319
43787
28574
35216
23928
20866
55690
60398
9458
4431
50344
18655
60615
42040
725
22769
2292
29018
65120
9419
35370
58816
32969
18397
61337
30307
62128
46607
23964
52955
7316
29985
46009
30980
21667
11420
20611
23708
60813
63053
45589
13827
32476
19751
24237
2910
55377
48990
43106
53841
65010
11102
56209
20407
33176
17103
57233
19762
32408
42753
21425
58866
33899
34593
41849
34436
41470
35797
1641
52892
36624
65383
48234
52405
45240
58427
62800
48525
5692
34459
2266
49428
42892
41904
57498
18748
17574
13712
12059
34285
65474
18086
51731
26769
40108
17437
13003
9468
10764
54148
45268
5964
34720
37101
38893
3033
120
50284
6961
10870
13890
43952
51056
61332
39321
20555
1502
60251
9414
18998
40380
734
64204
12811
26331
52633
9840
33219
47
48473
30688
39099
55760
42429
22706
59690
23261
25099
10336
29466
64792
8907
980
32403
25593
36769
28432
34625
22655
1746
49278
19238
26361
55079
57287
13024
5656
49275
49883
15058
170
60395
26647
27686
33715
20645
42233
19936
32237
22640
2630
23750
50150
29153
18743
24671
60381
56262
26065
54510
30440
33053
23147
19071
37092
64057
57376
30174
6975
19142
64025
16523
29503
18000
59721
30959
61168
10842
59432
4284
54946
46558
26107
63810
17434
26783
29499
36638
16776
65221
19196
28902
37875
15924
46342
27811
21139
212
12244
36294
20781
50874
12360
54484
58443
36447
27701
20548
64033
13677
73
23180
39098
7590
35340
5211
41045
28989
22363
64722
43078
59093
38825
3260
18641
21338
3259
42297
31501
5179
25765
13640
62826
52287
2987
32285
16977
4042
27101
41286
10916
24841
16151
37102
11534
27714
55329
12087
60488
41971
1966
46439
2041
9780
55004
59412
18134
60255
52814
51642
51611
7596
31334
45665
64373
28986
18115
4222
39956
59561
59161
25089
42197
25452
42173
49989
25521
29803
48161
15904
50721
50465
32632
3749
42860
16322
15463
10185
4417
18272
54875
19232
43165
64617
64161
34582
60981
57077
60118
36758
13064
24082
31232
29168
3407
17896
47267
59210
56325
10713
12092
22438
40672
21168
47295
2464
61955
47049
58628
28359
14515
17123
35921
5048
1364
16554
672
62304
4674
38909
32561
1465
40082
62960
10372
40506
53853
29112
43971
36248
62880
17865
19177
27058
46857
2446
24276
56102
47008
34602
61385
28410
15837
12863
4187
36247
5395
18365
32499
34416
64709
44197
7288
41661
26884
2328
48584
29428
13579
47244
15880
26628
41209
42025
49906
30384
27099
11497
50316
16706
45077
42879
40712
52887
45733
43544
29424
16715
38616
4169
37384
1445
528
41205
52088
42316
42480
17327
48591
40247
45323
50340
48395
30591
20530
1888
40903
25948
52510
22065
53147
62560
62927
2695
58142
30728
19971
47291
3430
34910
18329
17977
39196
15834
35377
33235
13844
36465
4725
64003
37407
56964
26914
34142
44591
34909
1795
59148
41412
54570
49327
48371
10120
48357
31603
34435
48035
25266
55949
46436
19729
4848
57856
8407
50467
64040
13407
46832
3362
12906
41156
51751
48553
30718
34422
35700
611
4857
59356
2543
6261
21331
21065
37401
15731
49824
42060
42703
34383
55215
35078
5204
44736
6516
55033
22844
39623
11303
30123
45792
59378
31189
49408
32825
61376
40210
6510
57405
3953
8538
9606
9587
35543
35958
18889
60172
16992
15348
5296
22486
10369
591
63041
36013
48980
19976
18294
3766
49743
13033
2013
23789
30860
29890
63318
63324
2062
25272
54829
14166
29860
51368
22253
50496
3597
38810
512
40087
36818
28585
22172
38737
45071
12011
30910
15875
48388
50696
37057
61590
21145
45084
18971
20525
12198
61960
46870
3099
23885
12204
62392
54327
48796
24335
28672
52249
64977
24505
25643
33496
55122
37221
33037
51752
58986
2002
51848
46380
25903
34662
29954
16090
42567
16989
30827
13530
32866
6110
40457
17469
11370
45057
45353
2823
49517
32876
49240
340
58116
46963
64799
9084
61659
32400
52400
15961
13140
32617
61132
11449
11980
14735
27446
58236
53100
1152
32252
43059
57388
16481
20889
6946
42304
39252
24658
12627
43403
3075
52002
21777
62584
16259
8149
15710
45569
5990
58977
15957
13150
61216
3154
46943
52517
1287
14474
348
58983
61757
63806
15701
24623
27781
39737
10487
52773
23189
17697
54337
63335
56752
35018
338
48367
40328
56827
28394
59787
59359
61957
64916
34554
53755
55302
15626
53602
10592
44372
43071
36072
55871
5663
17356
56788
46599
169
24290
52777
30799
4388
20649
35807
53683
62530
37836
15553
61747
30822
52410
44501
41458
5923
10482
19005
21592
24294
44061
62719
40084
35019
345
56405
9249
15656
28698
18222
8844
34373
63621
62877
47308
42789
54821
31740
38543
14469
53274
36700
19297
57188
15698
20837
41414
38971
54405
7418
42708
25081
28049
22849
59808
54329
42026
15587
16261
49861
62749
14405
2904
55056
36269
42307
20031
17484
39282
40395
27220
7153
28039
28729
38884
57907
25581
59582
11963
23784
16094
22026
57604
48862
2008
52952
39398
4052
41965
23137
42745
57193
15708
23846
22738
1075
42237
29706
14209
29896
38257
13906
54313
44379
43715
19933
12994
42587
43066
14155
15509
28288
48806
29207
14409
13268
47138
20682
53225
16196
43057
5087
19865
32041
34104
35003
9632
6756
39733
38586
51433
2363
48381
56070
19129
27445
307
36090
4318
27089
42100
30037
45047
51573
13365
41651
5331
48647
63208
48276
39148
2204
60095
60350
65305
9278
12927
36947
9275
31161
40040
45533
49504
49581
24272
15231
53947
16256
13386
34273
64475
28711
28984
39293
64383
3545
52347
12662
57522
48304
51644
6877
18464
21925
37329
8553
13066
43329
56322
39291
42793
46687
38292
1553
36559
28501
23974
59239
37948
34073
34970
48070
18209
30882
20590
18221
5956
14471
36096
24063
2746
61126
1370
26069
29643
56002
58230
10776
31391
30892
35765
65408
29579
6753
25355
54927
9296
40899
28051
21476
8344
42715
37830
61155
39085
57912
12843
23849
33922
46410
27810
36591
22607
54937
17125
19951
8728
33826
44778
33851
45977
64368
28979
61643
34057
42830
20830
15483
48330
38350
3648
12551
65079
41268
45423
32546
11986
12766
8897
65412
16343
40476
8310
37224
18772
40910
50979
45794
15780
34085
52250
47514
37037
5413
48520
30220
43999
44517
56105
43962
35307
7890
34426
59874
37981
36953
62591
303
57930
39622
41682
25526
21155
5192
39040
13429
52512
63206
50494
54978
44641
26755
7215
65173
30217
11715
56822
24415
28317
56326
55834
43056
1921
64941
60528
31707
7714
53287
21789
49980
23844
26334
52122
42433
11227
38687
20123
25464
30311
43617
35542
3499
12292
2196
34963
57103
34347
60022
30162
41977
58566
14282
13438
14974
61096
44224
18141
4708
12303
57386
29135
45760
1989
32505
62249
60340
58164
14473
15047
59960
20760
16038
38267
14043
34107
23413
26016
30355
37286
55851
62245
61662
61258
3719
63756
43063
21479
12501
9096
16451
40330
16265
13277
5864
37278
54487
60036
21722
9026
58257
40403
60044
55771
30863
46754
50705
9610
43804
2978
59323
