54327
60983
19660
56509
24203
6910
12611
39519
55140
41426
28312
16583
12344
8470
54126
30868
39517
9867
39506
6722
25190
46473
26759
5387
55658
16573
14474
9118
16931
14320
56048
59636
7371
22199
49124
65459
34064
7109
64841
7085
7975
25930
18806
53890
2845
64739
36262
60865
2440
61259
26695
8681
45983
42926
20946
31267
17470
12551
56966
61153
54291
1591
30782
51715
56076
32805
28709
53914
60264
2437
20110
44172
24389
49625
6203
64825
45513
55400
8281
9331
35799
7823
11791
31023
26474
21541
51338
15840
12531
54392
3664
7683
7940
23979
38005
41663
48929
42891
6775
29781
34749
14855
51045
26437
62358
43117
47313
33356
59436
20392
22057
14942
1552
54017
54594
38068
55820
59177
13878
53360
52119
65300
23480
54484
4208
37066
30842
63319
1946
30254
38921
2935
28926
53362
26246
57381
11364
27648
31293
52940
16421
20552
58376
3376
19919
9427
2563
841
26556
40056
61734
51905
43296
38407
38842
45455
15807
39958
16097
16952
62575
13567
25743
29983
56540
35887
65219
55880
6602
58191
15781
2398
16500
393
46023
33687
25729
10690
2386
33180
56200
15145
57693
5665
16809
4855
31730
27247
63157
6885
64741
42020
38476
62365
39518
65334
7512
40204
31126
1292
8476
37611
33786
64218
8601
41961
62028
8125
16355
17890
6770
13599
27837
19888
8718
6768
15927
9650
38772
25523
35445
12343
4416
27116
5510
60757
44627
56440
14591
49540
27516
21918
55138
42121
12750
59127
62894
26544
57247
17101
57782
55738
31274
53862
19905
14931
58505
17030
10774
5989
56383
56762
61323
43169
9107
50899
40981
27236
14648
12027
23111
56510
710
60215
11277
54125
54900
49521
16806
39653
41161
53100
38735
22774
38629
59734
49652
47851
51140
4197
40175
17712
8536
4327
53445
20879
64006
2704
22750
45483
20458
8687
24538
49304
52486
24240
7076
31690
38344
21220
27718
58397
38510
33195
21691
238
57152
63428
57166
43070
19072
40419
30244
30071
57014
52233
14385
29284
54172
35047
46976
18155
31213
29074
50353
3315
49253
53681
15472
53745
21947
4807
16942
51818
26608
40421
44677
39651
41600
53351
21426
22825
61109
2541
13956
54426
26564
6138
19184
36103
38337
63986
8040
43662
50944
54677
51044
38600
35846
25677
45663
6531
49940
60501
21969
32073
23900
47295
2165
59633
56527
11308
4559
34973
56520
65031
50947
26579
36253
8748
50950
41266
56462
24905
27769
19709
54742
58630
54962
53663
58489
15111
32769
27767
53256
5043
38885
17150
47969
58626
23175
18800
8926
55148
14075
2548
33349
48439
1780
3151
52364
40162
52243
51718
3983
43431
28274
50694
20485
53386
8845
62688
25236
56010
302
36764
463
49524
58727
51042
15078
24111
30327
23264
29315
31858
24457
6516
33958
10530
9
47080
51587
40169
46540
41129
44383
51712
49508
16812
35990
50776
39475
33425
45930
12185
38627
53694
22867
58886
17641
48575
35540
2156
10103
57292
7666
742
44738
16795
41782
52480
21226
10048
31903
51315
63620
41268
60365
49515
44816
9602
51649
3496
55672
56058
50688
32387
52239
8653
18962
6422
34757
27155
32672
52482
6058
18973
55732
44484
53238
11411
49349
57835
38883
25709
22811
47306
21921
10992
28010
12701
57345
27693
51705
50226
15541
23512
20101
43513
5920
21966
55436
42014
45506
31323
48965
55560
608
21936
505
54584
34615
45131
52018
31639
35914
2987
57952
22697
16800
61721
61628
30576
58707
16581
6742
18246
33791
43469
44975
19572
22420
30752
38227
56096
12485
58429
43677
41594
2041
31456
8235
18585
63732
42822
25731
43
26358
19101
392
15242
2052
8345
57112
26136
2610
511
65105
2976
25942
41415
12610
58443
53768
52393
53143
62813
28744
10276
48016
28974
6220
51450
43679
16953
42454
41595
47237
59447
29803
10478
49895
28918
56931
56314
12858
26757
19110
42805
40447
8827
25127
61756
54776
26407
17508
7002
49390
34684
59382
32090
23035
32712
28842
57507
55856
11224
14073
45666
40884
10917
7890
64733
12533
42544
37027
39346
60829
7441
52582
6649
39464
57508
52888
55312
2435
4083
25373
36671
12718
52137
23033
25993
60595
42041
54056
7565
47949
32744
2697
5327
60988
31565
64920
41593
19401
49143
9214
27789
41724
22483
64714
14330
20896
30063
57733
62678
8714
20019
31664
54333
19450
2295
30569
51424
13888
18553
31774
40441
25334
4132
11028
14632
8925
12261
20617
57949
64530
55256
34761
62024
61745
28961
22168
26892
506
36257
39917
40497
15133
39639
40751
34285
26552
41246
9340
54535
58400
27618
41878
56632
55868
65204
8279
53748
40818
64060
60452
57459
13157
56360
11698
65396
60223
4386
35563
27196
24668
12494
55171
46663
59076
46537
53760
50072
30615
58605
35388
17490
56044
59139
64193
61990
51444
51189
13499
6309
61960
55742
28971
11155
25687
45675
59000
52178
42997
22984
49574
51498
14747
40374
30694
31895
7795
53315
63878
437
48458
28410
40570
34096
58054
5789
49568
56529
43198
27839
8230
2645
26308
10061
29832
8749
13591
24266
27825
9542
9555
27047
20281
61322
56551
52920
15349
11635
57880
34478
21055
48534
62554
6988
10634
3715
6315
20500
34848
36163
16556
55714
31749
23263
11623
13336
64658
25713
52537
7859
35266
4835
39809
11249
47701
30621
45679
12312
6994
4131
18333
13503
21508
15025
41763
31063
13588
6338
34904
21950
27525
36543
35908
21119
50068
63024
25639
61727
9056
2174
48019
61137
37566
9211
4798
35521
33499
36162
47498
15682
31215
10942
16877
54972
3438
46048
21656
45687
62364
54974
8252
37804
33013
61274
56359
55963
59262
8834
11253
16591
2301
6509
37034
46732
40842
20839
6118
27528
18390
57175
60458
62768
3459
64829
63738
36804
65019
46244
57393
33324
1328
64358
35206
15236
56535
41000
55323
45466
6116
11988
22586
27193
1637
12760
40298
45425
34730
19633
22284
52894
10089
31678
44360
26648
13610
9353
62697
63423
1190
689
59386
51446
15124
27080
45437
43464
18366
60418
48427
50266
8436
39871
26209
15391
25989
25941
15362
56353
38846
1410
51857
2442
56619
2648
41586
25690
12433
64801
48091
11757
62357
9109
22264
7870
3451
62290
3003
22922
47664
56614
5575
42155
31976
14274
24230
50777
3163
43518
60703
4183
35572
24995
8532
51304
14277
65423
1004
3609
48165
61018
5721
15596
5000
37190
11149
52976
42533
41402
26151
50631
61244
31647
53758
36984
5972
41802
31634
65294
50366
15035
6301
58764
38271
41679
5356
21874
22068
34930
59183
29633
53068
25910
63046
36772
11759
57592
48261
13997
30052
37098
32177
2162
13912
13287
13290
5367
41328
48732
21949
45879
19904
39214
57637
10834
16586
1297
14631
57735
23233
877
41554
26213
30891
25467
33348
36791
25419
50804
14363
41618
38913
42092
4830
26252
56159
30916
43434
24181
5451
18707
42312
11601
62539
64729
2026
19627
37562
17116
6350
16384
17428
48988
30407
11003
41339
12738
1267
51598
18032
12827
7247
18978
13668
1692
30691
32790
4977
36697
33345
55721
59462
24273
64760
35379
42082
37665
44323
62421
29859
39928
44543
2945
30191
45944
48172
8186
17552
51980
9741
35385
26875
8269
54101
54898
30121
12305
4328
1913
4123
6061
53646
3657
43880
17436
4989
35094
23481
469
47804
46402
17776
44836
56783
3082
42285
16432
47610
16406
32532
29818
19942
847
14397
34416
8725
58909
51935
4611
35743
10321
9839
15023
26002
42372
20663
26208
25463
56256
1584
46228
60323
1426
35685
28038
6367
24911
39374
28552
25444
54727
48448
56236
753
55942
56985
9284
31509
25663
31395
24168
63017
31827
22941
3969
1730
21554
41872
13808
25733
43915
26096
55926
18292
26306
12388
2372
30465
10652
8224
8263
62441
50744
48459
17663
25754
27288
42095
27581
36274
62425
60798
50570
11157
19289
58671
36084
45631
26652
56776
31094
61423
3084
46618
50963
17267
43634
39797
4114
7883
44822
50328
60943
43230
31362
26231
16320
2459
38343
2116
43406
33269
23234
27014
49314
19469
15598
41775
36373
35881
38193
59469
21131
4041
13215
11225
3821
56798
33723
63067
22009
19479
28277
41794
4085
21006
9117
15884
49618
45151
41314
42429
62366
37194
17933
35376
44339
27869
29221
52611
23635
38368
8648
41622
45247
49638
4432
34736
14584
48474
8854
55125
27444
36834
47319
20052
61682
7057
33000
10319
48208
51168
12530
38880
57118
23780
53672
39745
47354
55402
49022
24919
46538
35392
41054
26779
5496
62355
53484
23207
7513
2107
15808
51752
39507
33514
4562
35064
24857
21002
10409
25911
55429
28193
30242
21867
2181
9229
61537
34066
8475
19354
20622
48710
53485
36144
7760
52052
22903
42084
60755
5880
33527
27442
34748
51433
55896
49193
40275
55607
41596
37349
1870
26340
9533
34720
27651
54680
20813
5334
33776
49840
30011
7202
14240
35602
31695
56408
46774
12483
60500
39348
11135
53716
61812
8336
55948
40168
65460
20143
61042
13045
4708
34518
60496
8622
53480
8277
532
20603
19445
37540
20883
54998
2389
28674
7892
60425
18207
1665
56645
19868
36486
20897
14941
27685
34267
28763
42561
39510
3591
58715
61004
14135
8236
22087
27645
48032
62282
15675
55143
59369
36783
30885
2960
20163
39832
55928
59507
37003
10967
25388
55595
23675
37607
6777
20492
22482
17949
15999
20619
57850
14093
61991
41725
36065
28057
38374
56708
12559
29910
47366
1324
34259
19656
10216
50639
7477
45173
62699
6647
60676
17347
7563
19065
9110
19262
40882
40427
59362
45239
14934
56541
61532
65458
30619
34831
30130
24852
52456
9668
36458
42201
35926
41316
55000
2446
22272
57567
35928
19813
24868
16398
59550
61755
37350
21142
65297
59296
51156
18968
9617
63392
38321
48324
53460
25041
17046
48367
46353
61072
36336
60112
32102
63119
32150
32957
6436
29026
61020
12918
53326
32458
37784
60084
29158
51870
37117
57512
14256
45712
4938
21814
36742
16637
8519
23700
1436
57318
62759
45114
30568
56199
3142
20069
14104
43474
35299
23254
57688
51894
45237
47568
8416
26447
23046
7508
2294
47082
17736
52919
61240
21212
7992
12585
28069
26489
20280
18740
11908
57144
30027
12711
64203
63356
38844
12740
50931
17967
13509
18364
21902
16906
15040
61981
53799
20720
35262
38254
11920
58415
62503
28014
48547
55430
41791
56912
28067
58273
19910
31108
40455
58452
46782
572
57933
58501
55393
50036
11291
29702
589
36790
19579
15
65064
26202
32723
22147
4513
44763
6324
5821
54756
40164
4020
54790
11416
44534
52310
24143
21764
37059
57763
40029
4404
14134
23703
28893
54708
49891
47677
37379
59812
35719
41509
35641
54724
64964
39941
55917
33602
3174
43282
54699
47350
46905
330
2585
39935
12247
43391
53207
52204
8458
26425
63258
10714
60636
6329
50508
22138
31375
63465
44140
24279
18888
58092
5460
11226
39835
5256
748
10985
56133
4414
20055
48880
6545
12346
2586
4983
22202
27135
16112
24542
8462
25831
61954
24556
60415
44424
9296
12877
21648
25636
8299
34309
61640
46936
45645
51679
45232
22158
46704
26196
32963
41486
36847
4127
3615
4018
45840
3470
7831
16016
11746
24498
37783
44373
27550
56664
27738
57122
60298
45459
33817
6197
50580
20968
58158
56484
29028
60565
23734
34052
11793
14846
18632
38301
36838
17328
315
37063
59064
9669
17392
37023
4582
37062
49889
57222
38345
41796
64136
63755
965
30305
56445
20818
64853
27848
40026
5203
30900
2916
14616
51193
13496
23539
57241
59673
23977
40019
8886
59019
39363
4733
46081
54274
39701
59807
16615
56820
61852
27296
58296
31386
22652
54288
23723
15774
41893
55013
42161
45743
30736
37048
39359
17934
15404
18550
60721
34172
34669
17697
64705
48182
22621
11924
11750
25465
11410
1977
20105
2080
56311
24541
42486
2201
40030
11723
36885
17898
19029
35938
2065
24970
24432
4520
34241
45820
56221
31171
57784
49959
61655
62540
30161
62498
43313
19991
36662
2681
4906
4796
30857
47909
42739
11417
7
32359
62992
45281
5350
35202
52417
41925
33511
8421
23843
62756
35671
34865
26570
54587
679
20518
36368
56051
21988
23597
8865
60361
65197
24493
4050
23885
59481
23720
57737
6361
13545
6429
47684
61057
40020
268
50209
3094
3145
44018
64971
27431
35113
38870
10263
32188
30993
13570
45082
56928
28940
15032
27557
63507
23270
43262
23719
15455
62836
42514
41034
4195
60754
7874
23712
27754
5848
61266
24748
40537
53757
61416
8778
23692
58919
35138
43197
44610
29483
32184
48012
55536
17710
28887
28101
58240
2321
28538
41643
4516
17908
25336
46533
52428
2719
35314
44026
53925
43874
34348
11413
45519
6497
45736
26896
59829
39352
46102
42181
27850
61477
61095
53497
48138
1508
3698
52139
57959
52429
62790
4052
20770
32135
61864
34614
8555
50126
6825
46068
1706
2668
27746
22469
38328
52133
55699
56696
21140
9473
52422
28109
52128
54112
33995
11505
11423
22021
59721
32917
53908
30780
60600
25973
34054
59823
1822
7261
16515
24153
22323
13894
13098
8492
44105
4742
35879
61818
5476
64439
2868
12598
11223
43018
40780
57252
1877
19233
45759
10317
25895
49235
23198
12991
13724
14257
44115
8528
11053
12481
29416
9526
20180
16212
43176
11441
18671
17596
53720
12591
50814
26495
2617
48999
51172
7439
1634
26277
42969
19993
36073
27965
18665
11613
57879
28077
40397
3485
62036
57815
3437
7433
4794
11169
41882
36463
31630
10939
55384
46144
33278
9662
1300
8205
49104
20304
38078
60244
30571
28430
32490
46064
36066
5162
22999
10844
57898
63116
28769
64722
14358
65168
39614
63622
6812
28078
20275
56007
46421
5863
29089
37055
34913
13087
50047
54565
58597
48998
53254
5366
53382
4
28867
36745
55718
47535
19218
11428
40022
62522
23704
6811
14908
53392
22101
27996
56615
52317
36140
49036
59072
51640
11415
49375
55222
26000
40031
13712
14190
45491
10497
11353
30096
11346
64501
15267
25383
43203
11152
56822
10442
19287
6452
19353
28817
27536
28829
11093
20695
57172
39824
30541
42797
15128
50704
63898
1260
22397
43435
50962
33273
1847
14356
22131
34856
58497
36129
36925
26161
62293
51873
52237
19949
26557
50265
2441
8722
47069
15892
7405
62354
9045
18392
59361
21935
8339
38306
8884
9647
61887
38483
38490
14305
45503
38872
41652
50594
8346
60101
31609
48364
36765
36136
15956
52569
58241
22731
32669
8326
43600
29576
40592
45680
51400
40087
28504
49327
11475
36135
48288
53395
6471
21952
11749
14139
22352
46544
31120
10981
14736
53381
60827
35988
9729
44600
54758
36251
65311
50623
13073
45123
35216
38335
19252
20024
28447
5795
13302
37872
65525
52210
64508
52653
15856
5465
16910
3012
12209
3728
23969
49815
56055
4548
24967
40391
54648
5023
16325
48111
7166
32797
12816
8838
17434
29086
58093
36143
46638
58259
56261
51987
45153
62321
6938
5414
55599
34622
48150
10936
12222
25344
46368
65264
29358
50337
43826
19659
11181
48549
25643
59638
25047
55297
40385
43111
8561
51161
33940
32935
14689
64595
64399
15442
14773
17590
28761
7533
5994
44319
21801
55234
55979
60620
55428
35317
44577
61513
45835
62437
17336
10334
17650
16038
36673
2956
3814
24167
7372
4164
56329
4837
11056
38182
36655
46706
36504
12122
14587
36536
20107
11932
57126
4797
44694
5011
56322
44297
50476
9961
32375
56441
24532
468
28011
29098
27640
778
1092
39908
7072
3275
7366
41706
1350
20665
46289
34333
64594
21061
26685
17250
61875
43132
15247
41306
10358
15898
11774
31932
62105
30357
26625
52244
58795
39828
48052
11479
22201
34623
14582
11614
12223
62538
61961
16753
32152
19263
40693
24197
45039
28834
21495
3475
55924
29486
27574
22777
31091
29969
764
31983
33970
53491
19541
4697
62726
29699
3721
31549
49852
63147
40991
35986
25904
53959
55396
62149
36557
6362
20124
32198
12116
17594
40396
60044
49853
54606
24687
6306
28013
25840
43183
24214
59924
9260
32678
42595
2383
63458
12747
43914
39112
13309
23022
49535
4759
10443
48784
56697
898
54211
35489
5119
13513
2180
24154
9217
24979
55689
7176
338
12219
63594
65304
14581
4336
15788
64429
15869
49993
29708
59018
34815
38845
11674
62983
6317
57245
13037
7839
17578
12650
28283
2708
63149
17576
23162
56447
26076
53558
13622
35320
62693
23487
5939
37510
36379
63249
47840
51680
40582
4250
14488
45838
52066
55914
28613
36748
10299
44841
30124
27588
58594
40418
2554
51908
34071
24289
4792
24478
58991
49443
5472
12552
48207
2710
41369
59157
13554
17118
42675
31841
23268
52231
4791
4247
29955
11835
30928
39876
30072
3869
64624
60048
43969
57163
19603
61198
31266
13672
1304
2185
15088
50683
25026
43886
25702
41305
24708
24778
39155
28260
6654
42976
17213
5056
52068
44561
18453
53032
53791
54405
26468
54171
59084
35619
44335
57587
32199
4866
37518
42695
127
52938
53830
22827
54919
49033
49166
20360
17255
30582
39289
6139
64730
17797
55660
14361
31620
60523
28874
64356
3387
12981
33268
11753
63426
54918
4507
52120
52929
61328
50130
12271
42982
54924
8264
26879
53625
62532
31491
28267
25262
58934
30307
19676
14127
26987
11784
60726
3827
13906
61036
48227
53784
34979
65306
26101
41462
8757
64088
63995
47395
11648
23350
6805
22783
62419
399
55909
21303
58416
25188
11231
17606
51332
55819
51658
62529
13866
6087
12424
2393
59384
16664
36677
28039
22077
64051
12264
53245
6851
47197
64662
64553
62528
56919
35629
8330
32802
34829
65250
11824
4047
13209
28258
7857
47902
33608
25632
8512
32456
6604
2890
35732
34801
7675
40590
25035
20774
18331
15639
12912
45968
48180
52485
27838
25741
51906
6909
55620
42597
15159
6080
28608
23915
25526
46617
17098
3216
59393
14647
16976
53471
33547
63890
22887
11248
13260
65425
8763
27332
25799
35751
47906
37111
21136
64263
35500
56266
55541
57237
8878
5439
61952
2558
7787
43236
26673
17318
1375
39861
1998
56258
1074
24466
51652
57528
26519
47443
51141
47079
35935
54452
41494
25855
54712
15513
36319
6501
35695
17332
5563
36867
63354
285
49845
59298
45283
50359
58837
56465
16409
14556
7884
16779
7693
49447
11484
63504
34922
6513
50907
43289
56672
39683
31135
64028
33763
580
56562
62110
12645
6522
57205
27868
61021
24409
61315
55745
21766
2071
55170
63478
47752
55744
2387
38581
30978
26978
11485
60995
6926
22812
4569
51039
50955
54512
39084
30328
44554
62125
8373
2434
32327
8479
57347
57080
15564
51459
63656
11675
8719
53692
42782
33007
51173
53357
27321
37733
59908
59935
55729
38324
18965
60592
52232
32954
50693
13490
28691
44827
32949
52491
34933
20604
39287
54530
52437
11445
30919
55537
42217
54537
61712
62026
48320
22126
47363
5603
33871
8164
55442
6782
2631
50805
31049
59446
15360
61538
54083
50179
27504
7053
48577
51381
2943
42460
12482
8367
20541
34347
43184
36062
24007
53680
32130
58587
32122
2699
60787
52069
36370
32463
38303
12542
26248
57185
54928
8679
17500
4470
42883
2503
58211
22060
19733
22228
52739
53173
25833
25742
22959
635
43670
21173
54995
3414
40117
31112
55192
39320
5389
26191
11126
41559
41758
55986
4168
13583
64370
36058
36965
28794
14889
65284
41750
26176
55984
61716
60679
52832
57216
7063
53696
56060
653
3503
38837
923
53697
55706
8655
57542
37060
63722
25140
59455
64503
32810
55733
1813
17053
8341
53960
43508
51637
7479
60609
45781
53958
8128
21635
21365
28328
21942
501
61180
24997
25558
36124
63291
19074
19606
49868
6797
24019
19667
42510
45263
32664
56335
31675
26669
5864
46583
25254
51435
19087
61413
8988
27533
9562
39657
34861
46788
49321
48428
65119
20526
31978
26428
55032
46331
43957
63281
6551
7988
6744
37222
33508
56342
52724
20881
62126
54264
15443
4265
29044
26767
16537
51607
23973
414
58221
46694
56869
33667
1527
41811
36668
12231
21857
2509
6283
4138
39601
14790
16258
2544
55845
18273
65410
37051
42692
30651
25990
3101
25538
44612
57802
15377
15719
23832
10615
25509
10171
53222
43963
65123
170
22919
38075
8362
10940
31726
50997
53258
53545
10430
53629
31329
62615
53261
53727
14326
28436
48567
56586
31373
41394
35036
44401
17917
53202
53391
35880
21518
47787
53838
35820
28452
26756
18405
49805
40807
23658
53546
62633
32872
34441
42689
24054
3426
17214
29106
61351
59891
6482
61989
19119
11596
32870
59435
37575
8142
2105
26178
19779
63216
48887
12709
22092
7187
57263
30907
44404
50980
12103
33320
22039
11896
47778
27426
63040
32653
12669
27157
48612
43412
37102
41585
9530
59974
30607
49145
65025
273
46868
28743
18542
10991
49851
14843
29520
29371
8238
63710
26265
61193
19586
54517
59614
39131
32187
34540
5225
9170
2930
3933
6351
47986
24447
56325
7893
55950
54838
43189
55375
31074
53204
15871
41492
50356
17611
31972
58086
53028
23867
11459
20902
18377
20838
44925
32437
22430
47790
57987
15865
685
64337
60534
31250
6450
50540
18577
36656
65452
62872
9373
29836
53466
39611
21654
49396
16214
57308
18283
964
36987
8454
43001
4522
33218
41413
1454
44492
44916
45672
19256
43877
15129
29624
3295
21890
57124
2975
22270
13548
5886
2163
31632
5158
46209
33319
35471
10096
64827
10736
27429
33446
29782
18568
23643
51405
59235
56997
49080
50826
51447
55315
9705
11985
39916
63331
32859
34420
53331
11934
61224
41589
59303
6510
64812
58827
63342
26762
2006
54731
17394
55193
17918
3792
55225
1448
13036
58700
61951
25449
20267
24743
57548
25393
55335
24746
10286
45804
25452
28747
9122
3824
2963
33515
18161
523
22308
61168
28132
47876
62304
43116
12083
56117
63665
10711
12716
37978
63880
55318
12396
57916
40682
14730
12842
11724
3502
1982
41871
25323
44631
20973
55230
7400
33714
55581
23853
22798
17178
15451
33338
51399
51019
24500
15045
35753
52575
43832
39925
48198
60640
59424
41418
54465
52185
6765
54930
43802
59536
43581
8511
29585
58536
7956
43952
15875
49420
5009
62720
54640
25552
35927
28361
36663
61511
35993
41027
1280
13602
5663
57108
41482
62681
24525
43422
8742
36506
52005
12230
17718
6818
51317
1874
18859
43587
50752
6953
21679
54701
50375
58797
13973
3949
11483
50429
55314
28945
10842
11217
13354
64577
39402
60637
65214
49675
31133
29195
4062
62679
63506
12268
55862
24208
14938
29562
23204
57354
1636
28591
12457
54036
4909
51410
1044
28787
3135
31830
26730
436
24434
63030
20140
64392
41910
615
6728
7254
43200
60124
41632
23131
38978
31051
54829
36184
56220
8490
29485
34810
37070
59538
8449
59926
11991
53798
10944
46354
22183
19724
50382
30905
49322
2895
35494
38083
17931
22932
2660
6191
60654
4338
9004
50327
51491
2448
49791
35458
13596
62605
42657
38280
12140
22562
53138
28650
16264
9700
43820
60759
21528
42550
48841
16162
45488
1279
53398
49912
35020
7589
35791
19298
43921
20510
28702
20509
18600
11642
8170
25151
61418
46977
32729
42223
55705
43493
59245
46249
19330
15683
57409
32807
61136
42311
40124
61420
42472
58577
15441
33570
31161
40925
58920
57223
60650
26056
7800
3665
22070
824
52853
40494
57634
29739
39598
21388
36137
61415
8999
3921
62249
5365
59783
19335
15553
58265
60918
14059
56787
13606
58730
39613
38273
35721
13840
25034
47055
37080
32332
30185
37752
18051
49893
62251
61238
46059
58965
11368
18682
58683
18111
60526
56731
22343
30660
18921
33538
64373
5148
694
57363
48909
30186
42424
4545
28272
42708
61183
59231
30183
41188
30439
34228
61722
29440
3701
15584
57995
55782
58891
4815
63260
45375
53567
26241
52884
38276
23244
42988
62020
49886
1701
40987
829
27655
26210
23224
51928
8386
16260
25575
8182
47116
36441
25288
55959
6342
63970
36277
51805
57450
50365
1580
44112
38287
65375
812
56216
5724
4337
21998
55863
48773
16403
33733
32
29603
53215
44303
1919
1347
25923
10641
41916
48081
22934
50478
56555
38657
10100
47671
16257
44440
21557
54893
46653
47794
56990
42909
27829
31682
58665
41140
61417
52848
23590
6056
54241
28022
54849
17676
41753
13663
5917
45791
47519
14633
39366
16271
46065
23341
6830
19651
1272
9664
22086
56703
22349
31261
19786
32934
37377
36577
8868
22096
1278
30188
52303
45489
48910
51615
50421
24989
40259
55800
3205
62940
56217
63580
26122
55532
27625
29640
43142
23429
42152
52372
19575
62677
57585
2296
6209
34737
31209
4895
47558
50656
49242
32961
59766
61410
20936
49896
12944
58457
28779
14016
51942
63253
46819
30400
50632
32718
56204
4387
5673
54672
20675
53669
23756
25428
22439
52143
35856
28248
32612
40384
53722
26120
3314
31315
36708
52887
23502
52478
41932
7452
33955
9366
48516
30859
3926
50095
111
53306
7968
61553
13815
21661
24519
7980
58512
50491
64187
35425
41930
24471
14998
20988
41506
63439
13623
15699
9971
52058
4270
50363
15664
29298
7431
37110
46691
9649
8708
57901
59375
65036
3857
56323
37015
21821
12487
54963
16869
18559
29360
28420
44150
53717
10191
43012
45749
33204
43691
51668
33597
57539
50612
35268
44578
30528
28628
20894
60714
37327
22870
28249
54949
123
60046
57429
65383
8611
49812
49503
32436
34044
18885
58196
49836
17029
39729
19433
28442
43323
32310
3171
64551
33146
28815
35160
3740
15184
8694
2971
41517
42770
20343
8410
33501
39831
10547
5470
25309
45083
5487
27221
23612
36741
60047
62434
16221
37346
29722
46275
43118
50741
27662
56334
20243
34444
12335
64792
16866
60209
55368
62276
32333
23791
59088
55651
53679
52801
15537
60593
34069
33199
38628
8673
44255
58966
41441
21938
30902
42771
37506
5015
16678
32434
44957
26916
12942
59129
1311
49053
60719
7123
51666
54077
61676
50912
57765
52375
43486
33205
40416
55636
47975
11414
3480
38886
60713
1719
60034
10583
45203
33368
22928
9933
9921
53848
55584
37041
22871
25487
10640
53461
34182
25407
64113
46450
6659
54137
8063
17196
34118
54135
35080
58625
56030
34374
54254
45010
6662
17452
57167
31391
29673
30437
51073
59686
2027
53105
4194
43254
22635
20263
35581
44943
27003
52200
46992
44398
31649
43658
45012
8591
49224
30435
23346
57664
31610
39031
30003
46157
25630
42218
24896
41936
5412
36635
28483
35444
23998
19179
5638
48014
38263
56941
54092
7265
3546
7417
34952
46987
60608
31117
38097
5957
3075
7093
27316
19947
65505
18640
55291
51892
17014
49783
38530
4458
38542
35917
39526
5671
62097
58428
8615
20241
64102
20525
34618
3433
44175
15622
46513
49592
1119
51963
6756
26187
40311
33926
33302
23267
49395
49985
44380
6217
42554
15397
1465
8219
19702
59704
23192
44768
56419
46205
60376
55994
25453
36220
8312
39554
20253
4556
8124
43751
1546
8755
13824
55985
14732
54082
13929
44635
3225
5089
49129
51965
49734
39947
20120
54143
35825
55357
56674
14342
57161
58153
3815
17165
54136
27399
61025
17422
31461
5331
14341
51108
31459
27060
8189
18044
11342
51579
60155
18342
54381
18752
28004
19195
42268
2164
57750
38519
45071
29411
24559
29888
6596
25245
43344
43648
4079
4339
23897
16551
60796
31881
6656
23013
14058
21728
21714
35175
44633
15970
47494
39566
25668
55162
38268
34551
18176
50948
65026
10872
41610
7669
43867
45798
20752
41949
50939
57212
18338
31817
12413
24372
34276
52518
8112
20299
4873
51569
35112
58649
35340
5632
32483
18661
44845
19008
8011
55838
64114
31046
5634
27074
45395
44021
9453
56298
33408
53834
27252
50941
65345
45433
14989
51890
59575
4554
22879
3488
52039
26693
36858
50097
14175
15837
56267
25356
36778
20583
7548
31684
52091
64564
64039
39462
28346
38693
25277
32661
46479
55528
51211
19936
41139
59620
27136
16256
17021
17310
58628
38091
7976
60132
34075
33123
52085
54601
32430
44391
54596
20166
62998
33795
3662
54021
46708
14847
9278
34984
927
12169
20814
41269
51062
49056
16376
28397
32190
60777
27805
3588
51966
56065
20802
39714
15287
25674
2530
10723
23788
35666
38873
30139
19247
26807
3961
63033
17102
32076
12060
39459
52520
34782
30220
4259
1521
33693
49666
56321
33948
17039
12199
63450
49510
45393
62278
51831
28515
7291
59911
6066
33170
22400
24029
59572
42585
16719
46794
33868
14883
33384
26548
11377
19968
56422
51955
61342
39465
61144
20789
65047
25454
12054
57400
20607
30788
19839
20171
2814
27324
921
39983
25037
51836
9267
38648
31332
48644
37398
46648
495
42087
2634
17361
29967
28686
48071
27509
28141
59765
5422
54027
30518
13319
16455
43301
52860
1744
16310
10006
38698
42618
53949
59998
57864
8941
57018
51122
33849
9027
22545
59147
54884
7635
54497
12207
48722
55559
65356
60249
49021
5492
11890
49671
39298
33762
6882
36197
55145
21588
32984
60414
10751
24929
39209
41557
52620
59115
51599
25207
2901
29810
19776
6881
7923
21615
16270
16088
51058
27750
3351
22194
17139
51824
18658
44464
30666
29099
12503
35522
25443
27009
30726
26549
24099
58873
25543
38788
27505
43166
13861
17289
2685
24985
55147
63518
15864
9334
33471
52852
25327
25274
5656
62297
64342
26439
58111
15433
13845
48248
1928
8314
2350
35992
28828
52786
24882
60681
8247
610
40810
22432
45222
64566
12290
59030
40549
49318
22626
5804
46256
64660
14223
64215
55512
45211
49202
31559
22715
16
58464
64433
36639
12203
42415
40784
59510
41292
30499
27895
20398
20606
10905
44156
10610
32123
30157
41283
46141
2338
28242
17242
3848
56589
41152
34826
9631
44958
64766
192
31467
16659
47087
57111
10665
60812
57476
36167
1845
25593
61644
25949
2832
24440
61330
57931
14217
7343
4503
47936
18468
28824
62806
37318
23880
37319
14218
4227
63124
39777
3661
38711
57073
35046
27240
626
34191
17089
10781
24706
24483
8810
52727
54312
21451
63329
34281
35535
23090
6954
37005
23531
30922
493
63425
32601
15116
53077
37001
60594
5330
20535
10725
16521
27686
43134
26092
14149
32709
3957
21325
28167
27687
54951
48718
45543
40840
29535
47930
32286
5390
19497
8313
41996
25590
17166
47871
43742
7606
33299
29049
7752
45217
26130
2542
61438
28809
33208
61358
48310
28152
8329
49183
17209
63345
38859
40324
13488
6901
5538
62712
57011
61997
8259
53800
43525
7125
14024
46187
24184
29213
44776
54259
19220
4180
12377
17469
20357
52728
45694
62613
63340
25497
26456
28473
38860
51356
29792
41288
9582
17471
21589
2277
1593
40330
19726
4743
12908
35084
55662
36995
55525
21011
13146
28474
19240
63930
27361
38736
36714
28119
60286
58290
15321
36810
9909
25431
51035
35456
27890
28244
26499
12414
2223
1740
15705
57146
7239
39575
57338
8896
65386
12941
47862
35962
36960
23205
57730
30825
62518
17146
20190
2044
25661
11018
15760
50571
31343
1288
10441
50532
52262
26858
14289
29674
56829
11335
22022
50870
23320
42250
53044
37670
12563
31694
15062
32646
57091
28899
4059
57367
45723
29516
17763
31382
23021
20295
34135
36851
58650
44180
57404
6847
12583
531
45463
19253
16594
36483
43741
24807
6845
47973
42998
27209
19328
47579
29988
47117
26016
42263
2015
51559
16993
53047
16223
61436
61816
12087
5536
55263
10748
10548
57624
35451
23822
30572
30205
14164
9769
1067
10092
35441
8954
14283
65203
19979
25176
62486
6205
44520
1832
542
25548
11330
8242
63221
61535
19490
57886
52959
63068
1739
9862
107
56189
45598
21701
28113
9381
49700
50173
12830
27245
48139
247
28287
5953
9869
39523
63057
20146
2220
7770
64779
51414
354
63209
40349
35693
61003
32690
15953
29592
31092
24654
13430
14186
43840
23335
2061
47020
16183
2735
4344
12088
56594
53048
4225
10554
64026
28471
43521
48316
21319
21186
26810
14259
4739
29710
57489
61671
28862
36457
55498
54338
34739
31989
34337
15459
30102
28745
17365
51496
60080
60776
17781
17285
57331
8070
28790
21316
30153
36611
4737
35463
51822
65256
3584
2364
28833
47636
37496
42676
10535
60928
23139
41356
25739
53895
24461
14735
10560
26797
33367
14509
54894
26086
44089
26912
13353
46225
18125
1715
58404
32503
31204
3130
21235
15947
51999
14288
3759
784
1774
7832
33263
10245
20834
27991
56222
22050
37703
56356
28498
27674
323
52667
33609
6292
20967
13091
12522
40804
58181
15886
10524
63498
44141
9591
5567
57996
44490
36863
38799
21436
24120
11975
5441
5825
11060
19183
652
49800
36928
53314
4267
23407
27150
41063
2457
16924
5069
36374
28957
2747
3898
28105
41258
17867
47173
3322
15655
9851
15492
24523
4616
48684
44509
3288
58344
39262
16213
59688
3393
19316
18213
57736
12236
33856
17264
6208
54882
54352
33434
57304
13421
51281
46754
7358
17617
30972
17312
26097
32889
54080
41036
30112
23328
41126
17687
18036
7617
27752
48908
7517
41569
52412
42133
44674
9236
18123
30408
44923
10752
57714
13453
4099
45356
58395
7321
31363
46364
1329
18210
35606
19280
41577
35977
1691
7640
8953
53828
26440
11159
24685
63077
8261
50828
48509
64569
8233
39151
26635
48220
44187
6796
52220
42371
27352
887
19374
62322
49383
65
5799
56690
2767
24020
9865
14937
49564
31948
55517
36246
61866
62914
47496
57984
38497
39818
30826
60701
1474
11711
3547
26690
23399
43146
56763
56519
24688
59167
45985
48022
50495
26342
32866
47170
28575
10445
14550
59884
28954
23470
5212
11523
45903
20018
26715
21138
53417
5134
37337
60694
42353
23593
11071
64607
13725
30929
41696
45439
15439
35090
2445
26163
17176
22543
36139
36016
55666
43421
26624
3445
17051
21346
59392
53771
18912
4076
53597
8484
38908
14657
14644
56693
10572
5057
41573
33436
58701
57000
24124
53767
65501
65321
7252
10275
24057
40584
29843
64565
236
14383
1434
1081
28103
55468
32381
12783
3324
62452
32685
44118
51659
6930
31685
42866
23197
5272
1556
22206
54983
39557
57712
47515
30839
48872
20493
64133
11510
6933
55693
42869
60429
39294
55711
54116
46667
25975
56081
1036
57094
53735
17476
31653
34393
24247
40862
53983
31779
57258
49458
28148
20837
39558
63537
22220
10486
46695
27529
62295
32908
25235
2720
21246
57178
37192
10127
39787
50919
55341
46584
25773
5611
25847
16357
19473
63533
31471
9556
53389
1484
6937
19376
56871
40074
43357
24884
26095
13051
58970
61802
6552
33292
29110
53039
49460
62494
50433
43417
54182
60451
64761
4271
38748
26359
42826
7751
43035
27483
48573
45886
49054
53763
47111
39532
64108
43105
8567
2429
6272
6948
21078
61133
12773
33253
10849
55890
2315
39776
22979
40288
26775
19707
16383
62219
59454
5682
34878
54922
50287
51327
3878
59760
9147
47552
156
24921
37472
19121
8356
36877
51762
36604
44015
43069
27229
27191
24582
27727
38753
57837
65095
10885
14981
53522
59649
25398
63644
36709
22710
19533
5233
11526
17203
22227
51846
3784
52059
47327
42776
35766
9804
59083
29225
40899
54050
55360
22691
23884
57618
16105
34555
29254
55530
36329
4838
44212
32616
24916
62361
55608
19077
24012
42749
57623
37221
9011
1714
14606
5564
38763
63339
62791
36780
17565
38017
56282
10305
21574
4346
45946
19131
28465
61277
39248
31501
47786
17772
39567
2707
14985
27402
16196
44154
31560
22749
4651
61179
49771
10889
37483
24010
60856
55533
25682
12829
22938
59226
577
38752
22184
20167
20155
53133
18272
25749
35182
20857
53050
51509
56797
27363
22235
28055
31077
25339
60687
21530
13030
29578
8789
50129
51025
42341
1966
22446
41398
10879
8541
39269
20886
41926
58083
13839
31376
15558
63946
12957
6453
25001
2725
22218
12184
5978
62551
44455
10696
39008
24658
36240
3466
27298
57798
40838
24218
61442
1293
27736
14275
27280
17125
16626
11209
57642
31038
49308
6790
41400
32644
48620
56295
53163
37512
9693
16429
62567
46885
55332
42910
27857
23587
59416
9566
17741
56497
44666
27464
22335
11327
64655
60165
52840
19750
12968
56598
45548
15790
25281
30784
48867
12017
7706
19228
34907
25234
23460
40181
35728
16857
18648
12967
26798
33876
50751
28897
49795
64336
7126
10721
47698
21754
1129
49234
60327
6958
22350
13423
5966
465
16982
63575
50626
2113
32296
18653
56667
62368
9152
148
25457
56612
47931
44526
47655
21067
42743
47979
62411
48587
32477
20705
25698
46702
250
39401
13733
16862
24574
62817
26021
13026
16927
8241
26291
62353
711
50346
7965
35213
59803
31366
6198
31816
51571
56131
52778
15067
1610
58493
35024
39290
56836
52550
54463
46690
54946
51082
1820
11834
44508
24887
24185
47679
30388
20228
11372
35348
460
52910
10045
62987
15444
48622
34107
36310
34292
61898
53543
58257
47460
36582
35773
46395
33884
60394
16177
38109
65517
6692
51543
44106
31554
53645
39759
464
6221
50305
16984
30847
59628
22642
12254
26082
1314
19444
4986
28777
34236
58281
58608
54896
46080
8108
47234
40926
54108
45306
53378
9013
62362
37777
8744
36315
53847
65455
57048
15661
61078
29405
9090
49885
48820
63436
47835
45915
5576
29575
17045
59250
22957
7465
27942
8429
13849
20260
53523
64010
6952
5559
14962
52360
3201
3157
2473
60970
5727
15500
33257
6814
23027
54871
20842
42578
7680
6263
19055
918
22167
13652
55463
17135
33417
64111
32478
13012
46988
454
24664
15940
6157
24263
41005
43590
57315
11379
42474
17057
15225
36525
35099
1968
42566
5599
57743
23575
59487
58607
16041
25093
39971
15744
17005
32462
4902
46321
22185
39845
61087
26528
36753
54762
19336
13159
30625
1055
25618
14355
11333
19602
28034
17468
18476
6299
39863
22566
60460
11661
32367
46650
34250
56521
22721
60515
25633
17789
43924
19715
35539
23568
4056
20323
24583
47195
10729
42243
1439
53642
11643
17802
39842
10789
33845
1601
37667
44992
4375
40574
24653
45580
62844
16311
65269
46248
54434
34138
19250
9029
49017
4196
40970
28320
61026
54218
21362
46099
39351
35669
31079
19333
45185
65157
29438
50044
21618
27903
64795
18467
36177
55515
56004
54714
61479
46103
35312
52350
32108
22395
56438
63013
56439
37674
1058
38244
15969
41203
13495
6905
14615
28495
58869
21773
55659
12727
8076
24597
34078
22406
57418
21271
13007
28723
20042
19883
35009
58917
31053
16613
2308
47850
39978
29380
12819
45977
46922
54560
28281
30385
43160
38717
35672
6465
62144
15543
11337
16025
44530
35730
54346
30001
9212
26821
35069
11139
50374
48963
61103
43359
38583
57284
25867
28727
23902
56770
46208
12356
48108
42149
32668
52348
13858
35847
9482
1945
4904
47737
62620
33616
30940
22833
44615
64222
64311
29532
29404
9033
9966
48672
30863
45064
59815
34966
48378
15147
3569
49168
58471
50038
27119
1969
22475
20320
64214
36775
38631
50222
6687
55619
46410
62128
49114
42946
39095
7074
45828
54904
42058
51984
54909
52342
18673
33387
51650
12776
27828
61269
7639
24604
32297
27373
21264
17562
44268
22930
22237
36421
13863
37664
39806
23623
28182
8354
47385
19620
39974
62682
65513
38674
49082
26200
26156
23845
56219
49958
2594
46362
46265
54615
17734
7006
19014
58473
16476
4049
17446
29831
57434
16422
16731
42339
20026
39005
10311
17903
19564
42193
55871
61231
16170
61815
57655
1717
6151
6026
61400
26784
12255
50557
27784
9615
54845
18046
13479
64931
43799
60835
25804
7388
6152
46701
45416
41130
23626
14401
39693
26711
10091
1088
28653
43229
56888
43405
14187
31419
60273
50397
12064
33165
10807
50627
22559
30738
11086
9316
10271
65391
57604
38346
260
6162
21604
39479
3951
19268
10851
50007
1616
5905
52712
36975
28081
13231
55160
26304
3307
56301
50061
27405
2621
48868
43582
6250
60506
41807
8529
50406
64600
36724
15766
28375
15921
37276
42244
11064
16342
25002
33010
4145
56407
8256
42446
26118
17860
8231
2982
20137
6564
23351
24261
31150
24640
24922
64890
49871
14427
9031
7783
4319
35438
28053
57834
48533
46902
5403
21193
18820
49086
44064
24802
5561
33610
43319
17932
55437
34368
36777
59024
1089
59718
18743
16442
30137
36507
57257
27940
50296
54716
32684
62400
29437
24046
33133
49214
14600
9120
62379
4861
3649
45421
16939
32394
31025
62592
24119
50122
23124
57946
26244
58082
25648
46766
53153
62950
37342
63808
26790
60098
22651
48268
34344
61853
14634
50735
58337
39881
51011
24318
704
32411
40072
23072
6264
40008
22640
51993
63064
17363
48299
27459
51527
28455
10242
49077
10882
39232
2256
42843
14656
39744
44704
20861
52640
15272
63818
641
16765
6046
32683
63375
34088
24003
1345
2775
58593
11705
4940
54848
31348
43591
20111
64517
32882
57918
13011
45126
8049
43112
39146
45565
55675
49557
3705
12775
23388
18564
60760
41799
21862
57220
12629
45419
63692
5368
53318
45823
50853
53289
31466
22804
28749
11030
20142
22599
19756
41013
62137
12780
35752
17391
51007
45556
19451
59955
52410
40965
57364
14510
36447
60987
17688
46105
12778
42375
31081
54306
58145
46257
8115
15656
7877
60554
6599
55415
2348
42342
984
28647
31059
12626
63071
21473
32659
37920
16359
47171
30716
18833
48817
16996
22854
50558
25589
26691
16676
45423
56758
21349
42265
16364
3542
60699
4741
47049
7708
31544
38377
50303
22030
53706
33877
45422
10490
23663
1394
992
14555
47722
37416
15373
9041
40699
50247
7715
2368
50479
61698
59420
20332
38375
44316
62694
21794
59961
52414
26108
38378
40612
12225
44804
62106
35545
59552
19989
20329
26293
33807
1133
8121
24026
29669
59945
43908
39143
32136
63674
36628
48776
15136
517
29272
60923
28390
45810
35345
38822
39148
64278
65164
29425
17060
42528
13446
18068
52377
45409
24982
38016
6473
45566
30366
39145
3813
3153
5578
35223
4097
18166
64223
33065
16534
25378
42511
39647
5270
45099
47743
19543
15629
35929
47609
29824
8423
60540
13135
3884
59008
27966
38380
39646
46396
13661
61673
47717
7872
20765
37058
62059
13609
41066
16361
26958
11390
5911
17916
26188
56694
25580
21583
14377
40998
46297
59695
47433
32461
12777
45825
29101
37142
41766
54911
42573
10352
45816
41389
11122
51325
56455
46588
4358
63785
53879
27208
16362
35205
64866
1617
50141
59706
51750
21280
53978
3536
28348
28810
1560
15467
39796
35684
9701
58469
27137
28944
56717
63346
11663
49223
2784
24949
40678
46359
31130
46078
7090
28524
6635
57100
42336
13541
27084
30737
44895
30434
14721
30171
54600
5304
44684
43539
3544
32627
51834
61192
48281
1163
59291
20815
48918
16947
21822
6251
16772
50280
7415
52040
51427
11989
7268
36986
39032
20673
59922
27765
1869
36624
19534
24946
38690
14407
13751
1519
12672
51200
57854
11190
25782
30734
28353
24810
24367
56932
33583
10704
26919
23034
36478
64293
62966
63874
62096
383
60495
35911
48669
7092
28341
53840
32200
26343
38115
87
44408
52858
62493
18773
49925
2695
7918
31103
8134
41833
20455
6128
27083
14557
64797
22474
17063
25545
55356
28630
46916
65271
33413
63915
38118
6718
20585
64161
14943
25768
10744
2307
58941
15650
47978
57958
57019
62739
33194
34600
9429
45053
26626
65035
51580
57215
5074
43757
16777
54540
41031
34535
48923
33860
31731
38206
60733
54086
28336
11450
9248
8912
64512
24248
36418
16635
60529
61761
56281
26484
53880
21568
39303
48683
32936
32776
33857
56712
6088
2424
143
59383
20383
55874
13908
42422
33245
46381
28966
52998
16775
64589
6414
25775
9021
52833
29218
44716
11682
5929
23179
25611
24940
42543
56947
47228
56464
15118
41387
24955
52849
56906
15946
27140
7664
39395
39368
16758
10005
57908
832
58048
1567
50930
27747
24944
51061
32922
51958
11627
15320
6091
25830
17765
25446
14588
48283
8820
15784
14807
48686
23768
23517
22537
32578
62259
1927
24939
19851
13008
54225
55051
52609
8787
8249
7876
60129
5637
27057
19019
30138
58288
4871
35770
59161
58546
28742
34162
5643
61618
20288
41073
562
33577
51572
55960
57527
3630
53115
49039
41365
27697
17478
34367
58271
54711
25103
7781
35129
45187
30000
34682
39934
2637
50354
59200
11313
5223
14386
7804
3380
22815
25409
16864
4326
26288
19642
62906
34987
6593
40400
8223
4440
39923
32415
54501
3089
61955
34732
56478
16226
42493
57282
14637
53946
20777
57606
24692
7796
13640
55269
48734
24690
45545
34806
32178
53897
31922
44575
23203
45856
21090
56638
2131
54510
28920
55879
11133
34839
30861
40600
21543
40520
9471
60174
58305
53479
52990
54937
44304
12057
55908
23117
26559
27494
6018
64489
29618
64017
6507
54770
44205
34629
6201
33803
48654
53370
21892
55516
14973
31666
46383
23571
53365
54597
33347
1943
40601
7618
58685
736
35762
30669
49907
53371
47401
38578
58740
51702
43057
31096
53659
4917
30920
11362
26337
17385
64904
55301
33946
3184
33353
38915
2318
42451
31460
33016
51634
27058
21165
59920
11074
54391
16516
35674
5688
58236
21134
6850
54390
722
44229
39065
22403
56807
25922
55226
12167
19580
31430
12302
2351
58470
52979
42300
10402
42577
4530
39173
6667
11318
51694
60950
22956
30681
8023
57010
25826
30748
11109
54422
19434
40312
48770
8989
59225
4248
61634
59401
25306
28850
31604
55989
55281
16915
13832
65444
55995
56720
6576
57323
28529
28539
46317
36618
58903
39602
48192
6983
32836
20345
33748
35050
36980
57462
59609
60354
32133
41021
9691
36128
35891
44407
27314
19231
13531
32044
63906
49330
48502
2016
39375
61602
27345
54055
60366
3517
58154
37073
8399
37071
65476
11083
43944
34769
29671
57098
60203
7662
65499
30176
41549
8568
3007
8166
4443
42070
59400
3364
33250
56116
27170
8781
46391
10538
30603
7844
9545
64487
3104
51179
60402
64258
28435
23786
26042
15841
52756
24855
46941
53544
10153
35346
54933
22829
51320
33694
35834
47146
7519
1499
33281
31325
8031
13648
49461
62727
43104
41722
26679
17839
26853
28204
38437
57119
47333
17661
8266
12048
63509
35692
41198
34042
62782
38285
57855
63201
5299
2550
1361
26007
19551
10984
33669
15995
38192
5497
6927
35177
56655
40834
36225
14925
42419
63259
61965
44148
16814
29875
29893
52690
50272
25602
59163
16965
43110
41715
14604
17309
4405
3672
44978
14213
62275
32660
27702
42718
61794
23811
37568
3319
33826
1772
17985
25931
65261
43684
14886
43688
34875
40642
60795
61065
31326
44444
47898
15488
16464
36157
10134
15392
27623
22981
15425
7217
8197
40081
36869
12402
28125
22429
7121
59470
17740
32742
33041
21069
14107
51924
18344
35424
34587
39089
16973
53553
24788
3188
46215
7042
23253
54049
9419
28192
29319
6089
40961
18231
9750
47399
33832
45446
59274
24075
21510
47939
32009
63184
49194
52768
44743
41578
59587
24806
62471
27605
4143
63353
6281
36657
51395
15866
49138
7552
9030
19151
24275
37218
30443
23750
183
59997
30485
34768
65220
56374
63737
7531
54999
5095
63844
10356
17369
33574
24420
28580
48782
22283
28500
9826
33575
57561
8446
15063
49151
44439
47888
53501
35994
15824
27319
16417
61865
30114
27255
36935
11891
2880
60710
4999
50552
26909
16525
22102
19482
58203
33492
36021
31394
24426
41015
7471
32943
59253
31493
159
62040
12929
15654
38390
31552
29310
46305
22766
61705
24400
62637
53282
43787
36304
49790
18663
64926
38525
32923
1853
61239
5505
5881
19493
17801
18737
64849
65221
26477
31724
56870
43934
54660
21074
28733
328
36218
58709
26470
61223
60014
34085
48699
10483
27295
11509
65496
2215
25404
1450
62136
34697
16683
65048
12372
12940
25944
56234
28827
25441
45708
18478
16962
63854
27235
28845
12733
5104
62007
62882
8588
5088
22848
16330
47156
61156
41364
29220
24863
31940
18113
54958
48186
14698
40586
60404
12890
28175
59558
2749
12286
22823
62706
23689
27357
20237
46184
8100
10795
65397
47134
22140
41338
43529
16439
20064
42466
48345
37736
60191
24874
59662
26479
5268
34130
35067
27696
62247
64345
32748
64407
33449
32168
14528
47355
20035
24858
45587
8209
13947
62500
44996
4153
51053
55371
57861
1685
22333
4378
58535
29860
43577
20149
12273
37933
11832
20768
53805
47125
44312
17921
14158
30143
39340
9979
4701
34638
47945
24132
16968
63125
50223
14354
3347
47670
21301
4998
56595
6049
10097
40580
35905
12884
19409
45789
48640
2532
62341
58117
19964
18209
15872
36321
3734
62130
22716
11831
56673
53298
19043
57628
57375
54628
4957
13121
7520
31614
831
31782
54042
15057
18256
41917
35815
10657
36317
46263
6807
27997
21883
17554
3946
42784
30098
32331
7206
64855
24732
36990
63482
29533
16682
59461
21242
21859
23126
23598
44691
36420
6997
23245
62009
37147
6341
52624
10909
20128
46882
52057
11657
3316
27855
2737
24378
56752
32676
56071
40647
785
37002
21130
7286
46027
6928
2198
8052
61469
38520
50079
55416
57717
60392
52974
53640
13483
17133
34351
526
30494
16922
48478
45987
35510
39702
25169
47412
31516
39030
32815
24693
57875
22383
35323
46379
56560
44854
29357
50065
28129
42021
13728
40979
54208
14349
33128
16485
38257
22712
56991
62612
40927
42865
97
33619
42671
58194
17597
61029
31535
38253
51130
35817
42287
27253
63746
54794
13180
55067
44588
50650
55443
40317
44129
10954
32113
47868
52445
20033
26943
5776
24141
42567
53986
28006
14250
38237
11841
3442
10948
53399
59403
56248
41184
33071
55245
7389
22271
25472
5030
44621
50513
50862
50521
37765
31227
34693
35585
7590
60683
13198
8947
48074
49736
23980
3659
16817
27384
6290
57305
49732
52129
3346
48852
11375
22127
56801
59405
22563
22385
54024
62618
43623
30377
23401
10284
64790
8866
25170
55510
19557
36798
58545
16127
44884
7354
18157
2844
43046
62537
58897
11668
13837
38129
50073
60906
34575
38878
35757
63224
6173
8730
52815
45582
53574
61364
27635
36256
49705
4749
35062
48873
32318
37596
8997
16408
56482
33986
34268
25719
26672
63862
64409
3052
35973
42542
41919
8949
16019
61772
768
47597
22967
49797
62088
31044
7292
8400
9297
13187
21811
36850
48793
57723
23524
30840
51885
41213
4553
26319
48715
10363
4680
13195
27843
24591
52479
1537
13145
44586
17649
53571
63404
5111
3925
58866
33047
34148
16816
32267
16441
29534
43394
28690
24553
44040
1603
26490
32261
53437
21769
29577
524
38172
32382
33461
55169
49361
27355
22004
10111
46261
64209
18194
19582
62269
15230
30626
43819
61473
5562
55249
47112
63777
65489
7199
40687
3709
5600
6996
5532
61053
12770
57903
58011
5351
20856
28768
14416
8131
34715
38992
3555
51319
53187
32778
51853
50729
28050
25386
17354
24850
24269
10921
6943
5926
36393
30032
37220
55857
54671
58498
56341
34780
51528
52652
11466
5118
22982
27821
9286
35153
30848
7193
48989
3001
27610
53024
46820
59399
42141
50640
13376
49452
20855
33232
33690
58065
21391
56942
14043
57113
39697
721
31517
34978
36633
58819
21311
12172
50436
24460
28803
53773
18644
45774
17418
3855
27396
12612
48574
31640
17843
17865
12162
28094
2431
37984
28407
29784
34876
62764
53407
56826
26753
53487
640
21990
41090
62005
16935
49809
41639
15356
15450
614
9445
44553
40548
53674
16491
6963
52394
33576
61892
16069
2970
32968
6655
20477
22422
47557
31319
27479
23390
26795
80
14982
46684
61753
10141
62090
31697
51799
52369
8306
20008
39377
33831
19837
24139
11633
54311
56923
47510
44584
27887
56543
34957
24786
11851
35532
33920
53766
32738
13405
5196
10461
30768
61958
16166
24477
55018
47924
20450
36263
14679
54943
33244
2243
22425
24332
47683
21696
55127
48441
21196
9614
52010
4949
14032
4704
6573
30463
44496
53329
44973
49991
29826
20854
40546
42819
39014
13539
59135
32467
47225
413
3399
52789
25405
24609
5856
7320
12562
16595
64219
38539
61569
47976
11341
1640
47231
31462
46361
45314
64
5725
44971
11066
20424
33334
39751
10707
44067
25142
45227
65509
21468
26405
6249
45321
25779
51570
53106
41037
5850
3291
65490
37205
37523
17486
46037
25557
52560
39380
52689
22416
8319
61554
39540
62915
11380
18983
17690
14098
27328
40873
64798
14974
11636
33907
57382
49356
24938
4478
64155
16705
17162
61767
13521
59530
5131
26164
14863
36903
37210
17639
39041
8596
31715
8327
4468
65106
16294
12682
51359
37208
41442
37956
31169
43047
28366
27822
23632
246
22307
4479
13960
35652
37627
24673
7043
33122
12837
18610
13053
25152
41582
48727
21393
8606
46232
53118
57109
7065
3378
8938
40430
7977
24473
44630
24903
43393
55015
25763
12687
1337
4349
2418
53119
19955
21228
39044
559
21182
25678
28985
10419
20472
25119
49634
64754
22863
43186
4466
8333
23619
32671
56824
47416
61987
61427
320
34111
30539
37202
42065
48187
32826
35868
39551
44173
12110
50263
20522
46703
61760
60708
58405
2444
47142
37213
43695
12679
62627
53688
47915
30591
22694
38404
12680
62701
37214
37532
16718
62210
15466
32115
9681
3791
19096
63081
39538
33651
955
14367
61205
34233
65140
9418
21261
10059
39593
39899
39643
17222
14697
63332
30580
15620
35293
32453
2601
2236
37246
61984
54603
31580
39945
15003
22298
39047
37533
62786
28835
39550
46206
19561
12681
47209
64783
8593
4175
11844
39780
13934
16774
28060
25342
55105
56552
30590
15168
12638
14907
4264
37204
17909
22313
11695
35588
64930
36811
26062
28762
46093
53108
54713
21532
42199
11230
65492
1769
49381
63932
56042
58801
37207
29929
2079
8598
15568
44365
30578
7908
42136
19630
19299
31547
37524
48315
33902
51018
4852
33429
44381
63330
42338
59366
16621
37199
17555
26119
48856
61998
38738
61200
35039
45883
21338
29051
39488
64308
16471
26571
51137
11386
62926
10072
9636
60066
53440
29097
36270
57430
33475
19828
14173
4300
63284
50176
34704
11268
18244
33176
13489
2049
38739
64977
46856
38401
41991
29041
28712
8620
28814
41445
38746
2589
36464
57601
39087
39544
19983
49937
32380
42066
62237
65230
43048
45302
16675
57941
60807
29947
61514
56172
7139
61877
38745
17762
13318
23708
3623
41651
61968
8614
34832
10145
38750
17263
707
16136
13879
28040
31139
49305
11930
55370
20365
58979
52065
62478
6918
64670
38751
21217
11763
38145
45943
42094
14706
40761
9651
56320
49637
62359
12040
10527
25699
37542
38741
50900
44563
48336
33200
40827
36949
21326
48341
50897
39345
6181
27701
24469
55919
40108
51144
50689
44307
59144
25229
39549
47445
23069
34032
57439
9905
30835
3180
16671
62225
2250
21478
37719
42781
43860
13671
57104
51143
15474
60932
14856
24487
40829
46675
62115
58160
37537
51147
41623
7812
11421
19390
28731
42387
3248
62574
42435
33938
4612
51092
55904
26476
25200
48524
40565
35126
1839
58676
30547
51148
54592
31532
32008
42922
14224
31993
37549
45640
43672
26432
46805
4249
8932
30963
4441
51149
43302
53656
57608
53923
34559
20618
46696
27201
10485
51142
2606
60224
14128
6935
40817
25737
23087
19783
26051
65403
56592
35594
36954
46333
4322
54719
17591
41489
8403
33201
3567
38740
65201
36746
46511
37615
30584
13756
10157
64873
17233
36035
58799
944
1808
34239
65146
51136
41981
10816
19475
38864
31696
30633
15977
20265
36160
30248
33588
47329
791
22146
14313
12590
48991
36848
49627
25114
40909
62428
24666
32250
9993
52492
33897
56424
65278
13519
48045
19199
58569
12462
52496
32164
32020
39074
36595
38660
36490
39660
18966
10910
35307
36961
15082
55564
39868
2801
11741
40823
32631
44350
65259
28219
52616
55397
50762
7498
29242
39658
38634
5519
13500
46145
52827
55019
28032
4178
17204
2539
40816
38633
21970
19925
26677
58557
39919
32624
2355
48871
21979
49442
7970
18608
31164
16275
38775
14314
58749
3834
61884
47760
18805
47768
44878
10329
45908
19540
63219
29724
25261
48768
21178
40425
30398
40291
40636
2366
31631
23601
46013
14601
32564
41583
41783
37338
55349
20319
57683
32087
2188
62426
3095
44517
15081
63650
45353
65280
33585
40822
53786
4400
28241
2344
16688
27692
38061
33068
44442
20976
52487
60036
64188
5683
28251
39548
17201
12878
6863
12375
60033
36042
61740
50093
42564
41467
50695
8667
63420
38461
15390
9180
39617
56101
53112
14359
37244
1799
35322
25950
10415
19714
53556
58264
16473
6059
56230
47101
45684
21133
36690
5644
37238
50700
47097
47103
9916
29560
2462
31350
31833
45085
43542
56744
63513
12205
18108
59923
59305
1804
48890
59597
65468
48914
43979
31351
41363
18527
4892
63230
17188
810
33862
31361
16477
30714
56688
26224
59493
61300
2572
11982
12746
15084
18175
9767
19751
11529
14434
28379
5858
54706
46847
46841
9178
13409
40426
52706
31364
45633
59831
38768
39627
14775
37588
1352
13127
2567
25939
36362
44311
17922
25044
32636
22831
28949
21741
628
47629
27558
36645
1764
17223
61203
31399
48792
58128
54277
31221
29526
33734
42911
23074
33893
29475
17484
32903
64522
57465
41751
53281
44529
41754
22342
59563
34173
8015
19886
3344
33412
25059
46455
36820
63173
64270
11243
57070
9106
11218
919
9042
35631
62661
49256
35656
24781
25765
3794
48507
12895
51901
38058
7256
21996
24522
26394
35800
28240
9119
17876
53394
48120
36689
23261
57980
12721
21500
62826
3269
64229
61692
45706
59256
37716
32754
14716
24408
52167
11528
23146
872
49110
63211
9965
30420
17218
17221
12952
18844
16876
43334
6616
43339
59212
25250
28889
45194
3290
58387
39645
30813
29812
29482
11237
55897
48170
19960
32808
2118
6225
3828
55673
43304
32658
38565
37718
20642
64233
12112
22398
37726
40534
3656
63772
11600
2664
32166
21958
16686
25397
38394
27325
38463
46622
2781
62860
45196
44474
4988
24401
30938
59208
2157
22890
53995
36918
12444
39938
35663
50113
49902
11234
1019
55229
4834
61528
14947
8251
140
26740
18446
12720
5815
4982
41759
45364
43637
27411
48239
4222
2839
44193
42619
53275
2122
42506
33277
47799
5750
27659
4826
1698
2362
23889
26274
42989
62816
42621
21416
46001
1376
24543
16554
15550
11442
45084
7615
20141
25634
26399
57841
18163
6906
9535
41744
16287
22801
24410
24824
16465
13136
61609
63825
20502
27052
33084
21419
61834
1711
38432
60015
37723
55290
16208
23962
2772
20233
34058
29687
59243
59063
58329
32905
45002
24539
7773
6809
18890
17225
29452
58167
27886
40874
960
10073
23
2757
14379
20081
50125
25171
39463
8571
55339
3263
37799
64061
44547
57912
60113
20859
39257
58689
55117
11634
22692
52861
33326
55107
40062
32127
15175
9441
57443
65359
15214
5974
38782
21243
24615
31651
33097
57031
37038
13828
61919
65497
3457
44256
52906
25337
36940
3403
13989
9177
57054
15630
33679
28382
60686
11606
63141
56603
19798
17215
3690
35857
62121
2319
239
3683
60166
62722
33697
1282
48101
27957
14596
47500
26165
17202
52357
60246
59491
64619
25296
31990
43279
15982
15190
11515
4932
47678
63694
34174
57654
26723
6122
10436
40622
2848
63600
22734
46594
15726
53719
52970
18916
1855
26396
57929
52900
19644
31968
1096
14446
14381
48467
26734
9189
61027
45639
44793
37708
27732
24904
28487
62497
31971
44558
22698
14140
51576
8530
14492
57254
9842
58424
51581
33315
60232
38527
29779
55966
17537
53884
45610
47984
50548
21314
7644
35526
38270
3522
22814
45971
32473
10516
42064
64878
28146
53873
47227
15301
41792
38516
50908
57171
38526
46164
41030
58275
64867
9074
41132
40671
26357
33731
11684
40366
29264
8562
3777
38176
30883
58073
60364
61521
10866
34620
1239
52987
4359
15203
32962
60259
33599
33385
55427
9193
32419
27584
17295
36934
32930
19804
11612
56208
26755
32650
65503
39854
26309
60357
23846
1778
60771
44412
6532
10628
39844
12879
27164
49079
41834
6977
43032
39850
1281
14468
678
56832
13838
42408
26891
60675
34578
61455
35209
35490
45981
61148
54654
33823
14413
1683
17339
47106
63490
26830
15117
48098
42794
15179
60235
22314
3694
64707
13023
32163
10066
52261
48844
30811
39086
11690
15297
32801
31106
1240
35537
42832
4360
27870
6261
5925
42383
56907
13525
22893
40656
39315
45922
36029
23519
20745
10655
49367
12181
63417
64538
37333
57427
30670
20824
21908
60783
33478
36853
56456
14378
55121
20733
16034
7623
14983
3418
7555
17616
62708
56207
59875
25927
54710
33536
51631
11489
38352
7167
17495
2427
52817
46542
20376
21884
7819
14746
48624
40912
4962
10546
17937
3917
35638
21251
33935
57183
28641
38096
4064
53145
7894
63591
6413
14306
31088
25913
18294
50385
20738
29819
23722
31018
26833
39120
64791
6424
26457
59767
22459
60756
42093
33793
14967
51763
33606
6107
31203
48634
18604
24953
37584
55009
10620
17621
41735
41458
26389
61263
21971
12923
57574
45406
61738
51242
42546
6738
56403
48309
53056
8448
34488
21542
49489
36364
12096
46751
39376
48601
13013
28209
26081
25341
49408
39309
53305
3106
53648
41844
34472
50267
35832
50241
37589
12688
23187
30315
9157
11258
33934
37340
38575
43667
23774
38101
10631
31206
22157
38595
27175
63803
18502
16262
33077
40661
65148
17299
2667
349
13967
44237
43650
30195
27195
29095
6971
36328
21149
47239
28697
40917
57846
34944
45832
28477
26403
23208
16496
60864
4129
41078
1592
57361
38029
18759
34314
31423
39125
46998
33567
39310
40144
36014
59878
7847
53921
59061
43928
32733
50188
34279
60111
35439
58708
64403
62691
6041
30255
38357
24923
304
1568
17550
20556
43501
35734
40623
59683
16711
55007
59048
58567
22998
39249
63408
52463
18027
45251
58806
37328
1160
63820
27194
1243
50135
39381
22850
45526
16918
53457
52187
35285
21582
60629
50641
51153
35295
44611
35290
49435
31021
7262
34793
43794
22309
41262
37757
40210
48711
63916
22653
40365
47032
17963
10110
56460
63693
9240
22017
24657
23716
23110
59408
15919
8089
11550
47303
53731
62698
2194
33082
54816
36392
20610
19483
55683
24283
48280
11387
32771
53803
49336
47573
62027
56269
24735
13938
46280
53330
50074
42369
50376
8481
27162
24639
40806
19480
18490
24422
65324
14840
36496
58561
2740
31857
55505
34786
48245
55681
45802
60104
21249
28930
16065
23220
18168
7031
20823
952
701
42723
47436
24221
50873
62331
27161
49121
9269
30476
18489
22388
18753
12697
8987
65032
700
3114
6867
37572
5501
37745
43490
55855
58390
19719
64377
55671
47364
30065
15789
11895
14465
52270
333
47512
31256
60576
33419
7915
21327
64710
22345
8849
31869
53819
16720
24815
39222
65502
29925
38001
61608
4867
8443
58107
2460
5109
27439
62812
48881
43986
49078
21894
25266
22636
33246
3491
32223
12766
26100
3585
38540
29297
12234
24244
47206
15000
38362
62336
33414
38013
13435
24
10847
1986
13600
20092
49473
54355
38696
31911
48313
25888
22466
26590
15071
24573
62715
3493
31962
14700
42356
56741
30067
63584
10446
10975
47200
58548
16920
16460
15070
44801
18574
41541
32218
9243
58008
24092
34528
19990
51672
37087
27712
59969
19984
57580
24260
33162
65103
41133
35105
57004
36817
16923
802
3497
40224
12635
26618
7250
46903
23956
12753
16721
55425
59312
31752
2263
60639
61448
8463
41424
51542
39937
8984
20084
6735
15576
2738
52163
29309
45524
44057
20427
53411
45935
50872
47896
23713
22020
46484
56080
24000
27149
25977
24835
39907
36176
41907
29428
58906
39292
38312
44487
47383
3909
35
41904
19841
27279
