62566
38079
17721
17714
34239
33969
23433
18876
6753
7553
6000
57316
7729
51326
41699
20617
51630
16792
63597
22394
16044
37004
16038
44671
44338
3016
2188
9843
24726
42105
27113
61698
62320
32760
10491
23528
42226
12716
56817
51680
53561
15306
9680
63564
1698
62911
53655
28514
62561
58722
17033
37147
41168
64702
18931
13279
3973
48821
21828
52447
28280
39182
3287
23426
9337
62386
65058
61281
55938
58047
51133
9052
44600
27873
5507
25068
56877
23232
17589
22249
44638
42029
47375
36279
15818
3773
4886
60337
4520
40763
8544
42266
64440
7027
33700
27881
47342
33077
49454
41572
28239
27254
43165
7852
61287
64871
64928
2321
15619
17029
8274
11529
27528
44525
26685
22796
56589
44217
4638
51278
9055
15207
34271
52852
8703
63775
7830
61705
6083
5731
10493
36819
12490
18176
44312
17311
64225
2202
45934
45156
50383
11870
46793
28521
9383
59448
12544
57199
60264
63300
29134
64688
6969
61946
22340
15487
28259
15577
56634
11106
340
25836
34505
42445
47834
42463
40219
12877
41741
19103
36016
65213
22809
83
23006
9082
46856
43188
49440
31941
47361
46853
17239
59135
60996
47366
17720
18737
34509
17717
34507
24073
20946
5239
12558
46197
60491
41418
19378
1363
1020
51972
15047
17420
46749
12754
42315
11113
52564
35570
49023
27983
44791
39406
46995
36179
12204
14026
60259
26078
36559
64720
61617
25058
42373
5004
12832
58078
64507
21128
35258
36749
35005
35613
14336
29627
47759
59518
1156
65463
21125
14146
57541
41581
21218
33308
63923
2758
18409
13347
55729
11680
23209
47374
48965
63930
28554
31752
9484
18744
24367
32078
29596
18712
45921
27711
24220
6179
22563
58132
19507
1898
10174
56703
47386
20917
7167
62011
41333
26303
31041
35868
33946
62855
30409
38832
37418
61160
51854
11254
43971
35584
32268
27477
15104
47758
1187
37962
43045
1642
61062
26075
52527
39565
60291
52989
41105
48665
21404
43024
6165
59036
20357
43233
38156
4836
17124
61845
40350
36211
6413
24257
19885
24635
20729
13469
24878
53306
59557
32727
14998
34098
28175
6656
21234
43363
38530
58445
19506
55048
27451
44721
41586
47438
48372
11225
52026
34035
34862
35804
53726
20151
51159
45382
43970
6314
7669
37435
55413
37896
59064
46290
5415
63005
61314
22490
37419
64221
33525
10844
32453
13167
54744
38159
21775
61936
21152
19808
30385
33216
53653
15808
51516
45208
45982
62779
12623
30242
44174
22127
57586
27554
24857
26741
5338
49051
22698
50317
23632
63750
39983
40384
28042
24869
17519
23893
11616
1564
21683
49997
19712
1501
62941
18050
23964
10239
45603
33411
51513
55565
25173
32920
57592
60445
56001
8879
52799
27573
2992
46040
48867
61661
46481
60616
28390
60773
5906
38187
12799
25815
7066
20848
5656
7373
41402
25821
22521
20490
36553
51967
17151
21692
17780
22172
7845
39104
64374
47957
19124
6181
22565
64502
39673
54930
5186
45481
7501
13824
37881
27475
15117
15673
49068
30660
1945
19997
30405
18268
53526
29764
62228
42148
8277
19038
49450
60276
34102
5184
54788
14854
52011
50878
11886
45642
44823
61655
47566
53302
7586
60191
49195
24163
21006
46576
8453
18551
22124
46078
54264
56363
15108
47816
63754
30791
52960
31342
32865
42492
34054
14134
57394
2166
6408
8606
50875
21301
19037
48418
56963
36537
18396
62117
3979
41392
32700
9779
5860
61178
20922
19985
8902
2354
48054
33405
60851
21034
32610
54330
6820
30832
3675
57845
2833
44385
10352
40447
2919
55254
35766
51080
61166
64340
19410
56090
40789
43216
40456
41394
29872
5346
61151
44722
59037
5876
42491
34606
31235
35033
44622
25941
37023
62718
3667
46390
57819
7361
64250
45108
41152
18693
39825
41282
18153
56291
42079
35171
25179
29298
54989
56541
59890
21014
24150
49102
64892
64323
46158
32843
2381
48969
24192
41842
37189
47216
36796
2567
35969
7243
2165
57218
58545
26074
58394
27888
14138
10848
7268
373
63658
34084
50698
61872
8585
41154
5012
20809
33835
1241
25356
48635
14575
24661
51904
7787
55943
32914
59025
43177
12197
63082
3543
51369
24351
45446
859
12778
63899
21035
34904
13015
33667
33200
24155
57668
3358
28935
41433
34932
1752
23833
46250
10663
36174
33822
37263
60504
60615
34094
32231
24137
35986
52649
35950
62064
46280
43346
48819
32353
49898
34605
63339
33078
15170
60151
14490
41337
41564
1477
37192
20858
44260
44415
35987
23439
22073
51194
42499
3344
41670
13353
43947
51429
3968
35415
36412
43241
22557
62143
60051
56774
44820
37618
4680
25947
34005
28174
1182
18983
53531
17425
25355
17195
15162
43795
53718
18269
45602
42766
21132
5939
24362
48497
42645
19672
33634
14570
52779
19982
10059
34516
32532
62582
35571
41877
42273
36314
30243
39774
16860
33740
38971
44929
36949
33736
43908
47504
58118
48062
20216
2701
20644
34473
16915
2676
9079
58332
48267
39954
48099
60734
31190
42238
44973
40991
22020
59874
60537
2422
64224
18543
57035
49781
10166
10971
13855
20584
57894
54010
20944
55404
54577
59873
52857
49156
8947
43603
3403
25025
20579
35555
595
47053
57513
61054
60384
48352
9918
41017
45051
4658
40704
1616
32530
47637
9609
57686
43088
27304
40027
32276
33215
22847
3625
27944
44159
54555
44382
37821
2692
11198
64233
35210
34748
29301
1911
11633
27374
29144
2720
23083
41006
53606
14023
37620
107
47360
4549
57544
9059
21893
65466
43466
65220
474
15367
12002
54004
35972
9605
36608
44601
49628
7390
22149
12362
10995
48314
61818
47184
7196
54368
44379
7954
63456
26123
46325
58102
60071
20052
47621
35287
16682
8297
14521
29684
58
22570
32107
12389
42926
60359
24205
48537
9608
62694
29093
6963
2128
17234
27165
3490
54119
46145
16562
62028
9060
57817
42234
39817
21273
15374
19591
54925
58240
59270
26435
8490
43691
14409
27363
1463
57414
47655
13648
38721
32512
41851
9602
36411
64102
41097
43098
22469
59002
56704
16646
23224
22812
45270
51363
57193
38418
60047
65316
20062
52523
31027
52388
27411
27082
24480
4406
33870
63420
60813
53304
33033
10716
32305
34134
26772
58012
40037
57080
17347
26575
6222
54986
46080
7473
64862
26993
7809
56254
13782
57897
44931
14721
36954
44765
3779
14853
22303
5187
27159
47487
20580
24158
27874
46678
18358
29923
49155
49366
57939
24990
59039
19453
36799
36794
30395
35621
47472
36935
12341
37912
15272
46665
34784
58543
3283
12721
21896
9651
25825
50885
1242
31365
15176
40696
51571
39117
7056
47955
51762
10952
45540
45433
8064
43310
51566
59155
33372
52399
50676
65494
28032
28351
61562
37442
64158
26161
31046
37296
23839
16544
61475
47640
44996
13837
51229
51269
15280
41313
26786
38208
27698
12680
29177
32354
40629
41179
10328
6412
55258
56240
5170
6446
16182
50017
39557
48772
22549
40548
63357
63314
32280
22237
29115
53186
19952
53662
19953
16961
22292
28337
14668
8191
16929
35770
35224
24445
31655
47857
42326
20500
32911
36468
27806
39783
4798
12314
41135
41486
6697
63944
33282
40015
22673
8419
26414
37235
28581
65028
13111
21914
61344
39180
20694
58941
4137
6741
20131
53014
52544
4121
48800
57290
7308
52224
48675
52913
45876
45155
17464
36698
27413
34987
11131
60333
28642
52949
31875
55503
58621
57822
4385
37161
54097
57366
33950
41474
10514
45074
23520
6614
28046
19356
64834
19075
18440
25638
52274
39803
47324
31489
8397
52292
40926
1693
32067
60307
21647
44442
13299
21789
7827
30248
27186
48848
51049
48053
55834
51221
3550
28019
57130
3837
21560
20340
47838
56073
41252
8388
16881
52558
29787
42666
59717
24758
60983
47569
65136
59813
51271
11743
60694
53766
56587
21932
28235
21636
17468
42152
40832
26516
4402
18448
27525
46850
21220
40479
12228
12880
54646
35597
21579
53570
35773
11316
33677
19644
43043
24221
10638
21844
47505
14001
34249
7847
44580
31446
51703
2820
59555
50646
32890
33998
1591
4955
50801
15013
37319
63864
42150
14531
31738
14382
48439
31677
49764
50236
40132
17907
9490
35755
43469
28590
47988
9926
31693
4766
13208
59327
5936
49360
32621
33858
6026
55994
46998
17043
42040
7710
52341
52357
44387
9940
34686
32218
59848
64306
32679
49842
23599
54033
53298
59496
41194
49843
1070
12319
50937
50070
22472
5824
46969
47085
39366
31024
56701
26355
18826
61455
23526
59798
46612
58183
57462
34941
37769
29842
50102
58217
8100
14979
900
5268
2693
48268
17012
951
29551
52370
29439
63232
58692
30503
58533
61803
62367
16261
21295
41482
53897
47929
3909
11707
64458
5956
45620
62489
25588
47964
25783
5359
3167
18134
18635
60069
25810
63470
62882
5563
43656
1868
42081
44755
43437
35284
30979
21275
31116
49539
13883
46563
7925
32046
43756
50354
50264
13715
5057
44096
42983
61574
51873
44064
33648
36268
20018
30696
64232
17715
57244
31516
54832
16084
6971
30480
8304
55108
3755
2338
53381
11478
25785
14757
11728
20166
46112
14732
26887
65089
50766
38467
63245
25860
28790
40073
29032
4975
4420
39364
48261
40116
28979
45929
1611
13845
52176
56882
14516
36048
56048
27365
38625
19651
41904
36188
41728
9334
61477
46993
22806
31165
4410
55157
20573
42360
11702
49213
33606
9913
58009
1711
16268
16885
55311
14976
49207
16093
41981
55387
10102
10105
23731
52518
60879
9272
58014
939
36883
35106
57098
52984
22566
65091
47017
43176
64134
10686
3193
43322
36429
36888
2775
48030
22410
29648
6528
27668
55894
109
48695
4761
37713
57087
49847
46468
2124
18101
34816
53423
49853
36455
54430
48256
30994
15102
32501
22987
16083
29788
5260
39883
13660
40267
42387
44860
4894
42836
26975
50362
64459
59022
60173
33491
16153
59700
3621
16862
19093
42270
6503
8587
53029
29219
8411
59006
45779
56147
22196
41401
32210
13884
55847
61995
45450
15186
41328
1966
5885
14259
8798
50215
37931
60178
50518
10432
822
31240
30912
3365
65019
56558
2901
10954
5129
64000
33205
5812
51237
9558
57042
6282
41294
51958
2396
32688
43136
60463
32393
36216
61526
32209
17823
34623
20410
36418
41825
23870
55416
54942
52469
11012
5718
4155
57727
36417
9999
30003
49765
4154
40510
42242
42132
45586
35673
35230
27434
29394
5065
33164
4200
30049
52010
64653
34640
30530
45585
18394
1309
7040
64164
2112
54583
37930
55360
50459
36624
45667
57914
38360
25796
21587
62523
26994
30918
9017
34827
38111
42417
13910
33423
14347
25919
6191
47843
47196
26716
10438
21337
43055
42134
62762
52096
16203
16863
12297
20182
25223
21286
65296
45185
56429
29360
52146
49206
16144
63192
63499
8259
18630
59403
22575
39110
40175
51247
28931
55388
37805
11251
24651
2140
63000
22656
34562
25327
35368
25247
59889
61903
47587
41838
38458
52783
12218
32698
6673
59218
40880
48731
34564
20921
26112
5259
39951
17472
49586
60564
12729
19925
7664
35233
25010
1781
20912
60160
1525
18624
38736
59054
38746
20457
11771
37829
57084
6519
41717
52040
64256
62965
56149
35656
10445
55133
1520
10741
15773
3838
11605
54463
59076
40026
32686
18373
40255
51235
60184
46238
20103
61769
59959
27435
32115
17755
30280
44130
29707
49451
61031
62311
54765
7559
34046
47617
55552
30750
44065
27707
37922
6602
47562
39791
53944
13833
35362
1279
55562
62515
55556
9208
29737
39027
59301
56890
2039
11988
57957
46826
56123
45552
13160
27694
51331
42864
1585
13802
20582
29910
15279
22143
9662
32443
36882
26812
26411
20608
15525
47069
180
50663
53428
54151
56737
59803
17802
25910
19324
48128
27606
42620
6162
14795
60488
22514
29665
9018
22212
25394
13979
10629
11405
41351
34111
19419
36168
51938
48680
16760
4959
46547
39437
20098
4893
30162
64113
36008
17159
64804
59230
18950
34431
8252
43158
59221
9428
51038
6951
1321
27862
22002
47644
4003
46966
13838
6188
50739
7424
48159
61183
10744
1570
28551
44025
60171
418
63817
15025
15720
58471
2682
64577
65473
39640
4509
3201
23116
15594
14319
27153
27010
3142
17170
17491
30751
13784
41464
20990
11494
65308
21934
22102
56590
61103
28898
45988
56686
55009
30167
33341
46252
64231
64270
6184
22299
9051
27666
61686
39118
54945
33698
49407
60174
16401
63455
48600
43628
54860
15428
12788
4245
60723
31866
60846
60776
12594
62968
15545
63348
38606
3911
33340
14504
59370
55766
41052
10317
34244
55974
36143
45495
25654
1314
328
55260
21441
14500
57852
65084
14891
46992
29223
17729
64154
40993
61440
52212
34189
57470
48279
55104
1191
3906
29735
29824
38676
43867
42519
63103
63610
178
23600
16086
58803
44270
62596
36811
5651
63449
1577
63808
9655
22064
18185
57824
16793
50158
4391
30212
38707
43287
60077
63346
30375
62295
19179
53112
61227
23748
41721
14887
58518
56175
60672
20722
15005
12301
44485
30922
8445
11992
19329
11272
29821
54060
30253
34362
19686
18564
32844
5532
64333
21330
5536
54056
25953
38179
31152
8589
58571
49473
59305
63943
33839
35679
53845
24023
62771
851
41712
42880
21795
49393
9703
38278
63774
55851
33933
39784
59776
25569
48023
54586
51191
64588
4284
47892
26090
11991
33687
16081
6081
27412
46861
65371
34129
42385
43791
2163
37953
50247
5828
54055
24135
13807
9700
39600
38771
15763
13959
15924
29793
22497
61651
40344
38534
52786
6957
50660
26095
42564
62761
14619
31668
3058
64060
65365
57959
20718
18393
24893
30535
53060
44689
63222
42450
37009
56156
24861
53636
25944
31789
22572
17678
59673
46487
6556
32810
33791
31647
48732
38386
22163
14722
64143
36403
31237
41496
13346
5845
2770
48728
9981
45205
25652
19638
36125
2377
33762
17518
29668
17422
20798
17415
9319
63804
41271
24399
20823
16513
7919
774
41310
54146
58801
56152
58689
47960
26016
38785
22568
65142
18638
25819
50645
17018
45638
2187
7987
42455
38189
33501
13214
31360
1779
7454
29595
29825
7757
6795
51767
1789
45968
7448
45789
21805
14498
35904
12765
58481
24637
18144
17968
19259
35913
54162
11304
62577
14399
44746
55968
63698
5662
59664
12722
58001
49337
57953
20650
8633
4224
25017
1931
19134
46061
49593
42129
63700
42264
22694
54035
40319
43183
64889
33719
9509
26748
25248
48614
19171
6531
9979
51375
29976
63818
14727
48158
38505
48710
10679
39010
15807
20492
10463
59628
40053
11404
52143
27015
2378
13159
43049
49533
56347
38802
31638
52034
34042
54762
53851
37012
64254
2718
32149
42143
25399
30286
33688
38717
32744
766
38188
8860
38791
44919
53976
21246
35803
3628
44691
1008
24136
36158
32433
287
35335
18183
43468
17771
30779
31796
39036
55908
9886
14015
28633
56856
58525
35650
17535
7483
1146
20857
58550
57225
49269
46504
65242
37148
49278
43963
1575
41338
58353
32964
24475
45320
48636
6373
54454
555
27840
62695
31490
853
20096
62477
30356
18554
50807
53924
1112
42195
38809
40543
51280
21652
58093
17082
60301
43505
5119
61850
43171
22618
34609
29954
24467
55613
54051
11301
17766
54053
42288
59626
45249
18785
41016
7360
41814
11790
56749
6570
48135
53862
48280
3626
44356
2298
14568
29539
19802
24214
59360
9329
20945
33298
16652
14706
7820
43251
25311
23424
61200
46149
39196
58836
45313
37552
1860
25079
64630
17072
26545
63707
8966
45154
37558
9727
41503
33402
14555
25067
17719
1196
19435
382
21115
25593
29738
26688
24735
21958
3551
54948
49398
44361
43904
11195
13615
5517
8880
30349
47168
1322
13388
64135
1104
41985
4666
59611
49067
21654
61021
8839
60317
28587
65425
11054
26945
41595
63197
20224
36305
3562
59901
16397
13354
16426
30289
18003
8890
47555
12042
15584
56889
59703
29730
20853
60503
8384
3961
385
23744
41436
45386
5312
62268
44200
14511
60114
41397
59220
21628
22757
1787
56562
64933
47650
44965
20406
62607
49599
31294
85
59207
40525
10362
59698
33339
33502
52797
57832
13980
61327
46027
39764
58263
47222
58023
54734
31120
11611
56424
21758
30295
53550
56131
25766
55090
25243
7037
7324
24030
18948
32597
53035
34425
9619
53389
44775
33331
59652
8543
5197
43666
59224
18218
38972
35583
11610
48574
34055
48274
41007
59913
59216
48452
13886
15738
31993
59795
42873
47981
40921
34678
46439
53582
35462
36456
43153
963
59209
39382
49217
23435
23496
40101
39802
1886
19721
61253
36397
27965
8837
35698
44183
45759
26326
57772
59044
7432
11210
1144
23677
19143
19298
27782
57039
8694
13511
44346
51015
22393
8351
62621
15424
31332
29829
15680
53892
14803
7224
43343
50358
1019
31455
26068
61180
37716
21885
53107
15226
23265
15203
57509
54177
41605
63927
34130
41261
43246
3966
40665
48478
50678
20095
39392
31687
19441
65083
45732
64267
19112
56610
7800
19361
48130
39115
44371
25830
19729
32957
58862
4637
42886
21185
8427
3958
51508
58283
58511
61076
705
37184
17636
56141
58441
25549
31756
3602
57255
25095
20367
57074
45179
61410
46574
10805
49671
20559
58620
54817
42920
42924
14588
42740
55460
55465
21091
13835
18416
61409
28356
27160
47225
23237
29534
59121
49908
57440
1269
14019
5127
11211
22756
15437
31868
36253
2524
48892
15307
9695
18316
942
21883
19267
9267
45245
21019
59804
35410
16507
1748
64976
48720
56055
56993
47068
26970
44628
62593
20210
39385
5827
54882
55750
65319
56061
42751
60062
62622
60344
15629
50687
35105
57454
30457
42953
53100
531
48007
27396
33513
59321
61082
59411
15478
51705
49441
10704
59498
54846
22989
53605
37221
51131
17155
54300
8841
64724
64692
41010
53456
40304
51706
32638
60216
29130
14271
22386
4008
4310
48346
6668
36493
10442
28839
57950
17105
43944
35709
11766
17041
35693
48500
1198
13651
4006
50051
31279
30438
25117
46153
15438
18740
55739
41649
50404
37195
48788
5069
46223
14812
12215
19425
40250
29543
13971
18874
31082
29018
18660
46488
14563
13981
45973
48988
5615
38969
6044
23155
51173
32657
61454
29399
65105
42662
19406
42017
49396
53450
49713
59817
60286
12034
23758
33421
26126
58411
27191
5825
8854
17725
56345
57243
52973
27409
3622
41384
48877
43664
10682
40056
32442
22435
18655
13732
26020
47300
1590
1712
1073
50607
9647
14572
11395
38962
4421
62780
14385
14248
15630
22009
20191
49342
27297
61650
23538
47945
45647
10771
12299
42053
29451
45202
362
17829
32809
5173
41269
36159
4750
51217
51512
63025
62722
31779
46484
42331
56427
15528
63760
9123
51186
59569
26024
30491
7063
1308
33548
1940
9637
54666
43026
39736
30695
9066
30702
43012
43910
6147
43021
13930
64399
5042
22531
46452
34164
51466
11753
45033
29814
24743
54910
6416
11487
17507
57472
25020
44577
64788
12304
54961
39746
11733
36996
42048
2173
31377
51361
57153
21217
54503
33927
45476
56079
14929
26468
64039
27287
46851
6807
28507
11310
36727
14390
16604
64324
6566
18390
45574
17976
37191
52285
11032
39752
7973
59369
43669
53691
59527
65310
35088
39541
27837
30048
52507
47833
60732
25994
56235
12601
25226
62227
39733
47075
24749
6100
51366
3571
2171
55419
51721
7837
38005
47228
46808
36380
14091
45613
36732
49388
2579
359
14635
25181
27665
13351
52667
3092
25894
7754
3194
25649
7981
14872
8707
35899
54936
52070
7089
46485
35901
26709
18689
20338
54174
35900
17670
4950
35891
45976
35077
33163
18980
30054
22958
49447
15466
64057
34036
56801
12427
14439
48194
55874
64643
23034
28501
24410
60827
8887
17850
42119
42762
12782
34248
6889
60828
5633
58316
36948
52575
44418
2648
51177
23742
65070
52598
62885
177
56762
64237
42039
20591
2443
22134
41959
38775
39347
22918
21559
56296
47369
45078
44536
33414
41162
24390
18853
56740
38102
7910
1319
23664
10637
10947
18265
38810
9658
39592
53297
62274
3135
13179
12418
26037
23630
21321
60433
40454
16755
47848
19678
64590
64122
15051
25176
37014
65479
19981
64578
64335
39828
34513
14313
7976
860
21900
49165
48250
26754
40988
807
16640
43295
47881
7739
21666
11277
1282
23971
7979
33529
39667
9648
63947
60335
43108
12361
13736
24605
36893
11244
37981
63147
50597
20508
20622
64579
30339
20389
19969
36261
36894
21062
34171
5128
15938
27885
17478
42971
21204
46706
45288
26362
18308
44206
27414
49017
55505
28100
54704
59068
42641
20588
13461
46432
11026
52753
23749
45607
19107
19436
6167
17722
19627
23510
62286
53732
13275
47488
46444
21837
21312
64705
59821
15612
2654
18892
36134
62583
5024
42333
44105
29756
49620
18156
10258
41792
21214
775
24895
47287
8243
8894
60086
12847
57540
47626
17840
40637
31987
4429
47623
41008
13489
28546
41022
55689
52867
21084
48424
17034
9607
60495
8715
3184
48725
40055
1788
61387
25663
46557
14557
36721
47854
24120
24668
26505
27677
26433
61892
6985
63129
14610
48679
64709
14388
34066
13313
63811
31251
1880
41103
24034
44298
62403
47189
23553
43110
43398
36556
2398
20577
62408
48976
36549
21729
14574
20350
11895
10051
18217
27225
61505
49095
34354
63093
25684
35538
21782
59365
6548
11348
22874
13746
38526
29626
43973
58083
52247
36190
47493
13777
6780
1747
54954
61919
48167
17276
62920
59089
32982
13228
1932
9232
28649
19771
43495
39422
22202
2365
7430
46137
39820
43658
42517
54801
27612
801
41128
25200
28646
14322
9480
46984
40059
29734
17334
35292
60115
6537
27812
7418
41557
25881
39507
57931
45097
33460
37818
5222
57968
41597
39535
46873
12883
25945
25180
6331
35509
54322
4659
26295
10936
16307
59825
45083
20078
24223
36541
65048
13748
41684
13903
64018
44977
41231
25889
45865
31784
28622
18860
26410
9729
11430
23980
41014
25758
5267
1431
15181
55303
44148
37808
52192
33746
48902
23004
58191
2421
63181
42943
12831
29023
41563
44588
16789
32385
7682
56936
34148
45392
62160
20071
57256
58126
24240
49401
60733
59642
52278
27547
32757
14980
57609
48673
23924
34923
38673
53554
10576
54554
55504
21498
209
28641
43521
43983
58142
11242
9741
27046
33232
34119
57677
26973
3612
44763
41549
6778
33374
40835
16613
22995
63106
3213
47728
34726
6046
14968
22736
18053
36887
41773
21200
18086
42316
63249
47755
56790
33893
62251
10029
54095
50401
48028
64238
61290
24420
29616
41424
14681
36983
21223
21867
21071
59445
56996
26491
60261
8044
61168
20556
6962
17723
63780
15328
14678
20859
36202
50693
7697
47004
44895
53793
57523
10173
54350
31115
26191
19766
56942
35768
23711
34490
32736
9676
9087
59282
23595
46812
9474
30361
60814
23902
44890
64226
2653
27360
56616
28353
47509
21734
36773
15678
6464
59250
60652
14712
48032
64285
13869
34747
4622
1087
7811
12818
38466
27095
24458
63859
12222
18864
4966
22922
26141
29828
45967
6796
42810
4404
62883
42807
37823
56603
36850
57287
17683
54642
60683
22047
59635
25043
21685
31138
4863
7623
33059
25042
12464
12512
51107
55492
9716
63783
58287
5006
13376
35414
55829
1374
5915
37691
1099
41733
27110
123
43402
7592
10672
37652
12357
34303
19902
38423
7070
793
13846
18090
3107
22407
6448
55035
31427
8443
34542
16204
32893
39882
51657
52697
25626
25820
17937
41048
9481
16303
64363
48604
15587
9477
1997
16746
25811
18803
57135
55995
32457
50532
25261
36452
64669
18137
41705
3521
35634
53482
5074
22332
16886
15880
27348
50339
16197
19639
33544
16893
14735
27522
51018
39367
6606
19359
21836
41476
222
42843
42982
20043
17421
6066
39959
45927
40578
9298
27542
15342
33065
5082
21830
36703
53209
1534
18298
27324
25052
50542
15632
53563
37505
62330
64547
2941
1883
27622
49966
55363
54091
3263
2625
5071
31104
9838
34474
3090
14986
18746
16612
31137
42066
10210
63070
55675
56406
39958
33284
42653
36063
64787
43462
23317
44221
42158
63196
15661
35641
17324
49954
40407
40828
61490
6058
52246
60731
14115
27529
32507
44859
24713
51800
51367
47373
30284
5086
50848
36977
2139
32710
3827
4500
39292
10631
31314
5205
20362
46747
39121
17269
19217
2012
36413
62895
47510
58094
39646
19393
48734
23115
44203
57319
36989
35573
46639
64179
43299
50978
6185
50307
33980
34449
58294
17148
43334
25218
26493
35796
54665
33452
34454
35427
50122
39127
27039
6423
61802
11370
37136
53770
60132
61116
58575
7395
25225
37322
36166
61549
10097
18637
36334
1021
21586
13267
52990
7747
61080
23246
37069
7301
64269
16115
35353
31785
36464
60462
14371
42698
37883
18227
12378
25137
44511
7414
28713
55326
10745
2342
57057
52609
56197
52350
30988
23240
38121
51797
30722
35327
11981
1011
24046
35534
56312
10256
58932
21044
65179
41540
51328
22666
4350
7176
50003
20400
60124
40890
3668
10962
26097
43319
27326
31674
40529
33540
18500
50641
36845
24785
49705
62670
55192
13233
49083
1535
50217
7539
5486
39410
8318
55664
55836
55852
519
2472
25993
32418
30682
50673
35436
63041
50618
20999
4754
54108
40906
24636
27163
53305
15289
43050
40668
52770
55826
51698
2545
54204
23125
61497
58530
44966
42388
58000
16552
3024
52963
58412
18743
10763
52654
40886
49019
39126
44131
25105
28539
4231
4903
58002
21929
51666
52033
33947
53385
27859
38618
57908
32898
32714
18102
61740
55376
26417
30934
10049
20915
12167
63723
24486
57693
52768
62345
2846
39971
59004
44551
3963
34884
49528
22362
51338
60268
25057
31564
38661
43146
35876
12208
38979
24455
55037
6272
36316
4752
55156
42397
20023
23537
51665
61737
45069
60032
58397
8316
62327
7303
60876
46767
37180
20800
60336
4904
55993
11165
60365
53166
57438
7704
52355
22788
17490
44571
65100
60797
3758
38928
3630
47631
32216
51843
30925
4484
35757
50990
2899
57982
29748
38994
12307
1582
17576
51122
27294
44013
44350
47277
31903
349
13265
3200
53889
30335
17961
823
58622
24751
23300
56887
56848
65172
60148
43434
25986
48754
2734
1185
30506
48741
57906
44704
25349
25148
33213
11504
59538
23353
1386
12726
30976
9911
35172
60964
17794
869
26947
4388
56837
42986
61796
60682
27469
28594
58420
26759
9184
33883
19302
48904
10011
19169
13090
4334
65241
47905
6348
41990
41763
61810
29574
8378
65524
18932
7514
44459
26507
21251
64309
64544
62026
13965
27445
49542
931
50049
57889
34377
20403
61629
11330
31468
5766
32359
32891
13795
4375
63214
57201
56743
15764
24914
43446
56780
4220
32238
60498
50544
2308
14457
55932
16136
192
20529
21486
51779
57463
25565
12467
32981
12012
37018
12424
3840
53585
60328
34896
42376
36711
4630
27740
32606
44254
36299
22975
14975
14068
43211
61289
32366
2305
10203
26138
37348
60315
33886
20278
16361
15791
48578
21193
11956
53086
41370
31538
15018
15271
1029
26251
17610
8370
10730
63388
64077
52113
27462
8750
64655
41844
35184
19769
9525
165
37320
57415
46928
17922
1391
19715
15564
12368
48539
9533
38639
46428
60256
33081
63967
49279
26381
13947
32572
15888
23443
18947
16358
6253
33732
27388
49801
63203
1774
31218
31088
15786
9529
42976
64177
43833
59492
24744
49093
42794
11634
12472
9850
17800
17443
55345
50124
52432
28258
54547
4081
13939
27387
47072
54839
53552
8377
6642
61815
12578
61571
57607
27317
12670
25849
9410
57604
25523
59490
9418
135
22957
11783
45373
4986
45148
46903
37746
13568
63170
54002
43613
13723
48082
41539
1028
46221
47790
65383
43998
54001
48896
22335
9652
46246
12488
15059
12108
18094
42178
24522
21813
45351
25694
46212
33874
35199
35211
22039
62392
15443
32795
59099
41083
40338
13966
22240
32445
26328
31168
21980
15823
65452
21008
58350
54157
29873
19597
56285
52767
30262
4970
18008
38364
42784
37356
21978
20757
47546
47165
51077
25395
56499
13638
36351
8034
28086
37399
54862
13750
28080
53104
34434
24442
56259
1622
39563
51840
60858
30324
52921
9693
639
53476
44912
34418
10464
30172
11315
16699
34450
60783
64001
59199
53208
18479
59185
17003
19664
19600
21022
39944
8237
60636
37394
57126
18805
28751
10477
38003
64900
27901
6390
28736
34438
24658
64904
39745
55211
37433
15580
43890
34456
26790
8705
30303
19876
64901
45480
10502
62508
63728
59576
26539
39782
52496
64659
57705
54317
61246
8711
657
18136
45130
28016
36353
39430
41232
7346
50970
65441
7606
12979
51862
29701
55746
3544
65276
62640
34826
20810
6658
17434
41434
13451
28275
7609
37431
6893
57816
15756
17552
27595
57737
35586
27925
55496
7675
8644
2248
1655
28094
54934
21013
6727
28188
10319
62806
17841
32239
8058
23423
39136
63340
39146
18666
19739
31297
4168
58304
13237
41041
1429
1193
13899
3736
17399
12981
55197
37354
34048
45136
60013
956
54939
14435
34772
2254
23417
4457
26798
6465
50904
60594
48872
16976
760
55910
12514
52510
23304
33904
37400
17578
36346
18173
28435
13475
29745
28179
51853
41970
3581
3576
25056
21016
53632
54128
63266
57129
18412
44330
39572
51858
625
13485
29082
30236
19445
37406
28285
14274
34432
37436
63026
33686
63701
40261
1861
2380
32642
38013
35758
51994
61996
15819
7053
13242
39776
58298
40724
4363
45639
58810
64298
65279
37164
43482
48231
17022
32381
40971
40264
38983
26215
6133
1670
58826
421
39053
57475
63248
56600
30579
48856
25669
30214
556
16026
21400
24156
28021
40980
63434
56301
49172
13144
93
23958
58587
60056
61250
19449
40516
56757
38362
28284
27621
26342
22160
38846
58321
13880
10160
61081
39156
10902
55270
11217
58343
10400
41799
10428
22168
24343
30732
34527
42138
55862
722
56372
7386
33802
54561
42796
9581
6204
51517
13924
47020
3266
57802
42940
40985
24499
11463
2930
16349
42185
41900
46457
11997
3507
21010
46012
23903
25456
42289
56876
63519
9569
25384
6935
28283
55597
20326
2197
54075
53629
63260
46368
59599
2269
33587
24831
31506
26278
54231
41381
55085
2313
9197
20896
44243
410
15560
13522
3482
28024
7426
46835
64416
54415
733
24853
54888
19282
3813
53669
39060
60563
31155
21047
58314
30590
48534
2570
9104
60081
55682
43790
9984
28234
40188
26830
46299
30325
18829
15151
14407
22297
39472
22241
56102
48854
37097
3045
50962
63173
28491
43221
18865
33855
12616
29517
45308
1964
32226
15692
25317
45868
37103
48371
3516
35032
54568
53349
3996
42594
1004
21049
51982
47783
33751
11514
3226
19153
19623
31445
36492
48262
62810
60506
59231
6920
59300
41611
44469
52499
36985
55240
35460
31396
2216
60803
37936
60878
11706
48186
62200
53664
47426
61779
53484
24225
55446
6768
286
39620
53117
4399
14280
18681
43648
23470
13138
61433
2455
34588
23349
22013
3014
28443
44320
64220
45294
41444
40936
53837
11695
27548
17161
41614
62978
6688
33770
50952
7941
48790
33766
3538
26935
53213
43263
55353
5744
4219
52371
23976
21668
22003
62999
31914
57190
8754
56096
33974
20530
2808
51479
12769
40830
25800
29163
58387
15237
26012
24063
56179
36826
11117
57013
18462
59734
12455
12749
64086
42149
3529
30317
50452
48914
47864
48889
53886
62034
44982
13990
13
59737
28027
5243
9188
9503
32511
42589
18910
55167
59379
35425
15900
17026
8761
18719
35430
41090
17692
46077
45453
50958
45011
46141
6144
53972
43826
37034
35069
33597
46543
55748
9381
26329
59082
34989
7368
30669
62383
21723
18166
28447
13024
34593
28379
17337
62546
9187
54366
26325
61292
27734
253
22254
41876
33643
41273
53587
57299
2053
56083
37317
7200
13375
47224
11866
48081
46534
58500
8757
27644
19457
17032
42100
41730
44213
1737
58136
41068
6638
57582
61414
1943
57546
59832
9500
38097
9057
2814
28492
46405
42985
26102
914
10337
24068
23584
61417
11661
48037
38808
62558
47499
52593
63713
9740
54080
41257
48814
1032
57712
2339
20903
16489
59019
60331
37761
15394
20172
7217
13479
43403
16482
46109
33711
53804
12833
65004
3363
26311
39229
13991
11649
63200
32869
41295
19482
25888
10508
6821
43767
63146
4560
16280
46942
11865
7379
56715
9141
8760
18972
3175
55732
32770
48319
48781
51098
54190
60416
56449
8663
19385
9754
19702
43650
60626
13118
14129
62664
44650
55926
3003
24507
61251
62553
32934
3364
34526
46122
54126
44669
1827
22816
54355
33846
34040
32546
22428
3552
58902
15301
33506
41528
35255
29941
42846
1682
49022
15055
291
5372
32290
62740
21816
45903
58670
58656
43364
41525
63847
41071
19377
18609
59150
13972
6732
59136
29083
36714
38882
52280
58624
2233
49950
33830
53840
60044
13125
5188
14746
3203
8305
6096
28843
15347
24967
62353
36503
1207
59779
31113
32928
54371
16510
38200
54691
24973
29238
7505
4235
43212
25088
15780
36504
38586
39923
19363
53467
9115
22506
31111
24516
3690
32313
51837
5665
44992
37035
7998
58181
34540
31512
17409
61656
43712
45120
34528
16803
23273
14045
5104
32302
4408
11337
46915
41084
36336
4715
23516
53852
27245
28180
5567
20319
62399
35915
26263
655
44695
2405
42135
19140
18255
16989
55421
61652
16937
56727
59632
61025
62303
64715
58967
42522
46583
49543
41081
8195
59816
5554
17318
47824
36359
28177
20502
19665
61906
47883
58430
59317
60971
57708
14522
24382
39171
54117
39513
50405
62880
15361
51083
46076
20064
53648
13264
2553
31892
61047
24970
28565
14300
62359
40475
18492
18898
50815
59165
52465
16553
46869
4569
12251
42193
24315
43862
22911
38885
40766
16483
34972
10978
26140
8267
64963
53184
60240
49944
32772
36508
52343
33717
29160
5171
27044
7311
33443
18848
34817
53472
39556
9646
23789
31865
55583
24
31698
15779
20143
37046
14910
37504
27610
4492
20715
604
26050
32222
17523
60394
49546
55280
44368
33603
11555
2228
5109
21967
64422
50111
9985
40900
62032
31935
29059
38777
21499
62656
22971
39355
43536
42358
47169
48740
20420
23963
14180
36348
33508
40984
20923
54112
6958
44696
2411
14864
26773
53959
45374
41177
20418
30365
38404
18787
4712
22799
55553
5410
45962
45599
906
49045
29670
58565
61237
63312
62921
9762
19210
47019
19750
12627
1697
3134
2953
59920
12289
19313
32306
39497
58419
61106
6607
52833
51780
48692
46136
37732
36723
3687
45443
7241
35721
47662
40231
8362
8481
7062
62541
19478
16328
61336
13711
5959
56154
56194
17345
31175
47485
55699
52672
41182
34467
7772
13523
56987
30949
32560
31153
42468
25206
20282
16956
38694
3990
52229
65163
39480
32618
37656
52995
63871
6192
35009
6793
33637
34833
43597
49392
58718
35947
61607
30935
27379
19921
1399
4040
51482
58536
54650
5398
31946
50087
25138
63976
62276
38092
10091
64992
59715
28591
28871
8105
60072
28336
24287
11542
62153
63749
59812
55796
1580
42516
43209
25977
20513
51481
7568
38125
48300
27389
17559
13194
53363
24906
5407
60265
14364
51395
56067
20628
26562
26258
52864
59982
47218
15565
54907
51197
48415
52806
44664
43213
47885
63769
53774
41027
32887
28344
44532
14108
61381
31869
20959
49684
2768
19748
53545
49138
60254
29624
44998
65495
8363
45086
42047
9347
60031
44211
54197
52361
59826
14362
6395
34907
1045
8968
34845
47139
62347
43859
48961
58704
258
35021
46119
42141
27217
45022
39693
44354
48596
23222
42211
18899
55713
49468
44797
39219
32524
45804
15755
52760
51941
41948
5225
38622
58700
52638
40067
26883
61441
50020
28978
40117
31601
31183
7247
3128
3485
32147
48818
29028
60920
24378
24608
10592
15283
16844
37020
30837
57416
34387
52032
30876
53040
5832
42887
10758
33693
40472
26886
60972
38115
38555
28877
58092
6787
43315
41628
52752
62156
22828
6839
43268
15744
28874
46254
61331
39457
58761
116
59340
26540
18346
44439
46730
55292
24756
9750
882
51618
32918
19587
53639
32138
16015
18871
30857
57812
24543
34309
4076
30246
42486
20253
31864
46022
12982
13756
12870
229
20306
38961
12232
19668
34823
24278
4648
36927
24778
46989
10208
41127
65257
40172
40687
10864
9752
10874
8498
41654
56734
25231
23783
24297
9786
48758
10172
34439
20330
4921
30263
40554
31414
10599
30521
3800
35795
6450
59484
46556
35805
4067
38449
40810
28742
16056
53755
56383
34778
37163
12236
64297
58805
5438
8003
45636
47938
39748
64910
49298
37948
660
16765
58486
49248
52590
11576
56199
61481
31018
51856
62009
64774
32472
2962
8448
27755
55871
36848
63998
7464
24941
28725
6797
46053
57759
53815
912
35073
54663
2968
37472
22541
16079
43011
3048
42339
51416
12229
1152
36860
31303
30670
48570
48575
43009
27460
51203
50184
4742
46512
44158
44486
49611
42122
56676
21718
64755
54314
62007
5674
4856
27594
54624
2284
3742
51423
6049
39553
46973
57323
60832
5181
40613
1804
61973
149
59515
1563
55532
18214
54406
4493
53647
52620
51164
12227
58930
62927
39119
12053
17403
5664
17069
48247
6598
61992
35907
62323
35102
61232
24939
31621
4861
2890
1468
53818
37416
61889
9949
51223
14433
62205
37906
10115
51412
54532
2275
65292
29012
19206
40060
59149
40653
23453
18532
50196
3373
59593
2595
57643
59910
34591
9822
41781
25156
34437
41784
19669
59481
35079
24231
63891
65447
62521
51604
59575
37478
12986
61757
55637
49063
18473
54629
64572
62505
12790
20440
38730
12650
33165
16076
4193
4198
30855
61755
65285
64300
33448
43575
33155
32130
44471
61756
64299
55125
63031
45788
20280
8509
56654
54630
41692
16770
984
5202
19461
19847
15691
31355
4870
29507
9568
36521
13023
46804
12011
6934
19993
57410
64278
21228
49803
64668
63275
41102
56742
32139
17132
31721
16954
30129
63996
19222
35817
21158
24038
48944
47779
15004
6135
14123
60838
256
33199
43679
27899
37984
18417
16635
32863
27334
30610
26918
52997
62851
26541
64037
51205
52114
59630
28474
18007
405
5646
42655
3994
10281
58356
54066
41873
8004
18702
14421
46633
9222
8656
1059
33799
58539
63447
31558
63522
63199
63112
11148
36932
729
33793
51669
36224
8331
102
1173
52719
61825
29280
13562
3993
54094
53807
12153
29077
51803
22357
47501
16368
56713
20839
58732
49010
241
41320
56255
42282
25222
35193
44403
31441
22122
54950
41230
20744
23587
6226
50269
62430
5745
43090
2913
56970
23812
56990
26476
48957
4695
23478
38919
22616
22454
53951
42054
48118
46622
57291
1226
41691
11168
49802
42128
65155
23052
54894
50351
4043
23498
11582
61109
55346
25085
24717
24865
29209
9781
13752
7774
33189
63863
3545
14961
25806
7235
36754
14420
14008
15034
29736
61841
63524
1031
45361
52301
42131
57138
58465
25841
12631
15391
63910
34293
42163
26259
13955
401
30197
57748
59040
29047
14005
63857
46805
57698
311
50120
10249
46377
9578
16379
32961
457
42281
54625
34340
12345
4044
19459
38727
29524
24943
12638
20005
41817
19573
31243
16865
40235
54073
25379
35651
18319
4675
56869
16518
50638
64411
62772
36929
53051
15403
51260
53255
46598
17397
36229
19186
26921
4909
15571
63118
31567
42793
36778
57940
52839
29806
38915
39601
15671
3681
13900
24797
10212
38472
4692
8417
49371
40241
61670
35389
47903
63984
59725
62214
60281
44463
51218
27179
52042
2950
42994
15557
25146
19321
31669
46931
7798
5924
31444
65420
60902
53942
8820
22943
35590
1260
31474
6900
14461
19334
28428
27894
22576
2508
12085
32849
30352
5115
58037
6897
15562
41875
13240
947
32281
40800
58586
64131
34550
28772
65424
16392
29993
30410
4570
45298
54865
4135
22807
17620
53643
34089
35157
52373
56944
14209
14536
2722
41497
44710
663
25469
8424
20498
62463
61482
9459
48828
16704
29991
26768
40774
15800
12938
29403
406
28088
47248
23829
52501
54792
10555
51988
29914
36582
44192
54789
54896
13533
44048
52678
23551
27647
54965
41622
7771
56874
55031
44229
54880
44272
6211
38926
6232
39238
55721
29994
27908
27181
18446
56913
4127
45633
20599
14786
54028
22610
5668
30886
46284
43699
26860
44364
32160
65394
10406
35018
9407
58723
54019
40563
43231
21247
6995
14541
3255
61403
26529
25073
450
45889
1715
21851
50074
57143
1975
51675
26659
23379
42572
25697
33844
62348
7640
42485
1223
39432
1000
46114
17947
36371
14215
11361
46581
14154
30171
46837
58176
39486
31366
5872
5884
46844
5261
4939
6794
46555
56237
5877
46843
20685
10602
2102
37689
62501
16445
16374
24870
45023
54263
870
4900
11324
39941
49132
62470
30905
40256
3787
30603
31061
39298
29404
21243
664
53934
45026
21790
917
34462
21324
33500
11598
21778
30666
14277
9296
58882
57359
53359
48572
44228
26518
4141
1955
63251
43801
31273
11812
59130
22810
54500
17847
42137
10329
2789
58715
49626
57403
40278
30454
25753
55412
39043
25689
37594
26229
2764
62551
27042
51157
22859
56751
26296
8299
38830
730
27471
6943
25468
42260
42562
51568
38911
12840
53602
21662
23279
8735
22910
27739
26224
26265
11894
3759
1003
34420
22538
723
17002
9575
56910
43354
1256
18690
46037
28991
52486
56648
29622
5716
29455
15454
42265
14285
49100
1793
47785
51411
37731
3799
46780
32364
18709
34073
45322
23314
3763
13527
20789
59362
42126
59367
11899
9072
22860
45697
25167
49606
8661
2879
42272
43992
63190
31439
16992
14164
58660
15311
29912
9582
40323
310
45441
6862
43918
59487
57690
23344
15447
40333
45147
727
58104
62554
12063
20345
24397
12568
54980
22198
6120
52630
567
53483
32383
9315
57392
17266
34799
45733
64091
44151
19060
18060
8294
15895
23561
17398
11055
30528
42609
58933
11099
62741
9530
8759
59020
11100
2784
46121
13998
52335
16301
59191
3355
59435
60473
48254
19658
62745
8072
46961
25497
21656
50059
9258
3802
19190
59526
42700
569
43187
59535
50229
24916
47533
55396
58079
37113
17854
4995
32755
27083
3190
20528
2196
25751
42179
60584
25687
260
22546
57037
8762
25254
41708
1262
13291
6130
12363
59357
26868
21032
25997
47688
552
2071
28286
59589
14167
54763
17676
24387
17667
54139
19804
48234
46951
34518
45461
15096
8996
319
51438
46209
11751
36111
14174
8676
33812
45046
46688
59477
409
17871
4568
10788
58831
47077
8962
44377
23927
44271
2280
23121
25165
54603
17423
47584
41962
53324
4078
27459
20849
57758
58355
39477
58958
44868
16163
49461
54671
3611
51814
39460
21987
29807
29679
26017
7948
2286
60918
31912
43486
25519
44603
3394
56980
46962
16314
49292
11234
54325
16952
32336
20057
19495
56614
2568
27109
45792
1048
12817
15285
50554
4233
55202
56938
14469
58538
60147
11193
39248
39186
56724
37735
43013
58716
49655
54519
5513
41565
51715
8221
44615
15292
46686
47171
21048
27222
60357
25009
4981
38164
48059
21842
45321
18521
17340
3992
14233
2318
22243
63850
19058
10770
62418
14774
8512
13679
51309
56998
56978
23773
49804
17268
42065
42144
22165
44370
28803
20073
42871
22819
12439
5206
2883
7761
61828
56728
37742
35970
24533
47155
55296
15830
36366
61282
24572
8824
40102
60579
26134
41229
13428
54212
20645
11087
50808
24719
56638
27058
53198
33074
28515
23018
54856
31539
58273
36874
37759
62429
46979
27937
20539
23049
18478
64626
13532
31545
20568
27115
28045
53171
15902
42088
9151
54810
27073
28586
24539
17886
16890
27926
50916
33640
2319
54852
54526
40798
2204
33060
65407
38400
12476
23015
19980
33070
10001
53593
5627
53323
8740
21996
60036
6543
13261
2310
1446
13124
31822
54219
43137
15001
19183
29043
59052
48846
21196
12148
3875
39939
63051
57757
15277
46067
21926
16460
51831
9708
18563
10883
64623
21476
16946
12433
45918
58080
39057
43808
54182
48952
65165
3114
58034
30990
26377
43906
47521
836
29908
38481
20287
2713
12702
25339
42422
57277
5215
47748
7731
52939
40091
61219
12900
57400
16310
1571
55269
32066
58928
63049
53792
42136
47851
21655
8984
50572
31559
51051
43070
51255
64495
26484
14172
3476
15863
1967
32185
48494
52253
4804
20703
7233
12135
32622
46840
41237
15519
60456
9765
29322
28054
49706
56688
51146
1546
30013
36832
50235
29055
63247
34296
44922
29640
39679
53114
7567
32186
11646
30944
56360
1212
42584
24165
15790
30954
46584
51155
46064
27247
54029
31831
34352
54016
44620
46590
10549
34599
38478
40595
20245
59035
24515
50823
40972
44087
40962
7213
30009
28774
44476
13370
12543
59240
21427
8792
56283
30220
19890
23887
45590
61437
41425
38286
29913
53194
61747
24791
29361
13938
64571
63568
21318
45593
16599
31277
314
23552
28085
50939
18620
56693
52504
58931
15797
11541
29997
57631
25642
33499
17546
20010
3535
60966
43215
16955
22726
51407
2060
55709
6342
55307
47115
26635
52687
27638
23831
4118
52068
29233
47262
44449
31274
26782
25911
23249
36862
58762
53693
37486
49251
34090
24698
5928
36123
45144
24432
50297
18656
8048
9396
39429
42092
10474
42643
52933
39086
48597
24517
36759
24932
272
52374
50795
40814
22590
59363
24783
37738
62726
20327
40807
4260
263
1818
43590
52030
6974
10867
53895
55561
15357
38909
65534
45811
53716
46927
20693
49250
35387
61438
6351
26636
55308
53901
47116
55142
48143
48335
51398
60134
18763
35546
27895
22735
2059
43206
1491
43760
51562
42241
6440
16064
28059
29308
16191
1017
60477
22512
32576
48853
19488
62931
21583
28416
33001
26999
27789
57215
46198
64031
28783
60221
51480
329
35911
38729
33932
18474
37774
5647
15375
46691
18180
34812
47052
7131
55032
19464
34804
12404
32879
4373
16399
11624
18800
46309
48471
14962
40207
3777
61311
60941
8807
53864
27783
9802
47636
36153
42842
38105
14175
17580
50336
48886
20901
16074
559
46968
47474
24185
32005
1792
55436
48257
41376
15450
14649
18575
4463
52601
48101
3834
41610
23593
34472
57898
47763
54453
23819
2601
18592
46845
9368
28767
1798
34360
32974
57355
60460
31064
59027
39520
58894
17820
61953
14655
59083
52589
19938
31484
43604
17764
6445
42591
544
31717
26681
63018
56333
37102
17579
64412
4107
35661
37593
14418
61861
19602
9085
10282
30524
14168
61599
19978
33399
59472
10753
49370
36310
64687
23562
28473
677
65401
29180
56752
58044
31816
46090
61830
20752
15098
59466
44146
13414
41455
54967
46378
61261
5514
22934
47323
43670
16299
54959
17031
26843
17019
3086
40678
7551
8993
57943
44778
39462
64479
33885
16382
57669
23358
23487
12495
29294
17006
29629
2916
23809
34177
44921
45787
33882
64837
45912
60272
29164
65164
3356
48624
64368
58585
23499
51029
25702
22779
63914
33305
36766
38722
26266
5968
42063
29441
983
16999
42897
18698
60654
13483
2097
5026
55454
32140
20518
56307
43838
27939
28206
39933
57508
39661
41988
4808
9547
2206
8814
12572
65451
47696
48050
35958
61355
3523
59657
60973
9527
45747
22925
22032
27332
23531
44011
31450
36424
16444
39999
30290
25711
3068
42297
13103
62474
24826
18023
18597
52568
43271
18379
37809
8138
19551
56118
63364
59624
34950
28194
2474
11786
36104
11485
62681
9551
23585
14416
19580
9086
33733
14170
58728
42849
55243
58213
40236
33731
30525
55233
61041
18064
16853
41062
10397
16177
39201
13010
14110
13091
24544
36011
20244
37362
48891
26858
53921
13308
53344
13952
31722
27404
13456
25528
47856
4639
41640
41400
20036
26818
14585
62044
2927
6852
3235
44308
59383
30960
59388
11282
29104
22437
54805
8126
38936
53882
610
1015
7695
19700
54370
15943
56471
59008
37290
28946
54209
53413
27111
24303
45292
6647
36258
46048
3300
19975
45996
57477
32545
26396
13792
34977
16663
18161
58527
47643
57446
33595
31037
41976
22007
35685
55244
39850
35057
30302
18541
54956
53789
9746
32365
46132
6965
25534
47498
34995
20521
26094
54284
33329
57826
52684
44274
35119
2050
16277
32494
46836
9198
54843
24563
57007
51404
55650
32018
33511
6499
43409
24588
16567
4111
13995
42076
1691
188
48332
5508
1516
55500
32985
32821
28538
5866
35563
25856
26423
3841
9367
18276
54221
53458
37133
2438
15860
4272
53798
16082
64761
43887
45820
6215
62033
4730
27697
46235
56785
26447
16662
63587
1504
56117
35842
10531
44393
31848
47239
55068
7690
50817
54375
27108
4998
45237
26531
53801
43404
26227
22825
42221
17512
37641
41141
40764
23724
6332
40434
8393
27376
13444
28609
1473
24514
43647
53276
5496
5677
13009
2251
29109
55933
59387
22955
28186
2037
47404
53263
57517
45075
44941
45984
25633
12867
12482
34034
31186
44359
43277
64049
55772
37307
58011
16284
17476
18106
36459
45042
18347
187
56113
38149
13804
63799
24656
48609
56836
20860
44911
31324
16566
9682
31901
48708
19296
6945
2055
49185
46816
5235
45426
54530
24044
54353
4108
43128
49012
4872
21472
53586
46607
32297
58860
52232
33691
6199
14867
43063
43907
36119
40439
12142
48882
7779
9927
48348
51262
44935
5440
29068
2827
14877
55701
65031
58119
43553
7122
21137
27988
49442
41546
14784
8145
35874
16531
45998
15184
4483
44928
10985
58428
6804
32544
21139
25030
58334
28797
1836
57515
8128
49957
19141
61613
227
54192
31375
9806
22973
51849
5251
29752
19520
29685
8051
38827
52356
46196
40975
15905
35716
17572
19922
2488
45591
8946
47051
14302
60903
28779
50612
37268
3309
20717
37396
8202
12879
45002
50729
45826
2752
54658
27180
30762
12937
62572
63126
18109
42248
51279
49110
43325
27489
3244
49649
33273
56076
58250
59180
8367
11289
5710
28940
44455
29693
62208
7449
2715
10542
23651
64081
65403
22742
20359
46416
50894
254
47339
40870
61249
40587
15946
22204
64723
55672
55837
24876
60258
42970
56121
32681
30423
53010
61577
31146
4716
50855
60404
18206
6744
55199
51835
796
18464
53760
7305
40707
21955
63040
43652
9356
43685
29785
24629
1986
55410
33841
6206
29742
6942
4472
22583
1006
20334
32615
22839
56605
25076
41389
45243
49290
31178
12873
17525
27449
3282
25571
5324
7897
43698
27452
11291
61236
19814
61570
55264
43222
32678
58688
35525
10551
29853
909
7844
4896
21352
26100
498
58423
41395
2283
26859
58364
15907
49987
31832
43680
52234
245
42776
34384
24672
28937
53024
59697
795
23266
18545
40722
36431
57088
25916
25913
43768
63216
31774
38954
13551
3231
13476
49644
5559
35949
49737
5644
56273
64174
55212
61105
61620
26387
1674
44865
31919
17945
45071
14243
49697
63981
37857
63373
7984
57155
18878
37109
44858
28155
5100
2880
14883
22330
996
9250
17804
32288
21431
52109
59322
21877
35092
33608
47577
24632
7970
60529
53539
18142
61907
7722
61235
18901
36502
52934
56458
18290
25999
9362
41438
62222
32
50038
9339
62552
25334
41631
37116
33042
60975
43399
9588
20320
10606
58499
44855
28157
46075
6735
4940
43143
13084
10612
22586
45363
26363
1423
65205
54047
3043
17557
51807
45551
27171
34822
29609
54313
21074
9592
50541
11584
47251
50172
9586
16736
64160
7458
7917
52481
56934
54307
53012
4641
61546
65429
16940
44008
45933
64386
19068
38439
52946
7299
32905
51143
7969
739
59931
53378
37251
41627
56114
30416
6346
18806
13340
39962
63988
62550
10224
53384
23734
750
49173
43717
57653
37138
20719
50028
42987
30021
61916
3774
25990
27683
4054
33662
54196
39337
49687
22215
54918
39313
43379
52650
18288
3851
31884
5806
50128
52836
46941
40865
12461
39343
4403
12087
3776
7717
10554
29108
30758
24804
55639
43430
236
39456
19109
48223
19599
3808
11363
38829
21325
12094
34795
41419
39953
33233
43866
36469
50137
50530
64393
40871
29651
25366
35863
24626
47382
25443
18571
14517
61048
18204
21110
21538
52958
40752
2315
30673
15595
27923
25530
12090
31964
13827
9615
62815
35715
4318
42130
59503
64558
20034
54360
40273
24918
54042
33071
44670
34515
10073
2198
33332
40891
10809
49048
58211
38695
61240
33971
64913
46278
42362
3768
53810
21440
56949
34705
45193
64618
62563
55636
6105
51410
32155
64108
64918
40084
20332
54662
53817
21073
19427
25906
22367
36161
38942
34984
24710
4883
56078
10807
30101
64899
9439
10010
8225
40305
20886
64025
33318
24986
45578
16868
27521
12285
31714
42197
63191
62444
17761
26336
38878
65359
57341
12290
24159
38664
39277
2645
1770
49448
18018
13268
1887
14060
37751
61616
8696
54424
15803
64898
43239
18754
46801
37856
14510
2873
12119
64946
14768
61748
23900
8882
12738
8658
23351
51595
16918
25075
57455
19311
3290
26675
26009
32552
10012
43443
14967
11434
23641
62040
3421
17730
4330
27962
9264
65082
1293
23723
17049
17038
40507
24598
15554
64121
52197
13366
63594
15603
57985
39019
11999
14711
56542
65130
38270
575
32701
8961
17083
11746
58033
33115
34524
64684
4837
56669
19125
20377
51437
8973
28087
53681
60202
62575
13826
61922
23307
36724
32847
40883
6075
7238
34182
31200
39038
52669
58858
8888
55226
433
62081
65458
41136
5819
60095
12173
15223
18363
35672
24729
26389
12903
19893
30840
11414
40287
52494
8329
64367
35800
52969
60627
14260
12704
15133
57449
51119
36077
14839
52497
17932
13316
45938
9961
22734
62136
24922
824
62606
49456
4271
48297
12711
9629
55061
11694
43689
9425
58523
8615
5541
54143
41228
16337
12718
1283
1592
44742
26689
37672
55499
7391
32604
38052
36012
22599
22270
44880
6826
16146
47434
64712
24974
32002
15735
22684
14258
65521
51877
39599
5714
64894
25704
3302
64877
14153
18929
2871
13466
35117
63254
37780
14496
4627
17296
14888
36445
27534
61231
12074
37318
9178
53523
14586
63688
16563
51061
16375
1877
59835
62654
59095
20737
63369
9878
17935
23898
43684
31496
45531
37246
22794
45813
48527
672
61308
50025
5060
11355
24248
3964
11687
45356
19565
57052
29429
42207
16333
48168
3880
12801
44500
10916
28717
32831
23452
296
29356
57437
47400
45793
9167
26331
5980
36477
53888
39407
17451
54109
59884
52883
58934
60135
14203
51156
47082
30582
9939
49131
34567
48566
8637
25716
4248
31758
13435
12805
34482
2888
60911
11465
16363
44067
37690
23383
57785
27821
8154
52171
17758
20489
20552
57679
60458
25035
8545
33924
38866
7266
20600
1233
60514
19079
35399
49355
44496
62288
7115
13558
59921
40364
50234
14954
29739
4537
49531
33465
22849
27999
52257
509
34278
55341
29343
61736
49682
10159
46513
3868
32823
43793
34718
60614
51171
22956
64146
31215
51951
29779
39396
30363
38475
31963
30470
6124
2578
38774
47743
50691
61357
9909
9505
57969
1766
58413
57857
53350
62817
30383
1361
61389
32318
593
32337
22457
33459
29632
51888
2751
42991
18299
31003
12803
63426
61659
38799
30819
18361
43292
22462
14503
25596
24488
17880
24505
4684
39253
43362
7637
52696
39046
12210
54931
47604
20409
47932
20484
21825
18105
54879
33240
62050
34894
44643
45341
9701
35719
36973
4708
7479
10388
43869
18187
21827
33315
40640
55930
42930
22368
64150
35725
31054
18537
2303
61238
51902
25883
18294
19343
28412
10742
62661
24498
41011
34551
32593
40645
52733
25108
53073
13134
24042
18786
27696
24557
23797
63615
40650
11349
53692
34548
29243
24683
35310
24682
49729
51222
48629
56640
63711
24931
26357
29642
46734
27499
29597
1595
60260
42208
9690
12269
2903
14814
24759
19102
36116
3913
10047
18781
60142
26204
58258
20586
55992
64284
8746
40342
49631
61216
16265
10176
7676
34465
14831
60138
47079
64520
54275
28076
41993
22881
26979
62431
53165
58847
35834
7005
41411
27345
38225
36399
61466
42396
23131
34470
53311
3211
38020
60389
59613
684
48510
15197
25723
59122
55601
15072
3662
32629
768
43357
17223
24946
63856
54205
64032
39185
40694
61632
20663
28193
34954
62022
18039
30627
27659
9583
18757
6830
40179
17377
43413
61297
48066
38700
21819
42664
34615
41637
42968
30924
46294
60
38860
38104
29909
49579
30675
63626
37675
38956
53109
21182
35837
10833
803
61471
16909
57172
44348
27258
51198
9063
30131
47201
48901
36669
34745
48835
29265
8737
9070
41116
48643
32257
8349
15459
12643
27076
60253
29409
10821
60397
58589
3332
59887
62610
22307
35552
50155
45396
33144
22884
18751
5808
52061
14820
38564
49245
51827
33470
53279
13544
38537
28248
53773
42470
14743
175
11246
51725
57917
39814
42699
10675
21177
51340
203
62618
19127
12586
1285
39435
60631
31361
37942
55714
64566
48075
43378
35380
36432
26669
18685
17544
9441
45231
21870
34921
38212
47807
34985
47477
15201
39227
4561
24607
27041
45005
55357
10148
14936
48515
34158
41570
18344
32799
49906
24011
12875
48915
33605
63764
56180
22117
3019
19716
2978
46297
9834
54049
60150
49588
51833
17577
57778
24648
26619
33935
64739
46733
10956
13621
40579
24953
11061
57377
13622
25727
57017
19301
45170
21673
1584
57222
1194
16437
62412
40371
55940
34125
63942
1333
7021
57518
42686
35185
49809
3275
16565
22374
58817
62600
11635
770
10199
20432
57292
33482
14698
61789
5865
62299
18582
38409
59671
52639
60345
40908
34339
7419
28217
11782
45700
40811
36531
24153
56189
12902
61964
17060
43080
33261
48084
48658
50146
19499
60297
52742
38917
8593
61069
19337
35822
25190
32017
55954
18731
53294
35927
9118
54081
43996
41882
6261
55719
43485
60792
59900
51097
11261
17562
30138
29599
47789
38711
43285
24183
23347
59465
15655
16317
25736
13068
34953
27720
11665
35519
55158
23589
11636
39581
36869
24968
44145
35821
19777
48683
56101
44631
16378
56211
57672
27738
64095
47192
47211
17036
40652
61525
42736
57305
36768
38612
15709
8001
46300
44279
58534
12233
41694
6979
8407
4564
14694
16705
5758
18701
25199
19229
35812
63322
12906
438
43523
23112
7741
19840
31070
56210
50661
5997
16525
42840
45153
43674
19992
61929
27961
61926
6749
61519
44947
37488
58735
16250
42146
14616
28816
57302
54432
65112
510
18833
54347
32535
54438
44451
46386
17819
26203
31806
16449
16318
22099
22433
12745
44805
33483
26184
2866
53270
61059
65003
14902
43130
28338
32480
1287
55143
62084
55075
41070
59893
47511
31577
52540
19254
55965
21332
16735
60169
17765
30725
32619
60375
58994
35278
21004
48322
41682
17975
11787
40570
47859
18258
46168
64903
35377
20370
48374
41095
18566
58729
53638
28343
59272
26899
17769
11312
45530
34283
34794
24168
21545
10787
57444
52915
60578
24576
49384
56982
56111
53906
41387
13434
14611
4183
17716
17042
16944
65081
6031
46036
16422
12024
22562
31405
43480
55955
8075
58046
3329
5510
44394
60567
34215
23655
23147
34397
42988
32650
25560
61276
15670
61226
62280
26791
22378
50169
42355
30587
48906
12869
25290
30223
57927
47942
29113
50616
26023
17540
20794
43273
57930
50282
46019
47937
3214
28782
35935
16024
34546
60698
18570
52416
1897
32625
8122
18191
48463
47452
32386
34338
51684
43230
59404
33461
40759
30475
55103
57422
43709
38173
60422
11715
42844
32267
11538
22455
47730
15974
59608
11164
26057
39777
59952
45472
59605
51817
23389
12076
54729
19278
42540
50534
29355
45486
37952
23547
26298
8849
14990
57807
65489
45502
16396
8717
63090
37547
8733
5798
30157
19480
25707
26183
35152
20816
36838
14004
43073
31650
45542
29482
29116
49866
55800
33203
9709
5476
14246
61000
46914
62511
18231
47663
36584
10378
40761
30858
59281
51695
13902
28441
6495
48440
49994
32481
35351
13462
31842
42538
61405
39530
9274
9322
36034
12600
32369
282
48176
58573
18233
63345
63500
44976
45545
8413
51901
29633
33206
11263
30848
59295
60280
59661
52291
36115
27391
40224
27794
8851
51172
30875
65490
6127
24324
42847
38621
10553
30430
55977
20281
6424
10207
43891
17504
65360
48209
55915
4788
23830
35153
17831
35939
8991
59549
37253
54938
34441
51899
42014
39040
65372
47442
10297
34547
49839
35154
41172
59229
55058
28091
24496
55615
41507
56618
7893
61608
2159
5983
45844
61356
2019
18182
28419
24838
30591
29691
12504
18818
35325
3392
46701
36813
30005
50913
34151
27910
4175
62279
24809
27315
11915
16504
6730
34392
36341
33463
36325
37429
2093
33690
18291
49645
13657
52484
44719
31382
28703
38295
27244
48571
54790
62613
11512
30595
9863
36434
53735
34235
31095
63114
18665
44626
11861
21060
19571
57764
3745
11227
58147
51507
17635
10884
5307
42493
8497
18777
43353
22974
51769
15659
38784
5306
42037
60980
37762
40069
40115
39281
24356
945
39286
10244
10324
40072
48979
40247
40124
3923
44836
13361
63958
58319
36589
7636
3658
65499
51150
42495
43296
45709
29419
4929
24724
4606
1515
13637
17963
45960
13116
6754
42093
18917
49465
20444
45020
30477
8256
21283
22755
8270
1533
38055
22051
54175
57495
52281
18249
44198
366
10283
16476
9071
37549
21069
52018
16448
53207
22316
62293
3892
64675
26898
57760
21446
23917
62500
11096
26392
9068
60230
2098
59558
27193
29706
32135
52793
17665
31094
13864
30850
10375
18694
53049
31583
6639
59024
40321
2387
57496
59534
46627
49718
43895
16769
49721
35080
37994
42841
21562
19844
57736
5638
37482
50233
17010
7475
2467
1079
15003
3095
574
3234
4221
13457
41707
2704
44958
24929
3254
40690
62884
40511
37885
56907
30
47187
4177
29942
51183
26707
12036
53918
12089
52952
46766
30836
53204
16602
48437
25677
47234
59206
25657
18883
37483
1938
49712
49028
4739
54943
65454
1236
59669
33231
60635
1235
33975
36009
26004
44680
11758
64247
24117
36073
30757
16230
65347
21447
35669
10243
40701
39666
5140
47331
60824
18435
1875
55564
35084
29714
38916
38476
51956
30724
1600
64418
51704
14620
27705
40411
46565
46821
14397
56386
8712
812
37543
52951
10202
31052
27924
1765
63961
61100
23247
56002
53747
35016
52028
41500
36725
59342
20506
9951
24889
54516
1509
15217
37727
28531
9289
62693
42057
25958
28673
35718
4511
52975
40628
35075
45922
54501
4505
44757
2776
415
25863
37159
34486
64076
48651
6441
53772
62351
43710
61722
35879
48610
26197
27248
6750
16534
4174
59048
42038
9357
46047
18565
35397
19121
21385
56935
17381
29786
11479
52894
34813
9691
63655
27970
59892
517
52874
12717
12246
51267
45014
1647
4455
42642
39405
53089
154
24868
4167
49610
53346
34837
8045
34885
53768
65153
21517
64673
37086
59710
2484
49723
34808
54897
35596
65158
4540
48273
56912
39698
22715
49589
25658
23098
7114
56249
49254
30238
18631
24088
22090
2325
5807
39638
42230
2331
45001
37706
30487
4858
32405
42409
60981
51397
9355
48295
18924
17510
62892
19405
14193
39704
48435
45893
34662
35103
10640
43649
47872
38338
35404
9942
19018
33679
22447
41174
48941
25858
36861
7242
27037
53809
43922
63158
6178
15029
56069
62804
63398
47031
31404
771
34380
54963
30645
52293
1344
7160
60544
43200
5362
11896
51663
23364
53173
389
32693
38592
59143
54644
56668
65052
62580
18888
41736
61113
46628
64621
2008
63832
47381
31703
22954
19399
44946
5673
19670
47387
39618
7714
33843
594
36500
24060
39168
30642
35589
30917
32984
23504
24720
62662
38000
59455
3525
7712
9980
6119
36507
8530
16385
8957
64369
52916
58210
53199
60707
40911
16744
392
8504
20557
16642
48179
13987
28289
13718
28856
65488
13578
41430
22223
44954
44454
13472
51270
49722
36917
33851
47243
62491
11262
23759
14738
42520
65502
56514
17632
41460
5908
59157
13521
49602
7639
44787
17185
33416
62485
32600
6214
62419
10816
23118
42068
17684
8744
53739
56173
48607
30071
59041
48397
20950
