57596
51260
2121
43509
1101
17385
59958
6074
41072
38106
23757
8707
59947
61508
65190
51258
10310
13191
60845
21130
46023
1790
21176
5840
1095
8465
52555
8934
46041
16571
47263
5458
47766
13902
35832
22534
52307
13371
37597
4165
45319
6910
1267
62760
45242
39973
9528
30754
29010
50079
40664
8939
28709
22705
38646
37803
52259
8941
56312
42061
25240
58927
37278
12465
10227
46940
9917
34236
26695
52824
7510
42544
2633
59713
6200
575
17205
49087
30707
53898
1598
39396
48445
42409
1621
2546
21181
23009
30405
49649
20890
31136
24167
1595
1623
62922
65376
39394
7597
1503
10545
16580
40914
53366
64327
8468
45493
26769
9692
60482
28433
49714
41019
22949
58323
41560
59895
36739
33493
55074
14528
13458
42665
12968
32769
247
7406
53960
25076
60101
58253
30154
500
30884
46934
46329
63120
50558
21508
62950
58942
10004
30484
21665
27160
39399
7107
40912
52194
133
24497
61419
43985
8648
11900
48545
7311
39776
42086
11679
21330
57849
40684
14638
51003
42841
55391
30761
22155
43151
58826
64639
31616
25430
37099
34124
15699
46140
5853
50672
3582
56845
60255
60149
26320
8740
24065
61358
51034
50747
1575
37917
37573
2439
65235
40721
49716
4216
24425
35240
3933
8936
44122
24238
51015
755
10763
58866
49608
52057
57486
60553
27944
39496
57126
3918
14407
62584
31539
11583
1599
53466
19790
30105
39722
1358
32061
42480
19328
37540
40913
23012
53334
49652
2709
39079
15490
65334
28658
15558
9278
8511
36641
31862
45978
55539
51254
1286
16684
48350
59592
28063
13628
33002
50270
9616
17554
59426
46511
35697
26537
7524
57831
41171
42990
45081
44755
54745
21059
34594
16759
28334
12184
56959
65206
16555
14156
10718
33148
7686
25471
63353
31198
49171
57659
43369
29480
41931
52291
47280
22989
17750
24869
20773
52124
35277
38408
63828
56445
6484
49943
27808
9608
15413
15862
43796
63340
24257
30009
22476
38903
2753
2218
3068
26538
35047
27390
41319
19397
28327
19271
36488
28290
20402
47381
37147
33140
25474
33622
63347
28289
41219
20516
25473
41222
42755
13961
28998
24829
6250
12335
45101
52122
31642
44762
20186
16364
15408
48022
48916
30029
49668
49783
48620
20276
40956
15280
57975
9356
33888
45024
39561
45799
9133
47373
63078
8935
1708
12437
49316
23020
7840
54740
22923
35271
53563
11390
12443
27056
7883
46876
53557
17958
31659
14920
28995
27643
31819
3480
3067
52119
31639
44759
20183
27637
52299
48019
54128
63232
52293
19329
23357
57877
24536
36177
20194
280
32226
41989
58891
64913
5304
11041
3911
65234
36941
10563
57428
13262
31752
44956
34532
56483
165
10531
44035
33683
56069
62409
4343
9661
30979
12751
30957
21725
61340
2606
18523
9351
9287
39646
39566
15723
52266
46961
45804
43770
46716
20361
29187
42735
34918
50065
36961
57824
60780
42982
38587
28639
7434
61126
7674
63164
816
13323
64104
27376
62548
47376
59888
52113
27389
64102
40496
23062
47949
15889
23064
62555
13316
17190
6181
25733
33903
37417
8381
51897
51929
37961
1161
13017
42415
33839
35376
50670
49070
18383
60823
15717
21202
51546
2729
51902
25219
8133
1166
23117
43208
21592
14435
14581
2222
1991
5590
56061
33578
57624
10816
59804
24533
32766
48119
10165
11044
18185
34278
58874
20606
43163
63091
34133
19587
48154
40178
62247
35461
64885
4185
25066
61611
55179
27873
20392
41220
44036
62006
64892
11558
18119
53193
3324
63095
5176
65067
32716
15419
61609
30764
63757
52117
57603
56597
5604
20593
20287
45565
40167
54672
6760
3054
35352
14199
9099
16396
47677
21294
29532
55465
65461
7561
2031
57617
59376
6323
26750
19606
53851
32955
56967
54411
10765
19558
63065
12472
45231
32386
47551
48682
41086
3263
51538
29529
60124
59901
11416
60903
8662
10565
27757
24468
4667
38558
64270
18798
17031
7862
28287
58713
42828
61935
34714
19294
39229
3495
18118
22193
16765
6413
14104
62912
7884
37640
54310
52292
16917
45468
62404
6893
12533
31748
18820
11856
37674
32501
58638
3249
45337
59738
16722
14745
21057
65223
7006
58686
44212
8436
57253
1328
62620
35030
51180
22948
3094
22976
2224
40379
27821
10302
20717
9258
46757
60224
10928
57920
47665
30016
21982
24055
48272
2303
37906
49469
24094
28846
20667
35148
10053
11478
21939
57007
62390
60921
14668
42711
9308
7996
65022
38281
20353
43805
35120
30524
55821
46759
25584
38406
35117
35032
27812
13823
40173
63219
58602
40372
19657
10827
62226
56493
39712
3645
8552
12070
19121
17664
59390
45559
31657
8842
14461
32948
60066
52288
60646
626
31293
18741
55254
21384
54111
34002
2019
31408
13758
61984
34248
45657
7754
54257
61648
56961
25281
49017
55583
34906
24448
34015
62991
57620
51721
56962
24200
649
54106
26578
4561
5952
35341
4009
14493
5615
34541
6922
45747
8226
58267
33273
41428
10647
29591
8230
52938
55734
12259
11529
12056
63166
61511
33441
11427
8949
22916
55089
20914
2440
14059
8747
62179
8388
51856
36273
58904
62338
56829
44303
10702
17897
1459
20365
54286
49655
60900
64628
37074
43
9489
54621
20974
56010
43704
65345
7974
27582
40043
48474
57986
20044
26807
9955
9964
49195
37233
13278
65246
10918
8652
5418
39890
52020
57562
50663
5368
33792
38840
15611
9247
23956
31485
36025
40747
13626
8345
35418
40758
54526
22
28105
61760
8112
14671
27710
64271
51723
3890
63790
63206
21143
558
58607
58335
13063
40839
16007
43217
28494
36908
23534
55495
48369
6909
46641
35319
21184
24027
42358
57493
27225
57696
59769
29597
61815
57182
44061
61113
11422
61797
32141
64478
59920
40182
5297
17259
63063
48341
44843
64404
33798
26743
43419
62883
11927
25367
56694
36838
3186
52733
20273
59232
39305
24766
36651
14514
49661
45143
56850
18823
15938
30177
60112
25499
12186
12189
46527
8454
29314
49216
55286
27538
52456
16775
43884
35891
4459
36902
59199
12075
55743
26938
11666
9365
27730
60268
26116
54084
22111
61880
61423
61167
52708
50213
52544
49092
25097
11533
17050
10990
43786
37690
39333
27600
61819
35928
24495
41543
38635
10798
59549
19902
9423
46637
50474
24099
39604
45360
34528
5602
15314
20920
8476
60181
57211
64433
10655
65510
62198
50668
51978
11827
1174
12347
41216
27545
59030
17961
854
11555
47501
57086
18933
38014
34160
59162
16193
34537
48125
47932
60551
14522
37478
26702
59443
30445
8336
51761
49787
23100
54250
56552
4331
4738
39350
59690
61203
14876
11453
26427
33969
34385
10633
26959
52902
53422
38611
38541
56494
29126
41254
65313
47197
40403
13214
41846
52352
6581
32374
62220
35673
56153
37763
53757
5047
43466
31009
14050
22941
48643
49501
35782
5595
5759
23334
55129
55125
26551
62751
36125
62356
46083
43698
39370
56550
54241
8461
14263
45370
58191
23736
27326
13176
2184
56939
41920
7307
1917
45517
34043
29485
28379
55241
20206
42299
57033
52983
28989
34486
24507
12970
52261
47926
24101
28659
26108
13472
15566
35195
74
65307
36532
54914
14213
62005
36769
23730
23617
58412
9363
7511
16961
43044
44772
14658
28540
52380
4735
52715
44290
49033
28755
7433
59005
35255
51060
3595
6346
58275
41178
5588
52311
6742
30972
12427
6004
33724
53387
7775
31594
53540
51068
13220
52511
63161
61516
11263
14196
50230
11320
48003
6012
22795
34946
21134
52573
10254
10985
54670
42418
59692
44776
56823
57225
11498
36021
58907
54609
38229
34372
49776
50829
47877
46033
24506
54683
8964
12741
54935
37004
36827
31289
59487
33757
55296
54666
5013
30923
58407
63068
40755
9690
25102
26428
18799
19182
50322
11281
55415
31414
3929
33480
32278
37239
12222
54665
19733
62730
19971
26929
36119
9751
4770
54340
57230
56609
58757
26813
41749
65180
31808
51218
19937
55833
7932
29667
30020
19950
56601
54299
18158
2995
4677
26041
63798
54825
51403
34046
53046
3238
64031
17908
58665
38331
30863
45377
11329
51657
40850
26434
4758
13596
16164
16084
56055
48246
54830
5944
38345
14146
12498
33802
46941
51905
49130
7306
49837
1741
43773
3690
4139
58356
58328
52991
15604
61311
41520
53912
26788
47095
11710
8754
54495
20323
22730
45788
47550
57808
40611
53007
62114
11271
16660
2097
14908
47727
8064
47210
37970
4096
5501
16233
50103
355
22724
32618
7340
61020
12797
40206
46814
20282
56742
3065
31600
63930
31912
13303
59707
59211
56786
32623
3148
44544
17411
59940
36045
4294
52953
19184
54481
18539
35170
20357
23308
11853
8963
703
23135
3676
48238
9789
9780
41382
47458
55402
32037
22506
42994
60666
48469
45376
3405
59883
62113
48443
31893
27521
23697
45186
18418
50771
56784
39573
3376
54192
45783
59532
18531
53871
19656
50487
39086
14721
24074
48588
46666
63964
52605
22442
32002
36741
59292
34692
40661
27077
12796
156
19659
24281
32174
31723
54975
27452
7581
1182
42701
44971
45460
47795
40576
38341
14287
18404
13595
22602
20996
56131
25936
57893
60800
22952
46401
61606
51310
56249
65117
45578
19476
46809
24231
12647
31873
17844
37424
35644
36228
32713
15041
41305
14651
48082
58343
40185
49263
56918
44060
5076
2754
2192
55223
63709
7810
28405
1554
18889
10049
60375
64880
39199
17430
37186
28666
19164
3246
55521
13926
26086
7614
28144
14992
51115
49170
40497
7843
2462
17611
37072
38433
5890
2859
29910
59632
13483
30943
26335
60081
47461
3056
45080
61265
16314
19680
23817
11852
45927
7816
7994
5934
9273
9263
2387
42995
33733
48890
52181
22561
11343
562
35610
54943
14919
39876
9607
18419
39713
56200
22500
8724
1317
15621
47943
12132
25306
17424
19771
61351
49503
47861
26879
49828
55644
49694
20843
8571
44808
36914
58317
33704
42714
18138
3921
8878
46916
15875
21006
6774
38841
11193
7067
15567
23413
40375
23981
24593
13333
59258
64902
8957
35049
39488
6445
13266
61813
6041
24820
42706
38725
20032
45440
23393
23650
49167
55310
35548
36313
25504
39610
12972
52493
47430
63351
41469
17703
23835
40221
56129
18373
9050
23318
42129
35974
63857
11880
62707
58117
4584
8580
19405
34470
18480
6212
14587
55660
54306
4623
12749
9432
9978
17659
64030
22666
825
12231
32717
51195
1845
27235
36654
9674
29266
60641
21299
9950
60374
38368
9362
16719
37864
47660
21820
41656
45204
59466
13099
41948
29769
33491
42141
22190
14021
37245
19477
12292
20622
20873
7436
22227
23074
33933
36771
43692
63162
29585
57349
10124
37836
34361
11503
33628
11061
22468
30074
60703
49954
45224
64883
63050
35362
37375
20713
8611
24756
17990
10329
55064
37387
51294
13760
13216
36020
32213
58308
14713
42484
59000
27324
24510
13779
62602
22873
2467
60869
9182
8567
15376
39382
30216
51336
21900
27241
1104
17877
4119
17062
21197
29346
34505
49683
27409
42468
49086
9538
12093
60680
27834
23283
36037
8867
37777
32013
61395
57705
26752
20834
20577
37466
11112
35571
22583
11654
50592
21047
12732
37170
48714
28425
35826
64627
5542
11918
27632
41463
61430
5632
55992
34628
13337
43772
8197
11729
60280
2068
11435
18370
23932
22334
53236
56752
14438
37849
48607
5592
64717
8386
38800
1854
11691
41553
22287
49688
11370
4229
45538
23860
44151
3008
48001
39771
29546
18450
63513
53586
43030
18627
19267
16808
18061
61059
25072
24125
43033
17868
11745
42798
46902
18256
43298
41722
34568
7138
19264
26723
1282
47317
27089
13479
849
22259
7546
63385
19459
3213
3171
59456
25961
50016
64755
30858
42483
28177
27672
51273
30294
568
449
31644
62451
15368
24819
56809
54507
35658
2398
12738
56409
32218
21416
48053
50
29967
11818
22519
53013
17773
51468
17582
356
60810
53849
55472
49571
36510
12825
18895
49775
8138
6871
20110
23398
55814
48408
48013
18129
63622
61243
43027
26056
15042
36649
29311
309
14843
27383
10284
48697
30390
48848
6643
51931
2018
3938
51437
24487
53690
4029
42916
15066
58127
9290
26586
48997
26183
12349
17571
250
56517
59491
47834
16128
30119
22693
7890
54641
28628
33473
22460
21431
64000
204
14244
12372
29594
56839
30113
56638
7489
7589
11282
19233
38431
52082
25028
16437
33872
24707
33241
2899
3306
19413
11137
36189
15048
20237
59324
56051
65293
27380
24856
25361
26359
32826
59354
39729
15449
24298
43763
61065
35463
18432
11812
1840
15606
31410
20185
38597
28156
12998
11737
20500
47805
28417
30840
49458
31076
51113
55225
1686
41478
58109
2759
37654
63083
13859
41712
26791
27061
1910
50461
23030
50083
17196
8485
25163
13181
6876
14473
37556
24372
13669
25998
26761
45220
29697
54348
57088
51429
35868
43795
62034
50719
54690
31633
18261
44309
53020
19053
19362
18270
45061
11814
18738
42861
10533
41699
16042
43303
461
48146
5045
59104
10277
35978
30950
26851
52788
60344
56750
7373
62822
41632
823
8762
46360
50206
28188
37824
32008
59351
18036
2016
35935
47318
42754
31200
56317
8859
23928
20211
58144
23468
53630
49613
19885
44712
41231
49131
6489
62840
561
38366
8764
61938
9733
23556
21133
57724
14201
8128
2388
38250
50399
15716
23553
16658
19475
63990
40412
7612
37682
244
166
37835
44764
64954
38568
42491
38511
55519
13773
10377
60190
43270
56440
64539
22309
32052
38416
28747
4382
50664
7011
17300
51676
27046
48577
62197
48998
58425
13785
7136
16054
36116
7424
57716
14195
22138
50089
50662
58520
50393
4372
41647
60889
65315
53845
52707
37934
60853
26040
8820
46532
30374
62966
46643
1612
35405
3245
10543
2938
20664
32863
61939
48155
20308
40769
9292
39641
61232
13924
40908
52667
27876
22258
16659
41067
29365
44514
32210
16122
24777
34416
37879
29068
15282
20687
47913
64574
7569
44357
52946
20658
30736
21200
8727
1321
212
45392
8691
38900
12320
21316
27492
33596
47865
48481
49831
48987
4010
63370
34698
44126
45167
42555
38615
6136
37962
57199
216
627
29114
57173
55228
55195
49018
47809
31900
20862
36485
30283
213
11244
31479
35760
30539
27029
55674
22004
5609
17886
6137
27881
35182
39237
12525
11616
8690
38897
38634
62365
23826
7480
35892
51719
47470
25328
11017
53396
6605
20597
17755
24380
19565
52601
8861
61957
34949
21789
54189
37264
4469
8616
43502
43987
19575
6195
48077
54741
33610
44753
23255
35608
17281
46010
41939
29181
17042
44848
17294
49321
35796
39064
52966
1746
59858
11361
46694
62121
36850
32584
7838
12814
49894
45660
55392
24538
59467
39541
11021
47962
51934
37966
128
49769
46713
11652
56794
36113
19622
57990
32507
4254
4245
14481
52842
57807
31783
53291
18360
52495
29308
54899
50924
59720
49952
31653
13092
7568
28716
29380
42187
65305
5872
52132
10364
32628
62856
14131
32635
7363
4179
53443
18171
55294
63868
31278
42281
17322
23015
11764
13382
55331
12872
12322
28453
31182
36468
341
35044
62188
62435
30290
10258
39970
61689
44699
18358
52503
44191
56984
50014
25686
13248
13398
56880
32035
52280
42055
64078
6713
42533
28237
7799
2047
36149
29635
40090
23368
55355
49462
3666
57940
35716
2610
59721
65308
40072
48393
31070
14794
5180
4988
50302
55397
42376
31201
35045
48427
37415
4663
44070
17106
58960
48484
51023
44662
52396
4863
54939
28262
48990
6519
63496
34105
63867
59841
38749
8169
53518
12390
64136
16385
12490
15062
16640
33659
29523
31527
11592
19309
28937
424
45058
9082
44886
16596
7806
37314
63004
20396
59216
6997
36475
31714
61040
16178
20238
32151
43457
41567
23021
60244
55550
35622
9724
22372
42651
41952
39507
49413
60504
19983
33744
50977
12969
29753
19900
37508
36820
64625
30364
30356
4510
29696
34379
31640
46811
2141
58572
28966
7988
9551
37792
20651
18274
6375
12914
17916
32422
31000
2142
24806
900
33272
18441
31169
56724
62130
15321
1739
36350
42396
62207
53512
20518
30689
58707
43656
28822
29586
51029
34081
25634
8172
29599
28824
8164
302
30965
32249
60460
14211
31318
34189
24629
29645
51236
45512
30629
2344
36843
7771
58830
32095
29861
31903
16124
44723
1682
358
5683
56100
51243
29428
38781
47046
41933
53315
39630
8985
42992
41596
50017
64821
59034
27118
60503
37820
11598
23868
6342
57960
30136
54570
17999
49269
18147
19948
56130
1919
51265
17690
26423
33929
54656
61235
37045
21603
4959
28778
47797
10542
16840
41379
17902
46653
34221
11759
33098
50005
42422
19731
17189
46982
38932
4156
49919
49351
42227
27986
17943
11744
55841
52509
44244
20889
7897
15226
59654
40440
38931
13591
17906
56427
16582
13089
41980
10259
52154
4106
9716
64018
10738
19760
23903
36610
16943
15483
45389
27557
8733
8684
515
17435
54343
2928
64589
54990
59202
56062
59446
26824
16542
51770
49213
13579
55050
41175
16698
58190
43774
20427
25403
56709
40861
56402
38965
59615
33369
56428
47946
19177
38546
3826
64696
50211
50481
22836
29584
37166
27910
54622
37011
33976
28117
26048
64249
16793
41643
3519
26713
64366
30033
41316
28821
30756
32080
64855
11883
58589
39184
38160
57821
20215
43430
44278
55468
55655
44450
2244
24630
1829
20477
43777
17939
35002
19972
35898
41715
19735
28450
42318
23640
10793
18673
25510
56319
26520
59319
64129
19462
7949
18576
20369
42182
64619
61618
22400
52361
40309
35457
64792
52558
51378
60000
51131
61039
60290
713
21991
23303
45457
25582
22220
59225
6896
47760
22758
52871
23542
16960
58318
59856
22638
52504
3247
5574
49986
21503
49422
3115
42465
58641
49162
14871
40723
50990
2397
26869
33981
58276
19500
44943
27638
9455
48608
26420
4969
5569
1068
52105
57938
52958
54982
57321
59610
59882
35488
60516
11248
59445
42733
24153
17474
12744
7958
56313
41229
11705
58781
18528
12141
62738
19195
40692
58635
45958
11557
13991
24295
9725
6601
36187
43049
25378
61831
37227
10409
56799
45023
2181
4950
52248
61078
38177
2575
50075
23643
25485
33044
35262
33730
21442
62334
36075
28301
6756
41814
51525
12191
29576
31605
7175
32380
26243
35576
21387
4534
64694
20343
34198
56580
8504
53536
11334
50729
27680
53332
28871
31486
16199
2126
33658
47725
63415
20350
44846
23940
2179
47810
29222
22061
28741
38839
12516
5171
35786
31966
57531
37268
47091
5897
44137
23338
34535
34803
41925
21241
35221
50264
54155
43654
12430
48589
44080
27942
253
62327
40612
53002
31284
24824
63236
42654
28587
61956
15414
54448
583
7533
58039
46846
44964
17086
46569
64925
60321
21003
51503
57989
13899
6256
50519
27052
52828
54163
41156
45262
47543
7849
53416
16319
51523
3163
6403
8439
39335
56268
31831
27587
52537
54941
7687
12627
52743
10412
61204
45018
52365
15303
8708
52175
45259
44164
43975
64961
3214
6963
3333
13364
22613
63927
35194
15741
60414
44462
5529
46406
1269
55432
19879
64596
45401
38843
12886
34375
24761
5900
47744
698
65147
40904
33703
53545
37067
3974
35675
25761
7664
46574
58375
43172
46183
9225
12131
25311
57457
14903
50606
60509
33796
42273
14935
24518
53024
26402
1539
36691
53214
63934
7101
45583
40686
1641
4471
59203
42670
31398
9895
49464
44032
35197
34437
52647
19758
7852
22944
31933
32899
56056
36363
41161
54678
22708
52294
62913
42531
53745
1561
37274
13827
17079
18532
53866
48065
17972
12785
27224
23039
42414
38604
10226
47673
30285
46825
19341
47090
9228
27898
44325
45089
34802
62122
2400
8006
30706
58924
22323
32385
24054
39506
54108
52922
58547
42713
54989
16889
31705
6642
261
27911
39256
1841
41928
30860
45037
12595
43050
6306
33157
43232
32604
12439
37543
7049
12309
46537
16773
42523
14918
43762
28664
62235
45506
38778
40468
26872
42482
18711
11767
51097
48021
18172
44693
13640
55580
30401
42453
1106
51120
54105
58549
24056
29530
10521
54873
65270
45351
29141
48303
57674
28936
46209
6341
12811
55643
35925
33550
63523
2570
52218
47790
8600
31925
37929
5721
32396
50363
14897
60592
31157
60898
1122
40477
59263
52696
56437
36138
36361
49393
25266
41820
52622
1364
33948
1693
3058
31468
39574
59577
38959
44205
15425
43358
31078
13548
15975
36774
848
41211
5258
34304
8533
55994
2513
35075
42408
44381
61577
42405
37860
18412
63256
13021
30971
15427
57725
65360
29636
50989
12965
58132
62465
60346
33196
25986
23637
15351
57823
62997
51766
59131
15857
14077
25398
15666
42057
20077
59578
38225
14840
293
16148
15646
6124
39181
26146
41823
57713
18672
7566
26786
33935
56974
9498
57776
18192
270
60944
29582
40647
13913
32391
45400
31917
4015
48106
46573
64681
59582
18449
33867
18746
13890
32479
15859
43351
3814
45952
24566
46218
38482
21464
42060
13271
11078
13809
3581
10518
44234
13335
1555
3243
46084
26282
50777
5575
1110
32399
38228
45653
58141
58557
64204
41865
56406
32398
48024
20829
29535
52617
40129
43768
31158
994
3340
30937
20068
8097
34407
58748
49542
47038
4349
55203
53861
45527
45320
34068
56768
37887
29909
58969
52803
30472
43766
38316
53667
39849
63378
13066
33532
1847
43029
35420
14472
37554
47437
62721
58373
33255
16357
18414
51465
54946
5198
45696
61664
2362
12152
44192
59439
16635
39654
58013
20677
4002
31869
45545
63417
11884
4260
61836
31812
62821
5587
38234
39098
44091
62537
64220
2357
38495
1162
20188
37237
6057
56235
2475
8308
20470
64025
13342
35131
37553
8022
38872
37555
12208
23175
8702
2749
55986
30932
15876
61722
40001
18944
30102
42760
18227
48391
40334
57423
42758
31480
31614
36011
17361
56243
35269
63697
12497
4740
11913
53304
11368
40854
14063
25541
31213
18771
48381
36653
32393
47920
42618
41871
11068
7314
13331
56223
255
47118
15218
40894
63093
64833
49482
60562
52146
5832
44422
44498
952
30436
11198
39307
11979
23411
24053
32805
59847
16645
7214
3259
7054
56324
59910
16771
5589
19030
30999
49588
31931
47572
37584
59243
19390
41963
7719
24267
10519
6539
28132
5092
51216
16082
55258
53359
24792
16080
33313
17248
36725
30071
51192
44770
4801
55416
24462
4647
28586
41868
31005
185
10255
22134
65322
61034
48291
25552
31011
13177
10525
32855
45987
63113
52074
62668
7482
7539
225
8994
37823
59401
33122
4053
18225
9008
52232
4650
481
16201
48646
44938
30076
36723
20576
23154
5718
16456
33248
32799
18406
25393
6189
32674
32287
61951
22130
15313
41857
36344
65489
35671
36366
54053
34454
44673
20177
56583
31013
45135
26254
18610
16455
7393
17697
36814
48879
37188
19050
13123
49902
33785
58791
64944
44307
55823
2543
43797
47436
65046
55255
14580
40690
9830
38868
9179
22729
51906
39591
37146
43767
55330
5466
41468
3287
50059
31757
22957
24225
15788
7484
10366
34126
33899
48981
10149
6970
33746
27384
23108
52196
29524
30763
22511
61893
34425
34430
11167
23010
32715
64134
5715
63235
44951
64853
35756
35115
33189
64461
58031
33575
5205
62595
52889
39618
28870
63747
34171
17412
15121
34164
29019
53708
19718
56404
22924
56866
4958
9929
10361
35245
44045
3973
27382
63577
36279
9645
24923
16116
26692
56695
61762
35638
14666
18287
33059
4415
26236
23875
42817
33710
29756
30522
38918
45165
36400
52619
39169
14723
37982
57690
55081
2695
9136
43157
55919
35877
22596
1086
47968
61780
6449
61072
63058
37900
36684
33570
9401
23011
54096
40575
29528
29353
22376
22587
36050
50572
21292
65108
38716
41355
57456
11903
11154
58466
44867
17419
902
13305
63413
49576
56519
53707
61731
11700
38671
43470
12368
10161
52894
39612
17158
13384
346
16639
62592
193
34596
27817
32986
48101
61447
46771
55867
61878
42846
23288
54869
58137
53696
31146
37981
33351
65090
18092
59398
60788
50597
62468
8686
12945
35236
51496
37798
63748
55625
34732
32814
24913
4443
47944
65072
56973
22499
37383
21455
35475
9406
20042
22214
40562
62715
43514
23227
41816
56289
13660
23014
27908
23286
48387
4358
33303
61790
63705
4086
39929
22169
64663
59139
24864
7229
9852
2912
5460
21109
61192
20940
22444
35239
33907
64091
20521
14858
6404
56484
50305
62475
7252
30725
35626
42825
3998
60667
31392
9404
63268
34377
40570
5323
56538
63620
23700
32653
40391
44592
36487
64245
47353
11288
2037
9399
30521
20522
40561
20884
21945
4152
7416
19296
59079
3822
32404
31033
33635
29244
20859
12050
27814
31160
3896
55672
8427
18766
30535
60833
55371
47582
52779
39940
62156
25675
8328
35375
12084
1772
62145
5848
61202
53096
518
35294
42410
50669
28997
16590
62418
3478
34818
16066
58595
54064
4614
2119
36165
46365
171
16677
16513
61711
53543
24268
40243
15892
64975
19394
65041
27446
40448
15865
64422
41297
18637
6492
27992
13334
48772
39692
61713
32764
18191
5298
15715
59132
23050
14437
2104
38962
3747
24165
43213
38373
47659
17531
50462
58883
46462
54319
54405
63525
42402
21824
13547
47771
6902
58241
8397
9694
59290
16799
23562
12304
45640
9439
56419
61595
38241
35208
22255
7478
62448
9614
570
61622
6028
37788
51257
24748
17391
8098
32031
29363
14726
63130
37305
7739
35791
62292
30810
27500
59284
16787
30106
45275
38060
59249
34013
43245
12746
2718
61923
34708
33611
40508
52271
25757
15790
11360
64757
17796
34451
34027
4887
15547
38456
53395
57093
35565
62131
59160
42485
54238
8215
99
32403
57013
20855
29774
1394
38946
32757
22306
29662
24681
32781
24028
30868
2929
48615
18491
6432
15293
37365
60056
35714
23480
17648
25060
61228
52660
5846
24063
50656
3979
56896
37605
33081
26762
64606
6729
5978
40319
38559
44218
36960
46245
47164
24323
25964
2816
29000
20982
19395
49359
5433
34023
63335
43803
24057
41324
8584
456
43793
32822
15864
652
60828
13923
8948
14730
57892
59248
35034
26832
15565
26330
1705
11659
53091
34529
45069
43085
8657
38866
61716
15896
14591
46232
2979
11355
14870
24309
36863
44872
62078
18956
2109
11704
31943
4099
65110
14015
19726
44898
15515
61083
54882
31389
6286
23820
43381
26379
60523
56571
60757
57766
21172
2868
25997
5789
14639
46339
47641
30400
5400
38473
78
43492
32683
43851
21253
47099
32121
9204
56591
14381
12569
33204
55599
44479
50294
20666
51164
4377
24453
39617
29894
22208
60407
1934
1893
9221
26210
32610
38347
65112
34388
45006
6903
61788
65144
48457
37844
749
22431
22736
10143
32195
4778
317
27793
30623
42925
33644
3760
3847
1951
35995
59511
52367
25226
28575
28169
59201
17333
45570
32189
48775
32961
31054
57377
37371
21948
33291
51151
58453
13955
63661
727
59561
20437
53858
50959
50492
5885
45726
25613
44916
3527
56365
28366
14135
55311
17675
52748
12574
36811
43105
26371
58247
27987
34294
58565
64518
32015
41862
59513
14682
6834
46636
46857
8682
58277
14338
54400
19644
28253
34579
52611
36559
33418
44409
4841
58688
58405
57176
51305
21374
64256
1026
51532
3545
51245
26575
7466
34901
9476
55960
9397
58820
26377
5030
3600
49250
40842
52993
45922
36286
29104
22896
39932
50860
15023
63818
11850
56688
51783
4763
52582
25186
8726
39783
10453
1775
42158
35174
35555
33135
1239
23505
52185
56949
48489
31484
40944
57951
8907
2865
64269
50589
42913
57936
7525
4943
14553
36495
11253
15417
60097
6584
34702
34436
12386
45154
45001
15010
7330
41053
39755
997
42894
32333
5924
56791
17995
61995
10131
25706
591
49251
10452
30611
34062
61510
42352
15974
14005
23802
62065
2525
40495
42911
20307
40823
12139
25697
14769
11595
44483
34577
18335
40177
26783
21281
42934
53670
13542
24949
30820
18026
43844
64750
59455
61651
39319
2967
26486
25463
12661
6619
41269
56212
13533
39149
3611
49476
44028
29660
45205
56211
49308
20076
28285
49475
63421
5037
12411
35095
49299
34115
23733
5060
56388
8617
47383
55565
34764
49300
56387
28836
9768
32890
44795
42814
3904
4713
26485
8808
24950
30470
60048
55206
60652
47902
42812
25470
37635
8033
44088
56208
50830
17274
45949
49472
41201
41834
246
53015
12538
17249
4075
50187
42304
18434
57214
7939
12385
37354
46866
60976
63493
57209
45153
25684
35963
63397
25172
43443
62603
59033
3356
10308
16867
19336
283
60744
23391
32950
60882
56555
8844
39513
64984
48503
61843
10886
62534
63148
41124
16334
9932
12539
7591
62024
23721
43207
12540
63371
44999
49477
62381
17317
7587
23123
31332
60671
3089
63876
21843
63141
27556
27674
23724
63918
53521
32299
9558
36712
25405
57875
46545
22719
44039
36249
6529
38575
50529
31745
39952
59060
48967
48704
37257
62084
18472
9658
42933
45342
46871
28933
17537
53104
55205
38258
49306
40525
46242
12980
41398
38649
35592
23378
50448
60661
17923
17053
16951
38249
39448
52699
16988
38238
53524
48508
6592
22632
2170
63834
40046
63751
58175
25916
60775
63896
18022
26722
3304
60676
44033
39741
1361
28934
37003
52777
18757
65513
57315
53251
2933
10181
7721
36597
53669
41397
61596
30469
17840
21602
57309
36705
36872
37931
52744
49600
14953
57929
47533
13422
50617
1113
26209
3966
17563
33378
38647
52693
19574
18879
58739
61104
24417
28512
48826
54881
13577
606
16341
47273
38469
39634
31524
4542
34070
28864
22573
5478
24733
42989
55965
2276
8858
16349
4261
59223
48368
6755
34322
5704
31509
50615
10846
48158
63048
34335
51614
10862
63316
24692
10857
10840
11259
43899
26627
23056
5888
47101
1942
5063
35552
24403
15435
25744
52123
33145
53904
65136
28939
49146
56136
4890
35560
44458
28838
6872
30654
31603
54768
29605
18456
10817
52638
46025
60438
15322
22770
30776
29583
13321
17671
43950
30774
24479
32350
43072
58173
47978
32576
62036
10051
19260
47176
59458
32343
33637
61924
35764
38136
13800
54156
2150
44211
23492
49686
41400
9472
59918
4340
27861
30569
58701
7619
54178
3293
20221
5048
7592
39874
19208
34646
59966
51527
15429
35035
47840
41403
18299
17101
49483
60783
62203
7033
19685
5979
52764
15072
17798
63408
9885
59631
51414
43237
22489
23738
7035
49762
60010
26971
586
51989
60468
2009
41766
18550
14112
52228
62444
53664
55012
42054
60854
52975
51893
22816
14144
55430
46880
56309
42902
24955
13492
16728
45352
11366
33632
6141
49485
945
9098
57832
16760
45120
13281
45056
62596
30000
3258
11920
3168
42969
64805
3285
25506
56350
6558
62214
23627
59226
11266
64886
21066
18393
13477
14851
15890
24944
29752
21291
3853
56315
8382
34592
25456
62845
46015
51005
5547
22395
43267
7032
31834
31309
7177
31753
45469
29106
29606
52272
30991
31747
55715
4530
44040
8664
3759
60385
49984
56913
5803
3560
24150
15278
11870
54159
65273
3250
18258
51185
39639
60443
2306
16724
45221
54154
19962
63140
24152
52784
57361
56914
14234
46018
9048
36499
40734
1813
45443
6359
54579
55611
62426
14385
50460
17970
58582
59621
19774
31986
28406
63052
23120
39176
4313
60768
36918
26796
39276
32127
65171
60525
46152
32548
30336
31220
6773
10052
57068
64908
22940
24400
25109
55385
8265
31361
29672
62489
33288
60540
26294
29152
37646
45419
4563
27278
11404
48202
60991
14568
54718
2432
8992
40933
51943
52911
55108
53407
55704
22414
5505
9956
38517
1786
11333
51522
27605
64247
63302
52045
55334
27950
59698
53577
7090
5448
38449
55838
50172
48726
19907
42361
28318
27914
4776
8898
52388
49553
24261
56117
32288
65304
296
38665
57212
52457
5295
10276
32191
59461
59114
54457
55111
37663
9705
4251
32708
34929
7564
12997
20680
28623
62791
8130
19150
9155
50991
61211
64311
39485
12332
36996
34589
47147
30506
32045
41894
40930
48799
29994
49859
57347
62494
65106
43873
51833
10185
1748
40285
20260
31944
34317
28553
8474
55733
47307
55937
11747
22186
8965
55114
41694
18156
32496
38782
36690
55950
9513
14055
16424
13258
64252
18661
24059
5233
37755
11463
34509
56216
41979
64409
51453
51441
43423
30490
6361
52620
10782
36855
46589
55612
27406
39762
21086
38240
12711
62706
30284
57048
40773
43807
11962
60816
11756
31300
60138
23601
4768
26686
15955
16957
19191
35179
53783
29469
9749
54260
8768
59935
18318
8772
34129
28385
41510
6333
53526
46990
31703
23621
49880
112
30130
38710
34110
31623
38148
18805
49448
17819
57819
61281
5407
15982
30621
29351
42636
44395
14390
19530
12399
33466
8168
51874
9776
6
6882
10907
9765
693
64560
56622
55618
35575
56094
61587
29028
23801
16177
19247
47440
19762
61205
51948
47824
24932
40143
9992
44700
13101
17982
56363
4994
28881
56196
14759
52859
51814
5646
4151
8502
51579
51455
8434
2901
34747
63916
22972
5822
60832
31573
14251
48820
5200
37749
28769
30745
15500
7631
4819
49236
36535
6523
5093
64226
36112
50142
58804
49265
9036
35998
31963
57701
32508
60463
10680
26552
52928
8001
45112
13434
12579
36788
27509
22260
42747
50301
49449
33723
986
21020
34676
36785
62779
12725
4484
54093
44485
62139
62686
43735
36345
30403
54080
6068
37370
35573
55758
2463
54960
58291
57900
26546
26442
10824
17139
53647
8475
56763
56891
62918
7350
8927
10207
15643
47241
47690
62396
19867
27038
56403
43721
30158
18688
34583
18068
18170
26821
16274
9997
57283
55635
7863
53673
52932
63229
31883
41515
29732
62053
65021
12404
9403
30891
63010
16126
43124
32862
35934
20409
25785
18109
58728
18969
31665
18928
38773
24672
25353
23686
61967
34846
58900
60035
10305
6608
43928
32511
5444
53794
23073
4827
44690
31734
56057
48169
54521
4820
37159
5451
6621
37580
28235
26195
20289
27791
59459
9446
21598
24935
49552
17689
17730
14130
4360
47246
46833
12041
27462
2501
60143
28682
11749
5232
8971
20785
36172
9756
41602
34839
33158
60037
17469
48725
13437
52560
36675
45121
26255
54859
17339
49443
29804
57431
33515
36839
61314
56662
53325
14532
53406
31744
65329
45720
15670
57953
6895
10900
20023
45573
47398
59945
18126
46751
43413
53188
62614
15079
9806
52067
39568
3132
29117
24825
9807
13948
2502
59950
59832
38545
41334
46543
51255
48969
2974
59960
2650
17075
40696
49640
58667
31148
23899
43214
43843
63244
7112
56135
47494
14974
21691
33914
47940
5776
40102
38485
2798
45129
15083
24378
42433
27445
30843
6503
34117
17633
30377
54312
11931
50800
2555
25429
22385
51559
16683
21353
29270
40980
34947
16004
60918
17632
41027
49338
50062
53068
32107
5148
47166
29332
4161
36463
17124
25667
2781
57297
20992
12698
22930
62753
36829
42693
45792
58331
24986
46013
41363
53386
42366
58289
57841
33268
47495
11520
2002
22750
57343
35423
15455
59516
11110
60353
20673
43321
2226
47605
22482
7757
61407
16868
13876
50255
36163
45644
36886
63071
64989
36318
42906
21771
1378
27418
48537
27840
52542
20632
54317
15493
9659
17121
49623
23502
26068
37411
54795
35480
60611
7352
29832
32390
52823
38525
5640
812
1740
62066
51594
59518
2520
52613
28240
35301
8196
24111
34498
35096
22146
16680
45813
9970
7956
3255
28667
16191
64323
30055
4599
39347
40813
64576
50244
54774
49294
60249
27351
22653
64454
32655
39620
9395
57226
45305
44208
34672
27601
19913
18295
33979
46135
63197
52565
1689
42442
40830
57741
51838
14770
54394
65008
45721
50740
43131
46791
42622
45406
61507
58403
49723
30070
21367
47060
5927
15575
24360
15776
34673
46227
22659
18948
32839
57231
30802
1314
54601
63414
34443
49465
16629
30926
57412
41452
7787
18807
39142
41358
33265
46414
32048
40482
16008
30121
59564
55942
49562
50954
5578
42691
22810
63560
47615
26770
32691
16182
473
65352
17821
7320
1337
32953
5525
44352
11496
25041
8075
44152
8120
11101
26391
30045
8190
10585
13620
22579
16147
10576
19729
20759
27453
7832
460
16952
59855
42242
32777
57657
24148
37266
33687
8273
5697
33408
49314
64933
8674
32798
19571
60760
14032
49266
52155
64547
40971
29666
61012
31345
43639
62896
33825
34981
4962
39683
18775
24041
54892
21537
46221
54530
6211
55127
64746
41474
9385
20764
53011
47435
14094
34135
14422
42009
2368
21689
23999
14837
8788
40170
6520
10392
10945
32006
27166
24361
29871
36421
11625
24404
742
1859
34755
46926
18091
15081
35087
5807
36327
9097
35800
31407
59640
31384
43448
28025
46604
8363
282
49154
7464
36302
30418
906
9381
23762
48995
40689
8294
5681
5749
61842
8225
59092
3269
38753
60234
16465
36369
38205
15309
41207
7829
11823
56213
60042
40705
23936
64076
8732
64599
9333
145
30202
39125
26132
6832
63993
8629
15393
39219
29040
40911
36780
2784
62306
32506
5153
57256
26806
62503
30208
40002
23581
23314
826
56906
31351
24437
50130
27249
36593
27998
9337
1844
12278
25182
12287
30376
44026
10115
33950
14359
44625
34550
35932
32860
13843
516
6299
13889
49200
19662
51936
3939
42597
58512
55137
34697
42856
12828
28762
57280
37634
40436
14909
46314
20529
4972
35404
54042
26164
31449
53734
10107
51435
50713
13810
3160
7936
46965
11609
48891
1165
64037
32680
34183
27929
29954
53126
11124
9571
61676
42795
21928
59864
59224
34404
32090
44470
19460
39688
24313
38637
45357
13545
62099
60286
6559
15692
34073
9578
47586
43550
57282
22183
41241
13423
2382
50201
24318
9892
43190
19137
35017
62438
37179
22450
2560
49689
22324
53598
30214
64272
17022
29911
56690
3284
64789
23132
10429
49931
38758
54366
34919
47992
34242
48353
12169
24220
5706
27476
39993
5795
59405
23662
45141
31402
20043
20002
14512
33373
64778
29679
8479
47956
31404
41045
63860
22643
26860
51627
52107
5820
56151
34162
35125
60909
20058
19203
42003
13879
50414
36851
30289
22331
20274
63903
45491
63485
3080
32518
21165
27188
29826
1823
50401
63350
13602
9355
51189
34862
26196
63893
13668
30765
38497
323
33188
61718
16731
53237
36800
20831
33863
9851
38759
30760
36263
30198
42936
53247
40281
10700
59149
61233
5337
44464
8469
17450
50403
17517
5276
56298
7783
41826
50933
25148
39904
2238
379
63998
56219
10334
469
23455
49450
3633
57679
40648
55389
593
60815
28272
62681
43674
63758
16398
61684
17644
24107
39123
64769
37882
9331
11888
22222
44144
2175
1094
58776
7431
22678
7643
62196
28606
26889
31569
33247
46288
15665
32874
14316
49692
48613
17088
47700
19414
54796
20057
56221
49690
46614
33289
31346
45524
9342
54484
56332
44634
36248
48923
33545
50457
40095
49685
24818
22652
60679
14393
17011
5322
49592
48026
61996
64826
5747
63664
15906
60772
44689
26977
27490
34904
15168
64671
39274
30834
8141
36929
43098
42364
34931
34910
34082
27546
37726
32184
27196
46512
29810
62587
34188
1019
18009
18621
61739
18030
35819
10023
26193
1869
37345
26476
53243
54953
12080
44027
59868
54719
44532
19876
61921
50639
22574
29279
38763
33106
2498
2897
10466
29274
8568
16391
26471
4621
5396
51348
16996
1801
61584
26676
34155
19814
26481
28699
6103
57369
4716
18215
20212
25300
54604
51159
13537
2161
1313
31852
22311
46794
35586
59809
15402
46108
49615
35672
32541
215
40500
33501
60776
53355
24119
31482
60722
46382
43995
6258
14166
5786
32650
39034
29875
8665
56108
44319
3052
206
4425
53065
63707
16017
47564
11042
58112
29143
27917
43315
31716
54004
29235
6508
41524
19403
10174
60739
45823
30060
38510
25794
30127
34112
11053
24381
63683
48473
46676
54355
14971
1605
46647
51950
40136
38089
28250
3675
60343
29359
7961
24033
34930
19796
1662
30904
1116
36440
28242
45989
37348
4886
35331
8802
38362
7526
46138
11102
46615
23827
64051
20299
6926
28688
22333
33034
35416
49341
27760
44083
11049
30801
39136
36613
14168
45685
37085
43201
2139
40374
34752
2939
23747
51262
31047
13252
57787
16879
21717
22175
7462
50692
59596
35510
45169
54130
4872
1206
18905
61855
28304
35477
38470
48972
42267
63468
28221
56044
10464
37909
43756
17716
7919
4597
3622
55377
23272
41270
33176
30235
9130
59585
6372
14807
9115
31447
39918
64216
26013
28698
59389
4891
46494
1559
10315
39807
19334
42394
59436
47521
49610
13835
15407
32749
33389
64982
37500
23967
65018
32816
37907
47188
55378
64780
2920
58150
5818
1187
18521
42163
30447
47159
19999
55379
27124
5335
7963
55153
32228
1544
47217
59891
8667
46538
867
43316
55795
7908
25331
20905
23088
40444
52691
46167
10511
15086
48510
21698
42354
9867
20166
6339
25683
53093
2686
34330
26984
1272
50454
51411
47181
64568
40439
34306
34392
50789
62978
25498
4205
4580
21154
14170
14874
32192
7983
11550
44008
26681
44773
58119
40076
62460
27455
11458
48685
43236
17433
11537
29060
33001
28455
31758
62877
5533
49194
23852
56862
4985
5654
62827
16907
5656
33113
21419
53589
25570
10071
6516
31258
31249
5868
15550
24223
62605
24342
15440
20479
22760
5052
32341
50974
58463
46721
9961
24206
28904
32277
6351
30240
5015
63635
16935
4005
57276
64234
14562
4788
40771
32016
32907
50273
15058
42748
32029
61251
30553
38009
35068
6587
1063
57524
41661
2134
49659
16927
13448
43677
8731
34875
11287
9440
32453
64266
62059
54222
7790
5997
24141
19400
32730
50060
29608
52924
10006
59093
16325
63204
3981
52125
40151
25183
57543
52392
44230
53342
44147
977
56261
10986
9757
13784
27905
62483
13169
9746
4821
30330
60902
55646
30665
56233
16932
41619
28835
50685
48448
62093
61860
8488
14659
10778
10672
6067
10470
7868
4549
48758
53183
22564
32808
59742
10730
947
37522
12454
34813
60400
3183
62339
140
18369
30666
28040
19484
36885
42173
6913
65129
32021
46621
8722
30748
15114
55545
56053
11534
3715
12723
10186
65428
16163
41896
10726
14596
60771
14351
15673
60765
59790
59970
37217
49405
2824
31784
52850
12408
737
20678
10010
37673
61011
35736
15964
27805
48324
21506
44388
57488
9165
42794
4675
11541
19943
53312
1906
37242
31337
17948
11539
54852
55070
30027
54300
36073
31821
36677
64026
34480
11792
11806
40487
36768
54228
37519
12382
44576
27401
14280
8903
43043
35180
301
17641
16138
57692
16023
48669
39799
25451
9184
36096
32448
32547
51877
19490
23879
25010
47021
12686
64239
22253
11544
59908
26431
17344
36225
33281
13170
27193
53394
55702
33032
42114
11540
31851
48203
33462
57255
28072
59244
29675
37728
38496
32555
18228
42870
41366
4609
27100
63111
34635
60624
63271
26766
30301
16462
29670
21237
26192
38695
3179
42107
1551
43686
4201
55897
38024
57707
9031
36022
50137
30343
6687
55051
28812
24045
5006
42103
56741
8010
48344
1203
39718
232
6144
16705
43383
53459
63816
19523
48634
56777
64070
55729
31591
34186
45278
54295
19993
9592
11303
42898
40513
36375
11488
9923
904
5290
63510
27461
41760
26771
59309
38017
44022
61324
24542
50708
48458
33335
36031
17162
61452
26945
5332
50338
19100
57874
43494
17651
32968
7762
26269
34856
18729
9678
13694
42455
24434
2516
47140
48724
23704
45252
43306
30145
29560
7438
6967
8109
19573
13507
63783
40466
59039
14626
10443
3540
48976
16427
44232
6781
53272
20663
10237
40219
58733
32071
25278
37877
13916
10333
53860
62623
27832
20298
42778
9502
15847
8738
48576
42871
27507
18659
49658
49962
11206
58262
15853
29588
7161
26740
18658
43646
57207
33026
33073
10283
17653
43528
40849
8673
9441
914
55898
43923
43211
13844
5724
49701
55438
33886
13965
3876
17694
54977
26226
56020
5234
41687
33832
44701
60457
40212
25993
17865
28278
52016
12776
51644
59727
17483
56858
38175
16973
25064
13526
6914
22864
46474
38955
62594
14143
62616
15084
6168
15172
10668
45238
48177
43090
18117
27145
4413
26153
59144
33815
27543
53896
60
58470
1933
12916
9597
62104
8156
34652
51740
5073
29299
41362
53066
64436
52836
36465
41133
6401
18837
17182
60517
10140
28015
43106
50020
32445
18606
2133
23584
15124
61441
4876
50766
56816
24611
52309
13239
9227
40939
32609
52906
49356
12199
10685
3012
40999
41300
43819
50055
57077
55164
41
46860
5893
24694
52994
11260
395
5038
14661
59260
29020
53447
28354
53063
3897
19088
38104
13212
11007
63745
28845
13878
33056
12206
3923
6964
52884
5086
63840
52062
1581
42160
22640
797
63924
58283
14337
45031
56214
65191
5220
26747
49478
62651
58293
28076
7247
54973
18911
14138
35715
7234
54951
54763
31050
6414
36846
31041
56964
22149
57868
45639
7520
2145
46841
25533
8646
58771
54893
60681
33546
8718
58226
15668
13703
39021
33668
4288
38050
4361
4739
4741
51013
58831
43976
32300
23156
18599
11318
35499
31692
31691
22969
44996
22815
56247
23934
36265
8518
34578
43204
42666
63109
65198
5219
7555
4364
33675
3509
46935
5077
51791
12875
7078
61973
22902
47232
47162
41354
63246
40473
46229
11692
9976
36227
62859
33443
25483
26569
25033
5028
21669
6788
31751
51889
5031
20613
13402
49480
12934
37564
26221
38389
46317
28349
46188
9259
12133
25698
48058
13644
17422
61090
36529
51804
50576
3507
38493
34678
51296
64374
16350
29045
4944
1025
48857
3550
63239
57593
29018
18039
17146
50310
48270
39179
61835
57166
21385
36524
1373
45569
27849
59430
6407
62372
39723
32852
49032
49049
27478
35307
15398
37499
18517
49556
20443
53857
48450
11588
8711
58225
46483
60711
42384
4089
47678
42573
13435
16006
1475
17133
34580
27480
983
1525
17415
61089
63558
60716
17643
34329
51615
56453
56670
29938
64796
32337
53661
40533
22168
64287
11133
60130
49662
32794
56926
5901
29328
36217
32459
1912
37232
60955
57260
42128
36007
10081
64713
12596
12762
20011
50272
14560
25868
34830
10075
64191
31313
34565
28505
55902
4238
22422
17367
3125
27112
28980
30741
33337
10019
27450
26295
26645
42143
29578
35979
51199
23960
8695
8570
1128
35816
27746
56919
42301
27778
30952
30643
15316
11875
37869
44824
20865
53619
15458
6053
52285
51567
18623
50825
19133
49453
17512
31750
8955
38971
11414
9946
2909
29107
8612
20065
53429
45909
63594
7518
34657
29543
50116
42892
46052
61904
29088
15812
17263
47231
6173
8560
22689
53828
64224
58856
30164
56025
55516
13520
2751
39182
14841
35557
36332
245
42260
6574
53412
42875
9075
44005
20342
9360
55449
44582
63264
64661
61529
21868
61245
52197
38145
9063
7083
1929
6612
18315
18326
51630
37675
40101
55731
52724
602
38603
17015
40335
18310
27217
34959
60838
55895
42201
15210
19809
39848
52574
52389
57355
29577
11122
10973
45206
34310
30499
47938
29344
18447
32338
21079
17362
52523
42889
4461
40928
41328
51582
43483
40898
23739
60349
21082
63712
17429
38032
29376
17068
38436
1915
15771
21205
39562
9159
13173
40714
123
34858
25768
10072
23602
43737
19276
29338
20872
5769
52797
15942
54153
22968
42138
18413
11613
11882
35787
14013
63706
29580
33121
35977
52200
56485
10946
15306
43672
18211
31072
30982
24036
3569
11386
30230
24316
60766
25586
44641
60292
55717
3744
9378
42392
49176
35257
30648
42520
47826
11894
43260
35948
3511
37889
42593
36470
24371
37729
4703
10112
35324
14355
51439
14087
37891
11513
38481
37169
24637
29108
43500
12555
19080
48196
1350
10012
8377
29460
6020
23461
59748
4908
23955
52726
28820
11205
19209
59732
5859
24100
27931
4233
39212
8627
53515
48132
35619
64553
58808
30171
18308
37890
13033
33236
41491
62989
97
9041
21366
30305
48920
47242
57859
18201
49925
46922
63997
8550
17246
24646
62091
1766
20383
41817
30480
10117
45117
34424
56869
45552
63023
8247
29570
18755
1114
7971
43584
35077
56331
6563
7973
47793
49456
58574
60226
28793
2681
15201
20226
2833
13029
53274
8643
59063
50641
57905
38584
56321
23859
56491
61198
18753
7512
48720
35201
63851
30207
55446
15766
59297
303
20071
57334
31391
45381
18071
46917
17255
19868
18160
5988
11163
44887
30749
6400
63615
30913
4393
44816
43095
15428
1486
35621
3097
58028
42347
19237
21350
35951
35802
20921
11837
55828
62708
18008
15021
7637
15372
19256
18712
26809
26225
9421
63585
62764
46216
16439
595
58715
9057
37888
6695
32964
24920
56867
20074
35920
19255
65377
48031
27649
47117
50624
19023
45914
59546
26986
2147
42388
13165
38926
15418
35243
909
23614
25416
50630
10416
25918
33812
42584
27956
56342
57066
29916
23345
11984
51702
12681
26319
10667
12034
43488
45070
29575
24352
63103
10000
3189
54125
35676
50094
58209
43301
885
49249
5774
37778
64544
64214
41360
37742
9583
46696
13038
57063
17242
6232
11988
38263
400
359
20580
799
35129
16283
20536
19808
844
51942
6758
4384
11352
37350
15923
60076
61954
46919
64747
47468
51526
47504
27288
18557
2874
41392
48416
12912
34720
57259
11703
39006
27511
63434
11726
53436
57242
19159
42793
55530
26650
50073
17772
26778
15064
8144
19510
63151
63696
36484
53625
7182
1649
61826
44116
29912
41576
8351
63922
60865
17588
54552
14645
41932
54550
28868
56516
39489
49605
40571
26008
28034
14376
28928
47088
50998
22384
28199
17167
60250
24728
5918
15735
34488
26367
14924
15539
10839
49806
27081
50508
28050
44517
8782
32901
34277
16974
34435
64644
6708
46143
11829
26835
42899
31910
36521
11584
45529
29801
9712
32293
22012
18323
49750
39096
52925
4172
27512
44678
11051
61073
54144
25263
17174
20964
49360
39183
16133
3075
61041
36399
41900
62077
177
36003
10822
10298
17076
60862
18429
12513
3946
8520
52526
46584
56155
31828
33163
17128
990
32347
49138
1391
63923
47169
8676
45038
9295
51011
9882
12088
41125
32935
60621
28890
39140
27853
45139
52328
26292
26919
13203
23192
47384
25166
16205
17319
10166
7176
52278
17983
48447
3037
11582
63546
5899
48860
9015
53675
49835
33540
31529
12584
22539
62644
51130
17384
25202
32342
58353
18217
56925
56979
65119
23780
45433
60087
52877
52064
3162
21295
37762
17380
27767
56525
49624
51572
56659
56733
64777
21912
203
22359
11219
47080
8378
64520
54148
29248
54520
62132
487
59166
34731
54518
42048
63419
61825
7851
28940
44162
49800
45126
60506
60415
6671
22419
22654
53413
32801
46981
17090
29033
57547
47756
52102
26738
54639
1939
57998
19660
2742
22931
36340
36734
20682
5567
57503
41433
57202
59834
53179
40744
45646
57844
40115
32105
55401
32355
43993
41597
30494
12589
37677
28885
17044
51580
20100
43225
46189
32099
56279
60996
45276
1255
23432
50295
43024
15296
48256
33488
9447
7397
22523
40408
39785
38007
4104
36396
11374
5777
40239
50018
41653
49330
36256
30226
30306
39945
4932
45287
61443
9186
35119
55454
23287
3609
20133
30819
11236
31587
31209
18238
29653
61231
47778
19952
26494
59050
58643
48523
1625
34125
24384
10191
65475
42664
25862
25173
50707
12827
1524
50548
57522
1401
28241
48553
9812
44968
24042
55315
35338
37291
51573
29186
16046
33670
28255
599
46867
61930
46489
11901
47037
39794
17639
19717
59431
17468
58841
50875
52692
32736
21600
13431
2761
23954
53616
102
677
13154
28499
788
12303
40491
41836
28582
60790
3840
22304
3924
27843
42594
43324
40743
15620
30122
34559
26883
61985
40103
14761
23202
46987
25519
62216
48033
14647
4812
5873
4616
8385
49028
5074
866
60368
59095
43286
45731
57186
29701
30434
8321
13210
22709
21992
16612
10569
29726
48546
48813
30185
24129
29658
32725
20712
62936
27293
48670
46877
28958
53712
65351
64798
50795
12122
47065
60014
38417
18016
17463
34777
64543
23025
30316
40040
12123
26787
13818
21861
28514
44225
30587
63382
17552
26172
38508
5920
20302
35613
64686
61381
98
56937
11364
59285
22479
38413
29417
39119
31262
30421
2722
31977
32361
27609
981
26841
20908
26386
5312
34216
12910
65098
13032
57934
3430
46815
50542
23396
55775
61802
62728
54280
19376
34109
30758
33926
45703
16277
50104
48505
13678
37433
18011
49774
65477
25171
18735
57902
22250
33386
17113
45678
13341
14910
55213
36998
42464
34032
58193
58220
50185
57870
49920
47271
24164
5316
60963
26784
14823
21288
30723
29154
37936
1125
29927
7764
14447
18492
47268
30627
42466
61821
46884
26729
14818
804
14404
36578
49158
9532
54450
19892
58928
31765
56995
13469
63970
18619
8208
39384
57906
36807
40135
61286
65081
32414
40289
25955
6865
25665
45418
41569
54270
62284
53269
14439
6274
59731
38357
52399
60425
64365
2621
39840
26734
62669
28651
13039
31985
37530
16790
21257
4808
4239
44373
62842
13514
33283
35540
847
34704
771
49436
64281
53569
5175
29225
31785
14829
14051
2168
64359
27994
40537
19202
40605
25677
37187
16365
30562
13688
37007
56640
13765
9417
36150
21914
32406
2360
21545
5167
47394
2268
3277
60166
22239
50425
24430
7487
52796
31097
21296
55697
56418
44629
63115
33870
21742
18153
18154
28517
24673
6828
16817
36215
47434
14819
65395
23444
56899
54805
8396
9368
3043
4671
51283
44920
42049
63971
46576
40843
60761
42145
27485
54439
13094
62874
55839
48136
59744
59452
38613
15507
56935
65053
61102
45667
1126
43429
44805
25056
12087
37861
26336
53090
21733
12844
63407
32259
26666
62155
61422
10828
17240
10917
51259
26080
59611
40711
25824
51056
60456
38953
25138
53171
3884
10997
27758
9129
15886
34050
51543
13630
8102
1129
9438
23053
12381
46237
10989
45013
38641
33010
65503
61549
1806
9490
60115
27552
62157
13005
36233
36316
40005
52800
22286
886
15020
7751
39027
50382
39380
11743
5292
17285
29973
64367
60276
27985
26188
65459
47617
8266
54749
4588
10097
54497
2691
10634
21729
6221
34961
18266
19923
46524
2668
14193
15867
53227
46260
40238
54912
26905
19951
30250
6935
4332
52133
12177
55790
29803
19155
36766
45188
17875
33429
43731
42451
4442
8770
34283
26408
26920
59567
15071
61834
55321
36403
64299
15221
33605
61479
24243
51916
51932
16392
18778
19781
33818
34970
58036
25322
1292
53220
12326
13724
21871
45398
40233
5179
18000
27529
14074
12729
19468
43471
23433
14464
12345
39861
31015
9858
779
54297
15846
7669
60275
21973
34044
38957
60195
9871
21148
19369
29100
15484
43788
17711
10927
30444
62532
56460
21862
47267
37521
35437
31967
20475
27256
31185
14776
3703
47569
43635
64626
9030
11181
61952
35
56996
42698
24288
56619
17085
36635
49056
41684
41010
31829
9988
44812
52127
18384
55349
49082
29620
55829
54919
33633
45195
65499
2905
55324
19499
27971
58231
9414
56006
54925
15586
52533
53172
52415
14403
25134
34842
27178
27177
48810
7928
43567
43564
33359
21901
2094
8912
31646
2064
50842
24292
56109
29069
15866
28388
49225
43833
14292
65034
29626
52126
18388
54350
31194
33320
58858
31954
57955
12187
37750
2667
50950
43004
27231
43414
58153
5725
8317
29743
25902
54433
15375
25641
32214
24545
8960
32608
881
38199
51482
6426
62454
59206
2089
52502
30655
15947
21788
63423
5903
11632
9171
43455
43468
54254
17301
31010
25369
57852
65141
7938
54715
45981
21920
22417
64312
21902
21933
7279
14832
43517
64934
64720
30566
55997
35009
8410
32464
36703
25976
44427
34810
21004
40680
54708
19613
42968
62847
64362
61987
57702
27946
62846
30479
13131
8543
63935
7486
35066
64878
16723
46343
21284
24849
34054
57084
33080
38441
4784
56479
5665
30969
55698
55711
10683
43042
56466
32245
15139
5780
10676
8235
5788
4797
36821
31415
43697
35526
62137
5310
60808
5506
42428
55003
28305
25388
58238
57082
55076
36934
44049
17287
64099
19586
4956
6079
24465
17251
42943
2567
28316
20950
21185
24051
33931
59081
16992
27192
38596
37402
58391
37404
65025
49093
25912
49561
10804
19703
62209
17723
38394
9325
1530
36506
26632
7673
21842
45361
8866
5158
24881
28679
111
62385
15609
22530
51773
8163
12745
11959
30206
37602
65466
62446
18067
19871
26524
14672
51812
27718
26822
57331
55112
20086
33984
55882
45455
44958
46345
47490
51238
45756
58076
63227
52485
59014
34517
15960
57416
31061
32025
9726
52865
33392
18351
19068
48841
16137
62097
56629
40148
52363
30747
59976
30093
26691
26426
9261
31460
51039
18832
55080
35041
49730
64650
45103
23364
63157
63110
34386
7604
3881
65431
58428
57506
46335
37516
57682
31654
37122
40446
11511
20356
17501
41143
8280
4435
13205
8751
55292
50913
58783
65262
49217
11765
30636
50826
51584
56229
53947
58264
50651
54707
20088
54281
4490
19018
14722
55750
5416
35050
7285
11301
207
60986
28880
19416
20548
5080
49097
65301
21886
48224
63134
34249
35369
17037
39992
23161
43783
44000
44661
17058
41197
55084
7253
65343
51328
24583
21112
18361
52023
35465
50410
43831
14333
3131
1124
37832
11
55869
23855
9788
41268
51424
25286
12138
14681
21511
21255
18013
8592
2949
535
49327
58576
58587
34977
19827
56983
63842
4419
40141
12620
57880
21195
54200
22104
64370
57580
14703
47847
28118
48543
19059
31634
35794
16929
1683
51972
11892
29547
24860
59271
64440
12544
51616
22131
31405
63975
29940
27296
11047
12958
56749
19784
56807
1276
8810
32408
32317
61291
13360
20628
19091
42471
21999
22471
50853
7909
48856
65303
37320
11902
14901
57141
19596
23471
64007
30404
46501
46648
12829
12060
33776
4589
49358
14588
12048
7748
16734
4860
61241
27309
60338
57358
13776
30536
43367
20484
10723
31711
5069
33315
63509
55176
58746
14879
22212
36876
35860
22794
36051
54072
61918
52525
58767
62109
62333
27629
18995
54032
25078
51860
26861
20911
31576
17188
51713
63981
22030
60997
4669
5919
48699
2041
65012
4750
53678
54258
25132
3551
59107
22101
37084
9626
25420
7181
43462
31871
40710
1226
48686
58704
17538
12718
20887
54243
23027
35691
3842
10617
29783
35710
32115
14627
41076
40573
48008
37323
8106
63331
3620
52284
25631
44952
16718
15485
23523
60436
37693
36577
48876
15343
46226
35500
65064
65398
42167
31203
21306
6029
15680
6784
2193
55191
65075
4512
13188
717
6499
20561
29554
29157
55700
16099
60476
29622
54220
18853
1009
9530
45815
64758
14413
39397
60736
5858
485
9523
26020
56226
53107
41776
24239
50416
16272
41325
29689
4893
26091
47558
23294
63330
27420
50118
1516
60296
25844
60615
21348
55437
17860
10505
64363
53580
53239
35954
24419
33538
38304
17888
41048
43454
52804
59465
49843
4339
36145
49403
4558
31988
31411
3109
36608
48532
7058
10688
932
17489
4230
4725
43039
4421
25777
7720
21884
6301
17394
3007
8663
61536
26590
36881
39635
50671
54278
29879
43999
59525
14269
64786
54863
63821
25891
55972
31364
56626
64799
5413
39651
3680
52018
38371
12765
62173
42884
1195
44706
43400
47780
39459
60376
44719
46539
51896
46285
30043
24149
38189
62685
15581
26159
27415
31039
6288
37312
49183
18231
35447
44704
45087
41660
10477
54305
47852
31030
59523
43913
54731
36146
10950
7039
61567
50523
34383
21700
11058
27535
11234
46629
56159
25531
50525
44238
17273
24805
17066
52318
50100
64699
28702
60331
49998
2471
32425
57588
47035
54135
46785
14311
24855
32468
21399
12419
2673
65229
47704
13322
35258
26599
28153
29212
61624
43751
40817
15568
63223
56568
6741
59037
229
6021
54225
28133
54868
22133
15030
46045
56080
43398
8507
9549
60612
60965
29029
48843
3958
46600
17358
58254
16223
20635
33667
61527
36550
43403
9222
42017
14911
1271
28462
52589
38887
48871
62553
56524
64797
25639
9131
24010
61517
63463
231
28340
7220
61599
48525
26110
27211
49182
36592
4942
18752
3767
49509
11039
45347
15648
32379
19194
9346
38285
33004
45610
52998
7037
6457
26579
27010
44603
21582
8181
35225
42921
40818
14831
35273
4702
24489
37271
19307
40702
45779
52584
5661
44803
49582
33410
54476
41391
45980
21289
23912
46502
50856
2539
3316
20209
39597
23910
52325
27007
51844
32382
55167
13661
32771
62040
39594
26504
41718
33475
49123
32940
4567
16564
38878
37619
53973
58514
22219
4648
5485
8031
10508
4923
29334
14583
21701
53452
35248
58401
57662
36292
56039
46301
59470
23888
64109
15747
27619
5955
59551
39253
34855
19181
39270
16413
60141
48346
62817
25146
21246
29905
27753
6416
46313
45599
19185
6976
33019
28696
44490
20169
6291
58272
49766
8763
5691
5627
50329
6421
10293
18831
29738
30934
49062
33130
23067
3774
57250
36629
17560
27493
13149
51477
6780
21210
21648
31456
47325
55664
53204
18208
48921
18132
59168
15498
12990
37902
2873
49015
31899
63796
44130
40654
4696
39454
39209
12456
49771
43806
2578
42652
21747
27997
13218
16152
31645
38248
21509
51825
34952
30291
61570
64928
25433
18400
33943
15388
24625
10021
39738
23315
53489
61095
56800
1012
6811
27894
4144
9291
58106
45593
50390
8043
49868
7375
23195
36289
6112
40377
21038
60464
8481
35473
22070
44258
51909
54845
63688
36870
46579
954
37153
1644
31458
24201
7556
43861
31463
55706
24624
56290
13116
63039
55527
24373
60901
3864
27367
28428
6114
59422
54288
1673
49520
56032
32614
51963
12559
18499
45837
8966
38958
25663
368
49100
5264
2154
27362
6801
30832
25260
56205
12658
38489
40788
45426
52373
38387
10981
3128
53651
44282
5182
59171
25760
43693
48676
13845
4564
7212
29897
8632
20376
25136
46900
28064
63807
18339
14271
37667
8185
50333
36392
65445
44259
46906
34471
38968
44966
4658
9860
40432
41530
4477
24809
19931
47337
36210
53211
50099
64122
51461
36980
35450
62940
4050
40301
14090
57922
35146
2091
19372
4568
9576
10590
4732
34411
2371
13353
21709
11066
43141
38273
25323
26077
4116
8047
24327
10784
11750
27565
38174
26205
45996
41314
56037
8362
19261
22279
3172
13735
63284
12641
2336
41313
6899
50427
24698
46609
60072
10567
39763
39624
34525
60178
6968
61187
11574
4023
48069
60687
22407
24301
35909
29519
34866
2196
5499
41101
50897
14315
22663
45168
62695
49040
54999
57691
42018
31968
53566
29216
46548
48722
5914
58069
63467
49809
3619
18813
5701
62809
14184
32144
25673
17378
28750
48592
2348
20458
48681
59141
39595
62734
18555
26701
38463
60265
31641
60277
11105
24299
21458
13363
2153
55792
64353
34522
26212
17894
38944
26220
52818
4147
59434
33119
50878
23337
8110
6504
22160
32638
50798
51449
19381
64729
61329
10368
8114
44103
29317
32976
14884
65140
33754
61497
2160
45198
29120
26148
43153
58611
22679
35887
11090
36861
249
7302
53890
2549
9920
63066
43609
13298
35290
29278
12340
23462
9603
63944
25155
56905
7110
24828
29102
10707
50306
30710
64410
21803
42505
2350
23734
41011
3542
32941
25678
33519
45888
6315
10338
7305
31538
51958
8324
22763
63769
45961
46275
54753
16024
56258
58298
38993
57374
39005
64034
8505
62784
11357
23166
50814
7064
35374
12109
60174
35667
23743
48838
17729
47355
24383
12773
22483
5026
4601
41289
27770
27738
27125
12939
39808
31496
46999
12242
45767
39818
46555
8322
23623
20573
1343
43946
18791
4169
5874
28472
15787
58067
3838
3903
44859
42519
33180
18298
12300
13460
42077
44129
38822
10475
61494
20549
28663
26437
10998
24440
47040
55184
49006
59719
24287
10895
60201
41136
19135
35127
4409
3798
12843
34513
46992
23113
58859
43624
65470
18331
50259
60357
61115
25579
12412
6043
56256
53925
26689
6669
21107
62699
5127
49133
46853
23559
29441
17183
10774
44541
51158
39948
10404
675
41991
38320
28464
58167
