34606
55760
60284
18725
31583
27217
21139
3583
56250
35719
52501
18472
12126
28368
38152
35821
41971
20023
44229
7826
27947
10610
46650
9767
56887
22186
158
35750
55854
15142
1865
14799
62006
14399
40954
11831
45441
53101
62772
51643
56306
36918
41540
57433
12202
2648
58475
29143
44625
54568
12143
535
12570
11765
27944
1632
12908
53530
35791
34730
9773
16906
754
22573
4896
15982
38999
16828
57788
8756
22118
5595
8126
24268
52940
30603
1417
41997
53843
5668
35375
59885
29177
11835
19414
42879
63437
22914
47255
52496
3899
59886
53320
30189
24413
50356
63921
10534
18721
55369
33862
11886
47376
18870
63926
64958
55262
50856
59830
10673
59681
54610
6514
20612
40951
53324
2387
27548
51445
65447
2171
14293
15356
26966
12199
8758
58080
15196
8010
35924
15118
27948
15024
63540
3372
32528
48268
48618
4387
32024
5415
54592
47604
60906
10441
11126
61813
12940
37748
51602
6727
29045
8836
16505
57914
57584
2526
64332
58552
26102
47834
38075
44748
55938
46728
46246
24367
4540
33212
23821
52135
19589
50724
3788
16911
27469
17123
32807
47952
60282
23306
39629
5885
45141
14610
60268
3407
53758
64740
50847
53318
24414
50509
53276
1071
2850
58316
9990
58124
32197
57388
13212
46848
46267
46311
15340
27484
21871
51720
57234
63454
18726
59686
63777
63782
4742
6441
10529
18865
10678
47168
56766
11134
59825
15146
64923
29296
33532
63813
13201
55128
34672
56891
3401
30204
146
35585
41900
1061
59645
32986
3356
56730
64584
37669
46138
17694
49443
23852
52199
60549
58180
15644
34406
60080
48294
25496
5820
43447
49638
52311
52517
64098
13741
3898
25629
62718
44644
2094
18417
30640
45387
25047
21391
40869
31149
5976
16258
45271
48695
35014
41126
24153
51046
32774
64225
61982
62947
52598
5600
37878
45568
65079
58366
17362
36344
51608
23232
45997
7735
9063
44694
40744
26185
33711
19463
20827
20875
38664
33607
55732
14139
43550
13832
60116
48303
48552
64079
3000
46760
32490
3650
5122
12749
40064
9734
53003
58200
46720
18913
52828
45722
60783
39880
46399
7581
50357
44442
52758
60821
65083
45224
9501
34045
47580
41231
9976
33339
48891
6824
31422
31791
2151
8672
46953
18102
17247
47374
53946
21807
938
18709
37677
5773
17314
44833
59841
27495
49006
12270
42689
63666
16045
30128
4609
38045
46204
28201
47632
16765
56169
41411
53699
57655
25264
8871
34188
21062
40798
45489
8218
21059
41606
32077
57777
53053
48936
36824
44854
65003
3743
55864
38450
20552
42763
38834
18238
51741
43592
44119
58144
58192
46303
348
17563
10843
20661
59217
62124
30295
25878
45471
59263
53183
44200
55358
51181
16703
64324
3676
5780
48527
24181
54747
59525
51801
32568
47006
48969
28573
38565
41601
55281
39480
34652
65422
49637
8401
45437
33106
49786
4732
39853
8688
47034
40621
10344
37181
29168
47758
23536
46522
22555
9726
63080
12983
18501
24665
28710
63889
31244
33770
20246
11728
24353
11283
54490
40077
47278
4977
21210
2740
27732
53844
6625
2779
56443
48699
63317
37173
45371
49877
62327
65293
36456
34479
47281
43008
23335
37958
37407
50854
57213
20637
44579
62738
34376
29290
28624
4529
32449
9223
57037
23806
56432
25729
9169
39481
42892
12152
32023
45955
53044
26112
5225
30447
43882
50972
51309
33484
15210
6344
30488
38625
52383
11114
63981
39472
25394
26466
3846
52238
23276
11676
40226
35277
41273
38921
19030
49246
20788
47687
63724
21566
26210
2523
50164
30784
29133
17150
40068
35866
20936
29724
45917
7708
545
57800
31516
20488
45814
35049
3345
62559
11013
36378
61232
1284
22319
37376
61953
21217
48232
23443
62177
37418
25470
41888
61486
32734
39069
8431
50971
576
41268
43865
21462
59208
19034
39191
36327
1112
55165
56576
53265
30434
42476
27029
64856
65182
56441
51233
127
44140
15500
944
32285
5443
54505
57916
42381
63827
37735
57868
64082
40494
12292
42832
46585
18480
15452
57396
36589
51448
13128
60476
41115
40840
62473
49790
58262
40482
48313
39440
1819
1443
63968
39378
30481
35370
34569
7173
59632
45075
44233
49778
28597
29154
44268
42457
48178
64951
15478
19548
37911
60296
5171
4803
43036
33844
60381
19506
5802
29167
14149
55304
21049
13041
60529
40421
62695
15235
53090
41665
58846
29659
15165
60449
47799
47695
59983
44240
7346
22946
2894
57643
39197
65321
21164
49663
43374
52229
41264
16319
56478
29361
8634
36371
29557
48835
3307
12730
37393
62758
46923
45064
29672
35125
64490
32440
11774
63387
10789
38249
39020
21949
39953
36883
38940
64550
5173
35134
21805
33855
40033
33474
59717
25129
1770
62616
26653
23240
11307
26413
34785
43525
24472
58245
7677
21992
22024
60722
63030
31165
688
58254
42881
41898
11828
55514
35820
816
60452
48948
6992
38398
29120
28379
15908
59377
7776
24729
52004
45054
19828
1977
29498
57876
41518
37929
59215
32220
50695
8936
55899
40098
15635
25368
4799
55131
31249
36408
43534
39209
33080
9704
27276
55397
34764
27228
17890
29169
22601
45643
11726
11693
51740
47284
29570
37930
16875
64055
49197
4264
36600
14029
57866
48315
17876
43067
39708
25099
30764
31344
37062
35366
35573
54997
41692
34549
29198
19514
39279
30737
8056
41809
28870
52956
1475
16294
23051
8380
11813
41301
19884
47971
5855
16092
53245
55976
27433
59826
64377
21162
60987
16933
34012
52010
22959
5236
45793
32058
41831
19038
2560
63809
22637
19129
55988
5146
4324
17577
32566
49708
51053
24981
45215
61849
63862
19298
50204
40950
43719
63471
48194
12085
59334
5984
35281
12483
38186
14193
19215
65426
65446
23040
24904
42766
6653
44496
27650
20912
64061
27873
39593
18367
46941
31256
17243
30507
25872
28401
22241
32314
19125
22530
21118
54181
12828
52066
40283
16486
10758
41580
18479
36805
24971
64229
23448
32476
32957
43726
27334
9750
17708
28221
38491
6696
7023
39519
10786
65485
56890
43042
39040
9512
18755
50774
30500
6931
974
52611
43727
63353
40301
39210
19299
25111
61327
6033
51057
21956
52307
4691
37473
6822
35818
35503
9494
64554
31817
38018
18342
981
32966
43686
27813
11112
18756
26358
9574
10566
61638
12796
9514
21020
49079
30453
4916
39089
46208
59713
13629
47551
26838
55505
8724
13789
55453
56278
39485
30506
27446
4076
36411
34792
31075
33083
46
32497
34771
23417
25585
42271
58856
39996
38111
47596
47908
51739
4498
19441
28995
52125
64493
42983
5497
49252
14220
29196
34526
6358
864
7235
18410
23273
48348
64391
50135
57333
53343
27483
13963
17318
65280
22236
25252
8975
62885
39566
26332
49726
43248
31453
41325
58713
35892
27080
41346
64678
61194
41069
30916
19183
16623
20866
28881
2315
22752
49255
37084
62438
20347
58039
55677
5682
1428
58536
2746
966
54766
47110
65180
11485
17326
35883
21920
58962
20671
34570
21957
35529
63728
22382
32386
59872
64515
37168
25778
1306
21090
23362
47715
38335
4409
51815
25240
14169
59994
38542
62256
35897
1024
49912
50798
1799
18015
28882
42626
39076
34907
9300
56528
49619
20946
20018
1717
37080
29616
36676
56882
36402
25466
4766
25120
14975
58461
21387
27131
15353
22921
10995
45968
44367
29888
31227
35960
39225
18997
18990
27845
28246
1715
47431
1438
35522
51473
60357
47028
25640
36072
37182
48035
33123
8178
5893
63283
59054
16718
210
16900
20429
43683
64428
57590
50659
61522
57908
57938
33758
7174
47367
52153
27109
47706
11143
42085
53254
18339
5006
15169
7161
38975
15412
51128
33616
54457
2407
41113
27834
23341
47876
57621
13241
51080
46240
1159
14456
36933
17734
56768
64533
2082
34608
6448
3093
17649
48706
9220
34497
38735
58252
28596
16003
64520
18405
58236
45730
36982
9586
95
8252
33301
6404
61508
23770
63336
48274
41575
11198
12309
58134
33321
47142
20756
33316
3228
37674
27402
21159
2508
40678
64230
20610
9529
2058
36067
30872
26322
50945
20275
51822
41352
14756
63206
28449
30851
27957
53611
44555
31684
4961
51439
2447
32267
3595
31123
44007
31580
38671
55691
36810
31856
31787
19841
44791
5036
10119
3864
49523
6863
34958
35759
56320
15952
47619
46253
53958
15256
26129
22697
63207
25492
23957
38658
40882
29785
60828
3072
44548
35895
34031
33841
60756
37819
5927
63500
46764
38452
39907
46924
14437
46492
62555
50517
9778
8962
11764
35870
14416
5239
38620
50067
63775
32776
1289
41319
4797
63087
61084
49131
55846
15208
25251
428
15460
14543
9749
25723
34189
60754
40264
19956
36289
22495
60790
23649
51487
4882
30679
51971
19005
50264
9369
64999
55483
65255
29696
59481
29679
46738
52068
26938
9788
54018
46750
51782
34262
36754
62148
11089
37234
6061
45966
59870
53451
41203
52288
57915
15535
23256
57108
43838
21355
27672
61985
14185
9034
38460
37588
8749
30789
6497
40194
42302
412
57731
13243
1708
50223
7367
37092
26162
45953
51326
48059
44382
65046
45153
24658
23883
62916
33611
15315
55357
39056
17624
12471
37317
45484
8816
27893
20700
37634
65011
62610
19096
58250
20182
515
6868
8109
21055
53999
52178
46802
44003
51420
33798
52902
31109
4825
37815
2180
36049
36906
60203
7315
22063
2181
26172
12518
59764
48567
50475
42097
46702
20562
48573
33695
16538
47742
2029
44139
11560
19320
39379
36645
53185
12703
59250
11051
27408
15819
30151
41279
5478
37730
21322
16463
64152
31792
63780
20702
35832
6502
26817
17625
40086
50035
58571
23189
42674
9094
3523
13925
26941
64820
15257
5143
15248
2246
56976
26770
62299
26226
8191
6748
7255
65371
14940
643
48356
23538
50910
4539
51070
27234
13480
24298
35497
41053
49777
21045
57185
31055
11566
63129
24762
51237
43756
44352
49691
56241
32558
43804
16429
32738
12323
61840
43553
59943
59228
63653
22507
22283
63757
59996
30448
12809
65077
39509
25321
63838
52390
8161
35389
4774
17560
35315
39269
60837
18402
58792
24976
63661
27159
41311
57550
5980
42691
29334
61937
59653
6875
27076
8914
23255
154
51924
5999
50490
37341
1281
6202
46369
62407
61552
626
29903
7498
38684
7484
61299
23415
53644
12985
51521
54549
61960
44499
46453
59288
38836
48145
18532
52597
62354
50581
59142
33335
54184
54552
19357
65221
27846
8365
7739
59287
65438
4641
44074
26159
65395
12044
38344
57223
41150
56814
30574
1399
7891
37321
42260
34759
13059
37240
5658
43982
40824
37016
62508
41977
57696
41223
40633
11122
26948
45727
26513
50924
25441
61811
21950
15614
40661
11745
40708
51726
45377
43889
28277
37109
29208
8904
51800
51335
35549
7953
14197
59550
30773
50439
13949
49382
41237
60803
12495
37309
44043
58383
60011
47027
33876
61788
39322
15906
32829
52905
5481
41512
58670
20059
52669
63941
56065
15295
43963
23955
29828
61836
10022
3326
45163
52699
26947
31293
59281
11385
12785
29203
39038
49085
41304
6618
6766
41296
54225
51185
40040
32546
65202
40185
6726
1629
22101
58385
43758
1118
31633
15419
64099
9599
15579
50058
58979
7091
26730
38843
12664
65085
10731
64611
60181
38602
36976
6994
22009
39528
60016
25051
27764
29357
34800
63457
55692
47803
22361
19366
30150
11346
32355
32943
6744
4830
30025
26317
31043
49535
40709
32356
17192
42002
48568
12802
55006
35757
45026
28087
30662
61761
44467
18290
15817
8507
32503
50030
34719
39685
4059
2589
8093
24463
59352
49964
34397
47854
53491
47033
56669
14013
49840
54939
41976
48444
9901
50297
22140
11561
28833
18702
47216
57892
58014
60247
36134
37073
26268
38037
35804
7150
3670
3841
41063
7715
13380
63547
18533
48675
59116
22717
49707
64463
22895
60954
20097
54936
29762
41108
56860
3328
31404
39977
64095
27316
11552
23611
59087
44746
63577
1860
50064
61708
52922
17632
32483
51419
41228
7467
43912
53614
46425
27104
54351
42606
13820
34098
31950
707
17745
15080
37074
46242
50465
37520
10216
17616
47488
55498
64323
24650
63815
56021
18807
26754
57418
8833
25929
63865
47589
57482
60947
12033
10617
53555
37916
14142
20262
33601
35267
48925
49032
62995
40398
44982
50851
5454
14885
3187
16310
38203
8328
54940
14573
48680
53242
48662
7720
39164
62360
36832
40973
14060
9891
55922
5554
60413
10596
19319
44730
48515
47068
22943
62580
21683
11629
52938
41605
51193
13007
33036
7460
7983
39546
60506
65189
52089
9657
53501
15418
35834
26463
32382
929
55542
50364
2929
4053
61997
10761
58876
2909
25554
41704
58930
882
52631
5576
133
8737
47501
41082
58261
35556
25040
52001
9984
45871
13500
6384
13420
23006
56422
58522
30389
9418
39102
1497
13087
1047
65171
6638
44838
39646
48243
51043
37905
20406
14014
29540
4689
59941
61366
55544
27587
47357
46504
47595
20600
31998
36861
24779
25139
18123
50171
22130
62125
47282
41721
64914
56691
35592
53005
17790
3673
39420
57998
64726
45729
16971
14141
37619
53172
828
40585
12646
3036
12156
15237
35021
55510
53219
26480
8208
55589
27606
1338
19337
28008
14147
28987
27057
10016
8519
34551
50636
14159
39780
62576
36557
26156
60964
40548
43843
34880
20376
45
11967
63650
32717
63025
16184
22309
33870
47351
56731
30231
55387
13874
37414
62263
34530
49293
8742
57870
22188
50815
58641
48304
37865
51893
24718
19994
30054
15046
4884
33588
11804
2078
60070
7951
36578
40891
44306
17960
23639
21258
17770
11713
14535
41442
46011
10448
12991
28346
61682
42342
30942
59824
18470
25200
62584
36389
38333
34909
10611
13884
32288
52678
52424
5346
60167
54322
58684
51878
64472
49800
63045
60737
48863
7333
34735
11380
18304
21946
42288
19110
13749
5139
11986
40328
20963
25209
58472
65261
58314
62697
1216
37132
32297
56034
29915
18512
16652
57583
13210
26155
43938
33861
23050
49982
869
5880
37687
39951
54345
64578
1563
9900
56444
37706
23822
5804
65025
59973
44440
37991
28971
36143
38421
21482
65312
54735
26161
59605
58346
2036
28362
14315
2257
17883
862
42033
7845
16946
30637
3320
17879
47627
37810
44090
5614
38442
3710
39717
54125
62579
20751
3603
55828
57878
52662
52319
56644
2402
21014
13628
40587
52839
62786
29917
42243
10799
29165
6855
62217
20163
20515
60084
44808
65368
52920
35808
14964
11429
37269
13258
17447
58467
20655
28940
55507
33731
55143
25583
48660
32894
1332
58266
48213
19268
10381
34772
60883
697
30439
19738
51300
48434
35289
51948
50358
36322
28674
33368
63287
6459
45632
27275
1873
54504
44083
26114
28442
19710
28984
13423
35586
32477
49294
55900
9439
50710
44747
31664
60266
62323
41097
33070
15480
63621
5809
52552
33056
26541
50979
56282
1764
23402
57293
32445
59372
39786
41520
34477
38290
26266
63742
46088
42360
8828
43304
32704
26954
49356
62098
26908
10491
41528
15843
26682
27227
49232
29136
42176
23742
29144
40401
41412
10343
38232
55132
56149
41500
37863
36889
7325
64452
41242
33595
51995
5147
17493
10724
32274
56981
16986
31775
42250
57749
21129
44435
60386
40652
61884
10301
13312
22806
26034
45500
34270
50619
39005
28364
11232
2287
51688
26678
24435
60302
50185
26211
39926
25261
56273
53709
8697
10049
47438
29147
58572
9420
58211
43648
40477
42461
37655
27241
3352
33065
58611
33851
13100
34644
21356
4782
45362
29249
65013
7251
46736
6054
42333
1460
35377
25255
29431
63064
20786
48424
35635
42865
45829
25223
2794
33709
64358
26260
60730
37442
8416
24925
36311
57353
11525
61081
50607
23932
6640
35900
46222
42452
62445
58090
13781
48364
28884
59214
34805
50756
373
34022
6951
16954
32460
8636
44323
43065
62471
40391
34338
14537
33992
39200
50136
26166
53692
1499
16076
19519
27364
53097
8559
37747
60013
38334
60346
48994
24789
57814
52673
56926
38978
41527
41531
56284
62215
51121
29152
40032
51759
64480
41416
65363
7185
18691
54437
4552
37278
27031
55238
37422
55352
55554
8319
13155
41570
13244
21276
31614
50869
63162
55279
58604
21901
53990
41911
58524
49387
20027
30441
38880
42522
6427
23897
32018
59624
50369
63255
64279
8958
51947
40935
756
54932
28028
29613
39913
10319
49237
36329
36313
17477
30502
60695
34543
11690
25086
262
41550
644
19570
25227
1023
50702
49609
34988
315
1446
59273
61767
29829
30383
47421
56845
60625
27590
33001
16133
51426
48556
38283
12032
59560
27053
22260
44009
26236
58820
29194
37615
57238
32006
36979
36947
54420
7659
9259
60605
17416
46308
41962
59036
32106
61843
54535
9563
27664
20377
8024
30203
36994
49452
19351
10704
23502
41355
32766
3847
3571
63300
5412
57218
45106
58408
8119
11762
57558
4440
48323
8736
61868
17343
35022
39730
45468
37693
44302
64656
60491
63501
36609
51321
63867
6236
48050
7915
6232
59771
3462
58796
30831
8763
8274
54834
59025
20976
21428
4730
16676
36086
58028
57137
33264
11475
60233
44108
48200
11085
15501
19454
13744
61579
61500
25296
18872
43239
26212
11751
38993
10680
32070
59060
5486
25770
48915
40376
4334
46268
15967
25643
21632
21851
21254
1051
13980
39727
30785
54120
25863
55045
17963
62410
61964
22330
18002
42734
22082
1565
58403
55388
49223
13954
42332
37292
51183
54418
13224
35258
62269
29943
10431
11867
49113
60498
56371
55573
15060
29965
18893
23970
31738
1704
3057
19113
3453
1426
64046
63860
41012
25346
229
46922
13740
50149
6021
58760
22066
13969
5500
32951
49022
17342
4589
21966
33981
21756
56365
55821
15885
53948
13259
52373
9180
20386
49968
5767
9051
54884
8180
18867
37171
29478
35019
10675
14004
26101
35716
21777
24168
7021
38183
11246
45490
59565
54101
1429
46189
48546
50898
48545
54424
4836
51642
32818
13497
16674
36834
32260
42985
28631
15860
36733
42820
39814
43436
33763
24201
14213
35448
65404
50541
39905
12248
53558
22688
16609
63828
5256
54253
367
5978
28885
29536
63035
45698
4697
59370
28634
62548
7447
12725
54537
34246
14247
51029
6739
22044
31768
15162
19542
43249
25442
6661
795
32728
39441
34499
36847
33775
21149
3812
47844
41101
27787
61753
15622
37521
50142
45364
52251
29650
38423
6821
33041
6428
47094
62811
38755
48796
40847
23908
46685
60675
33569
46364
32999
32801
3226
10958
44334
3826
23960
36804
40183
13855
47804
12690
20454
43749
20237
734
20399
62080
46559
59040
20463
40843
41314
8182
49129
37086
34128
61748
63028
23250
41864
13035
17935
37771
42594
52730
19422
62223
53857
44821
29535
55140
20820
31802
4337
33449
4999
59355
42293
53277
35109
58166
51236
62210
28311
26778
40274
7245
11860
16368
43939
30711
2870
14292
20052
60173
36654
6829
23880
64094
55637
25417
38673
59552
44113
1462
38517
34083
58613
31192
13982
63829
63744
20423
16491
53880
16985
4600
25992
49721
28751
42852
63036
10729
4159
55971
13920
63074
39199
17889
26845
27208
42040
54581
25944
14264
32937
27902
63034
24290
55318
26488
41667
64879
65311
16649
24758
55348
60200
7371
39277
11168
22743
22053
19537
39518
54435
6758
12324
35123
19968
15382
2323
46337
11111
34254
38384
46779
55525
12714
20449
65072
7768
29220
47558
64653
46524
63212
58413
19173
17583
24975
8372
6591
45030
46367
22224
9571
28853
62093
20723
39864
63311
64682
22767
2551
20699
34294
8166
22226
45913
55018
34544
37342
21899
37614
35414
40846
39640
2042
29905
33762
29900
34281
10986
7732
27739
30726
55014
29336
37602
3803
50526
37762
65001
53256
56252
14969
11554
8177
40215
35725
40471
1721
5550
29666
17491
41196
1712
56159
60380
50762
63209
16618
15617
7364
3071
20525
25387
32095
46341
40647
25464
59034
29458
31963
43548
8345
4548
45220
22775
11498
39686
14988
50574
35583
52980
40396
27746
33590
32578
27752
23169
7334
65298
19543
64826
61266
49960
48287
62952
40303
55022
6032
61584
57754
56056
17691
19051
63179
30861
16586
22245
57545
16209
48810
17582
23090
57140
21252
63224
44668
35543
54798
28453
2584
43506
3478
39611
35568
34528
12763
53594
7321
45978
42712
23682
43235
48358
24344
23144
30967
9292
34502
62136
58779
27369
4672
38458
8038
32994
30125
8278
64866
13252
39192
58490
6816
40575
64241
63434
40655
37435
6721
18485
44024
54178
27153
9813
43989
55780
50992
46412
60475
1153
53506
30180
51753
47210
48554
13655
8209
8176
49082
10283
24028
12344
42226
7087
9979
46655
17982
59151
10807
27726
51003
19137
32654
65432
19766
5434
54576
38180
32931
682
33970
3708
23305
14530
4595
37326
52441
47021
38648
33011
37647
4146
37922
1798
5235
15996
43782
57366
41059
1374
9111
21602
60348
43480
3438
56556
13915
48543
56170
1918
5370
35833
48533
31013
53249
49217
36811
39224
9506
6598
12288
49744
11196
20224
15796
62479
54238
18977
10983
11230
60473
36048
64193
46630
9290
20538
39619
44068
16302
53094
58508
21334
32783
55577
58308
41746
16655
38619
58367
58783
12478
58773
62292
17391
12466
13134
13122
65364
44818
37339
59045
3452
17313
4809
12260
64492
19280
38459
8348
40067
25856
41870
38027
22267
10258
56634
6830
17452
32085
7330
28705
53211
7502
40452
1400
51777
54097
62955
11954
8360
6904
13090
2911
44560
8740
20951
3721
35560
19997
48126
41716
31948
39645
16964
49650
36407
46954
26206
40537
1691
16022
38589
157
2041
35335
60983
4254
52774
41431
64889
59544
48878
9284
19277
35853
49615
39100
57946
15450
1165
7887
3252
13020
39572
11011
60474
35941
54774
64518
58416
26689
508
1380
27987
20026
32565
60482
33284
51087
64260
64742
40668
9488
53756
29831
34229
4438
5246
33885
37048
13821
65511
34932
21734
34284
43688
41435
58513
27130
2111
4776
25495
63348
63491
48443
31269
18477
58143
37825
26385
32864
22139
42275
5299
46553
21182
48555
26235
53861
62390
1748
18576
61536
53388
50821
53292
50360
9844
27628
37845
57372
25198
1652
54522
38255
493
46014
38116
24257
47896
61320
21912
58507
39405
35553
46825
12599
36321
52325
36788
61873
31320
9283
56093
21904
41612
38329
18947
58387
24282
17130
9973
57127
55954
3642
18247
21015
63055
9203
36047
56288
53007
35459
15028
21952
11834
54531
13336
60020
38185
3804
43769
27183
11218
47871
5612
27169
52334
14564
53799
27832
30689
65517
10925
9233
16037
21779
7765
44345
15260
1832
27644
53322
32078
59540
1816
57420
64691
64454
12362
5744
57484
28778
35823
12426
45855
47283
49990
14043
34447
56635
32787
54665
61969
36970
11579
17375
16088
35285
44861
60843
52295
56245
20955
20795
54765
52471
2511
48955
37266
43630
47419
35176
50372
17095
24332
5276
40754
53681
64658
40397
57899
46628
7671
35618
44737
13397
49189
253
45753
9204
41200
45342
61422
39702
7453
14108
55892
46448
62463
43830
33392
55130
49354
18847
30608
30576
26060
4983
3355
1871
16179
56748
41655
12295
49074
12910
62114
37279
257
36707
18033
31436
41277
60732
57164
26405
38548
34808
36684
988
20234
45870
17102
16362
12933
51006
8977
23849
52550
21155
442
9654
33722
11802
28772
58034
21089
52329
539
35875
65052
17568
39355
47875
20053
9395
39021
62822
21229
46514
33662
64853
3251
8590
8235
39057
21005
34159
39968
39105
19807
38941
57377
39014
50634
6557
26507
14291
34370
39026
33534
27226
49934
44959
61394
40109
26660
63725
53560
999
59358
6068
6004
59259
55156
47491
46127
18299
55227
6075
6213
36286
19326
59316
27033
1001
26659
54599
51108
24078
26532
767
45858
42868
26430
52268
18184
32206
43950
54623
37596
56361
11171
29260
25957
20196
26669
41770
49698
18181
34164
48996
29320
60521
8982
3140
53252
23840
16403
55183
44150
881
56449
23109
10607
19526
7031
28098
54571
48493
53201
56317
15181
9760
43943
19633
19569
47199
27782
62331
12130
41713
12993
54975
51785
3341
6454
25112
28719
8230
60864
52770
35555
63097
23588
9888
37490
63280
149
56661
31273
31434
61407
2861
46395
45076
20968
21692
64513
58602
45748
57570
22715
39579
9226
33390
62502
35782
64448
21532
17319
31755
63527
45679
46293
63532
34996
64847
10004
10257
63671
13117
11029
10337
10269
64226
57040
21680
27088
56738
22300
23272
45181
34918
4754
31946
50750
4473
59595
27138
37275
59368
15239
15509
31569
45419
32586
8639
4459
390
7357
15883
54899
6869
34268
9769
5702
61803
20631
4026
65396
14985
18564
29661
20251
56186
49622
46726
19741
38943
15649
56172
47212
34218
31579
10944
40978
54985
46762
20605
2309
4105
5689
22091
26301
28155
27075
49623
37335
59910
51627
61270
43595
65445
17155
12759
39318
65450
58793
37000
471
34531
2213
27357
20845
31720
4279
27124
63698
47675
49562
58157
45373
3849
58161
35197
35879
46664
23385
55915
17986
8440
48278
25520
12342
21679
61098
58147
64361
64319
53513
23401
40572
28950
12875
51501
61550
36317
52935
14501
1266
56404
51254
23179
11316
61945
38906
51367
475
31488
60470
2670
14984
38055
56676
23158
20403
12361
41058
755
23831
60859
30314
34374
33521
6381
49248
48564
11620
24966
12970
8449
20116
49834
39046
3757
55034
41546
45228
25149
61821
39764
26037
54642
57439
21838
1539
44463
24021
54171
27932
48538
33827
54033
1807
20539
60826
23836
34571
31659
43970
53789
56536
10990
47417
8539
49401
29615
25801
22191
35534
17518
60123
10972
1648
62203
60333
1656
13091
61358
21631
52928
48608
32844
59524
65194
52640
43994
12930
19695
36304
52860
1201
57101
21989
34277
16596
40820
60378
47287
30593
14472
49589
60025
56188
10271
48973
19865
29863
60822
53966
28313
29901
35527
21578
58127
27157
42789
42982
58564
54818
21562
9044
4477
57725
59053
34972
13939
61907
44979
11627
56683
37995
20584
51839
10870
60852
11700
3762
45799
29423
7141
50903
16735
1037
35535
24057
22088
46758
39769
53251
51660
120
26295
6665
49627
43538
59029
11674
8251
25499
30627
17179
52205
55246
15660
34504
44388
39761
38634
55822
11754
56810
40195
57498
32215
26449
18579
23399
34160
53637
57197
34709
11018
14475
52605
14057
32221
62147
22594
33226
6686
15636
42455
61176
24071
50932
24291
29875
37904
29701
54993
2730
25604
44545
46646
17772
17722
38985
22586
14441
24001
51871
18411
13165
21546
21658
19566
50435
30895
37629
61380
22058
5009
28648
31352
47681
51101
3763
721
36280
16051
18150
63004
48744
12313
7574
49808
7585
4194
21338
22546
32399
28583
28682
60215
30042
36873
34576
10248
13114
59800
51305
2156
5987
6712
10098
35027
28616
62481
52430
61119
53143
62492
64248
19231
26001
53416
63346
57752
28212
40057
30781
16410
55719
1006
25007
51402
56266
1290
63369
36360
52171
45229
65058
3038
15121
31808
31826
57144
46697
59233
33120
51595
53788
42744
13946
63605
55987
29481
46937
22192
11542
48866
16485
53646
47728
12799
48351
2344
53155
19126
17278
23438
37787
12221
21605
9505
46696
746
40671
47672
58132
48870
49358
64219
2658
37032
1402
51389
52959
5828
14082
59918
28217
20522
37685
38383
61127
2150
24586
63682
8233
12346
63826
5889
52541
11584
33468
61468
38065
1063
59625
24901
13652
61301
22015
22668
5366
52113
39783
34173
48995
1164
33573
39777
53452
29059
11806
6465
26993
34637
16778
16339
6270
3998
37653
19226
56742
1668
19313
24351
7598
11536
26095
27500
38793
12795
53
46092
5844
50442
16995
46318
24106
11808
30034
22338
65473
6255
17425
26103
60383
11698
28497
64387
40897
11618
45368
7539
23713
60621
17436
34472
15466
65501
60531
51859
27005
20565
4937
42339
28864
32790
47741
28126
20329
47622
38811
48338
2483
30592
57297
48453
22918
4262
28790
43797
11261
22481
26271
13783
17224
49568
32795
63966
56500
7529
61095
32017
53926
21395
14384
8409
12926
43279
14181
7695
35080
2371
43609
18757
18311
14722
12965
34325
17605
24559
44771
47603
40379
375
44659
16950
41993
23475
28496
63344
34578
2726
1473
23815
55409
46698
39447
62059
44289
32073
58986
59432
16370
3894
15953
24915
46275
32166
21494
35730
26791
3056
52492
60819
27471
39590
15760
21650
12967
47996
53394
39231
1960
31163
55168
21730
45097
49845
9022
42499
24362
30450
37660
65008
16637
23623
26803
46631
56878
46317
400
39453
7136
56551
20503
11942
14355
25612
59778
17550
12835
56606
45880
52739
50536
13301
47473
49654
41335
28727
63953
38509
12485
18798
17364
52402
57022
7199
16777
37445
2818
33922
31876
58126
50562
7252
17723
3906
57745
48806
57744
23889
20496
31656
44774
18306
59784
25507
52502
40204
8802
38544
65165
47569
22935
31383
49392
46875
23105
61226
12218
51861
14418
48104
42245
52783
59651
35483
27447
1031
28377
20790
34743
48867
403
43537
41555
50998
16311
17592
22593
7831
37446
12197
33702
14406
56851
24403
32798
41836
40150
26031
62374
28599
3195
15904
23207
27360
36983
12797
6098
20855
4006
4828
56496
50043
28587
62469
7009
14725
17663
32165
27035
44777
20134
62359
41100
19407
36929
51255
4251
34638
22423
63784
35985
31060
58255
16461
17535
22122
30288
27091
16877
48230
55888
56608
21271
22429
56709
41745
21110
3371
44884
21485
15985
61783
25371
33077
61671
24245
34703
3190
39837
22524
6932
42468
46477
54296
63104
5861
35247
65531
34682
62417
19715
40514
12403
47944
32684
30856
34704
54053
20414
49838
11664
14667
14135
44230
17950
25994
54660
30378
5756
43089
11424
27667
7376
58163
51840
5414
63494
27006
22679
1487
9495
30051
62742
24368
61405
22764
12080
15950
61471
18165
38169
63497
63110
53672
12778
32772
10775
29039
50683
35245
7177
28677
2049
51266
52478
28541
50138
56168
40326
13021
28266
18707
34818
48516
20899
65278
54454
30596
38574
55293
52469
3310
59519
5493
21616
58541
35237
31102
30818
21664
23596
40526
39704
55717
65269
8855
39975
61173
44629
29375
21437
5807
31903
14935
45806
31491
21438
28083
52658
25782
7123
14307
42907
53903
2532
20764
11158
1305
58927
58569
16055
21795
46356
53366
13674
58762
24694
26999
54527
44131
31248
54521
22061
34778
59351
28952
18393
5993
3360
30380
3059
65127
56987
55724
49872
62123
12043
491
9078
60620
46719
1663
37406
21366
15612
31095
1300
46361
35241
12871
41362
55721
41347
18871
23872
44317
44202
61164
58567
64902
28643
65275
33602
27504
31045
45617
1481
30788
55657
6773
62422
48179
40779
53486
16990
54123
10640
35244
18124
16203
13825
12877
17136
38315
8267
29896
36881
64596
56537
6916
50359
65375
30952
41041
41354
5507
39561
5033
2316
5388
31721
30951
38241
9873
25305
51806
61134
47972
41583
52179
56176
32394
55508
61182
24427
60719
54258
37345
38102
17457
63988
2930
28082
37433
42316
31100
1213
55776
35061
19858
44109
55722
44372
12906
10438
28338
9999
27266
34938
9885
16331
34431
5071
7468
36268
9160
64021
57618
52260
43613
57848
6838
14070
31090
31354
38528
42504
16726
35442
45123
65279
34136
38638
29278
2672
64549
39961
4010
20627
6121
18079
22971
54004
57855
64938
42490
30604
12467
64538
43122
54182
57520
55025
11286
40314
60726
21677
20889
11237
43183
10179
40089
33156
35012
47484
22462
15746
49658
60619
29827
57007
27391
1844
45196
6198
33032
28842
31682
7582
5063
10303
34765
5597
15716
46579
2987
14605
63231
39333
26889
52302
4553
32426
28172
36939
40273
846
12363
16102
18144
16469
63339
13822
39406
20879
4008
20681
19191
54335
49119
33153
3645
37718
30910
63343
17548
22464
2062
30983
30658
512
1221
24013
25286
27400
25793
28099
14086
44556
32271
51460
49867
44341
20575
33916
24656
9329
1974
20143
5102
22079
20127
12867
55341
49191
47655
60603
21251
16256
34769
63189
50354
36266
19140
49725
29973
23643
60121
12575
21662
11615
18076
53406
53711
5437
24191
36940
26339
8091
24563
58575
30661
25359
36527
64823
56177
33875
4382
10875
43999
57254
44012
32268
19626
28105
24048
28440
52537
9478
27565
37195
48182
3886
12318
38745
23447
34194
35910
48229
57464
36778
44981
44285
21945
7716
40948
25758
62673
38562
18875
50787
52510
10923
43202
10239
24986
5618
59403
39883
57851
29610
6388
48103
40388
11951
5133
42037
24527
57542
49483
2398
5839
41089
23018
24076
46528
39500
25143
25183
28696
21085
3637
565
5039
58175
62593
17273
48788
49599
10099
41014
13264
14590
54048
30600
17157
23555
19015
19333
59326
56057
52454
62399
48153
30074
1459
59844
45012
60522
5674
30335
22198
409
40153
56570
61952
49318
28615
48462
12120
22865
5739
35702
15815
4503
10801
29425
13625
63957
62949
49021
29601
9862
14262
422
36706
52315
30855
54893
50514
18140
19074
26081
53685
18491
55622
32279
20528
17782
12713
16330
61386
22013
42358
4418
41454
65297
8993
18797
56419
65502
53940
22663
39230
11673
55853
30705
260
45891
32646
31284
54649
62993
44491
7731
56739
42730
13962
1674
54557
22055
54378
39537
62504
3466
7017
32019
26745
11352
15037
28763
15754
52586
35798
17678
59439
28990
65306
5316
50363
10171
33086
2411
63410
24091
40730
31895
25597
15640
56693
10164
60899
55138
35204
29280
41047
6253
37536
2927
55767
19993
25706
49521
7646
52835
52170
40351
7124
30668
22391
19077
16944
15007
35476
53283
40603
27003
8992
31179
25001
6870
48292
8617
51926
23942
23327
417
55278
38405
36399
4787
50527
63656
19926
54132
42052
19332
14551
10612
22570
57865
14258
63396
35914
20250
27759
45862
10884
3512
59343
8762
65386
4451
40810
44826
49507
34748
35127
41399
40008
16136
9879
27609
40130
39071
20945
12535
48737
51158
60704
46509
19948
41738
23720
24456
55966
12957
26663
58619
37617
64161
27994
33942
29443
33953
3206
25627
43725
31357
46912
5593
54150
40338
53331
16665
43432
14664
36740
26686
52172
41052
56053
14246
22670
62077
60292
51417
26363
24526
63681
51222
18808
56281
32016
32182
15553
52180
3590
22499
47231
52580
54922
10579
3518
38514
47329
51166
39544
25724
12405
28383
30575
29809
36104
59342
61797
28981
42895
37207
48801
25572
11654
35695
30144
58382
45686
4319
22346
54291
15917
49803
43908
1060
55769
10420
20635
15366
1732
29739
29129
22168
52855
36551
2083
16400
8270
57741
19216
13877
1591
38073
28713
29639
12372
60260
56340
62606
19432
24126
50969
3991
30716
44085
21170
29153
15098
21094
43626
22177
38374
10910
44971
7156
8941
22446
55740
3272
44750
37103
53281
13672
3068
26479
28062
56171
4900
29453
36462
24651
52693
45232
24510
27660
1703
35958
15816
60755
19793
2570
35246
15773
6013
38564
38749
64488
28831
27556
65012
28500
2143
53665
41541
58948
33956
63267
19683
22008
39634
10033
43671
6906
33461
27054
12166
26464
31150
12642
44938
64445
55723
25721
28031
33290
35006
23209
5335
48584
1478
7634
11945
43958
33035
48299
51379
63511
21765
12443
30551
20878
3241
46210
42574
28391
15441
19162
63505
42670
61295
49868
37066
41817
19400
32889
6355
41011
209
57289
52371
18211
44471
12943
24318
23807
19964
36587
27444
37816
14130
203
52818
63597
65418
20785
63596
3666
3309
16287
16232
13227
43770
60047
40450
33802
60925
2937
10407
57001
64796
26005
35761
11678
24774
62913
4847
970
60050
16727
23850
25108
18803
35959
15220
29957
52464
43079
40134
25107
20258
57067
43892
62393
18626
5848
36227
18398
42165
28507
3581
23118
10435
22451
13960
39
30046
33657
60379
23907
31949
58482
15524
52973
55726
27658
51488
18596
25900
39218
59395
6920
49402
18877
3069
13872
60609
25833
38247
7350
17635
35119
31279
40234
22142
17464
2564
9895
56244
26894
33557
31609
32507
20603
36980
41270
63766
37089
35683
3299
52867
15991
32714
47380
50295
40490
21849
235
54910
56507
47204
29717
35705
60316
44956
24821
21919
31617
30410
31023
47919
7291
15971
42200
11372
43670
62543
10932
54279
11672
53757
16500
22208
56562
8261
17933
18679
26519
31058
63770
32252
44804
61136
53100
15741
17645
46926
20265
20746
18796
30460
49545
25779
27985
33509
54242
23307
23632
21125
23739
32081
1736
24603
56190
53542
49404
63852
28702
30794
226
42363
21934
15888
62419
27623
5268
22596
26261
17564
12364
5831
51952
48064
55467
32325
1267
17061
14019
9127
63297
17554
63187
37220
54313
31728
36681
42715
3397
38980
49541
59674
27630
59065
19261
26635
23227
48789
24716
1123
30928
29258
34013
35259
13787
8830
28372
3712
47067
10081
22454
58577
52365
44253
10206
20640
41016
49180
39499
51382
33416
41096
1948
44279
42503
10524
3918
33161
11444
44656
15195
9015
31527
57993
27225
64521
12428
20789
33920
49240
4903
22584
23743
37444
51933
49749
37848
14274
30736
28699
59756
16601
41415
56942
26523
53148
43075
40114
30289
47663
16740
52572
10693
14106
52688
35243
46957
10007
25062
12316
57863
28181
20428
5126
29440
32261
56161
37423
23925
17427
30498
15221
25060
17182
34435
28421
21495
56316
62279
42869
39803
36603
1530
61033
18716
22901
22174
28
38475
21771
53019
14882
49281
38571
509
11710
15042
42296
3293
22480
11206
41917
1776
6391
18878
25846
38242
33961
2089
52768
17831
24620
12971
34750
54386
37434
11477
41168
10602
5886
30105
12386
19911
54901
13471
4681
28411
4230
58542
31739
38616
294
43529
47511
18531
5162
26262
43277
9474
29641
62649
35600
31897
22955
56300
27140
25397
61388
17297
23404
22171
9146
57842
17558
28578
59495
28381
20632
13673
35854
50638
41845
11017
51390
58710
58902
40970
32594
60656
49525
52868
26616
30043
24464
5106
27477
1333
7022
27753
47797
44550
17882
37782
38391
12262
43116
2684
25611
14062
15851
18196
32404
50965
63607
39493
5475
3408
21431
50231
15171
2502
20394
753
39452
15183
25246
57422
38996
37970
310
9167
13745
58342
61334
13966
37537
61684
43709
50034
41479
12230
38466
52486
48900
990
37892
23153
7365
41754
51155
61731
23154
36995
5896
8870
58048
41394
17174
61122
32691
5487
27507
29439
26662
32240
8623
36984
30961
10916
38526
2279
13547
9711
20850
13540
64741
43496
30688
23163
43491
17905
30638
18672
29327
57649
57361
56648
48523
27675
10720
8075
54731
36488
32194
48185
27331
42378
65129
13793
18489
17820
11879
59840
4827
27000
18315
29541
52403
34271
42377
18391
46641
5777
23660
33939
39305
48177
9057
47590
60183
22303
55779
64652
9115
5270
41930
60143
43481
63142
57402
42568
42145
57844
38513
28594
3335
53258
23106
3337
7221
29560
41475
12727
33699
42803
9826
49700
26105
25749
24002
25010
2674
53720
15219
45363
49818
29312
5107
15154
34467
9784
42903
7657
1320
56061
16889
17026
17035
811
11939
45971
5095
55382
14317
2250
28222
53334
32346
13934
51697
18084
39550
51425
31068
56560
36978
38117
60644
51292
52057
12734
23023
49222
41921
54714
9293
25476
20391
54154
11097
10316
48917
11045
50496
62789
16129
57490
23751
26134
38763
38411
33562
64002
56593
57152
55585
14670
39435
28454
29977
58645
28697
63247
59413
55230
44429
6841
6073
41840
27317
30107
44133
23336
61392
17006
8018
32664
61183
50137
33203
54010
64723
15076
64821
43316
12677
407
37431
46938
38079
30750
56055
19043
17962
56256
9871
7707
50069
39348
8944
22691
54555
18795
27319
18832
15798
14637
63180
22017
17878
1854
23093
63367
2116
2824
16128
52543
46408
47509
26853
29098
37148
4535
57249
6154
59563
12774
1093
32258
53667
38924
28170
47625
40278
50507
9475
41487
38925
37198
5631
25880
12622
50234
51118
14343
59671
27143
26860
47676
18713
16358
58638
26876
28923
4909
10835
22164
54603
42412
62087
24715
57295
30977
37137
57257
26676
14428
20508
53679
2283
2820
57801
42813
31203
41552
51854
46215
44798
18904
15011
57838
20434
56109
10455
53141
9336
4375
57662
34689
41210
31692
23187
26716
59899
18979
27218
42517
21653
26715
8864
7546
17798
34476
59907
41155
58168
51024
43661
48487
26911
18205
3269
45250
19154
11859
34200
40864
11073
45086
60478
19955
12242
30372
42964
15335
58969
32269
32256
6662
15337
3115
39077
11007
14348
36942
49044
29480
12619
51504
32200
62167
42193
175
63995
54991
37846
42492
34293
46285
28640
32636
18066
15083
28540
42628
7285
53020
43435
55523
3925
56472
58819
49436
36450
31914
35175
46525
22469
23310
24192
2781
22366
32338
30548
51435
14983
5065
30723
39137
38743
44634
51288
52019
18089
39143
51428
39145
283
1965
63352
35455
45573
16721
34863
38629
31877
7828
14065
22711
57843
44227
43451
50696
64882
56980
26994
49002
20972
28485
53659
9498
18409
52594
34067
19175
21785
61798
25477
39952
29160
42094
2962
25757
31872
29294
55880
46998
4530
4063
55727
19155
1837
19254
8591
45533
52203
37812
46611
15809
27231
19159
21285
46624
9592
29130
40455
34474
27004
20324
56009
49428
18256
26651
7621
21245
45128
24980
20842
8554
61229
53189
40449
64676
6761
10965
17718
3200
31450
13022
17521
8262
57834
63714
38534
20904
11049
43536
40020
32637
26445
20824
34993
1641
6014
47964
5513
26447
24178
58593
20064
50921
5326
58600
821
23211
41604
13828
40415
10563
27922
18919
26991
55530
44476
15713
23540
37665
50221
26700
56293
63652
25700
40071
55540
43178
45624
40340
7855
50676
54032
10155
5890
23295
6386
20409
20911
35210
61179
39835
9334
53454
26165
8151
51709
60019
24688
24667
55031
36710
52759
7877
19152
58306
20716
3219
41034
62868
21283
10676
45051
5911
57263
7380
15758
43716
34698
26248
59622
64541
2735
12493
36443
11817
50290
42962
56930
3216
25526
36160
13695
42493
9502
33189
20243
45677
46724
43579
2359
30324
60477
5319
54969
38345
45965
4670
17028
1625
8764
32370
28623
15715
46999
50486
53147
56182
17183
22392
50235
48683
39962
19160
61629
19210
34691
65518
29277
64537
55875
59333
29009
49016
54879
57149
62035
9075
59225
56864
39139
52233
59749
7734
33162
16465
55725
55488
45111
9042
23019
60395
23830
28202
27058
31114
35091
13909
11010
13662
13829
17024
41577
22975
53830
47048
28274
10072
21690
35828
39243
41614
37942
24365
2012
26471
59892
35242
58109
16145
59397
14345
49781
54675
9568
18682
26632
38754
1906
9510
44322
29378
63236
7387
15938
27892
9085
38330
7210
29877
12711
55904
55136
23365
33726
31080
15684
18815
23848
13226
25268
43965
55905
8407
41165
46464
34009
30607
29323
8629
15
6155
4122
57638
61089
2383
44891
9453
30787
41446
23325
29166
14552
27423
42060
11604
50662
39104
17222
65498
22580
39807
55159
63633
25621
49204
26395
17032
30374
27097
21745
46183
9414
22819
4705
15271
51296
58915
59522
22547
9588
56265
15529
31057
59341
20964
30531
1272
21663
37436
51544
36097
41882
12359
25841
25861
15706
3418
52490
5408
36744
49165
57764
57699
50303
32828
45860
1265
64470
39964
47924
19305
23575
21712
8012
62594
59330
30358
37923
19972
33623
16383
35674
59890
15055
63627
62191
38947
64738
16651
34961
29566
12374
42657
38607
14957
6762
58471
36977
25941
9435
61727
28638
30126
61012
46905
42388
30041
15505
36719
45473
52363
23894
26208
15203
19930
43663
52018
28366
23517
57153
36583
19339
7451
13062
972
41703
17512
24996
11148
62571
21084
25057
20900
36120
42398
52479
32450
29636
7571
10151
13220
28026
59295
5784
28580
62659
56257
22165
36273
45732
30357
53671
8615
36254
2147
28042
1733
10584
37961
17162
6709
16015
54444
57470
31907
40039
61806
62305
60461
29553
984
40256
24801
28564
20849
19961
27793
13933
30118
413
6303
28606
1005
35270
63265
23193
56147
10158
13875
41095
62617
36014
44775
59472
59896
31067
7752
7060
21845
56062
60657
52020
38372
42168
20733
21830
50661
14777
17475
53152
57059
55766
13633
3990
34688
13639
38006
37585
44261
37131
60453
57893
22452
17134
13454
40371
56704
40555
29590
25433
35610
58242
10939
36875
2967
15881
20380
60283
24654
4848
32849
49835
60286
46530
14820
15880
62530
63151
41749
32083
1334
6950
49288
32887
19251
50009
27063
55129
17096
18121
6835
4085
12380
44364
65307
21058
34085
15837
3582
46670
10329
35781
44407
58521
20338
57769
54207
10851
33241
12897
25735
29145
44197
44417
40782
10780
58912
13361
64932
12540
34817
39058
39552
38644
6128
46391
53670
53716
44206
55902
32638
34193
25625
31555
301
27508
8510
28542
34015
20897
51789
64901
46897
7496
18727
61739
20953
8665
54361
53186
12186
46329
17279
26245
1095
8775
25800
536
59574
54200
65067
34619
39547
6445
29534
56251
15236
3163
5623
20958
43440
10008
42885
18599
54952
31599
59711
14658
20169
4399
20905
56927
45094
40143
27569
10153
30663
64612
35936
53673
31263
63456
22739
64287
6360
2052
28951
40859
59144
27271
22681
60561
7816
43961
27604
53502
10058
34915
39668
13425
63999
39234
35359
37548
10649
45529
2225
59903
473
16282
17145
40036
12234
7295
3079
17298
32635
31216
23565
51056
24849
45004
44484
28526
56180
49921
31271
46147
7623
16974
42926
23466
15268
63516
28955
5283
57761
24859
63517
51350
19694
24270
36232
54929
27861
27631
55484
59902
7725
59930
42404
18917
32569
43445
19222
7162
27393
47264
30825
26566
58338
13141
25899
47983
41406
6328
15601
41783
38934
41374
57102
23166
30901
2191
39711
8717
17213
25591
18302
20344
53500
35961
30957
27147
17913
14827
27649
44847
35512
19323
32088
5559
7635
62391
41445
4741
5164
51251
26145
23430
11039
38850
12889
61454
57986
22900
16332
49961
35426
56276
52049
3573
49913
65134
25291
18660
4439
30914
59676
36616
46566
3052
18119
32585
56735
30559
57274
46883
22272
7000
36585
23377
55062
11686
46849
14278
60559
49305
8885
4474
65299
57436
36867
14922
18954
11207
20022
23114
28904
10149
4171
27
27470
33066
27425
7968
31490
62722
16131
54906
8734
63998
13282
51117
48784
28685
11050
16206
57596
20902
11830
32780
32193
19525
24977
17547
25963
60098
31110
46994
24593
1282
30954
25966
18714
13837
24599
6214
52111
55963
63442
33659
44051
36877
17125
53973
27618
27133
6730
61452
27937
17473
20314
36685
28647
8316
814
31288
38523
54401
41227
49464
21536
38651
4722
15026
26837
14994
44564
37498
10604
2330
48249
23533
34649
56853
39856
5726
26359
43578
61215
19377
1792
41778
28826
28167
17044
8423
23984
45696
57774
39398
15112
25677
1056
27175
677
35170
27828
16217
59776
58504
22804
10522
40794
56457
43346
48768
30290
47670
19878
61231
12162
63528
62270
37030
65039
43594
12855
26510
42411
7714
30075
26848
3243
27925
2604
27509
8092
28539
35206
29015
49228
59754
30649
59416
15106
3733
5038
63772
2056
24596
34690
24907
64382
40453
23220
52204
45457
14565
5210
44592
63592
41982
59345
44958
14198
59435
31510
22997
24780
46925
49597
1335
823
50813
35602
36887
20715
51520
20587
57259
13661
63850
22810
20910
6172
14040
45739
51587
21120
50287
49352
46118
10625
55917
35486
24828
39403
52477
57766
10483
40136
17816
61211
11966
10806
42791
13228
34440
37215
18794
17911
30991
22475
28505
9254
43947
25795
61707
55526
22000
54002
6607
35429
46112
51440
62798
2325
45103
10840
11210
10460
25684
12442
16353
464
46027
25738
8281
52209
30320
35845
6873
20490
40974
16390
23825
43271
8201
20984
12968
47395
56324
28591
18008
25050
62244
28244
4992
24312
45041
2024
21614
39229
17238
37067
39118
24525
64666
51927
6543
52690
45343
64750
37729
47114
21642
30921
5745
42078
57255
44307
29757
57559
14687
10479
62936
33222
13530
8100
46031
12360
32768
52481
42615
52414
57589
14503
39496
21007
19136
26040
3638
22199
61446
25418
25518
8659
42616
36144
33950
36153
27781
8748
64176
1162
39606
56127
8745
18896
1065
42223
54614
20856
13554
45542
43698
21656
56048
42210
14958
22675
13567
41554
41556
22232
35994
7313
26175
64773
50308
47950
34871
33455
5713
548
60362
20880
65431
17483
48939
16781
22240
53056
59105
35202
25008
33902
18586
48438
18082
35636
19330
43702
20841
47045
50448
55063
43652
39315
12986
50408
39050
11597
17762
10388
30774
12874
47305
24979
35484
29921
60487
20433
43113
32852
34399
14894
28103
60469
39543
28632
12227
52535
20872
27558
55028
3192
30474
22237
45311
8098
41910
21501
61214
472
26593
30328
8350
46452
15231
54217
24015
8887
16230
59545
54586
7230
44540
60218
26655
4252
19965
6298
57799
29470
35664
45932
57180
55759
4918
42902
20890
20479
41631
20664
17891
38126
42619
23010
9923
1180
41336
26602
30704
26973
13029
20667
61615
28703
27615
62819
59415
28512
62646
60905
16245
20952
55942
10378
13604
53573
53854
28068
3848
24709
2270
24477
64489
62984
9988
63322
60669
4116
55592
38163
24340
4484
27203
59478
1749
21940
26844
11209
55545
22408
46239
9690
45520
16149
59878
3800
21434
34416
25783
53766
32120
12047
61799
43919
26723
43924
43100
16320
37741
55720
42884
49716
19654
1590
43097
42807
34258
8340
9500
38677
40045
61170
22684
28469
21937
55714
22566
2243
17277
37792
37600
22759
62368
7360
16067
29251
26334
34123
15624
50802
42726
3779
29775
6671
45316
51902
33546
2033
1104
41669
27669
39667
34118
10145
50637
24518
52582
2008
16278
58388
36108
41677
47226
47457
52158
10987
61978
8727
3074
61977
8732
50082
37799
17529
61980
62375
58576
21309
58974
61975
9021
49823
30031
25767
7843
2310
33358
22049
20513
40982
25326
63213
28079
30667
56332
5195
8679
40063
13706
18219
4795
15947
63401
58730
9408
57282
23282
949
51041
10409
44160
61129
1407
12034
59851
16527
964
15944
41573
50939
62464
9692
62224
58727
56790
1585
9876
21432
6034
52271
8610
31890
34738
22395
18383
24994
54963
53666
20898
26291
32360
34747
32531
10148
35996
37551
34054
13263
31395
57918
52413
14641
27510
61469
20819
19937
28074
2983
45575
50039
6853
45983
15912
15266
33796
57554
16415
28502
307
30163
23810
27064
5752
30371
38728
64995
49854
36013
29066
6472
54301
49988
56150
6915
64992
56573
34882
32650
14874
12009
49289
56877
50570
29429
9166
51704
17270
55713
37118
44682
38429
16342
3989
48489
6923
20759
58283
59160
36448
45970
11631
60274
51915
54309
18392
25026
312
57043
60280
47778
6859
30376
5112
60370
33408
3092
19083
34153
42297
29459
24418
39516
64486
53693
57123
62208
8684
46805
19651
43931
48433
2752
21310
28048
11506
23351
64552
7759
40253
34546
57767
42066
27363
20205
10399
40269
31479
55929
39862
9691
45478
38414
22150
6040
22107
53266
18129
7122
17220
35789
50088
32286
42459
5398
14392
17228
62883
13308
24436
11212
37026
65338
27365
58679
33071
55835
56686
49364
21858
36102
43054
57062
40179
46730
21295
37859
17251
9770
26525
60409
59018
8330
36106
50708
18154
1548
17054
22119
61426
52752
62052
1812
13836
37659
14045
34591
38784
28291
42494
64800
47910
50249
35155
12660
38769
64952
54251
42941
39531
1089
55189
45702
26007
51532
537
3381
8867
17532
63958
49882
15595
31756
9229
1062
63602
49421
2854
27494
28939
51167
49527
41673
47385
51722
12422
63167
24793
37827
22278
242
37359
56117
59002
45539
31670
17700
26939
47711
58683
21539
37440
36118
20135
51862
22605
10521
14853
36334
28914
26392
3161
6464
8006
10527
21542
53620
54787
42754
21128
61658
41056
58671
8564
3162
36246
28886
4201
29594
6063
32553
25450
12321
65152
38519
13198
20903
63360
27427
26742
61986
23159
45038
24999
30569
2567
47628
8939
28467
1687
9740
58941
44343
1809
34807
21735
9186
23618
13199
31379
48420
29932
7213
42663
25053
35653
9172
19289
24517
30709
42472
12814
5699
34320
52984
26550
26119
31736
32245
16476
25006
33344
26384
56099
13576
59282
2329
27853
45048
26394
56999
21261
27008
52698
63543
9248
59
16489
37078
22920
15038
52484
13387
61032
52077
26250
29254
29718
31708
1739
6176
33958
49423
44563
18799
35826
2790
647
47386
27814
48807
7497
19491
25584
59600
5808
41681
22809
27803
6104
56476
37272
63299
17388
60963
20069
41410
34104
58045
64792
11125
56184
64162
50434
19765
60689
35330
16490
17751
13702
40551
57650
34900
55667
55283
18233
3909
6368
56039
46549
56806
8073
29676
63076
8206
55009
22456
57233
47654
6537
55702
10181
14366
2592
1296
13806
13553
1218
13504
42034
62212
23856
14742
19199
15346
22982
31340
22433
22768
465
24009
32082
49869
3137
30579
25486
48267
58883
30868
17937
27694
35778
50946
29851
51141
49094
62804
909
17441
54927
21452
9764
16734
41766
8746
58631
11363
58480
59401
8743
6325
13279
28709
5557
7274
33520
5988
18509
13172
16545
21429
25736
59243
61233
48468
57960
590
33945
2697
36435
30285
663
30017
39848
64051
40357
9791
58340
3415
665
13083
1943
20451
1945
29270
44824
22786
49492
43225
14358
14308
17754
59976
37888
22816
18695
52443
44008
46801
13040
53333
30015
40353
28130
41841
44536
16723
40358
13050
46601
22578
13002
1639
13047
29859
12996
52965
29864
32740
3100
33511
33832
2172
50726
56558
8408
3090
47059
60393
47366
33515
52683
59919
5153
46114
25436
55367
52379
6447
19000
53828
48851
4078
54173
46962
55336
36211
54107
5629
31837
28157
44066
25840
52711
4185
23859
33114
61892
24011
25328
44171
24877
10755
15390
23492
26705
33405
16991
7800
60782
28548
24710
30085
38416
11896
4299
35162
6346
20761
27200
17378
6234
58445
17606
47285
26058
50419
4342
11522
64146
9546
56888
23383
12498
8690
59654
13609
38389
14995
43068
6347
37926
23956
16646
61371
60392
13854
10300
25451
21704
62861
30066
64752
51941
52368
8998
9234
53497
48025
61080
9429
40203
40726
36162
30771
63040
48425
25284
10493
25913
56221
12590
36390
20029
57645
21063
43602
48913
43071
58469
27419
7307
42558
27253
36668
22826
33246
21520
65161
19772
45275
36377
3230
37008
34642
35034
26945
55756
25576
17684
2189
12838
59503
27078
27988
60736
60829
61751
63794
48004
63576
31647
4407
2208
11789
59997
45549
46890
60193
34417
30279
54693
26023
12325
44314
26017
27634
31297
22641
11559
38681
45178
24761
8523
4209
31325
46846
54394
56373
60094
21819
28050
11072
8364
34408
9867
40766
41456
62747
26204
39129
45089
49649
59981
44914
62782
40753
42196
45857
44814
50902
44215
31997
32363
29292
53921
55810
46096
38672
59715
63201
13046
46162
61063
13800
11100
26613
34280
7688
26142
1075
10101
4463
29495
18690
2184
5519
45954
19291
56438
15905
3702
47042
22097
59453
31603
16657
35945
35532
10472
49442
64993
47062
46684
9275
31431
16009
26453
58972
60430
5937
18193
19544
55197
38557
9005
30236
32851
23554
48896
37213
49405
57252
34599
60045
46956
41509
635
14114
61368
23184
17331
54941
40010
38824
59387
33910
32093
24851
10632
25797
50692
19984
25970
62625
10820
45603
56568
10728
55076
4300
14746
35163
11814
60157
20199
1951
63122
9992
52563
38992
10537
41852
65021
52284
47739
44920
30138
49211
38258
37110
50487
30388
40061
51762
65174
64145
49015
12061
55511
63169
59871
32997
2844
27065
54068
56137
52889
16013
12158
20737
34177
57235
41271
24546
5705
32021
43218
17333
36828
20200
16755
24171
3705
55214
19670
62205
54525
10856
16334
9389
23331
32629
36725
11296
21373
27055
61765
17360
23590
37189
62189
31922
41945
16127
37417
54618
3625
19638
14903
41253
21294
54799
23664
37826
50286
36220
57540
50582
20283
26617
52445
9109
25339
55951
10863
3290
47299
2682
30330
17738
38987
36271
37306
42845
42543
57539
63461
33039
2462
62730
24940
39106
38529
52687
22536
29036
63061
40693
56415
24680
42041
27046
49918
3467
11912
43288
16108
1824
64854
53824
30461
11254
4380
31136
52103
50606
8343
15573
4686
62257
16598
65355
36735
10403
64848
34950
31148
25488
15793
37199
36088
52398
4559
41829
35360
20518
11583
58297
60831
44653
10387
28114
27505
11103
25698
56230
51677
56751
15540
2601
60847
31715
39068
14167
29330
2249
958
55027
43862
51451
8438
26296
15306
3819
51455
38042
41628
51047
18692
32488
14905
57565
9365
13384
53547
14022
4436
32172
51665
45332
9635
38586
4656
63062
51249
53514
41644
16238
22093
1843
40830
39111
9123
40692
46506
51838
21050
50377
2247
21617
10050
3442
48559
47657
9382
55743
36729
56639
24018
32633
41613
44999
41344
12612
20002
54283
14614
24597
65348
55881
37841
27043
58982
32836
297
32634
18519
29624
2778
22355
41536
33119
41324
51979
27863
57097
30056
4917
64089
32615
5637
49368
57657
30722
25235
21136
20844
11034
56208
6789
53817
7449
38168
61724
56196
9379
41602
19329
5175
61718
61198
53597
3820
64567
62997
45170
39236
27118
62518
5311
30974
15686
60120
31146
57826
15372
44630
12611
19520
38246
11302
2242
21913
62765
34819
50398
12253
23267
54079
22845
44418
62825
58975
23584
64495
4003
8023
63774
46838
24194
18245
23495
36486
21786
47423
26016
304
42076
9497
11109
5438
63843
60151
65515
58237
15890
21776
53682
48006
7154
50111
16725
7316
48419
12863
4604
51666
21942
7190
45801
7596
45786
6749
46970
32114
15370
62971
13363
65483
64608
64569
27722
59716
35825
49365
11948
3108
39748
19464
17949
13337
50378
63042
47403
55559
46476
29982
7341
24682
5305
2932
28879
60040
35326
35915
7237
46907
33148
15898
13253
38481
5590
14452
57617
48078
40333
51910
32639
46256
21928
18004
30086
61775
30578
59073
55676
29256
62101
33365
47776
17361
1971
58732
24669
16455
21409
43429
6655
27889
46359
16687
6605
56254
1126
35357
19560
34506
21696
2285
31439
16732
47250
39695
28070
56776
56067
11249
5611
15252
41676
33026
51690
37460
25891
35542
43260
29968
32122
13903
52285
17954
8788
15063
29230
11565
56388
44332
24752
22631
11773
19434
19580
49673
15893
4924
47832
40516
45059
9384
28494
47276
20633
25886
64087
24947
24568
45719
13331
17339
6436
7293
58303
64818
58764
33151
39013
24737
16607
12745
64216
6974
17262
33345
54416
24448
35194
45599
41725
52914
49444
63819
10773
37686
43825
20404
7523
34199
19352
38036
8955
15546
53842
64056
17321
64462
16631
5810
16728
24292
57004
8094
44709
3113
29844
52908
5444
47726
49208
19652
3948
6223
39674
27703
36023
28776
30875
11869
1840
60422
39899
5598
60103
39723
25493
17317
50709
23212
48454
57507
20063
43454
3878
55421
19189
53725
20887
27102
14033
49231
21408
8106
8213
32388
28480
37527
13010
63690
49660
39778
44366
59975
36565
1128
50100
5044
57335
36574
62250
33319
40235
21270
39618
11187
58899
1432
28663
13843
34183
6244
31074
48753
52751
22145
18703
26646
61046
12421
51282
56563
8400
20933
43396
16475
9814
58685
374
65159
2868
32318
45757
49362
20226
30170
30925
57290
18651
25249
52738
54248
36694
3619
24330
38774
53413
21282
16868
52792
43109
34171
25975
9925
54638
871
13698
50796
52071
11098
62611
31478
14466
9375
4125
32900
53526
12179
55465
1127
14370
17411
36323
44524
41994
44768
12168
1790
53822
52129
10292
29299
56733
23420
14025
23892
29857
38448
1997
65342
35530
55844
19664
18261
12220
30619
23421
39372
12073
25720
39324
11451
51153
14748
1938
5942
35582
51922
43863
31853
37651
53783
1081
7923
52444
8282
56967
32993
43866
64375
5243
49512
32290
31680
55838
3745
5254
11606
43878
25515
9524
16753
6274
32039
23482
11659
55209
43060
9119
31335
31475
44729
2774
34603
9012
15351
40313
55950
62130
14944
5642
25969
13608
51921
15465
48938
33530
64116
29403
53775
15294
11482
54565
3882
10068
42770
52840
18415
33332
7683
55337
28890
27173
12163
2454
50795
53638
33825
39889
50758
38771
19214
19120
12552
48091
29558
24707
25126
25430
50647
50036
33406
7226
55349
3616
6719
20081
36985
9614
11889
55742
49371
35777
56679
54852
6201
53617
31310
35712
30406
9268
42120
44705
8878
47951
14093
24974
19340
47112
17656
46782
22915
35010
41996
25330
14809
55601
19058
40182
40543
37125
41189
4035
29862
43121
4494
61372
14796
55475
18598
13984
44813
12076
65324
19998
21133
40757
23799
54628
65333
10582
29556
36046
26524
16926
49898
24594
10312
51196
62956
11414
17654
22326
36773
28439
13190
3030
45747
5432
10391
43348
11004
60363
15490
8705
17900
56133
36251
56123
49580
40936
61666
28479
20236
36610
57943
57337
35343
63786
26849
54472
9736
50215
54712
46237
8127
34565
7262
51885
26284
31141
11989
60219
1846
14835
56235
48052
21142
63070
55109
44110
62732
30385
55173
24185
42075
47404
23353
32593
21064
56081
31803
31716
25885
11737
15712
10103
18680
4239
9188
43243
48638
37230
12462
11513
42014
54877
46339
16364
10540
63090
58207
35410
31047
54831
60935
64280
0
57985
19684
38944
59948
13986
24197
14818
18465
52754
42578
850
53609
42908
5698
52947
34776
25473
6217
33418
54257
54440
25918
52386
2458
43177
10682
2404
40060
47467
30516
8371
8798
22938
5719
60163
54856
925
8953
47870
32610
12180
12607
62506
13400
484
60793
26350
49554
26629
19915
59690
52681
14847
35153
6442
22937
46072
61983
13592
61196
31415
17455
14691
25175
45597
64010
29490
49874
19825
38157
45407
34849
55884
39798
11985
19020
60633
8026
11065
293
45832
60887
2273
1258
31362
55801
28749
61710
8649
7146
16041
53477
50060
30234
24763
50173
53037
55653
55733
4926
5182
45005
13772
25238
20992
56075
39017
41853
34914
45058
43746
52805
10535
13407
14464
56793
24164
14634
42267
60888
8741
53080
12494
50914
43814
55272
49917
55053
12411
38381
42761
25310
17980
28388
39576
12395
56614
57334
34392
18217
58234
11180
28620
59980
21216
12390
20177
5086
29960
11633
49220
1387
56470
29084
10021
51613
38153
6700
19764
22115
61614
24861
35321
51280
1614
13598
61097
61420
18122
60873
302
9561
27129
43632
56824
5022
17970
65179
5017
26951
4702
22932
18845
60503
14513
64615
58441
18511
38746
9238
44800
47401
5020
18328
22771
63979
64293
29335
62663
64206
19786
55207
59834
55908
25424
19379
8771
18565
22617
55333
46328
28329
42143
9353
64830
42138
19170
7609
21732
56408
52016
56246
43124
22779
30028
57510
24747
31611
5965
24750
27636
32589
21630
41589
6988
48505
64070
46582
22674
35751
18732
27880
23974
52696
35569
7332
32658
8733
6343
48214
62450
47723
18982
18856
50584
53288
19307
42213
38724
14310
31832
42009
61439
16967
7520
11803
44661
37394
28279
47053
63932
1046
31820
7011
35685
54247
58375
2619
24891
736
12998
61245
41680
13265
4749
55805
32607
48601
43257
2585
55175
58215
24635
19364
62302
50648
48352
2262
53839
37627
51760
37486
23271
15084
31140
35048
11909
28326
21075
18874
55042
12886
46418
64390
39970
33038
24673
19846
43993
49050
29980
40240
16140
52189
20151
50673
10921
6444
53809
37567
7564
24183
29324
17749
6998
41747
7415
11200
16155
2192
30344
30871
11639
57515
60502
18341
44489
33268
1356
23252
58585
1989
25689
58486
18553
35899
62012
45600
5136
51449
22986
28067
53768
41984
56545
47402
46126
52656
64891
9621
44581
26224
30751
40260
21794
20158
39719
55339
51476
39581
56695
53687
46058
18349
58503
38555
62457
26465
57607
24265
12558
12414
2088
17381
34540
7580
51341
18850
3610
44663
3198
16845
18841
35548
44812
56705
26240
25528
17919
35861
3165
54105
56424
5325
40886
5944
17638
25242
57267
25124
7349
39816
53031
62698
19982
43794
11382
56232
31810
11182
