51020
63648
64140
27029
43718
30768
50109
39574
58185
60764
13504
54753
53755
50290
36530
35437
38247
2787
58278
28354
35851
27689
16758
59960
30855
9120
5788
17912
23938
5030
49344
24237
17302
20044
11041
4821
55687
59527
49881
59790
2671
56418
3766
7491
3771
8247
36658
12090
56561
5689
43398
11577
6766
11313
58502
1528
53470
20497
13565
52273
41096
3253
47818
36081
38277
2455
20344
48494
6289
8953
4728
6060
57382
21667
41041
43617
52012
39240
25843
13356
53119
41654
53788
11453
57181
57828
54681
36701
37248
29397
26432
34538
17456
4295
45163
40741
51668
18340
29500
979
22166
57096
21148
6737
38052
4092
4994
36824
44087
50500
52593
30550
4337
11784
63107
27904
18095
9246
12337
37039
3315
56964
47112
2528
56936
19331
36372
45435
38635
4251
2593
51988
45073
21362
7712
3276
7588
44247
33549
25474
30316
34549
57908
19947
17343
57705
29839
7309
47640
5664
37807
32632
19958
56895
45417
24482
1187
48377
36575
54660
1486
12479
51910
50130
36770
41571
34644
59292
10677
53675
19082
13515
11244
31382
6549
63659
44424
20161
11680
1635
16586
28679
8055
37802
10722
57883
24272
6979
7899
20032
6984
14302
7851
33030
36374
9294
46152
12092
3864
28952
54226
36958
4985
50637
19482
7798
61527
61439
42031
27354
54959
51494
27916
55182
47881
28710
23052
1973
36924
34702
22939
45431
46109
39215
38687
58645
32931
15278
6461
47808
59961
56532
50903
8355
17268
15889
60177
53491
49395
1248
29179
33274
3933
4743
49707
56769
57013
28901
34452
42032
52959
6043
76
16221
64701
48483
25256
47040
18701
61581
61889
54035
12986
7478
5959
30120
8039
38365
56517
29372
33920
49952
32669
13585
59337
23884
45341
25559
59786
29561
33334
10248
38021
33066
46094
27115
41198
60031
37683
32067
39096
796
59479
58808
5171
54338
30394
57212
51573
18906
29925
5119
24879
58930
35988
62395
17931
31166
8280
18042
40690
52573
25005
39433
63934
47138
37130
44724
45010
9652
57200
46488
39932
56070
45888
29173
24682
169
43664
24835
15205
29461
45021
9483
54696
9628
27343
50099
44046
40976
23961
55768
15765
51174
5436
37913
55729
39043
58931
32111
7408
50562
7632
14360
54637
51426
8104
38726
55855
3955
46821
7159
44491
22034
44076
27952
7495
26492
10089
37088
14477
13027
28241
12258
48493
22471
30983
9626
20415
9480
64043
31167
30293
28861
30946
61508
61593
53035
29469
8525
28162
39926
1847
19101
20267
4297
37126
40343
38008
46366
47160
19690
1467
12656
28341
32541
52674
65517
45067
16007
16240
8868
64558
31008
29459
7959
61287
41696
46392
43551
2323
60693
52122
11931
33600
58020
26549
32056
1460
2391
28137
3340
38852
30360
30825
65415
24219
31461
6217
2863
9403
16390
49053
62923
4149
33297
60007
55679
8997
7195
12834
37704
43252
28556
60622
58634
32523
13924
49986
19918
13661
18805
37702
5742
3099
22882
4605
36084
48665
18465
47683
8727
29568
41889
15897
32202
23173
56459
63148
40675
32703
17071
27404
10586
11153
17799
38448
45910
16371
27395
9266
6789
4040
55497
47163
29187
45082
26626
59383
40777
40030
35940
52696
20055
57501
14116
5097
10264
25725
22961
19942
22652
25966
33010
37842
12961
17659
10943
1151
38284
15909
57215
30659
63694
31233
50208
6868
6881
30354
63573
34824
14720
7719
34827
54691
54693
8869
61074
38182
50554
38309
27785
40025
59877
303
47452
37081
64973
6703
47988
8076
2172
21349
56554
45889
62762
26342
51674
2074
56856
52852
14820
27145
4983
35156
2481
38813
55899
61897
16632
20610
11032
27642
2402
44443
53737
50816
33945
37363
50106
59788
40637
27702
56810
19555
25075
48697
11455
40190
5330
29801
46325
26851
36127
2887
25593
51083
7373
58962
23353
10521
51974
32086
39632
40888
31280
2275
51963
18962
38685
29175
56571
52587
37302
28899
52824
5658
3329
1819
26302
27270
52366
36130
26592
34194
62437
65165
18512
39765
8418
46071
62871
12034
56998
27269
58376
12525
33610
36837
8119
56727
24446
64164
50110
35138
37091
25339
7246
27501
15012
16610
56491
39690
38797
1931
45332
45673
42522
42007
38079
62751
12260
28781
19419
35243
5585
64703
57801
16269
32081
60543
8125
45112
42865
33129
40022
55528
54473
6433
35137
47599
8553
27473
30579
61447
40276
25486
14064
42439
9664
61079
19297
60087
57420
5415
44726
37349
59872
33242
24072
32608
9297
55726
36832
55383
37287
13988
27787
567
53413
59707
29888
32921
11070
39156
2607
62606
44367
18780
35700
9893
40391
52907
51234
11026
62959
46714
50462
48929
928
20434
34499
65505
44432
13987
1201
57418
21157
27635
30115
58019
26807
40870
6432
65532
39923
62115
33612
12535
58379
34199
55052
50971
54971
12544
1771
28308
22098
6503
30145
12142
61696
28404
37684
38171
64803
27921
20747
14869
36813
19609
58849
45494
60274
10438
29068
51318
54456
57293
38576
25835
51240
36393
53125
20377
38883
51664
5073
6592
42837
61366
58830
59245
38176
30909
5944
58477
40865
20371
5566
62644
47546
16777
16257
43450
57765
7308
62413
41934
30867
36134
37565
157
31076
46696
54751
46097
51944
58432
26548
63402
57518
31493
21879
42427
28893
29792
2397
43147
51677
25090
48301
7429
41708
10545
5993
49318
9595
61370
30451
28602
20922
64874
54160
54327
42017
14378
50551
41255
7537
44612
40422
28483
48067
11557
23836
44187
56327
57155
1975
44235
51767
50862
52209
18665
33452
37487
42052
7041
9193
59058
64626
24880
1451
55184
22761
25040
52165
36617
8062
65209
33562
17028
47053
19111
32190
65472
65479
4568
5619
10874
446
39419
46664
36549
55785
37726
30441
50218
12966
62302
46298
48892
48773
1214
6873
32859
25850
21694
21821
3741
56025
17323
45684
40290
23956
41919
65260
3526
17964
7574
56861
29507
23020
1741
48426
7044
28069
45463
18613
56464
50694
6643
63612
24421
59084
8037
42051
39093
57863
49579
26353
19925
26044
40163
48946
58062
16462
34128
58225
54672
44782
24866
60086
58123
62435
26682
13376
7138
60598
46972
10676
29008
53985
39348
17570
58076
18607
1503
28370
30723
14941
26555
49553
59997
7940
41448
48175
716
23960
41976
10728
63151
52078
6142
7348
53283
65256
55255
10154
47264
50107
33459
8377
808
26099
44693
48338
59503
17827
1257
44706
29967
15495
16069
573
17097
50121
63063
46002
36
3954
15848
57380
60558
63070
3749
21144
60904
24434
24229
50098
60551
12952
4556
33774
14051
46589
30936
25788
44195
38917
2463
24697
59735
10925
32408
26328
13964
33319
54103
6528
1575
63321
47925
55004
16922
19309
63593
56672
48613
14241
64190
34153
54587
24849
15759
21888
15699
21838
33793
41167
39252
56501
1167
58039
32684
33070
37682
26533
30233
25795
28271
31541
52960
38700
39886
53764
39090
41507
50643
50401
9217
5592
57237
64847
14864
35591
20848
38533
28817
31960
8349
260
56249
30069
29720
35840
56246
38335
51283
11676
27060
38295
44335
8601
27763
38267
22667
3788
30988
772
39659
41775
45296
26901
10158
2917
26130
24676
54864
43224
26292
7548
48364
24738
48346
20861
32611
25374
16876
5580
39700
41253
39750
25565
63935
54283
14979
48265
12451
32519
35517
23968
28903
45598
46441
37856
8690
60664
11794
9837
30146
9718
11802
28168
40464
33037
41309
56730
40468
51013
29904
1125
31331
40373
4031
31641
63776
36456
27939
19861
47704
10653
35511
8452
34487
25375
5527
63046
48043
56920
53410
56482
28814
45384
52650
42072
11139
12819
35986
62285
14426
23592
56623
2107
47030
30206
36707
20150
8918
50921
15428
30921
21398
25670
1011
243
63905
19279
35307
29745
38143
15608
46618
19276
35173
47860
27770
54516
42709
57960
63489
35577
45293
18870
8773
29441
23984
42477
38119
23516
54437
13343
27156
48451
51590
45953
10805
59242
20762
37570
18228
9866
21015
38127
65056
28580
21219
46367
32876
11374
28731
14871
11096
48436
6285
54022
39258
43088
8684
14057
36149
1294
55553
29743
53306
29144
53503
12645
17645
62442
62960
13941
51343
36097
30959
17783
51270
45730
7658
1213
21181
24025
19113
28906
61311
62578
15764
58016
36412
10876
13602
2909
53904
35354
12726
9533
40823
12801
14320
62148
6686
13510
44700
42189
3388
28298
24282
64130
18424
2973
12937
17374
12884
17820
24069
32782
48634
14797
14054
30111
2318
6195
55
5291
986
14669
47502
22923
21313
62025
38121
51480
14055
16301
14989
51229
12526
51784
40971
49352
60521
39084
30453
41872
37752
17057
62118
22645
62309
65187
45464
62098
64106
29594
65196
65181
40606
37909
38370
19484
44137
13583
63647
60071
33370
40363
9397
56508
3181
55037
42695
30475
27654
58854
53357
51429
50180
55449
50441
55801
22207
63658
44064
2309
53994
61358
15978
28117
12454
53984
62649
10528
12676
64914
56
48934
30106
13277
1810
5439
60016
24862
37022
59296
61146
9910
9101
64046
3402
40386
44488
29554
63111
1710
63785
30184
17294
30281
38619
32283
11799
40611
20699
32033
1512
1506
43074
31761
34257
44199
292
57075
4947
20653
1646
56163
58790
53340
16709
29864
37757
17050
62096
17585
16577
62880
6105
37577
63030
22947
20170
63108
9865
26666
9046
26743
14278
40441
12344
58723
40966
12388
15831
35681
31743
47445
46498
25624
6970
46658
40744
13743
29409
44292
14840
31099
20562
13779
14660
26020
13413
44760
26487
23834
50968
38049
59899
1616
4516
29288
49624
7486
38479
15974
13139
3439
37756
57394
65194
31209
7287
6163
18151
10681
40825
15201
22432
25231
769
14499
11117
43172
60900
14942
15980
18679
38904
13536
39209
63117
8970
19816
24002
29566
16450
32318
65319
20858
21724
20738
54519
143
28755
38304
18514
46309
48049
42969
37997
58174
13723
41391
5989
24459
25579
37257
36987
34096
33614
6866
30822
27961
22973
28581
42501
4629
59224
61814
51342
62391
64571
34101
34463
26065
3792
61293
63923
21419
19087
51428
34942
4176
7392
54555
9199
33309
43726
28545
39562
31155
56399
60767
29701
3678
47125
9838
55611
18169
32025
37320
59677
16499
1373
5670
44308
5347
41820
11877
61818
28133
31216
46594
17489
8839
28312
63825
42362
35473
52080
53851
50527
52419
7418
10363
18874
44139
40307
21030
51179
57684
20630
40857
7649
43301
30014
64577
45114
51642
32543
52607
44254
18212
49167
42428
51452
43160
56410
15177
52947
3213
11063
47228
38534
50568
53096
27135
61631
23013
19843
37457
14565
21882
6329
21728
56130
8571
19903
4064
29660
19269
43136
1263
22067
30033
3114
7586
58173
10696
5673
43303
473
47958
13341
31122
44153
60821
56298
30225
13082
42599
39548
28177
36879
37505
51323
8713
36076
43308
51868
23894
57585
45335
43199
24869
58347
19095
16167
47584
24751
58162
51064
55749
5554
21337
14744
30890
64113
44737
25808
1435
38884
58490
23934
37332
14535
29447
8045
3757
8194
14190
47286
322
43287
35147
52610
60525
30948
34095
27824
57045
60161
27337
33180
35380
46293
62385
60965
36539
8940
3342
24683
56618
18616
14020
834
52478
35604
40145
51365
54450
46662
2284
16658
22953
56956
11506
60952
50152
30185
34067
32965
16912
13410
18960
1836
35385
41645
51601
36954
47127
64880
5107
31916
59577
12838
11098
53398
6032
50540
53547
50435
56867
36248
15807
6000
29006
54607
35070
2619
27130
44958
60029
39033
23979
8708
41171
7059
45581
32088
37996
11114
34984
26264
45471
47698
35296
31952
65441
3635
3827
39167
18896
23141
16815
54381
4178
39423
33745
23461
3640
2926
25356
18233
47713
40898
14123
17079
39080
47766
37602
32245
36694
11573
17764
2020
47692
57174
36984
39785
44919
64615
24781
44007
14189
27972
62029
40002
8956
24603
21723
27186
5667
4545
64958
41313
214
22438
42182
25770
15126
35422
24991
3228
64807
32077
45930
38901
7188
37593
11657
47620
29539
974
1970
12846
19347
27971
601
46280
39380
23066
43218
14418
7551
11349
30748
47614
18323
37377
43469
27042
16925
15733
8873
62488
29918
117
46715
34872
52112
33760
29713
49912
28156
17805
42179
50600
45814
35409
64923
63995
10384
37827
20737
63371
45131
51848
59738
25250
25251
42066
26019
2503
21339
43592
42745
28304
63088
39291
1501
22457
60756
52009
23927
19431
40924
39031
24772
40549
45898
61413
17131
46730
17495
47425
51001
22184
47354
49134
56214
35264
40709
2293
39157
2204
26853
65427
12748
22239
36953
3500
11436
18373
25752
39735
44387
36521
49293
44739
8696
45773
3487
31300
29332
14394
32628
60695
30971
47003
46724
49012
44965
54875
40788
39176
2312
43721
26676
15736
65433
19474
56620
2441
59065
15064
51288
36535
37858
17821
49315
30155
25508
63991
10749
45376
58770
63110
6750
39288
42996
59241
8282
60310
48768
34155
9913
21200
26022
38058
58152
26259
42911
28357
59063
37738
26538
27541
56612
33719
15521
7243
2631
47067
34779
24585
1629
19060
14041
2976
39244
37720
52711
55044
63414
49543
841
16246
48957
65418
59258
62445
60501
59650
42128
6198
35737
31842
64592
7043
45501
26645
51325
19160
47293
32668
53311
31443
10366
59320
47612
28598
24867
29928
21257
35429
39984
20495
6232
17842
29521
32303
13916
23846
45553
35414
42588
20637
6616
48268
13352
23126
36104
58329
56997
13757
47356
8822
54544
50193
54416
53519
56140
18571
48333
30049
24247
4591
50786
36827
45761
61625
50879
19844
2647
53960
48782
36050
5627
6625
57344
44754
12371
23134
44696
26032
55561
25214
47699
53898
40220
25391
6348
61423
22884
34394
62178
32021
24104
16367
8084
53464
51088
13698
29907
39287
3306
20968
29470
14019
38816
9764
41635
50758
596
34467
4270
11105
7979
44524
49474
61574
57308
33009
19368
14124
1679
53184
6610
52770
35712
23121
20102
12558
26810
43008
54736
53884
22877
628
35438
10389
25831
29436
10330
12103
46513
47173
63399
4973
49765
45683
48479
52058
23008
57609
3292
21733
22889
27345
64971
56951
36919
16357
50025
19872
25245
30468
51181
56783
32213
56586
7006
26453
55259
7350
31798
18208
19625
49043
27072
43674
22454
20405
4875
53452
64811
19502
51074
7224
38472
34112
63616
48347
24666
43588
14211
42470
6328
4640
49601
52975
54348
51427
29136
35779
8476
26603
57092
32268
53937
35603
4656
35692
5375
39913
9818
40987
54307
41916
58178
10872
9891
55095
38061
30924
488
19064
9022
6664
55742
17194
48489
46689
53414
40286
9156
55266
64855
6335
21140
32439
53878
5875
39724
3021
33063
63924
7683
19081
13906
5953
4340
35421
25115
59340
56288
48258
45612
23133
31156
52017
60761
20440
51345
3768
23817
19097
48193
53820
64158
13547
7875
8550
22888
15630
33333
36515
4143
10655
14784
43394
25919
25749
21786
12348
20901
50541
39160
43731
12179
21215
38814
18376
291
25800
12512
18747
20855
41250
57603
5127
62690
37646
29472
9105
34311
24898
11446
45232
21151
43115
25260
8837
391
1491
65085
26672
18210
1434
6450
357
20020
16974
49929
21924
63979
45222
17397
17947
38314
44736
39217
38655
41715
58423
46615
39274
11975
37631
41668
45950
12730
5080
19171
3227
37556
25209
53448
14696
21833
64138
52294
959
35241
17892
8069
52246
19433
47978
50207
56939
40439
42651
4267
1835
8809
10015
24774
14308
7572
33225
51489
36700
41513
16641
52307
21645
32450
24788
35797
30291
22228
25447
57041
22928
20871
19863
35213
6975
30127
43118
41853
38419
58622
11831
12766
1025
62360
42632
30239
367
13415
17298
17082
28570
18775
26164
46826
28203
3762
43026
9196
35868
61810
1693
5542
54053
26260
12978
34054
7061
8058
36268
26273
36936
44703
44787
3264
63077
19395
49659
28738
27027
50790
19375
41723
41639
42115
5275
5424
2213
8910
13931
31317
30274
3384
13454
54748
48318
782
49817
35912
36460
17158
31374
27723
39452
3433
10093
37435
1894
51000
705
14112
27998
47732
13065
50295
2019
44123
36119
19762
42810
20542
27053
53605
22994
9224
40295
55943
34569
6192
46344
54739
45775
21111
40238
47801
64631
3793
25766
20136
60039
2035
38319
63405
5723
2599
27455
41410
17581
12948
50829
43353
11519
57858
45458
25609
25050
8599
63096
22079
42574
48402
33287
37916
24108
40167
5456
62566
24027
44483
39171
16845
7975
51003
54062
60924
20134
26178
30157
35771
28284
34721
41428
29446
53982
16690
20072
25036
17971
11608
4080
36571
36773
24283
63244
4927
54883
32807
27077
22545
18219
49615
36518
20913
52474
7878
28176
59297
38995
42652
39038
11373
55799
60831
4072
43259
17353
36272
59567
45167
45590
49282
10955
2459
19403
28732
30681
4082
44244
16168
3269
49398
46530
47062
17101
21781
55551
47888
33207
14628
13748
44636
38692
32402
2388
36918
32992
38886
38834
48567
51045
57253
29600
38955
51449
46874
41407
25551
62730
51922
10654
64945
45650
31106
30568
63994
7654
54291
28835
40914
18335
49397
43910
25764
967
7187
8793
37868
47209
59400
22404
31879
22181
55686
24773
24771
44191
9871
11113
32267
42191
35972
16559
11663
6415
18446
17259
51215
45751
13918
29052
30371
46170
16319
47783
1630
1333
60382
901
59868
43325
58068
52
44528
51947
57689
63984
37989
28623
60303
34290
46019
30152
34387
15353
7612
42857
36346
46542
48136
42408
13531
36273
63048
18307
56022
43488
43182
61784
32207
6710
8311
26955
24230
57848
40959
21414
31207
55741
25510
9186
64938
63649
41038
49662
14149
44618
48573
4670
46827
13758
10072
57070
46033
17988
34346
61844
24251
53026
56941
64564
53951
4645
56422
13042
12917
50226
50922
36693
57826
39282
47430
3701
38611
41367
14380
37828
60755
5098
57932
24629
62892
16095
47806
49245
35806
48506
11222
46300
61032
50238
20320
18215
3647
5384
24492
30158
49172
26778
6008
29714
60895
8527
64655
39346
34998
50277
5947
2728
23159
55478
35178
26806
48925
57941
34117
37965
58503
11963
46746
33166
47361
24216
39413
24657
43290
23954
50073
45448
20294
54635
35894
31484
57955
58487
26155
6223
6798
10059
54606
36810
48287
20918
7962
56407
54382
35616
10915
45301
29937
58579
20515
15768
59102
19107
36121
34236
38541
43003
58022
50410
7921
42169
8730
34582
61380
58476
59413
16708
30051
8864
52966
48671
46090
49717
48626
63417
46318
35069
18050
35217
51475
48683
36154
48109
29890
51506
42740
29494
31161
16433
28854
7403
18133
55157
33683
30669
59329
56506
60250
58732
34134
21395
52551
42513
39559
38293
51107
17569
57160
40792
55708
40427
28802
21408
9827
44502
39655
36876
62561
36801
42964
37998
8164
49002
14448
23683
18060
14960
13328
20187
29777
44402
47915
42076
42519
30038
45495
9129
42469
58384
8545
24973
31523
9537
8146
51104
45706
48847
40568
56239
52037
29222
54432
46486
28676
28093
41297
44069
1583
41759
39760
21703
31715
17716
3957
38837
10556
34938
54068
9303
25279
30580
47475
37121
31475
35032
4118
13474
59900
33865
32478
46216
52772
44414
36257
31077
55673
41280
28599
11370
29059
31619
32984
33810
55696
15802
62194
17656
16012
46031
31
46219
33143
48127
42104
1469
34641
57994
47469
58784
9392
26404
7777
34561
59557
34929
47939
10900
7362
62886
44480
39257
36948
53004
5655
44192
47578
53721
44600
53385
62630
32214
37337
17771
8162
43570
49001
50276
60618
15844
55875
11960
32560
19894
21249
10167
62030
32991
13104
35911
49957
30003
11162
63488
8467
14370
4299
55645
33868
59585
38183
45475
35897
25575
5519
29884
23511
28469
28605
12518
21693
46220
9399
8825
21285
41807
59255
61373
63356
15434
40850
55133
50455
46573
40132
43834
5131
5630
46679
60105
64185
2425
55895
32582
33928
23673
12080
20048
4758
32093
6350
10464
58478
9582
33990
61308
19647
41970
49261
16636
10792
23690
26111
57316
60378
4748
58528
1298
48870
54288
36265
9571
33043
40676
51184
34758
10309
48096
36593
47253
51656
17304
47287
57001
9114
47722
60021
8888
59811
41957
37733
30903
62354
9776
17296
38652
51776
7310
5899
30897
5995
10924
9632
52070
55152
42116
32162
24028
46777
45605
44559
2971
52172
15968
52254
26349
26350
43348
30391
3425
31440
6148
1170
51684
21920
34412
28267
14542
8066
64697
18517
16262
62432
39200
63715
62866
58853
28439
5422
2160
23161
31628
31081
60617
40630
11843
9638
39821
50449
28975
31335
29386
30497
26850
29338
49631
46353
11036
30118
11935
56375
33589
25270
39648
27265
851
38832
21769
46112
28089
56921
742
59850
61167
56875
34935
25178
49899
43584
32459
9384
59121
3333
332
10602
35530
41153
31344
53879
46076
55715
61765
13200
40131
25253
40889
1111
62903
10857
53986
44259
41760
57289
61367
65473
52533
15790
6691
55753
47764
37469
38007
17528
25118
37266
36449
39656
23514
59741
8752
5799
34140
55317
50747
8155
21664
28112
27277
32154
7472
31421
17313
58115
6082
526
40716
15969
8351
1195
13618
28900
16973
11369
10487
3961
39353
32908
29412
6899
37046
18928
32617
14114
5644
50105
59998
48966
7938
1879
20026
1831
11027
25917
8078
24667
21158
36750
11183
30673
3145
30545
57090
24221
13641
24663
10320
25803
17773
58318
60605
39083
42994
60013
40164
62948
719
47249
6924
50029
32362
65528
16194
13201
6883
16199
58718
58711
59528
63970
39673
52706
61424
3750
44710
59794
38639
6398
12368
7867
1871
9499
8049
15782
26165
29975
12395
24559
40297
9041
36847
57885
32482
9328
18049
48907
45108
28652
41416
3687
62663
64559
51274
17852
2333
3146
4965
58546
28197
14769
11761
36445
5515
2543
25617
53880
20145
45987
18783
65215
38
32250
49301
47890
13948
34008
2688
38067
21807
55824
991
25637
19185
30788
9316
40374
45561
7489
46773
51268
6929
20736
40171
11394
12555
31931
49664
31997
58060
25604
16640
39867
1346
7421
51883
25652
43749
55307
22918
40108
20384
62693
47632
64192
58234
56878
20391
61669
47054
13446
7001
42416
63481
62743
45749
53102
35175
42472
25284
708
58155
53882
46454
49080
811
41
64642
31917
19135
34544
26192
41109
12735
37553
55791
25644
47896
5508
11881
2737
45812
5556
36472
24897
47495
18020
17380
51487
36186
23741
52061
34788
7038
21374
13993
31972
39349
39072
25792
27442
41698
2626
63975
3803
17906
10498
4773
7353
29671
59799
34133
21730
37484
45197
7155
36759
30142
8563
16207
30895
45507
60838
59956
32059
56743
5685
10049
39919
50213
939
9534
58651
17340
59390
31793
50012
20645
39866
49183
57324
11311
1866
14036
3258
18068
5560
47897
26860
29883
8732
5695
43113
35486
41904
37630
7415
21208
56563
57942
41445
50220
53457
6566
31720
43039
52081
60721
52214
45740
57913
6457
6409
30570
49071
45589
62643
30698
5336
29796
13349
55734
52021
63351
20628
64829
19882
55776
17877
62415
61793
58773
50101
12452
41358
37929
33427
13887
33803
27940
13040
61841
25309
20646
62625
1523
610
15366
40752
21926
23301
60754
1820
32275
42629
63198
62611
62869
64363
16420
39422
10604
35829
64134
51624
21412
53911
44966
64039
33003
19501
15427
23655
16964
54201
14617
1015
65320
8893
23063
7506
18852
45351
45250
28259
63929
13926
14980
63398
20929
26661
43504
14508
12399
41145
46728
52540
63651
22443
19975
64438
51082
63940
38280
13813
62771
65518
14623
22985
19803
23915
21379
62024
18861
30926
55293
10160
51816
30133
29090
55144
50681
30908
24337
65126
63206
55448
2447
10510
16038
50153
40156
50261
41883
4938
64388
63364
19864
4234
50416
41211
12727
47093
46725
13346
65444
8870
51344
47685
59787
24398
27155
25682
18126
40556
62244
17368
14983
24703
63021
46062
65453
30985
46475
26787
37422
47711
42114
244
62184
9813
61094
61540
50486
61922
31775
39223
21421
49612
10081
55843
64982
22026
27764
63382
14321
3600
55847
21697
24522
41774
43763
14163
17574
14325
63202
44690
30997
21591
62112
64669
44532
8984
24540
11976
47021
11387
49651
7567
17571
38264
51363
15569
18153
64135
26291
19195
3481
54199
24350
37415
63789
57241
13965
20740
12461
23704
11552
26070
10974
19180
57081
5170
4802
46648
62243
65190
43354
44197
11091
49931
63654
44485
55854
10079
4912
46009
14052
21152
18337
39142
22885
63660
33133
21001
63082
24441
16035
15211
25911
12892
15753
13733
15700
63892
17981
44762
16429
16295
22857
41137
64141
184
21923
27816
22092
25798
56020
7561
50303
5288
44963
58804
41116
31048
40352
34313
9053
46288
25747
43404
4188
7800
3739
46103
59045
35724
6456
53152
25698
35085
11534
46787
8477
15031
12366
5014
49392
22757
18778
15057
65354
62695
32417
53365
56576
23914
43841
50301
8814
5143
44132
38420
3016
32456
57032
34821
4444
39837
15304
52216
28178
2230
5936
9541
34202
50632
5025
18758
26
4756
42259
24442
11414
28782
59854
63165
55131
57234
29115
36771
61532
62655
29418
40824
23688
41460
44112
42005
40262
25627
51366
7791
27725
14069
40456
30025
33529
6228
33332
39442
56610
38002
49562
17768
40830
31215
55841
7505
8099
51109
19285
617
1192
60380
24852
44010
26490
44279
1676
29963
17286
15669
61612
8962
35351
19873
32743
5405
51259
24549
57965
32280
60184
59703
38051
58527
9283
42282
14362
33277
39774
28399
53658
34838
30161
1189
52369
27217
39407
8701
63167
34002
43649
60552
49016
49117
9917
19701
4231
5465
9321
27153
33268
31991
54999
55661
42235
31782
18968
32351
54527
49308
34187
60110
7917
27773
6376
62166
9697
12195
33960
20927
35431
31833
49347
58683
16634
51017
1756
41119
14790
7796
35214
8414
54536
17936
6936
18560
6815
5687
16213
5804
293
11208
24218
55822
58368
31388
5141
52284
50479
5201
11798
33480
50037
64394
37755
35344
8224
4112
58118
29388
17793
28365
25893
36213
18366
3610
14421
16635
17473
33299
5781
57591
59704
22871
9293
6717
47241
52723
11078
2956
5407
4291
28837
27540
11574
54168
59030
31132
12
14275
62807
52089
59537
33747
56150
33711
41078
10262
13339
18339
57744
14223
8420
8834
23664
39945
58332
48350
4870
31015
62568
28700
49933
44529
55499
19773
43205
54465
1310
192
7789
28579
23316
43568
23336
42285
48700
11755
15571
18088
63177
24049
62143
57183
13400
16721
62095
18875
17709
3981
21790
62692
51745
25676
44372
46636
56385
24548
23021
50520
14484
11338
4908
48171
40048
20252
27821
713
35705
25918
22250
43206
9188
39166
56078
49336
51068
54204
20285
41519
14777
10110
12402
7027
48366
16383
58408
63716
14466
38769
41249
48150
41556
21797
15137
63783
39051
24669
44685
38738
8981
39717
855
47697
8272
17197
53053
7075
40781
17627
25026
26091
22756
17378
17746
41867
10410
60583
14680
55876
45959
28247
10890
42467
45828
13630
19499
18812
29133
63742
36303
5826
20851
4284
55789
30880
2173
23898
7100
60350
62670
15510
16384
56165
20697
4250
40765
37474
10424
35278
47555
3681
61250
47206
23190
287
55565
56786
56245
49296
36053
49374
9023
9943
42784
16538
36612
34097
21995
12227
26076
11824
13387
37834
41265
21254
62023
2502
22349
20046
49471
15505
63189
64014
44344
19456
10159
16904
36836
49806
43356
64612
48438
55972
61347
51643
20891
56122
8196
3568
53773
15576
3297
24860
56713
8287
55578
6820
35939
64728
51920
36749
20207
49694
23764
55513
19953
57497
58265
59949
53852
22676
41572
14461
27452
13129
38815
50250
53085
50792
63686
29180
36362
10256
49565
6316
65373
31808
27805
1359
59210
5506
46380
14893
11018
64867
47908
43004
2831
12659
17996
40601
52456
31468
32463
48238
32096
3220
59846
33005
63674
52973
64779
5314
26127
6555
60299
13253
9903
15487
59823
27809
46721
23599
60460
5830
6682
49687
14697
22269
18121
25018
54213
54932
30558
16009
27528
35727
42921
16514
22750
36093
5031
49546
18772
37087
47023
2399
47239
3265
44474
49623
618
59433
16272
23306
14993
9235
27301
14314
45319
19802
19533
49522
23598
47224
1978
28945
58415
50906
8796
38395
22458
28648
28953
19070
36061
19216
18559
47526
19830
7614
27777
17960
2749
61140
60637
32974
31589
59125
37293
39641
31796
49641
11901
38586
41349
18854
22831
53703
55143
33722
26175
57607
40181
3246
20698
5463
59287
35841
14719
51275
7943
56402
65141
53746
4409
59066
209
18115
43462
57525
7305
35018
22227
26970
14759
63344
41663
48614
52110
61645
65476
60468
57044
51137
56074
11325
32545
37142
22261
33539
46805
36933
17966
58145
5013
46101
27431
58571
20786
29696
57852
52985
30861
16746
3735
42465
40753
10657
22561
59887
60253
3854
14684
28748
56394
64337
965
52093
52559
16321
50865
45308
58310
60292
44378
46043
46942
1876
20196
44802
18635
14781
32814
31515
56376
58933
61524
46639
22064
18051
49803
4826
34515
58928
35775
41419
51946
17524
47926
63012
22069
60475
38571
18084
22365
44639
51654
24924
64387
49548
2793
48399
29497
5210
6375
17577
49250
30209
47226
43846
63394
11430
52578
7657
35716
28985
57911
20828
54475
11300
27898
24258
49127
32765
42737
62241
18709
64634
27692
24935
22401
19124
63001
30586
56188
5688
34475
6993
43161
15695
49373
50215
33101
33733
31146
35266
20015
44100
7905
33227
61401
24110
53665
20332
14087
6821
29830
64300
41258
48289
57554
49247
39547
56250
26150
44812
45552
18054
49941
30368
6102
60248
10048
21223
22075
52667
39186
52322
35528
22610
17634
40532
13773
16567
7604
54162
35074
24034
24450
47687
32696
5452
35659
41875
55078
43878
27553
54099
65009
23546
37059
41403
42698
35816
64310
34790
47141
53789
23838
53221
43396
56086
25275
49870
60283
33217
22123
30395
4539
19408
29495
21791
15605
32160
14996
57220
6229
2743
1662
27822
34730
60635
63277
7037
52599
64935
49982
36466
8829
38843
20092
43724
65060
2006
49767
35440
13968
45623
20474
20322
3494
12560
14086
16564
49116
8991
30006
45911
59768
57613
51970
59339
28150
1776
30919
18175
7400
45418
10866
16600
40766
65020
25014
54849
60616
43693
23839
1096
53289
26728
39116
53240
11555
44803
12146
60892
52426
31128
16742
59926
25868
65049
22548
34151
63178
46637
61756
3233
46005
22474
32599
20323
24016
7131
40406
45120
12226
64128
44355
22068
5894
7053
42510
60296
48192
39647
11458
51878
8390
60223
51285
11483
33698
24969
38744
63122
8990
20503
6776
47940
55710
26959
16174
45525
5862
14212
47784
47682
22194
24039
20408
51540
45669
33404
56314
43543
57378
8184
37243
63352
12568
26589
50832
33323
13762
53827
7904
48114
34171
21805
7605
60548
4744
29599
36368
12962
25748
11763
61405
57422
10690
47931
60318
23864
40442
51851
29341
35647
32084
29139
60536
27680
39645
57992
911
4180
25522
23666
44327
13676
56018
7266
37154
22632
27565
41016
12082
57620
5513
63769
53251
18178
47396
37710
28555
60263
49994
26699
8511
22021
42378
56684
44679
38875
1509
33284
7202
4455
38430
41960
39697
54153
54777
42796
6098
2589
2977
2991
278
17623
41576
6839
8158
22574
22313
32369
45223
31026
37970
31033
1113
63266
18478
49455
11474
48885
32449
60626
55932
3501
375
3666
55254
53068
38836
51596
26408
41655
28125
38617
31926
34262
53923
54826
42822
51117
3255
42492
56503
27123
6141
50765
51101
42961
6093
6547
48169
19396
42482
42774
6553
25021
7030
5263
56791
51203
41559
31479
493
51066
39863
30947
46809
35683
6922
6049
60449
44955
21545
16712
59695
60689
21022
46608
22318
21785
16552
19336
58143
52976
45504
49013
64661
25649
14081
45460
3898
12442
16026
62358
13313
15258
1530
58023
13978
8312
47684
19184
52895
43725
26558
42720
29227
49904
27293
53895
39581
47891
2765
40520
5754
48233
49401
48047
1516
59613
1953
26005
7211
39635
30711
51854
6365
37334
30638
51923
9762
619
3593
28010
60403
1021
60294
23903
5255
29903
39369
48727
13309
8577
18850
18306
8590
57556
60729
60400
11726
42125
19278
45681
28683
35992
19332
60152
61832
14155
38283
34678
47577
28943
46384
45986
55929
26582
15481
27991
2919
49241
50184
38997
55352
26157
42854
37596
18357
21764
25033
6679
22762
6151
23271
64449
6487
22405
59384
9860
10228
63778
30727
10858
10530
41716
64462
63360
34543
26861
22343
13826
61221
53020
18669
32639
22765
16983
39149
64658
47846
36451
35827
34385
1480
13765
23694
2322
21673
36328
25957
40665
1477
61474
21861
24040
8226
9822
55570
13768
14193
13763
14713
12998
55787
18352
47097
10882
57819
18872
32263
24036
45097
1293
13015
13612
59143
30410
17893
34130
26090
3440
36548
47176
60465
14368
60108
15518
53120
6885
45909
63105
38544
316
36902
49814
7493
18237
47333
17740
52108
44991
42889
47730
25101
58429
44302
37935
13196
2766
20453
36853
35503
7386
16280
58820
65015
18058
29755
15750
57079
44281
57655
47521
30372
31910
65253
65363
63062
25411
7945
38892
32350
56049
49089
5022
8137
62526
41220
1110
25315
4390
63973
62803
13488
7996
1944
57097
51614
32666
47952
40518
6562
46161
31509
6810
2789
54333
38483
58124
8288
61031
38408
31987
65432
24496
12398
16566
5133
30616
26121
10662
22830
22754
1861
28310
3161
59760
10725
24140
39580
50254
39746
21706
65482
31631
58736
29838
21331
59492
2416
31653
50320
22427
28476
54083
31351
5138
32413
18000
8647
28381
62772
5145
49405
58839
4970
42581
16166
33383
45266
9065
29146
51877
47520
47210
61751
27444
40699
27683
42636
7228
61022
6202
36610
48825
40298
21590
64373
51060
54685
13078
7347
17810
13739
63466
19820
27625
14726
58102
48076
65045
31571
27595
59568
1564
38805
19164
62121
43438
9275
15190
17982
23986
42022
62544
34674
11094
11944
35260
13411
61983
47836
63376
54812
4113
60806
15797
63562
3397
21638
17134
55042
46452
44478
38543
59857
13030
47989
48050
57891
202
64991
56089
16430
37464
36446
40688
2054
48674
13066
44497
60709
61786
18658
18715
43685
34277
52053
50964
17498
11137
7436
43190
17077
28135
32830
58510
37170
23845
8483
16870
29018
32273
34886
64380
47234
29297
42835
20794
20814
36720
27687
4630
426
3722
33414
37968
48010
20380
16373
7822
37767
63468
14572
23891
22049
4684
36247
31142
32276
37629
13476
27021
32246
6215
60724
5980
22588
37330
46402
57392
60577
36941
28749
2337
20219
31512
17410
17420
38568
28053
20528
42626
16590
29573
21451
35819
57944
46386
15715
52055
40193
17388
52410
16557
30385
27727
24662
58514
39958
56650
62700
20652
3615
15050
34967
21740
3477
24876
35445
27339
4562
9782
57516
40529
12404
39074
7028
24607
65408
2008
797
33395
21556
30191
19262
18802
61676
47128
35703
17886
253
11281
3167
18623
22384
64451
63171
61070
970
8838
9007
62761
8845
28826
20409
59394
8648
29563
39749
56825
8445
57027
196
38725
56037
26729
57417
61081
8047
64646
3471
32236
635
51079
7359
42956
3883
33693
12632
15039
60427
36976
31857
45756
40397
27344
42881
29953
61544
58177
62906
18305
63626
6303
25515
15272
58051
3732
36234
28573
5056
35171
51610
57520
59217
48779
61069
798
2350
17661
43284
27365
22506
52780
57998
57985
18010
16757
1297
37624
14591
38868
6231
26147
55436
44935
41481
55340
62615
46744
21981
62517
16518
36748
6912
845
53583
11272
13216
44266
37772
9567
30634
56816
31998
44577
47675
5606
52738
46466
50985
13597
56725
63185
30463
18524
38844
20327
49132
65158
29552
28912
48
53296
37104
58370
47154
22817
60258
32638
49377
9409
51623
7978
44446
57995
60095
36493
49124
45474
13976
2667
19068
10732
63118
40612
21633
242
40070
26466
26476
7573
22578
11626
8216
61464
29959
45752
56962
63538
14705
30012
4246
13744
28216
18617
52613
38354
30147
16562
45089
7088
43871
59538
23395
37015
490
55647
33842
47086
30510
13434
49226
16410
61217
59545
46671
25679
40271
63139
13923
21743
23596
26846
49168
6445
45192
24700
42903
22495
22482
36161
43390
35649
16847
60463
42004
28449
40826
23199
61679
63228
47540
31892
11303
58729
4327
19078
57803
6185
29710
56203
60823
28887
16210
42099
37397
6504
19357
39449
45438
22962
17427
37137
65345
20361
47231
22767
56326
3250
62447
29444
34276
47098
57795
58077
61396
29046
49766
40673
8148
4918
35674
25549
58526
44479
10315
64678
27231
12387
61603
59815
8071
5175
8167
16145
13921
53938
55454
8779
53947
56370
13326
56498
57146
13270
62368
5361
36674
59401
36690
4087
55922
36046
34034
37443
54765
25662
37750
54255
20463
21569
8628
59428
21302
2669
36287
13914
33501
6180
32270
8113
48266
49780
62434
58046
62753
21150
12132
42975
43078
21794
5089
20321
63558
18878
65304
53446
50892
44466
34189
13984
27788
58852
28240
45937
36687
5877
1683
24497
55935
29305
21453
50780
12271
54669
17990
27497
52547
57481
47588
40127
63428
21103
27495
10735
39115
39610
18341
27097
38647
16448
50689
47875
46345
31623
35997
63347
31935
64998
45237
47016
40706
37275
63983
26358
58905
44730
31989
59623
17798
55771
52724
18759
29822
57834
10123
18250
49745
11521
10111
20970
28456
24551
48865
7465
41953
42700
43734
43165
51502
35794
58201
12197
42863
63645
47113
36427
21057
46814
54931
54216
15952
49558
11057
44879
5017
59265
33736
45492
53825
64127
33139
26357
27149
34464
52383
8185
44012
56722
12139
64551
30532
4641
61118
38113
8153
57232
45446
5029
9980
17239
55960
28492
65251
61333
10592
6954
30697
26148
58669
13745
36892
10717
39207
41726
2290
45654
48971
14663
54033
11135
44271
23440
26788
28437
12859
48262
37384
32082
41766
43915
59882
21233
6466
32409
63971
58850
36991
29291
5812
56468
59773
64992
12385
65386
54123
56478
29154
46187
21734
25394
36755
62947
54842
3248
18736
40106
48163
59103
25393
46969
3535
44998
64687
32753
48146
41956
34281
65507
51504
39549
31870
12273
13001
1254
1774
60020
44226
57120
13105
13858
51758
6100
44371
61520
28092
59611
10535
33643
45102
12330
31704
32039
31794
47678
5851
46557
53078
26409
30877
17287
34577
65428
4613
50745
46581
2645
22295
58138
50059
323
30811
26162
4194
49253
5756
46476
49491
13423
11697
63358
12492
59685
53577
18190
26553
3958
54706
17522
10313
57821
32828
53345
52579
7735
49123
13647
40095
12230
26210
43094
63937
18940
24467
24352
20893
14961
55782
53989
9402
57680
41104
52758
49897
47172
45210
12248
64295
34142
29224
63683
31810
19899
51779
8673
50986
16950
18187
2579
22692
8419
13143
55880
14656
55516
49905
20784
53463
32293
42160
33596
47839
8778
5421
2429
59213
64293
57714
51769
27006
3565
38266
10163
56334
19879
54009
17150
36858
19526
6675
16720
36629
59147
49825
52036
14470
57129
38412
20559
50869
23486
43415
7321
16619
22078
29802
4167
28979
46276
48833
12213
47969
36583
14150
16276
51789
3207
63574
54799
19635
23577
54089
45042
30247
35625
62052
9769
33245
46327
56544
14964
11677
2137
53560
26994
64905
17190
6464
2182
58129
49716
19266
51934
42981
11607
47710
39491
32184
31591
19748
30458
6655
6845
30569
13750
49769
3367
29031
56504
62703
22680
62571
30397
54650
39150
21017
8968
48714
35383
42324
47671
16722
22503
65067
61198
6909
51392
29429
54942
25940
20441
38845
55930
64344
8229
370
59763
22397
62834
20695
11642
7459
56284
51249
31923
54209
29035
28030
32189
1276
25008
30171
36280
49419
1565
48747
480
55947
42907
62050
25215
55821
17580
57900
7146
23897
58153
41453
61950
38095
16164
37309
12857
51146
8620
47709
6765
45823
63918
17700
63218
25496
61222
63271
8993
41650
26411
3995
7925
31201
55440
9377
28902
64870
40679
62000
48071
15821
7397
17457
50924
17751
20973
41985
59936
43535
61300
10412
44291
2116
20436
27511
9545
191
33178
37799
10623
40916
21880
16583
57756
32115
50699
60683
4502
26662
58791
27691
3599
43155
17254
30941
34418
7879
37584
47325
37555
10788
16809
461
22566
33343
62379
14372
22849
44415
47045
21309
46404
41163
8469
25405
30965
28897
47677
55979
57905
47517
24094
61835
46416
49845
30317
14152
55981
1417
16932
25677
32104
35995
56220
59541
48283
42851
448
19640
14207
38491
30231
53705
22387
54420
64882
4519
52505
1462
26071
18489
51688
41748
7693
22094
29675
14282
12624
45789
33576
45368
13901
65231
15942
35460
62715
37385
24129
64109
2198
16877
57153
47880
17974
21575
14998
14486
64410
26759
17923
58192
35596
47545
49126
44825
27581
64093
12862
4490
5805
28380
49882
27485
59260
24175
5789
47753
57124
11116
61945
1476
20133
23277
13018
16832
40678
46955
58137
58030
17188
21859
17145
47544
42905
2203
26597
51511
11801
41648
52442
45920
59411
59412
38425
46887
275
45797
48491
2580
39711
43346
11807
50824
44791
47733
65516
17274
63290
63287
36947
63289
56448
61518
8270
3200
55585
40807
22321
12390
3488
23996
3137
5911
51118
47547
52440
31250
43696
5266
26275
10500
58856
4466
7022
61770
22995
9829
52528
39856
47208
18944
2890
40908
7594
60210
23388
28074
22220
44336
59859
60856
27607
4395
40112
13233
40062
16994
3872
42999
51058
28482
55022
44161
5857
40813
3451
61606
63910
61475
64911
32349
58798
58142
11486
30228
3974
55353
57177
57341
29790
11769
30637
10527
57078
11408
19901
40599
40089
30623
65179
9482
7583
20781
59942
25241
21621
17078
23051
34317
58658
51728
59459
46518
47953
47484
30736
30738
7054
24764
36089
27506
52205
2373
15988
51133
61216
55904
4876
15914
20333
47644
42010
32625
10689
26932
7090
16764
64101
97
1639
62562
38282
33259
50256
6218
15694
12865
61062
62848
10382
48387
16900
10369
60249
19488
23783
56804
3591
48464
39402
46463
18176
16084
64800
61752
35136
14974
33623
15491
45121
39097
14225
33588
55006
12844
60771
6849
4784
10164
3362
50264
42067
56154
55977
43451
25713
54885
57724
9544
59681
10237
8442
40577
3088
56336
22403
53391
59387
38562
31506
22400
38643
61690
64117
7286
10400
14692
36586
54071
15778
34963
12279
54721
19585
43960
51587
50330
47085
35673
63080
9848
39879
13034
10752
33644
44315
52507
55763
39835
63372
44423
52615
10226
2515
30824
63090
50414
59612
35598
36001
22690
26944
32799
61728
60698
50952
15582
46738
17443
26115
6514
16563
9862
62511
36834
48877
31524
16377
55967
46023
49402
36738
15334
60853
52722
39334
24673
27698
23601
52213
1070
37434
2513
19089
61721
19141
22366
13646
6240
25811
44993
20376
65019
16624
26656
12223
17890
65104
21222
20356
62503
3561
38381
42888
30245
16915
40018
8112
46720
17234
664
8519
37991
36838
22170
49102
13169
9728
22819
63540
50299
5296
43747
59874
2262
64478
54701
8454
7718
35152
29622
20080
64859
46203
59571
63015
60807
52935
53849
65250
517
21843
21836
57361
1881
42979
1158
14718
44622
37006
21550
22594
6470
17590
27721
54927
12261
24546
32002
28766
38466
21768
62567
65143
21570
23010
661
7750
36454
47470
21952
30280
6915
56966
33606
16675
51678
21483
54126
11568
48843
33888
4573
56633
44666
24058
9767
40571
33840
28131
5392
59517
13576
3580
31459
5099
26960
4070
62427
17835
49545
23575
32053
26048
42410
45278
40437
63530
6802
6606
22446
838
34221
25240
61244
36823
13651
56803
34208
61174
52929
32252
7844
10245
20109
7255
55886
39951
18315
12300
12841
37927
56319
32418
65523
1682
24472
44303
7488
18189
49198
3952
30073
19707
31759
50696
60673
12164
40476
60401
31191
29895
27706
62265
10312
62789
8333
54006
30339
5778
47516
64765
10949
51785
27547
27068
65529
40179
5572
29643
8151
10342
6995
42407
18484
5200
25093
14550
21842
40280
60439
51961
17824
36598
56706
48662
24380
9803
22926
935
55587
61731
45542
33511
63047
51382
6243
53565
6269
25237
63618
38954
20352
621
50777
48112
33491
10711
49139
13113
58209
31826
17060
38437
44280
33853
11835
52728
56890
41204
63680
60251
50990
36696
49415
19247
49719
23016
22072
46246
38560
53996
11952
46056
62711
27576
34885
63499
32776
7950
40493
52880
18670
29324
21098
32920
53964
41372
21896
7618
35589
46850
18664
34531
36632
52556
222
33168
40921
43906
13934
41978
54870
43099
38289
53814
21009
50388
42916
6424
34397
2835
17103
2209
60980
20183
48699
13347
8424
21273
20600
37768
49092
2894
10504
36556
60841
58926
62696
16363
37276
39063
26740
29398
24872
8784
49430
56424
45170
19630
39764
20444
45103
60355
16283
9772
39335
22760
33195
34243
47850
44550
1259
8945
32083
40487
56392
31327
8431
54723
55192
25512
44185
51103
18663
59875
52905
19291
12580
29458
51949
53757
49573
40303
1729
34042
18089
22360
63325
50481
55463
48498
7345
42954
362
1147
26854
61086
62638
47853
58958
29570
15317
43168
62147
59771
47117
37686
25962
24360
20181
28408
11556
52839
30874
61638
17903
50374
22077
27729
18116
57490
30942
36024
22264
41382
23080
60977
36664
16842
31717
48952
43019
46432
13453
33682
3607
10352
41256
3639
5626
21736
524
51709
4517
63320
18602
51182
11323
9097
55191
54807
24976
14545
41113
54417
40975
34949
4495
51501
43931
56280
25415
7284
57533
28294
44716
7652
36413
907
38303
24197
59789
13186
13188
62196
32550
22669
36401
4128
60038
61594
26169
44755
8503
31314
1054
48608
60490
61732
64398
1320
54265
42025
13575
5631
46501
56744
25100
27512
21848
58168
43867
35289
57323
57619
11082
64542
23492
42387
2539
10539
32798
8985
25955
54914
40643
40502
3587
43975
52308
24552
16573
13764
54774
22260
14674
49000
60244
53271
3066
39814
53511
13122
16706
45514
12994
5258
51424
59881
2964
15264
48780
2820
15323
29151
38958
49323
26670
11894
23398
23405
11974
27637
2819
61406
8074
24056
13442
47317
10140
28714
3389
29082
28157
65257
13832
46625
45413
2126
42478
36684
18549
30920
62891
47847
29560
30562
9218
61417
34866
52601
6344
14997
42433
22825
18540
1980
48815
39028
9070
46845
54178
38840
62953
59656
14424
6872
42264
33171
5494
33983
36476
53676
26929
10187
24921
32793
63125
32451
37060
29557
65435
2946
45716
48452
60410
2106
28401
56412
11392
22759
32068
58945
45958
38339
8861
15361
49656
49035
24142
57409
43173
20967
23374
14593
35865
53517
9670
44234
37258
38269
22392
11464
16664
8046
49421
52567
43144
27590
17961
30122
12511
59405
32811
48471
32633
28213
9474
61416
23491
7602
51362
19046
3782
21708
18531
3247
60450
6366
50738
21023
44560
63559
61767
60301
22267
36619
56222
54862
6325
23593
23833
34294
35271
1976
55521
33645
31848
34726
20043
57495
17485
5514
41657
51928
52628
22601
18520
50577
48842
37960
21958
35496
55704
49335
42806
38807
26374
17385
26760
49859
51735
9551
47281
36681
14428
55138
26967
47543
32024
19050
47111
45965
59399
38961
49618
41260
31321
24553
18871
26858
36284
26669
53813
10787
51841
16398
23867
34566
13979
36496
38957
31882
28201
22297
64290
59722
6759
487
27448
31648
30461
15312
27445
27640
2963
23501
41447
51212
23494
11039
31504
15275
21530
28405
2298
9006
31769
36324
46391
47438
1475
42038
49762
3588
50914
16158
63787
27121
38152
63128
45780
59848
48009
38847
49011
45025
48502
9225
10133
32524
62245
60024
38650
39862
57980
3508
60703
9042
6519
41811
12968
13013
25912
6790
1485
31520
23493
41291
8805
1601
4749
48120
14883
61304
47688
31844
28909
58793
60702
40118
19967
25427
46548
10946
53298
59652
21321
19683
25201
46606
35570
37589
33828
15908
48211
4085
5300
16571
61045
52368
37558
28025
39606
45395
51063
57856
56943
2722
35020
9343
8499
29369
60050
14714
58741
26119
61263
44804
45705
10183
17187
10610
14067
11479
8173
50446
46638
39393
24053
23152
59608
61384
11138
28685
62061
39903
9688
44202
3491
48174
59876
11785
28711
51214
7208
19646
33236
22643
19322
50157
29005
47090
64805
16726
21087
8003
23857
10993
39375
26234
15679
3907
35028
60700
50912
49533
20269
60102
39638
17513
19208
1967
16595
14531
15046
26325
19427
22807
65228
53263
14353
37331
33369
40402
16163
28971
4473
60710
36021
17391
49338
37089
57173
15654
23077
47702
59713
58159
33907
2680
35904
48985
28715
64881
39847
22467
1172
12257
41641
17180
62156
42280
46657
15429
26381
3721
57816
60104
49928
42213
30390
2582
54159
46952
29957
43492
19747
11378
7511
14261
48630
3509
23361
45881
56521
19757
59176
56096
29784
12675
54651
8399
57973
39192
62824
20558
61197
684
24357
2758
44947
45414
46052
35778
4215
20324
32180
8630
8920
8526
35810
7949
47857
50415
61782
11205
49914
35634
7390
49680
50239
16783
7182
57455
11132
55508
15665
11007
58211
45407
17589
53054
9947
15486
11816
58483
59261
21174
8823
4922
9596
15698
13439
19643
42724
36388
56510
63824
27667
58451
8213
51617
45746
12996
16730
57066
56226
60574
52686
38987
16127
24068
31294
28441
25376
2690
60791
19883
49383
52105
25805
16117
26713
29481
32899
27208
42935
57523
39870
46317
18410
12025
39264
8307
64223
3847
7283
3991
31356
35808
50847
12899
21265
35974
41630
15777
20396
11959
35975
56232
27054
24147
6416
63861
55998
56051
58890
21236
23895
21246
56055
14023
785
16078
2005
18007
43293
13044
47474
20244
37566
49892
9341
62516
14361
32785
14377
24965
50269
21187
16277
47170
20476
35605
31056
295
53386
64846
59420
19372
48696
45906
9076
32496
45826
8899
13063
14678
44971
11575
49122
59396
45483
45053
14677
35632
38782
57471
38212
27587
3023
29517
32883
17369
16885
60784
52527
22706
20395
44236
40096
33232
40832
57423
15320
43418
655
32808
24910
27374
3779
37581
6723
16603
3731
56636
53238
32215
18452
9561
33523
39845
41006
31890
33074
20556
24595
55863
28742
34597
40855
63942
14563
4174
21555
13485
48542
7136
23892
40779
53127
29318
25234
56430
62520
19971
19272
33475
60494
1762
49493
12795
49378
41142
179
26718
29676
32404
61100
23002
7860
40265
5988
52231
55170
62487
63214
33568
64094
37134
24149
2538
51002
41786
52319
56476
36180
12355
48516
17091
61172
29206
47108
61316
35733
29292
56977
54867
8421
34562
4009
41110
53435
11220
6630
63950
65480
49809
23181
45858
24616
43684
15858
15928
47485
16494
3011
54391
36233
23623
24259
55325
47965
44765
57971
9001
23175
23396
41326
43799
45313
62205
11203
16169
7008
16153
45234
15269
62159
59436
19206
7520
1969
4478
50980
61461
23787
36494
46641
2844
1582
45367
33262
60481
10576
10357
34329
27624
39505
35167
53034
21138
33932
41516
11953
28511
648
7245
13455
30169
6313
12699
23231
9689
15388
11727
51809
4717
18082
11766
63172
38577
34985
44218
35033
24059
13835
56736
58286
51165
52625
22063
39962
14764
11899
33307
50719
433
56416
6053
56296
500
12974
60915
17532
61055
40369
38672
2943
624
38301
45663
16811
16160
59580
62129
57979
35706
34737
2392
16159
18862
16175
7338
48992
35019
23054
52479
28146
138
3499
39248
60912
8862
4600
52135
20176
41608
62835
2648
42585
36282
11711
26800
7968
16656
37188
18538
19244
51334
32384
32805
13868
60913
29319
9414
54190
35384
5758
49372
43005
37699
47268
40049
15859
13577
42946
11275
6294
59565
53395
65397
65
57530
53334
14082
57855
22704
31709
10090
44614
42135
19310
28569
20243
52495
33412
51860
45309
12636
63401
39290
25152
64122
59952
36934
53899
62669
39848
16073
11304
25077
17989
56460
56931
19439
6225
40596
56970
19574
37535
3328
21546
26123
24686
18594
22507
27677
12671
22337
21075
30490
63685
29325
15687
44780
18100
16731
56497
35519
52458
60207
64481
20266
61777
1688
27960
51548
57536
61482
36573
17027
14831
12883
22927
19907
39425
29213
24363
24137
57947
43254
3465
49999
13872
25057
195
35656
20056
18534
40390
36444
9329
29211
20870
31530
34352
15151
43148
42957
56632
42611
34507
57539
59167
12943
32375
55318
49427
42589
7099
61107
20156
52121
18186
60528
11950
11891
37329
18289
3914
51124
4074
22115
40800
49087
4352
21668
53118
43601
52866
15833
60566
9181
45269
32994
40664
8549
55757
29239
2705
64169
22160
9471
21735
44016
56715
40435
21134
16131
14120
42363
47248
6242
929
44276
20729
62266
37904
61296
41544
13658
325
12356
43095
40258
62839
24196
48416
17487
27992
48960
10639
61576
32916
58697
3805
20374
31372
42247
40833
3420
65296
17465
58605
20619
6803
57476
25809
30306
64165
35590
12375
1687
50918
27514
35670
49435
36467
64638
7843
51979
6029
307
41267
384
27456
50704
63625
40575
17452
21438
21629
41051
17435
13657
28751
694
3140
56710
36131
18754
51659
51591
49635
44651
22699
62763
37171
65416
24883
55526
59070
61389
16074
34822
28931
34161
16129
63727
33547
7862
22679
2700
11886
53387
59502
45305
1137
32092
49884
65118
54378
51727
24884
6013
2219
6435
48358
32605
26129
14771
38507
16071
49547
22206
19542
12168
44640
18343
8115
272
8141
20317
15319
24499
7111
308
10917
47563
44000
10982
11390
1303
30054
19174
11405
34099
42011
32359
27073
23702
17074
15836
20850
1149
54694
40661
44273
23257
19161
24748
8124
61930
50043
14662
30139
12536
5637
8434
52735
32900
26652
9775
48951
57006
2400
40436
51012
62057
8423
55519
48092
8440
57503
14648
61187
52552
1806
39184
3577
3077
47259
45213
57595
54251
44121
1191
17417
58554
15956
13409
2047
55116
4524
45204
65242
35166
31500
50666
12533
8698
54394
18935
32528
18671
14925
46564
57946
13291
53108
6254
10333
16004
39743
28192
33065
16054
32903
4976
58341
59853
47788
23906
5729
56388
25872
36943
19138
15418
32457
5038
51282
51253
52698
33637
45349
26002
30336
13586
5283
14968
19724
31138
19829
19154
16711
24627
7919
53303
34457
3044
738
19513
31273
65403
46011
46360
58989
25429
61565
50950
36133
64488
18412
16224
14456
41418
56237
50144
41068
35741
27189
61609
37695
42320
16890
16152
45263
10847
21210
29526
54830
18610
20008
9437
10087
55627
11650
6290
35397
15318
48510
64053
25350
53678
42658
42392
21877
44151
19122
5926
1912
61438
47914
58978
53220
64133
51880
49684
55320
35010
45355
3
28011
52141
38864
8836
20730
18230
25443
34172
26287
44661
11259
13093
15751
51893
4709
49133
35983
31636
45325
11765
7886
7655
6971
18420
8331
60846
27194
21469
21279
64619
4083
7404
60472
15681
2652
60559
42830
11186
5702
9650
4220
62369
7229
54977
36817
63316
64417
33346
38602
37165
46453
56742
21080
12654
9920
2013
31267
23083
35793
19674
61836
48861
28003
8051
6226
62339
12482
10127
30050
6197
38891
4962
28790
1423
25973
45162
60067
39170
60060
8206
30024
14472
37465
10053
52260
65369
37540
55752
6824
6118
20247
869
30618
37113
11320
5654
1559
50982
3194
44490
5548
23786
35418
55914
50431
58386
35713
63323
23191
8008
8191
20162
11496
43495
41197
47069
47802
40541
9647
12499
16682
31957
39006
38920
2848
57842
57766
7560
46676
46999
53908
63072
49726
64876
3936
63852
47431
50586
56411
24484
41207
8498
64824
32045
7277
38427
43549
1643
15147
32663
60369
25477
53218
19054
59085
57929
52811
27438
50787
17792
64575
51280
42568
60917
54579
30086
45691
63378
34312
7670
18619
42223
37271
11229
7671
36792
19492
64603
20521
5678
4496
10003
10149
27837
11352
52699
2839
15129
19380
42233
26182
49144
29874
41282
62536
41797
25282
20706
13533
45490
10743
28892
16200
30442
19722
23788
13706
17360
17269
56283
52174
35003
18742
11262
44293
1558
40149
4440
35645
48624
13894
33399
22139
59437
2838
58655
5920
57546
64904
31127
60920
6463
57886
19835
18349
61994
38278
36704
43397
7198
23358
13860
26237
62675
29205
9165
29356
23640
44601
4084
50126
6027
56190
16312
52914
27233
49530
24992
38848
55825
40927
61840
23553
2862
43276
33906
12688
45450
36543
30041
31401
31812
35892
57853
45565
60044
28983
34425
2561
9317
61325
58833
50781
39441
26327
64860
37395
9103
6258
41115
16350
54498
1547
62316
2479
10162
49121
13686
4997
12095
61436
63071
19483
7610
38859
49850
1822
29143
63162
54576
60538
44595
51266
20902
36301
15244
24483
6753
43087
11379
50749
1742
19477
32261
38099
63486
57272
5838
55942
28001
60504
47715
55910
56908
4024
45255
56573
17732
62793
26696
41577
21373
36734
54951
49355
64600
13284
31001
11355
29827
32290
22956
47724
15653
60058
27414
51503
2663
48508
60620
4949
33058
17320
19719
23650
42309
57184
34459
64492
28034
6115
36298
11764
58406
56749
17781
44744
5034
5450
37610
16917
60512
48587
52546
14175
4612
52210
59323
29917
64620
36960
11954
32861
33739
27290
37766
12304
59082
23082
24941
59250
23060
23842
8415
10001
59800
31944
8140
1529
40211
33543
10327
10329
26134
55809
6279
23545
52204
55361
8505
49842
13335
36730
36728
46423
51468
9505
27550
25003
35900
611
38858
15656
15209
24665
5661
54537
41398
51353
3191
25306
56600
37350
25799
21979
4952
36417
22651
12878
50692
32288
11460
62180
60612
1092
18200
42331
32715
57284
46326
61183
4290
16729
65387
21620
9084
2546
57521
62071
57526
2856
25134
36923
6399
47649
11216
10336
60534
53153
59597
39454
7470
44549
18550
7895
35444
6349
39451
61038
39030
52315
1805
21193
37151
37810
65247
15851
20887
14914
36722
1199
16903
40668
21368
21676
20882
11746
4984
60907
16898
3432
42711
2859
53866
26856
6832
25129
31249
37145
2845
3278
54803
53075
55247
48858
31061
19460
39047
15197
58303
14852
35408
21847
48202
17479
15181
28391
60645
32549
33276
11884
51491
16724
65390
62585
4489
41082
45667
14839
45168
44910
37245
2462
29955
48417
53353
60100
30931
5777
56263
42525
50814
25663
42710
31499
48408
4855
39882
49883
44771
31975
24887
42862
28303
42217
3495
41499
8884
41955
33244
40251
33401
26263
59324
42603
54284
54095
52727
31847
50993
50454
19995
17016
46073
29215
30375
38210
51815
42312
62066
65150
52649
31239
55505
47167
30459
453
7021
23668
62076
6906
5815
49833
16101
7016
23993
31655
5817
43041
40667
17412
55620
37817
18655
19527
4334
64464
38723
57966
59764
59341
19085
13516
26841
10980
14395
658
17482
57805
28397
12694
37777
15559
7663
65178
7651
15965
21079
42490
60849
65338
46824
10339
16278
28993
18643
45491
60777
185
22740
599
10617
39123
13911
27575
26836
30879
4358
48263
53145
9104
32509
63115
50062
20945
65061
8712
45944
33426
62322
32503
62074
10978
21518
43070
3612
15675
64552
41244
16816
7147
33088
48528
46661
18604
37201
52433
15345
5495
7952
29487
38442
31467
43779
23279
57424
59281
17708
32326
1902
30784
15642
42764
22229
39701
2718
45019
18329
20659
22891
61555
56790
57553
11997
18075
56325
44180
40768
44398
1002
48385
46855
51972
29150
57760
48859
25110
20508
44934
26329
35450
62916
36565
56533
4555
50225
12586
61902
42295
55834
16918
45546
55600
42876
24896
23513
35547
20566
17822
14975
30577
38949
30019
53692
9552
26545
16144
26219
63770
35238
58979
32166
20722
48738
18958
64081
51351
63201
7580
43576
45725
46301
16086
24900
33067
44360
42138
57988
22832
147
6721
42367
65160
21278
42006
11818
53635
50723
20607
56821
19807
33694
7225
20083
24843
54459
64303
57787
47761
28497
40282
3017
21719
16888
30687
7626
17526
63857
14912
53787
50591
20097
33403
14108
47213
60839
34456
62155
63547
49
61617
46274
26239
50123
35786
44756
26449
37641
55640
24613
32243
23174
10737
41682
2221
33416
44033
41619
39541
50954
46058
37992
9242
43194
29023
37660
41304
31886
44546
58631
3579
62021
12784
56481
40515
5604
36398
24508
19598
51076
59024
62480
43707
48030
50548
53427
54876
60956
54756
34847
62191
49458
62097
6534
47207
34863
43946
43146
80
47147
36992
27958
63797
10844
22694
26601
14316
43593
1608
31062
5696
62607
47439
28225
27458
65185
646
56897
55530
60047
61775
47123
26224
3724
62582
53493
14183
36340
28318
18801
11797
44778
64954
8566
45584
363
61872
38492
21114
15339
52212
8840
25190
43756
46016
1317
51130
29422
31665
27078
42554
56339
7141
47572
44508
40257
45039
36485
30876
52481
47810
16003
51556
55434
54676
51239
48670
65214
18588
14584
53097
53569
180
38484
48254
40516
53383
11689
39019
62613
20969
49665
60813
44116
24244
36624
65140
13382
49496
20908
2470
10522
18739
25117
10928
37502
60794
19687
57665
61919
25409
61315
510
64193
145
20178
57772
25612
2223
61906
61312
18704
7453
51715
50741
5012
19175
17051
57398
40856
27978
62925
61374
30271
28606
21104
11592
24498
57083
4427
30491
42446
20439
52598
61655
54708
34228
36500
3376
8745
18028
20611
32751
22887
50015
27989
2378
36404
47060
47426
36112
49583
12281
45123
11548
25459
27655
31714
32555
34660
58227
40103
23587
49169
24185
8369
16985
364
41692
50321
14703
12494
15864
55311
48406
24877
2363
1743
14688
47643
28026
58908
44561
23964
12874
54
3327
6609
61179
20086
56454
38621
14689
35472
12229
12912
39719
8473
42692
355
44926
32050
33891
64789
5155
54455
53135
60179
27751
45052
14115
35776
17811
18542
51383
61338
36192
28510
48413
41840
37620
58407
39022
62879
2658
17162
3324
39513
27272
33371
28740
21482
28432
22715
11589
49570
30250
5755
42175
7151
29128
53348
46786
3719
48060
57524
15853
25149
18274
5930
30940
8308
8671
18055
54531
15757
11753
62175
20956
46451
59636
32852
36066
8896
11994
8668
54879
15067
41181
9583
31022
58674
43414
158
16349
55471
19181
57465
53840
64205
1737
21656
61371
17887
41381
25762
10825
18011
27515
34893
9556
25959
30268
41738
51724
42161
17441
61614
31009
41541
8325
57098
23904
57242
64960
48884
48793
17264
4099
14148
36360
50498
50136
2881
32019
15424
35909
58025
37108
3399
65313
27386
51787
27573
46373
37480
57203
28798
61256
19642
37938
17107
39789
52460
43561
18879
63452
47878
41890
64995
19039
23648
22899
35924
61548
28919
47742
54779
4237
41857
8754
8891
47305
9784
10418
60621
20670
62134
43317
17138
22724
25189
15603
62933
41734
21462
35987
21435
17631
25121
56527
27612
55697
30140
16929
51968
5573
3925
6291
33504
48386
29019
55363
15541
7034
27391
59941
34727
39605
57860
20662
14860
36178
57502
48507
46184
48315
22081
60334
41747
30205
54402
31144
55000
35766
41427
25357
27247
15
13006
49947
8660
32557
33743
39877
21326
48792
34679
42101
35798
19027
56597
63871
5609
58667
57217
52298
21381
32837
25478
40946
33054
19071
53439
7507
10835
17175
4303
39644
34306
26834
27688
47798
16404
15247
42124
64182
23012
18612
62833
12579
39884
39615
40708
16496
20753
7143
8585
61441
44231
51942
64086
48087
44831
32063
49274
57123
51903
38426
41757
53025
4903
57134
40819
41992
17093
39931
54044
44212
45440
18277
11644
10128
44319
3912
60652
59332
46644
9394
65137
36175
37770
8161
46585
23362
38220
16243
30299
64108
1091
35276
48633
61923
9934
57243
15659
59272
46371
32493
28384
64186
51462
9260
15977
35580
23998
23165
54804
35012
3891
16602
49294
31102
34292
57480
30199
42924
19406
10185
19429
39137
35453
26298
36153
30793
54444
45366
28004
33285
34851
58847
48823
58085
21430
11820
60863
27079
818
28720
62272
16673
54994
59662
24557
30644
11136
56850
39039
5459
34448
30646
62844
14093
64887
7522
11531
41395
32977
9935
10074
6952
41773
6164
1920
55070
8350
3186
856
32618
28966
