18361
51125
9588
55326
63981
38150
14797
36848
31464
22900
6262
31445
48124
3340
25178
14685
28285
47349
35253
24249
25694
4346
36575
22185
30291
49450
36563
3709
1496
30965
61775
23567
33663
64159
37632
42078
15959
46515
47153
33116
36145
36454
51962
34540
3725
44070
15216
44664
54558
27113
30696
24852
45929
57437
43324
27245
54127
29575
52363
61220
24519
12822
58084
62006
38319
38408
39284
39781
39338
37970
64901
62345
54856
21758
35528
45044
49442
6239
62718
15431
25890
26432
15159
3261
27267
24843
32859
65199
34988
37719
15311
10502
5034
36072
18222
60215
31456
40659
40794
31925
43134
22764
40207
46638
53331
624
8584
65204
19032
59139
25391
4038
48751
16259
25693
45516
50646
58078
12830
35063
50985
622
25996
48393
55097
42888
41675
8145
65340
25611
15854
13733
33274
21781
626
36295
5472
27484
13022
17661
53922
41451
14931
36522
49428
64764
34704
63518
28901
31156
17306
12663
11770
37259
21027
327
18916
46326
40656
40784
45755
33373
57115
9107
13460
32011
20307
56330
14200
20747
32144
63491
60703
6872
43705
6583
15011
42158
42061
6704
33270
14773
47475
8667
28586
28173
50078
47166
30968
35660
24279
37888
43541
52841
60543
45507
28576
37643
50253
38061
55845
13214
44552
18280
19860
34844
25774
16227
59764
1773
26742
30280
60218
32696
4698
16074
15850
58185
5869
11076
53236
52295
8590
29958
43566
5184
63757
2638
34459
26996
47378
59914
29319
26719
3404
31146
30127
8281
26490
39675
2033
35801
31111
7475
8940
30909
19940
50109
12564
50379
60055
23513
22317
45586
6350
3963
63011
20890
49527
47520
37036
18000
25790
7264
12571
61754
13109
12665
53484
25957
23644
1185
39763
23591
30361
34707
48887
17281
24818
26988
47458
4949
65353
48716
62349
53150
1094
16898
16563
33400
9101
45315
60022
21625
6873
39033
47188
4310
27987
47398
48062
20451
53531
31829
8461
39029
45322
60289
58398
9547
5143
20450
64479
5527
59765
46708
57272
38277
31130
36830
6193
51271
49924
16115
46983
25519
26503
29106
24258
8730
44425
23962
7332
52669
62148
29742
10698
14437
37801
17735
36077
49502
32789
65042
34872
6143
25567
14215
32113
31827
44543
19337
36147
3981
46754
32305
53662
33824
65438
14526
54937
4419
63975
18550
41256
27650
21434
45479
5542
39167
61305
48629
48886
463
30995
39567
22846
25984
64390
50541
54073
52670
40442
27555
7333
36597
19553
52419
44791
27822
53320
41202
34096
41136
29073
14690
5030
11405
29647
62713
56677
21439
35003
17370
40175
58666
61411
19691
40430
29720
37453
62600
49304
10938
52913
32944
46982
50134
23997
31361
21860
57713
41250
19285
44775
34664
43114
55882
9088
62231
37337
38255
2918
11695
46764
50492
12964
13986
17748
9053
9647
17007
8597
44206
44034
25468
45775
49575
54064
58623
1451
1450
15164
21928
56551
58175
34370
8609
37548
22270
27303
10156
33178
36517
18680
46071
7331
4549
48946
60349
60604
24300
30560
47718
39055
32603
41794
13335
60616
10695
23572
1169
57810
20380
8382
15735
56556
43921
9208
43023
15781
446
61874
40202
9643
48983
21443
44660
20946
64724
55074
704
3373
23774
980
42071
12845
4870
64251
28023
33968
46167
300
31716
30693
61887
5569
20660
38623
17539
46006
49776
60648
44004
31185
26091
3815
63798
50510
20385
42395
52292
15638
47981
3776
4515
13881
15588
60262
46398
7578
36820
40865
14460
5416
32938
25542
43537
10994
32984
47256
63443
22369
2593
49562
35646
39065
35437
35900
43892
30955
10726
8968
24906
51664
28155
38331
26672
6072
1554
30643
6885
32714
42138
33831
35039
4080
5195
51246
27658
973
21357
34832
53573
393
1376
49545
4775
29562
25800
25175
22686
60730
43993
30680
27018
16902
61399
8603
43216
56841
56164
53207
36622
50118
36151
45598
47061
28445
46787
15561
42065
25681
17819
50494
25770
28589
21838
34060
49149
13478
41712
3869
41235
27321
34901
40870
2436
14827
4031
4613
38998
22769
62375
32225
514
58363
56428
875
8126
32935
33038
19045
38653
18116
49623
19189
37717
36047
14828
57815
50425
48454
35633
24367
45161
55917
25760
52943
50156
52879
39933
3234
25263
43624
25896
19462
35483
12851
4757
19117
35176
27978
56509
54288
5611
14553
7145
18076
8796
8992
61748
61196
12379
45542
11258
23027
6618
34557
29689
49142
8408
36973
41524
11107
54147
35530
65509
37227
44743
59628
28503
9209
46788
43444
29621
1941
28169
27689
4820
17285
56632
46737
50189
57891
7295
34906
31406
10326
28507
13338
24039
37648
48567
9059
50732
1888
34554
10338
18411
61249
15671
52650
5650
30139
6867
33168
23757
33485
11686
30671
49138
40365
15670
47049
57890
27495
9671
26787
6538
42439
57039
26986
3609
3705
5877
25255
51358
4695
29322
13387
13512
22574
13005
37952
9328
3840
41485
57600
64262
7547
56706
44827
62677
7685
53877
56082
42170
33976
17491
55558
46073
1686
7579
41506
55337
19690
36933
3023
41513
47263
1431
40821
23926
29343
26437
39769
17663
25461
13080
45888
28229
8705
48415
40053
64994
52289
53441
34826
27258
15296
49166
11706
6442
32974
25214
20859
3099
32000
3374
9299
35118
1542
7900
64213
54139
64603
54914
3032
50169
19848
32155
10906
35502
52606
7738
1406
53156
32391
6219
31256
49933
35544
48664
49593
25713
26875
28966
52349
8179
48979
62955
26255
29046
36686
13004
9871
5233
43269
17132
31711
46777
8722
15029
39772
45652
58645
12834
15408
18873
57612
40052
38230
13281
38786
55636
24477
53932
4467
2783
6780
64693
62338
19724
62886
20185
13240
34989
36064
22683
41410
48856
39079
19900
43022
3013
23302
63694
62078
43830
40698
17655
47958
61037
44585
24846
51357
17303
11630
27993
61669
37377
55183
61712
58065
21384
49790
1787
46330
11008
59386
8631
3665
11080
34344
2529
60123
38284
60881
34613
23934
8949
3639
40310
35344
33859
41453
25001
24483
10040
48705
40653
63804
25748
27564
51371
21957
63168
33488
16951
64840
46329
13453
15196
25710
27781
59147
55994
12558
33489
2703
49602
47441
51843
5635
47044
19989
47001
25460
42094
13708
33486
34045
53985
22701
25964
42935
26087
53155
47640
26864
60286
13598
12897
30795
60862
28452
30183
28358
6093
48776
34741
27735
49345
37120
15432
60077
12250
34439
36609
16235
8482
61974
61865
12700
31831
44479
15135
25514
39582
24955
57089
51197
61598
14122
3346
42839
13223
8446
65479
62045
29527
42187
13305
45109
6785
16413
12083
39475
15361
59692
11674
22455
27371
8171
44954
8614
15044
42089
49968
31755
23208
39326
60564
50453
26356
46302
34000
42179
14046
33196
5543
34001
40699
24429
19656
38740
2356
28218
11935
15429
54057
14068
32344
21407
53478
59018
9335
46100
51614
52322
38392
13532
60523
44694
22786
2318
28275
45095
14099
39333
31538
38247
19997
51837
35453
45112
1634
38160
49818
6701
46783
42701
15901
44337
21126
36467
15542
24895
45175
32142
8336
15546
37497
37557
60801
51624
33730
54678
46352
11341
4015
64004
55719
37157
30236
7388
45081
3886
11472
32525
36130
3731
54631
48226
27038
17627
58314
7845
7179
19787
13764
40688
54215
2825
31176
13148
25474
38322
64089
16715
55308
34259
26211
16183
59525
59729
43782
49419
57207
542
22357
21123
43996
12151
37933
4629
4395
35914
41809
53284
55898
14753
20877
55122
26744
64857
739
10073
23495
1130
46939
36002
40679
26023
57060
1034
26531
26104
58503
47518
13780
2813
12280
55553
41437
57463
36778
13420
4156
14086
57850
16429
50121
122
24426
21888
27048
25048
59660
33657
13176
14355
26447
43519
55940
26761
47181
55784
27976
41157
3607
7562
48202
56182
3450
1862
48192
53047
64677
27292
4928
10728
43372
36932
5261
62324
30662
63462
53476
44617
60738
4922
11483
36867
16124
23310
20065
16061
4796
20142
48904
57236
49749
12387
47741
19256
25959
46331
55056
10013
57887
54588
54963
60046
43722
31020
50711
53359
36794
52476
31821
30206
62745
56092
63695
10755
18870
43832
31277
31078
29517
31196
25872
25103
10781
65056
62454
24336
1437
35852
41429
9030
55629
51860
65067
60225
21069
29155
7669
26816
7700
53792
54803
62512
15554
39160
51400
21158
36457
59454
5870
11224
58542
6053
56237
984
20419
56740
36962
48029
27686
10677
2880
37115
54867
60734
1027
46936
34372
35751
2609
52192
52625
48153
29277
61599
29451
53837
30301
5859
18282
37343
59077
15248
38236
43861
35102
47657
59477
27592
23537
10891
59181
30946
17949
8736
11956
42552
62799
24274
19249
46915
53333
4442
36356
49103
28164
61375
22996
54855
41622
60990
55842
23724
50624
36275
16422
7296
13018
26149
61773
31932
57893
12650
32862
58616
65124
62001
11529
9111
42381
37118
57921
53960
65373
63160
32876
29157
60264
4333
14656
2400
29702
39328
42337
21751
32892
27924
12803
17587
21893
45777
3271
45323
19579
65423
22590
52903
29077
35754
414
12695
29072
54943
16178
21305
33452
55215
43668
15015
47770
9461
23870
60481
7851
59131
53315
40439
46844
17093
9544
27279
63555
5867
31286
8430
56905
65436
54285
18104
3532
45590
5348
41656
28908
39914
53523
60896
46025
55442
11334
59520
29974
13210
12267
42560
54438
19091
50752
2040
57949
50021
64471
63982
39157
32147
51627
24674
314
33232
4504
65391
55141
13306
23793
16166
24827
53321
27051
49653
63925
29440
43784
4774
35188
59441
28454
31995
23449
65179
47191
36446
53791
6899
32950
24126
46621
2312
20049
35471
2448
33020
38939
13874
51370
8701
50644
25322
63888
17027
28283
8065
6204
59860
4685
28276
20006
12554
18733
61108
35721
29825
40238
57107
60466
42373
58675
36176
5972
6272
40664
34454
43395
21550
26935
5343
46548
55879
18077
53673
3806
28216
21486
46602
52892
46344
43363
17638
41912
25249
58285
20155
64425
37806
30857
54942
29087
9361
11350
53657
28067
43266
17313
46238
31830
46926
30366
30773
24569
54815
11740
37865
64646
58596
23609
39905
11997
5029
57841
42035
3129
33948
11661
6457
13905
41015
32018
61200
56382
55277
40504
7156
22442
27168
46599
42966
20348
62611
45187
29438
3873
46753
9171
55852
50035
3366
19246
56531
32313
7969
433
48086
31614
10411
40127
10058
5602
27817
621
38928
37135
53458
61150
61595
8250
65310
40451
46233
5027
10751
19855
45844
50855
34875
56898
61437
18323
8950
37634
55284
62575
5784
45484
53917
53317
35636
16631
7901
38739
58495
42635
63928
7261
26036
58847
29270
9093
20144
51838
29110
48081
25812
27476
7256
26696
41870
65421
4976
61761
52834
36960
28235
11654
24946
28300
36801
9094
63453
62543
60869
16080
47489
61042
54142
65418
45851
63450
60234
61802
62170
13744
13152
27332
15232
59460
47459
7298
60374
28487
32069
5017
27326
18364
35072
30739
6729
49812
33664
17228
61232
39137
4895
15945
12930
2957
49498
2163
25346
16462
49490
10079
4632
1921
53462
44610
1680
15941
29644
46656
58854
2944
32936
19399
10914
28471
55467
38105
30686
45960
1264
6505
58102
32334
565
22058
59006
60814
61201
7252
28668
25576
11193
65221
64074
12671
54348
41960
21420
20066
19791
141
14951
21501
46170
9987
39687
10735
22226
57308
125
55551
53908
61634
28922
34949
17738
53082
34101
8815
47685
61766
5142
39690
59126
56722
43302
20924
36806
32792
58365
36070
51434
26709
11180
44325
44769
39788
14479
35642
55838
65419
23166
36860
53131
57248
24042
65107
24210
36125
32262
26450
4793
48312
31408
53440
54124
55528
58200
34537
27983
57656
48372
24105
7876
64066
42307
52873
50146
3037
10624
48651
54188
1546
20815
22335
40444
45412
42958
40208
9003
50630
55070
56032
5881
21531
19072
31209
18667
22362
52426
52868
7452
13673
61811
41022
15845
3094
51121
45099
31948
60240
45243
35019
41756
34618
52358
54927
32207
60405
37642
47777
37138
14371
16370
40686
57102
61402
19892
35589
14999
15501
50362
35537
52253
5544
5442
38312
13824
37716
45765
65047
28018
38491
53376
17896
17359
37517
17083
36681
52623
10991
17236
21064
65489
1616
26456
21968
15318
33241
27749
38909
382
43868
7137
59538
52240
51438
50915
27354
45884
63245
62036
45823
33436
45527
27494
17416
20850
14178
20951
36505
52038
850
63428
33596
8805
28177
46325
11445
31622
20317
58800
7867
30975
49701
371
59977
24044
18111
7420
10979
24896
8356
57531
20687
1201
7487
63185
421
36029
42630
61186
44458
50918
39351
46391
22565
43331
26530
15913
54421
58101
32269
64063
54114
49688
51202
24217
38824
50912
16752
4825
9990
50237
13106
61074
43312
64051
11972
9439
36158
46608
28413
25592
8868
53126
29437
16039
12712
41349
64611
7394
47547
38418
50254
39355
55904
6229
43029
27697
10380
24047
46693
52666
60030
30786
24101
15070
33202
34100
47825
11806
19660
20584
2955
51025
57509
52043
917
4892
34196
13404
5510
24197
54555
39921
39510
34187
38278
64833
40592
8064
49009
48492
8222
8593
34099
38302
31641
30436
48351
58401
22213
28274
290
58852
58785
51577
42341
42174
3809
46084
46996
29789
4013
32404
32119
56317
46129
19521
31317
33854
57067
22073
45728
40001
59615
21822
9627
16980
23358
39296
30879
40318
36262
8105
13975
48051
59557
15524
36266
65449
32392
15522
29112
22528
23078
65380
64731
18101
63931
60088
62
29981
41665
61510
29156
57553
222
6145
48642
24453
50522
53404
55547
36751
50415
19529
47684
36671
37783
52454
4678
40009
62140
16696
29990
36433
24350
4292
16677
34943
57820
62561
11347
3278
60662
53079
17327
40199
20542
31952
16821
29783
23753
34974
53588
58686
32403
47701
10721
37547
40916
62875
55537
59609
18769
33355
12285
50060
302
25179
31454
40921
54699
41978
3422
33992
15493
36520
303
10146
28760
22938
22753
24033
28046
44408
8023
62534
49500
16977
31885
14382
15668
49495
25473
39948
15703
14844
1925
29273
3853
54805
34692
53899
27008
63127
7367
19568
10973
4565
57840
7781
64711
57896
29113
19253
2594
47389
52885
59543
49415
53457
4887
12131
16797
54953
15315
39045
39602
56922
9440
1861
52509
2126
28035
63258
43247
65259
53480
44674
65445
65053
2112
9700
63793
44615
21279
45688
19583
46661
7269
7910
50204
46473
47379
21070
26934
4587
32329
60647
37703
38186
33837
19145
12369
10683
4851
46953
46105
16566
39608
14073
62124
12368
24289
16614
24241
14225
10445
25143
42311
23758
11750
55068
29685
24676
32901
24686
38197
2377
55541
60652
29838
56115
53830
17563
2374
56513
46426
12256
3628
31300
32654
59894
58427
5414
21265
10716
12174
37431
34175
50063
55886
33857
42637
21506
44914
50925
58682
32239
34271
28768
51474
19349
56431
62544
62768
2941
35747
27561
52870
3664
30222
11604
44704
2306
45302
53248
54798
6255
6081
52061
23843
5362
35228
65130
51612
12657
10946
11878
38968
53241
37420
9743
58882
11730
17554
13554
27166
46212
58370
35100
19794
10486
1621
10372
49462
18918
63699
47159
7151
44460
103
9780
8954
42394
13497
21689
51775
13229
50077
64527
10282
3672
37759
3624
941
47087
47174
21814
21405
62896
26025
32217
65408
30726
40718
53120
25852
38925
7635
64151
30121
28209
38910
34503
29697
4943
59098
2877
12816
50288
20477
38025
52726
50840
18880
40704
46807
3836
41159
14818
62287
24008
58188
28721
20594
3198
4809
50923
33878
19347
47216
36211
5064
32348
29308
51406
21828
9737
40461
11105
37117
16392
42233
53133
33507
39936
37625
17042
6392
11916
10956
25893
38414
20070
7473
20589
16827
38020
39677
37255
58360
16141
416
49459
34521
24076
29996
43866
12008
43346
57558
45697
15499
50948
20557
52251
32704
60746
37297
9482
22146
60959
39619
1560
7433
39682
34765
32821
35426
59095
42765
52045
30698
46810
9368
29432
1997
54140
19663
14627
8391
6248
30688
52646
41938
7150
6517
52032
8871
1247
33504
53891
51571
48889
17346
62525
44013
2140
1150
32399
28179
44241
26622
15793
34220
13438
60369
10416
14231
37059
47411
25315
7123
40433
14958
56936
15494
46298
54676
52246
26876
58583
65025
20680
54580
12764
11774
33624
57029
23542
50359
909
15258
717
61965
43631
45846
22347
18367
26443
21719
36138
63511
3428
43207
8930
9492
10805
58891
7456
2397
24015
60155
31488
25194
47848
43501
9883
13555
2509
14309
24945
24232
17946
12844
3173
19815
22018
49145
32422
18844
36165
40248
20473
64366
34305
49158
24216
57626
8369
23349
22943
43311
46618
51583
59932
45845
29231
2383
6524
40610
48726
63178
62021
7067
42557
641
35326
18846
34189
23321
51954
38346
6898
31499
15147
35355
58880
53303
5134
24143
30333
1038
51476
47873
14119
13326
42842
63271
30253
9903
25614
7609
44473
43384
52230
17179
50339
50433
11751
29588
59505
51545
31241
32811
61267
51155
23677
45503
59737
34744
19949
14302
17791
37979
14195
3585
15003
55714
30695
50336
10758
61176
40717
23716
28076
24780
26924
56956
11756
40184
20606
42231
8387
28157
28678
37367
59510
43163
61847
9052
17165
15819
23421
7027
16943
114
19704
10417
17808
7693
23179
55333
16834
45493
4366
39855
61041
6447
64266
40498
36069
14102
30699
20472
2765
2447
23044
10947
51040
51551
20232
35669
33519
20134
60382
46462
60161
47625
49841
5268
27962
39931
59857
55458
63352
21886
23171
26867
6099
25635
61672
2581
19834
27474
2399
54081
2010
50704
24312
46976
16836
38031
42512
24115
10211
42319
62767
38019
61096
14831
28210
7974
53903
49560
47070
37373
46160
3878
43000
56918
46091
64936
24927
11133
39805
3361
65364
53076
54909
2424
10936
19162
35512
44884
6420
57599
54829
24404
63948
56690
41532
27818
36121
14337
29530
2590
38411
30994
43277
42863
43646
33308
8425
29764
62944
13135
9865
63974
15195
35281
31461
7258
6170
47845
54653
38400
2390
36673
40026
26249
4752
12959
63316
38018
52075
29267
24374
24302
43028
55661
65135
25176
3794
1006
16033
22444
8501
2893
30169
47696
45922
48611
5586
41806
30168
652
52205
34017
23798
24740
7546
32413
16739
40233
45634
55680
35459
54879
64411
5854
8562
45788
53598
60595
16685
49250
32257
39552
5730
21017
18627
47427
38942
35630
19292
24184
17100
25477
5355
59881
25669
61414
45198
46056
25084
13449
51209
51719
17288
23907
51314
44281
4818
27855
52568
13375
58180
26457
55360
32446
19544
14255
37544
7555
58919
20914
9375
16991
33033
60669
50346
14377
27911
60085
773
35113
56730
62952
54628
53312
29641
10214
2610
63303
16626
65088
8077
53786
2406
253
24863
55293
1699
63114
28759
4268
43937
14544
1702
62570
19289
15488
12464
15712
64186
47704
63930
51872
14947
18326
36764
61548
21753
50850
5137
44545
59121
2950
45482
2734
39938
9842
6794
13218
47297
5953
57730
46448
35699
7496
57375
47492
61005
6261
62246
26862
25674
8139
8140
60492
46423
21164
22562
15279
57134
45319
52416
54078
12729
65315
12705
10148
25989
26445
26512
59938
6762
59301
55969
3084
2045
5593
3654
5592
54627
42624
32406
24738
37028
16510
45932
42909
17066
33708
15160
48895
48634
49916
37963
15271
53090
65414
27264
16274
45154
44855
60721
8508
1891
57961
6563
65499
17240
31881
28237
44733
23253
8537
56406
34377
43761
3762
6086
17721
56064
22428
34969
65103
46472
51321
8947
4786
34756
30455
7889
24098
26537
18783
41829
35417
61689
1054
14276
1339
19785
61862
14210
27337
65218
111
26603
21247
54461
62020
63627
47240
42598
1137
31793
25265
64794
1937
39168
14498
60122
57065
19803
35482
3759
20788
27235
21628
60995
48498
28929
15623
24087
11150
10228
28436
48842
20377
37246
48167
18940
32366
34247
3707
30588
27668
43340
62741
12020
36927
16644
38648
52300
50168
20509
913
30586
9175
43899
17455
8499
42604
31806
26099
19646
62648
15806
58624
13425
42831
16288
48764
19547
57652
26737
24322
40057
50458
49958
16054
59708
31679
32966
43539
49900
10448
8049
58650
37582
47409
33286
53397
10427
3605
7129
60749
17863
61407
62919
11249
3181
42279
21286
53349
45299
25281
27969
32526
14183
45492
45530
20531
3675
36685
11091
35168
53772
38030
17550
19220
18919
60916
36829
20919
21451
44006
40687
42294
61493
10290
29994
11767
57571
25079
25337
58276
8599
29226
4325
24269
44847
65223
64910
29695
9215
40361
44567
17353
3565
772
23956
36408
29385
16972
27906
37121
64700
6676
3935
51724
12670
22980
16515
47824
46335
3713
14476
38339
6871
48584
8008
40249
43436
10475
47727
53091
62026
30049
3719
54121
35090
2210
7092
13553
59267
29251
45935
7551
2540
15780
49591
53221
33120
33176
54357
41040
65149
26466
61911
53518
17113
24052
50132
57818
41895
12946
53726
62477
26379
34040
45798
5504
40485
52060
81
57602
37294
23573
12791
27961
23998
26981
26910
8884
23282
46991
12899
63769
16494
41564
6927
18502
31219
30787
545
9659
33677
13503
24535
30804
12274
35792
4764
62759
64359
65055
15728
56486
8207
48068
52963
49111
3459
3968
21690
21217
36006
55670
11385
58075
3669
10230
44986
19221
12218
48067
59601
49114
55437
49549
55793
59625
26390
24347
25763
63119
60102
8043
47890
3687
39597
24112
38543
63631
44661
39596
59220
8521
50677
12025
22238
34151
53366
20991
15835
6096
56484
27659
36049
3354
23362
48188
5624
15627
10143
52453
33186
56418
34442
59621
34809
56482
50565
7616
31199
28278
44671
62825
62937
22560
5563
26046
58808
20715
57111
58835
30142
55806
50914
55004
54669
10654
6157
58744
22643
65345
26232
38497
11407
22743
20292
40079
15898
46496
53057
26749
21643
1762
6661
40646
26832
14758
61003
37131
10355
15549
14342
40023
33791
36318
7255
46965
54969
37911
33924
13947
43533
50097
4799
22435
44909
36621
3170
16389
15170
63295
39947
51977
25699
4677
35890
48517
39589
12184
14932
51537
56218
22519
15868
53870
39052
50423
1849
10659
45582
27319
6793
51836
56492
16260
31224
59413
21263
270
18950
40284
2751
20099
2746
39267
36278
48178
63099
63283
15303
26460
13292
30200
27304
47560
63908
48122
36870
49144
31944
15772
59893
34644
30907
15742
45269
16393
61985
7435
1242
64181
9695
57611
7467
1172
23327
1226
12115
52853
28548
19714
64233
24606
7397
48527
60159
4113
17237
57616
6787
54096
4459
1174
32134
57240
59896
18662
49600
64741
28167
42157
33327
44697
59180
17115
53619
5418
25003
47557
40695
64228
22707
40727
38334
61825
54845
30317
32970
43842
64500
61252
27636
26043
22136
48954
31554
5566
62915
10768
16585
49347
54356
52588
48771
42475
51263
59015
32376
54008
52456
17126
32590
33975
14678
444
34173
51415
6978
58627
42123
43494
19266
6269
13546
16591
26637
9587
9491
20555
48401
29748
32492
19205
11288
9493
30387
52712
45937
12950
50949
25479
539
58752
17112
53370
37122
1401
29444
59545
15425
34403
60121
48793
25328
5678
26562
21835
37713
9982
34199
9463
30038
45214
13955
61301
55303
31638
45643
46571
57502
61654
41463
51119
9869
48593
22341
38903
51985
11394
4332
16854
37333
18080
50748
63083
20983
36024
15419
36092
15506
21856
19420
55452
9246
22549
53740
45657
27080
8642
5397
31637
29808
25529
57316
39416
61359
24841
46369
31606
40121
18279
8695
23725
42121
3400
55114
8428
11671
44399
45533
13179
25433
58463
52835
1252
33442
23176
29083
58617
22826
19356
59134
9024
56750
39230
43401
10897
58011
35495
24413
14673
41171
48645
32038
15504
25898
11331
3655
55872
47101
64645
16897
57361
37284
61837
9114
62711
4510
55542
33155
4161
44793
49075
22582
51817
17036
9471
30623
18960
44142
40097
61126
26615
58757
1771
12412
40170
53966
22688
17155
55929
26243
41248
31399
11322
36695
45312
16049
45790
11792
59341
54410
14152
46630
41863
57274
955
33834
32509
11725
11452
33669
54812
53757
27940
2650
30890
4507
315
20907
44955
19258
27758
35494
38656
29942
33187
23255
1964
40289
1961
21861
20079
55298
2927
21677
49154
19124
20403
11504
8762
30659
31811
16283
49531
58618
22865
51846
51630
61943
54782
59518
34028
24320
51704
6949
8384
39716
30149
34330
44282
55601
54323
2471
15199
50448
11234
35261
61979
33612
41817
57773
24272
42154
23749
11045
29628
21697
26261
33463
10622
47120
57639
53338
61916
12553
48129
37706
36672
16425
12645
10544
7356
62232
38437
55030
49147
64850
48335
3594
1587
47160
57846
6274
42536
20475
7414
65409
35925
51784
22515
12281
40620
50387
61433
51580
7172
57854
37729
56238
26114
17994
13988
8689
17262
27502
6527
11573
8321
62451
32058
14671
33156
44036
17588
24931
32477
39452
29508
48094
26276
46666
63791
15096
54674
53655
1341
20653
53940
32793
51256
41571
56216
36043
30828
43353
13394
48329
24468
19343
15791
54037
58922
56919
1154
34319
41823
7671
65297
7430
23880
24959
40111
24337
50909
37823
47717
9756
30758
6674
11242
32807
20495
57940
7982
17219
55728
23299
61273
4286
57139
38393
55201
41580
57101
57096
2729
57851
34730
9726
64155
43677
5787
8688
47213
14754
42271
65245
63531
31533
27275
7718
53203
59850
27019
28761
39040
5929
7715
825
9830
29109
42746
4385
44230
34436
63520
65139
64788
7716
6335
4634
41586
41598
47499
4399
25438
7725
27340
56720
59743
21235
56910
61432
36171
2617
46603
23856
5994
27140
36466
17822
247
60984
25900
9717
5421
13538
8241
30113
15344
4771
63920
57465
14184
49629
12442
64640
33223
61517
39827
60996
13772
18971
55127
2527
53289
55900
45447
4384
31091
62541
10516
54040
59791
60236
198
43930
35967
20729
24120
47009
16712
46592
1859
1282
29786
18981
45895
43358
55883
21581
61077
28403
32564
9196
42717
26328
63180
50306
52325
57628
47460
57140
7228
44487
15848
18904
64461
59492
10607
56357
53927
26152
35649
31922
41158
59637
56267
54673
30227
2515
8418
47979
19050
48310
24981
11644
59942
38983
32889
4403
29618
63977
65296
673
22600
53732
2042
14778
44905
35462
28226
37467
8307
29869
19019
63897
24401
13164
51299
1202
12611
39166
11703
3728
35921
5251
19640
13566
2958
54337
44210
48995
13662
8778
31024
24808
5512
62797
30368
12123
25581
25625
63143
36852
44521
1267
35735
9247
41101
62197
5962
31330
39479
41150
12994
18039
28473
18983
33665
63117
31524
18851
42036
13547
4735
16595
43674
7784
21895
7519
27809
1160
40576
45925
31164
59446
43802
52694
56171
42970
37463
37641
53915
27231
29458
59652
1693
59718
43934
14704
17966
35691
64538
45988
21083
17058
19245
7439
49845
28740
25905
30274
50947
7276
38878
2344
19708
49774
64535
33808
23278
60400
6523
29296
53797
41074
23320
13209
35999
54981
20092
6903
16292
3191
43833
54339
4312
62671
52438
8773
59168
24743
38797
42119
8361
17265
31340
31035
893
19367
2945
1265
6066
46180
34429
62202
24096
24103
49251
39959
63734
15743
28213
2171
13162
38388
15687
13514
24595
16661
50468
4618
2160
12474
58939
24510
49625
35608
16090
39203
62025
35076
59071
55469
20343
52237
21246
8505
31283
11128
63557
59482
34018
19366
38098
25056
25528
16194
15495
57340
63624
58928
39923
39324
645
44770
63586
48014
31190
4528
40168
38423
26327
16203
11138
57328
64103
9930
64623
39312
55116
12482
32967
62445
23159
37930
40935
15252
42978
1856
53209
57014
2349
60454
48411
9791
30614
25810
42991
54402
57967
31344
44622
37174
61586
33826
15489
17060
58694
22634
15000
65238
47109
51561
58323
44804
43373
48854
34287
50958
56714
21513
2951
32678
53038
30118
15490
33676
45601
65192
4285
63400
10917
38067
8357
41849
42182
40500
12868
15114
64897
47099
32758
13861
14855
40105
12052
39777
18648
28631
24132
17905
51734
18128
38502
27364
37505
53068
34925
40218
2994
52455
63588
30564
20386
20980
26636
30700
1515
12992
46202
1986
47266
35330
60888
64982
62804
42468
27409
9272
9790
23643
9404
45021
17567
43656
49413
54046
52491
60657
62260
15385
64273
60677
4916
3835
32720
38963
32276
43508
44202
26540
39818
23258
942
34577
14436
22418
46947
65286
50512
3682
19041
55151
34392
1929
15426
49333
21086
44138
53579
39129
36891
41151
13043
42587
64837
47691
34916
26771
9180
56015
3550
38506
59756
36706
16929
46578
46850
59957
61940
43632
39034
55257
32568
15975
22898
21408
40963
40209
62369
40153
8151
1241
11277
36389
12820
14742
2776
58397
24024
19987
34152
57844
62348
10340
11928
64278
45287
49838
30756
30591
58859
33771
39549
59160
14445
28802
23062
29312
27789
3551
34881
14345
54260
60414
58521
4357
13643
52267
30772
33330
10923
44173
41432
21476
31757
12517
36437
50849
13382
19886
31683
27487
52430
55755
44307
61204
48555
43736
14954
56798
15560
57978
12995
47624
24189
21709
16932
58217
39803
27939
16509
30895
6295
46411
36455
44709
62068
48774
52784
35752
64007
22472
10699
10113
32143
43887
15566
19625
4873
16966
26723
26174
53820
10604
16281
40590
2105
61340
52651
14871
59564
46133
3691
14505
30380
58163
43720
49995
55974
19928
52505
10437
64316
58564
31259
51731
39081
13362
63224
28295
29499
26565
6002
27595
23744
27224
22002
44582
50470
57596
44504
35826
55302
6908
4923
14340
10854
30476
24186
45918
33972
33851
48571
52624
46070
60597
37936
16353
59
203
30864
10490
46417
42660
7571
62995
12968
12772
37021
30982
45803
4100
12444
3356
54529
1955
7315
42867
32549
55420
17171
8990
13611
3012
45609
25247
51269
28010
16313
11655
32957
32771
50257
15227
21446
54619
12593
53148
54212
44174
53103
32065
19364
61422
8985
13803
28897
30820
48024
37454
46706
35811
37932
3732
6426
29085
28059
33360
39581
30144
40992
64587
33790
37277
64275
10653
29813
32425
53554
46530
6552
57191
32616
14399
38727
21754
33656
57095
44027
15060
58139
9287
21050
15250
25235
61557
54372
23297
22035
48609
12508
61221
63174
42550
46918
61071
45520
5793
8304
33615
8741
22976
62587
15
52220
38122
4765
21528
41694
16368
33813
41288
62062
25243
56863
1147
29200
23271
44951
10425
52200
31840
27006
58717
43890
1050
36839
9799
17725
15384
47746
54962
25338
33399
35830
32185
57838
5057
44588
52068
24
54157
59886
28927
21360
26655
44511
56196
41482
46123
43515
13601
19748
13217
47011
40000
9386
26960
25811
50852
17142
15500
59669
14843
25744
2888
4380
17938
23410
49568
47982
60279
23688
11588
32791
2667
22903
64135
46381
49127
11066
44858
28613
62488
23760
45936
25550
45455
21149
1647
2187
14363
49819
41934
29760
49480
56652
43969
43562
36086
6453
58085
46536
59927
33394
62809
35363
16900
31657
11817
31783
55930
54415
57192
34701
41473
51596
59540
17444
52634
37762
60569
34396
46373
9143
10056
6047
7115
65027
28215
36347
7581
3636
37879
23439
45382
42566
51782
58007
11691
64117
49377
37669
33454
37409
17900
55933
45281
38416
40929
61830
59319
9467
33835
19098
28299
9593
25518
43714
52639
47660
44373
25574
34897
12659
41854
24697
35221
4523
50141
47483
36978
1609
44935
28725
5252
41304
41771
37951
43009
3444
15529
57518
52836
2375
40868
46376
20647
13843
7234
33724
25631
15275
36788
64859
1146
63899
39484
4567
33786
42017
13748
48243
18465
23407
56872
25861
5918
34281
29362
19857
39258
53196
19293
4997
18013
53654
23025
25325
51378
48868
22618
7154
48101
51956
60720
34226
47245
22810
40411
59546
37339
59769
54985
45842
65437
65381
24375
36643
6070
11311
24032
36942
1227
51527
59532
5705
9521
25769
62363
8675
19510
61479
1851
46550
21060
5255
28617
4308
13556
18807
10076
56760
7097
3020
52990
35041
1485
28882
63910
35266
29302
25833
29795
6073
36862
41640
16597
65493
8995
46700
5518
44783
13037
52738
35097
29099
22710
27709
4376
57487
57287
21227
7884
26131
63492
64638
57303
17993
17465
12476
7975
50952
58653
7275
35702
57479
55280
40748
39124
13402
17294
62459
26195
62625
19021
1919
22816
46985
35232
9537
20591
41565
31958
18404
41021
51049
25136
18929
55966
549
44658
33973
35585
36540
43094
59982
38286
13789
29009
64249
18830
37069
34450
12980
2429
55408
12503
3333
50911
28771
20003
49684
50686
62961
11303
9769
63716
16097
25967
45806
62181
51131
16103
2501
4378
39285
36243
57208
11680
53149
42347
33174
40940
24335
53195
5534
59480
51713
8280
12172
10840
60303
16775
35356
5253
6276
27040
47629
62172
17815
22739
49201
16149
33640
32014
44371
26207
61255
21031
35934
49110
49781
22437
19262
12502
5404
57790
10603
13916
28958
61647
20328
19609
1636
26646
9954
16653
9575
20106
40133
24658
53723
13070
37770
37136
31240
48376
61710
10440
42135
27414
22723
23556
4118
34007
65004
43896
8720
26493
64010
53716
47140
18941
21448
55990
44430
9102
10053
21673
26058
44498
2039
54490
29488
48550
55445
15573
64980
52213
1350
40405
27567
8060
53708
6379
53151
61172
1912
14016
8005
9075
41103
28312
33647
48746
42476
6675
46075
51727
64996
27192
48617
45257
40008
6166
58941
64109
12082
18312
15239
13751
10919
36776
24010
56663
9348
11555
35853
36214
34339
59524
6372
2545
9170
28132
36458
37773
18375
51058
21607
27158
25993
56780
28914
10950
17110
57970
30981
54711
2106
38626
22912
30450
10975
61398
24536
28554
36818
49516
27217
21603
2761
16853
59958
5349
42918
56249
20231
15078
3391
38293
16589
19655
49276
25535
5654
29122
58205
15093
6183
7515
17937
16415
40283
56785
33648
28084
15995
34939
65227
11517
63375
35730
6541
52778
49000
17549
12254
38744
14160
6846
31074
61403
48505
46317
14198
62145
64086
38342
15617
51855
41827
41089
39635
25087
40873
61482
1463
55198
51544
47559
53720
55987
55026
45066
45535
33010
11903
26258
3001
36374
64625
32722
6750
44640
40061
65456
25100
16705
3120
33653
13298
29139
8006
64501
17215
44744
51589
28634
5466
29331
60195
28121
16511
46425
26598
1893
59980
33097
8194
57703
39224
60014
19872
29572
9789
64588
563
25829
48057
52916
32208
28217
63726
41018
29491
60549
49269
60979
6410
62991
3107
19925
37772
10451
23510
24576
36566
28502
13544
38079
64802
34781
57689
57917
16432
35877
12706
7070
63152
44014
23030
1936
29961
31648
41987
59645
1853
41986
9446
17772
60663
47570
55487
32067
49858
12087
23638
21891
6882
39154
58116
19184
7958
19297
56762
33234
54887
2850
8510
22328
39731
31687
1613
21599
13754
62370
32637
15722
64935
61395
51165
36773
22239
16154
20797
7646
27481
27139
13850
1870
1391
48045
32384
11059
50556
46024
28497
52982
25816
42973
6591
15393
48813
13626
1866
38104
21231
21804
30779
11572
58761
60923
20802
59636
38424
31005
22351
48007
54030
21730
64083
19350
7954
35987
30460
57936
13204
27256
47121
57585
44445
4329
38773
57834
20834
22875
26686
34407
63360
29718
52483
18427
6568
19822
9506
33114
13287
19384
39808
58925
59192
24465
35991
50122
22991
55101
8452
51398
59677
42540
52277
18530
31979
22706
11134
4700
6979
9812
59810
25561
15085
38130
33925
20234
7962
60417
17477
28165
7262
65224
59197
15883
32768
6782
62792
20118
39084
13642
17985
20095
35767
60685
49441
33691
31073
22952
13834
60510
15130
21988
452
4704
22927
59487
14134
62620
55831
22333
44654
40565
42718
38175
38655
43984
63403
15775
35225
34311
12354
8794
63233
21152
56405
17221
38434
48719
39969
10978
36557
57113
60810
58591
12091
65260
37169
3757
17998
11790
3826
23955
5770
56608
42243
16150
4514
2842
57396
2662
33701
42173
12623
63827
35002
36234
24825
57661
57650
33960
41497
19015
59961
31514
29915
22338
27045
61110
4777
4334
31151
30431
6249
48997
21053
59702
52948
50084
50280
25399
32234
4569
23485
32856
3446
40281
56436
28913
31710
43997
31661
7085
12376
50367
19421
19374
64943
7745
50782
58642
57995
21688
31458
65335
1498
8497
21369
41444
37469
10077
21693
1832
58122
33928
33554
35391
30590
39440
16414
16430
6817
17580
60972
35443
57666
54290
41243
49435
1359
39570
14175
40005
63337
63907
9855
38964
54115
5092
8620
62436
24383
15976
29292
60723
63373
65429
26965
45831
14251
58127
37182
35050
8502
4434
58579
40785
13469
26429
58576
8864
21362
25757
62461
35043
29388
33589
10863
3498
56562
6498
12323
65330
22604
18548
50467
57586
45280
13715
1578
31115
38750
41655
23986
52574
38960
11568
1053
15851
45456
57603
56303
24299
10144
8798
62688
60547
52256
39970
18913
10577
5752
62090
35132
34381
13633
1313
56563
60401
50147
13632
33590
50843
18840
28896
4338
44231
59960
63423
34737
43476
59746
36711
18190
46588
20581
9972
58404
35358
30738
58719
40077
19597
27804
30771
12667
59007
58244
56804
63417
50148
29749
11554
12847
61417
23925
56813
38477
18794
56574
7998
53499
65342
50808
15681
47883
60670
23348
64286
13800
61592
48185
26494
1490
15417
26382
44236
61013
12562
8344
19700
30805
47025
51921
57401
11549
9177
44118
32808
19542
40022
12328
7697
48038
48308
64593
7249
28865
57311
1726
27734
37855
59920
4612
12447
10771
9378
17509
42894
23125
42846
52218
49672
47062
37173
36431
63036
13615
46929
8188
11985
29468
38997
42335
30131
24661
9555
51873
64364
42467
24671
36959
20629
62258
17629
52207
28582
40251
30842
36144
28395
9265
62443
2157
1580
10154
59440
5307
41575
49869
29797
48016
40530
2954
19477
10314
7894
21432
42743
2069
54629
13374
52548
50935
52656
59109
45897
57179
64232
8468
19476
42285
5269
18130
34355
20727
21216
1518
45250
20934
2818
59108
60726
3224
133
64529
34529
55721
60925
9625
56772
51253
59464
17913
35129
46043
15528
47891
53026
14260
44129
15502
11085
64993
59530
61629
701
46124
28572
26396
50802
45436
10166
40738
2657
31046
61001
1283
57228
56642
32632
62581
5789
52514
8848
29771
22602
60233
14354
60229
48540
32224
54039
56979
34538
38304
32629
40755
40739
15282
31189
6893
8246
22007
14281
18800
11896
9803
23422
8519
34535
50073
25089
54888
56261
8309
63893
27005
61552
65024
44235
10536
50664
17373
15038
64542
34542
56458
60406
54911
56259
59296
38827
46081
60554
35135
11681
58696
24138
12207
9476
63171
19475
19479
29733
63912
33076
37035
57504
21539
24749
45260
9940
22843
14714
63170
7103
15498
11072
40158
57659
39314
53608
12810
17015
31129
19678
17374
12746
18810
51728
39987
55134
43793
57231
54202
5018
5006
15613
14304
10800
711
14317
24117
28047
31296
49994
46752
6840
41285
11083
56302
31126
23303
54885
10850
18789
64835
26322
61381
60162
46728
50053
45835
20568
43799
57218
19473
48325
45417
35829
36592
36411
53615
39953
45222
58320
60232
50051
41339
14700
43806
57225
703
29482
44330
13133
46864
6896
3606
20712
21485
299
60228
17302
48797
19832
45475
11078
5937
51876
48026
2525
41730
47320
48030
32623
27848
49762
46723
24684
49492
7462
14259
19480
7171
39495
694
12103
28391
27025
51027
27797
39976
41757
5934
18775
51265
24532
60347
16361
31694
20799
10667
33257
63564
49987
31037
19454
1190
13350
40854
4475
17395
43102
28696
62229
57318
10240
49758
42872
8820
37501
6671
3353
34822
11925
38435
48374
29534
57327
8289
65201
41508
7237
53681
60086
35736
48667
12437
36218
1349
11481
35860
35450
23816
64353
61423
13797
18645
24036
12357
2870
49398
41737
48384
40499
40321
64449
27743
61179
64823
35861
18443
49934
8704
7544
39135
27651
42189
50773
10449
9411
51275
21166
8737
58876
55181
36119
46832
26968
47416
6829
9890
8788
41280
22451
32562
34360
20722
61808
16541
28027
17045
52852
49451
45462
65003
60976
1977
26859
48545
60892
18721
13291
39121
8691
27539
35017
43489
30328
40837
9264
32662
1062
57286
10583
22864
51542
10602
58865
23582
63825
34831
22882
40135
23096
22942
53886
57141
49779
34304
58713
12226
39367
3546
35836
51276
11266
53634
31599
45867
10874
60548
13286
4985
45875
34698
39980
39044
20056
836
24292
44127
34248
44431
46712
25622
33561
35886
22861
55723
65492
12094
37981
28601
42789
32574
59709
21455
41610
3102
6558
36615
19528
23442
60798
19931
51516
46784
39500
10802
20393
23431
36272
41232
61378
43529
46139
6480
48174
58473
33903
17916
53225
55957
60283
64577
7233
65465
35891
6477
26966
36741
31788
50393
15684
39606
64581
30656
11798
64351
61446
64209
26568
32209
63013
48406
12453
33780
30979
6181
15069
58092
41041
7244
60140
38456
33130
15104
18369
20392
64300
51933
23884
36661
30942
6732
64620
55405
13463
40496
22763
34819
33584
26775
27963
59398
9008
7810
2061
1127
55159
6862
27729
29209
49871
32175
17967
38966
38973
1802
18215
17553
14716
35196
51966
42906
57591
34352
63603
9895
18085
61920
27191
62485
34142
46837
52359
21174
21030
49346
36090
59696
47336
56517
34750
36216
15829
901
42489
20520
62873
49026
6983
52854
24037
14177
35816
22773
61635
17618
16162
64204
34588
53304
38478
56619
17760
49039
6977
17865
58606
9705
56106
35055
52626
33085
36087
42802
47092
9899
19007
36667
25258
16804
52353
59963
40763
58874
37789
8859
1411
35605
59892
20434
22277
33255
44799
16717
6154
50626
37412
10104
58087
49654
55889
37874
38459
3500
1040
20623
59155
17507
32956
41649
25689
57619
52193
48866
24469
6621
57088
32618
22065
15693
3174
63120
33056
14350
62094
2251
41662
57872
6592
21259
2254
52612
56707
29457
22036
3940
16877
64295
412
17838
36935
63005
62893
60135
37447
46811
51842
61224
35913
52529
40322
11020
33858
38734
22513
15846
64733
64890
7389
59118
7198
28188
52611
22215
36690
25397
46217
3268
13792
18248
2037
56991
19011
64543
9383
50320
37931
48533
22805
61409
15667
7665
1394
47588
28022
6537
39523
7204
18866
27369
60505
54642
12885
3161
12322
32802
57417
35237
1440
51277
24543
49395
48867
50350
41774
25502
25390
55376
13712
41886
13486
33983
22765
34848
51904
54376
2654
44805
54389
47362
54548
11752
19354
31765
52202
30985
32231
57576
9957
30528
5567
20268
11508
5557
33026
11540
991
59364
14396
30143
37628
46308
20011
44688
36956
37618
24893
38718
26971
64939
46892
23059
60815
12199
48865
56884
7194
38455
50758
18790
33531
33617
25756
30133
37204
14284
30140
30429
18539
38081
51773
37922
24659
54201
11569
44161
43506
36947
4832
19688
64338
341
19634
49708
54766
51896
11096
39755
25676
8002
4485
9667
18056
37096
31482
20455
56066
57100
15255
49696
16477
4655
42706
27880
25664
8011
12572
65119
9932
6754
48618
19013
41840
45599
64855
55500
38198
39874
13032
64559
35062
18244
57405
51751
38866
50317
53904
54623
36328
30707
46460
11698
5880
57017
49307
39750
33331
30952
18461
22788
18051
39519
57708
5023
45665
38776
20734
16144
23547
38622
31088
49811
19154
62842
45268
15513
36203
15508
23882
44802
24240
27331
60142
53831
42073
33714
28697
31763
37966
20109
37171
46616
64667
60488
37693
20287
14096
16808
34391
13911
34129
7978
19314
57904
4114
26132
42278
34033
17999
40772
29460
17213
33484
16674
19237
43813
42301
55867
36028
49914
21900
5711
9534
26164
61747
40769
40188
9771
30648
57398
36883
2549
31870
30856
57473
39997
28659
62081
53577
13285
41941
53099
62367
19982
56903
22518
3074
54701
29399
36496
15515
17019
39474
30423
36346
50566
23300
53318
41557
28397
7785
22403
28398
28222
56409
23641
7812
18853
44760
65195
64548
11014
39396
44728
17018
31113
20553
59201
46361
50457
5053
62429
39657
43274
64082
43442
25566
7135
25118
10834
30621
48209
12915
45576
3650
32296
7834
39618
12075
13807
33958
47198
34306
54839
34772
25778
45820
61544
53711
8460
61538
16145
22116
35042
18714
45810
39899
40246
38619
26331
36652
27611
43923
39541
7770
6812
6281
59374
1204
29307
39246
59114
33683
60696
33695
40011
46353
49643
49483
36665
27221
30641
41291
19278
46184
58943
33080
23492
63740
12783
31518
30637
23515
20636
59123
32567
12003
30208
24979
21720
1315
55240
20145
21778
56567
55530
58119
1507
65458
60148
58192
40990
28097
48451
33555
27152
32968
33428
1087
2798
2750
17570
36553
60376
41006
14440
14090
59347
64398
14554
53213
41785
58934
13480
54883
14970
40415
49720
25401
39999
15242
37721
35457
53046
20565
57365
42798
52257
48656
62050
36344
45834
44019
44881
21250
36579
18373
64428
50039
22696
52095
24139
10529
56295
47355
21058
56776
23916
39340
1786
57474
58114
58610
9206
39680
51549
61046
39370
12236
52740
57144
32004
56572
27915
7437
38006
39134
5471
2740
27428
1841
4033
38672
52723
13251
26285
16072
54313
54511
14478
2238
62888
59534
16073
49433
35497
22732
4438
58584
28939
37133
34328
14349
59151
18606
37099
11499
26665
36226
21255
40792
56258
29569
6466
63242
34790
55219
64122
59965
39064
25350
7310
64654
54328
11737
11225
65314
44393
59152
59897
12335
29484
13124
56462
46020
58910
36340
13997
51297
13391
60558
57086
64681
13727
25701
60713
56767
49830
2003
633
5277
45628
37750
32690
5806
26434
11791
1181
60194
18136
51089
16239
37356
5324
61948
15204
4616
48953
56602
4942
62286
23307
18498
49668
58511
60050
23604
17139
12520
5020
15604
3598
48323
42926
35827
23056
36367
42862
3838
48032
9388
34695
13177
44718
43653
42792
50365
19274
53931
22498
53604
11977
19792
33084
6162
9428
57906
4291
38239
64144
64818
23252
12104
41783
47413
356
34357
30929
13882
683
7778
40586
46294
16188
30819
56319
27081
53955
10819
41838
61
4839
33106
50220
40860
8742
49522
43940
42209
28801
33659
22067
11477
17188
9853
28551
61910
22038
23069
4104
39291
42859
45266
63681
48207
19543
8618
48404
16850
33169
18047
31800
53767
48347
51743
22930
6546
34155
11320
38711
23357
35962
25062
41538
43781
53035
40747
52517
57877
43136
13713
36323
788
25617
64537
41613
12866
46724
41328
58309
21768
42303
24898
50400
39709
23551
28227
44568
49901
48833
437
54605
750
49159
53809
47782
61121
32431
31002
58795
16416
30058
9203
2324
4410
64743
34102
60239
24600
47893
37767
4676
49336
59367
39239
49627
51052
20609
62905
35919
1156
42153
62998
49612
36886
47896
24038
45789
136
1371
34091
53766
36769
32200
24505
36593
17006
19909
55827
48336
37590
47892
52479
46342
64229
1292
12888
12833
36396
4313
27917
32829
9526
396
50539
57622
37038
59107
37168
27086
6837
22800
30992
60427
55502
31965
127
3427
15357
11485
54731
29405
51662
46725
45923
49104
33410
2682
18986
13467
12812
6024
37726
52559
40753
43021
14414
23613
25776
60227
6854
16559
61057
14353
14692
23921
56003
21963
12248
8200
10645
10617
61451
16817
32925
6212
7759
36510
38351
16003
32797
32223
58677
8909
15291
33290
16903
19059
19929
16540
8913
47598
42988
23539
62584
20767
38430
41551
50206
21478
41068
62552
1112
746
62293
42985
50052
54599
29338
972
35456
46065
18035
6957
13769
45301
48754
28258
30497
13296
40085
54966
43380
11450
43075
4647
26812
51228
6813
16901
59879
14944
34023
12894
56133
1750
42742
16521
44466
59112
65014
48615
64616
14485
36940
29833
53169
8960
33092
50676
19580
46882
33542
53981
45444
42603
2913
44725
10700
21110
36990
19150
48076
64781
23223
63956
41181
25998
36824
45446
41560
57166
19263
64172
10187
58771
49369
63773
12682
25521
28680
41487
10686
52942
30487
12057
43383
57155
18218
17697
63078
19870
14413
54483
58685
32923
250
11880
31276
29146
39741
27742
60676
7816
17402
40400
27657
43424
24153
30761
39348
37328
12620
46707
20460
33822
16770
19130
59674
48054
45604
27198
53701
11796
53101
21898
42350
30839
17152
63446
13153
37178
16596
49364
22936
43730
2453
44093
51849
7363
40782
62390
25060
15077
12828
26692
39502
32766
20577
36209
9955
16498
57915
11047
1714
45962
60491
52040
44896
1505
22709
12779
19706
24647
21213
10243
57168
28690
45639
56156
64629
28138
50315
20795
46610
9645
6869
54988
33674
49388
6519
63599
16279
58764
54528
42217
24598
39990
40771
42705
13377
29735
34752
36918
4628
5364
65104
49599
41471
32954
41472
45010
34996
50017
50747
30125
44976
38080
38999
13885
3434
20041
59184
3098
27085
27186
62336
52330
47029
29115
40117
6997
28147
51582
62860
43579
16613
61755
56126
40906
58951
62603
11584
25418
58629
38039
38583
26290
9071
25307
12311
18762
10882
3048
7398
392
50789
56555
46297
39123
61929
46934
52658
29415
44007
11070
42931
8648
20449
29142
57348
21398
28460
2141
55385
45966
53439
47267
61447
11665
14859
53790
48595
58709
24777
8608
37609
25963
64100
65389
51601
31791
21631
45372
56102
37198
56097
37329
58094
19642
10780
10359
33333
63320
56197
65112
26398
64222
9019
11669
2496
64983
23152
28420
16198
24409
33226
9877
27999
11883
36662
26663
7839
48036
17971
19104
21662
8588
24276
46924
9628
15591
5556
7595
46198
1465
2592
9271
37586
1220
14083
21193
65508
60846
11009
27956
39076
7051
20711
5402
29276
18736
46397
9617
52767
40240
63828
62278
35341
3828
60425
44509
2855
7948
25882
28219
112
27012
3219
37464
54665
2508
25761
21480
22755
51417
46881
21846
50734
6497
26220
52403
21422
4831
14833
34279
35137
49523
23635
46975
20750
57876
18542
39925
62956
16461
63552
25876
22264
47325
60029
55290
59793
41048
18906
21562
21802
16924
42260
54144
61238
6726
56212
40319
9050
23156
52654
62523
45156
43954
30746
19305
4166
64110
10106
19064
58176
34032
13237
20832
60503
40244
64709
1606
33432
26632
32171
37876
17767
60553
27959
52290
9263
23656
57861
17923
42886
51788
40044
48349
25304
24018
22703
15388
16215
36251
61397
30799
62195
54683
5316
11579
16657
18143
44125
2430
11836
8587
13654
27823
13160
12581
64385
25459
25946
63979
33570
64379
58413
20614
52350
3280
60882
37384
57727
49670
35896
35590
5717
1723
48695
11155
26729
17904
50226
64827
50160
41830
44645
35845
56805
57563
35229
37319
36409
19533
29882
27871
61467
924
32891
45647
12053
48558
35208
36256
19105
22401
58012
23975
23113
49286
12953
8181
36257
3748
52583
25199
41066
65442
28139
35977
9012
40934
16800
24809
53771
4544
16197
24253
23990
25283
40428
40507
45191
26852
61256
64271
28509
39477
65412
3187
52730
62267
58878
63700
7643
43224
21792
31398
5386
49686
27737
7372
24668
38195
52779
5564
64564
31796
36949
28095
3435
5555
19513
11662
42031
15157
21452
18937
34787
7991
24722
23402
1338
32275
41403
18308
54306
45653
62653
5117
55000
60066
33250
48955
29124
44023
12210
65503
41652
1256
35088
34681
29275
29254
21935
22504
29250
15474
21144
26358
43621
38991
31098
54176
7517
38879
44472
2332
13994
29745
60883
42544
1423
30918
25784
50607
20524
49636
347
17573
20305
2693
39516
44038
24581
2531
29027
33545
52191
64163
16609
31707
61069
2404
14651
57598
7986
21797
6761
39480
20285
35588
60658
60288
61523
20199
40840
29506
24967
3518
38276
40243
25866
10629
51428
33030
59533
56250
55617
16134
30642
22316
46038
32708
65054
20362
64514
63812
42548
41409
57128
15386
54946
36213
61400
7083
13680
34632
13837
15142
27444
27847
31420
61245
56759
19879
43323
48999
20522
41676
43203
55233
39412
48739
330
17134
56255
40029
16007
41167
23988
54719
59770
60765
55232
62087
32160
25177
40569
41397
56055
6386
36261
14394
12072
56322
8158
54680
63138
19780
2340
1299
60430
58196
29810
16300
28102
27472
9729
52281
16517
65321
5541
33868
47433
40180
61674
39891
40332
4914
35897
41100
19823
54738
60741
19590
20537
52731
59001
30003
52923
64641
30148
17180
64119
10871
27782
37108
44701
43434
14530
56666
18704
29238
18154
45621
62082
26584
49407
3926
10195
36348
22484
53699
22398
64947
8295
24850
39241
8290
17891
62803
61547
22286
53033
39896
62959
11886
26021
20849
894
53859
27301
23883
22596
47155
5099
30575
28388
10289
18540
29756
48485
62644
33328
21916
42903
10481
44851
45828
43054
54239
53400
57998
5850
18764
28757
53957
37918
7001
36102
4197
56673
6879
62156
43429
16568
573
11638
50818
4233
35193
2142
22535
65394
45421
58813
4094
44351
32436
10000
18698
63314
34253
7615
15562
24313
55123
62734
38359
51504
65481
4621
1092
11780
24828
15458
34873
36694
5139
36754
50783
38955
6351
888
278
43823
62111
53403
32598
9162
14524
6921
58058
39856
29345
38576
21119
53529
14072
8110
44848
8978
18780
31421
48211
55584
34879
56715
58689
31093
30008
37419
17037
45848
16740
55465
33138
53465
57972
38630
38831
13194
27861
39434
27968
40770
7222
30344
27460
22394
16459
42818
43063
16108
61280
30395
57154
6727
25834
35847
19669
63131
5704
6277
51490
8846
9746
20282
1608
6441
44721
24858
30594
31211
25573
43959
11307
20338
26130
13244
6589
44678
18021
19509
13842
51643
62740
38635
28389
11116
37303
39173
39989
40779
29929
13388
44081
21109
20197
64200
54770
7077
9751
25751
57163
6694
33697
550
29394
42824
46510
31938
17234
42819
35507
45998
30552
38674
57186
34662
28636
552
37869
22926
61924
19693
61531
14136
5712
8014
25316
37101
55033
21417
15630
32643
44668
1403
28479
5443
18175
20463
41682
5162
55799
8003
39198
4745
12740
64701
21681
37913
36570
57817
24202
9967
38034
38323
6218
19566
44536
37283
4499
19134
12913
6691
49926
14683
54614
49710
9119
50209
35973
31601
40429
37295
33939
18471
57210
8325
61165
34876
64165
60384
61605
33633
11810
61661
40438
35299
56723
42445
34600
9042
47706
50628
45990
30541
21863
45238
18771
37877
12303
64211
37631
64435
52080
61536
65
27605
64974
23301
113
64
64102
22475
27317
6706
5299
18147
46624
58515
9858
20528
60031
38368
43190
7763
26015
65336
63025
25685
44903
41166
14065
14196
23652
33773
23470
52275
3993
25378
3036
20538
10328
6756
44972
50895
41118
884
35579
31574
4834
8739
41967
18381
21523
10787
34679
39897
323
27534
19382
45854
32321
37345
24280
32689
55430
16170
51391
58848
23036
54112
58786
26242
4044
14431
30300
24396
34871
1414
64314
56629
42352
23966
22806
6917
26047
7318
52175
18672
62897
24339
21808
22945
402
54716
56808
12615
6651
42696
20486
65478
23240
19526
28016
7542
52970
30047
44028
22752
36079
21379
31918
37788
61582
43103
63342
29688
54463
59350
45115
56283
16024
59157
48355
11438
3555
50832
44099
25904
7701
41792
23695
9584
45649
43525
35268
59659
5897
58390
57568
61477
46083
44205
2707
50100
3782
12436
10103
42136
24525
2089
7529
64609
29879
41903
4289
14787
27821
58431
53215
3171
38870
64277
1648
65229
43857
42387
14835
3228
7089
51776
23347
16040
12421
4736
36039
43482
15423
1500
17054
57114
58234
64839
63043
43301
24501
55231
10832
58818
41445
14097
56030
59567
44677
27984
54083
59921
36383
39859
34299
48283
26571
33516
32741
55870
14207
63252
60105
19025
21737
14392
23898
60387
20753
56630
45709
35758
12575
3724
19073
9049
9308
44982
19955
5795
5552
28151
21878
42454
23676
4259
1286
30716
23665
13683
8144
52234
22525
32076
44984
17846
37152
33853
43882
32544
51008
30323
25951
12642
54296
24682
28755
35316
30896
49052
65140
64305
18019
34541
41857
3801
30005
23088
50322
25634
10537
46604
49410
2217
25644
59075
44228
17540
56528
44453
9689
43121
32661
32488
22506
27127
12595
47724
21541
61715
47934
20974
12782
15158
887
8538
3593
42716
60742
27194
21195
4635
56595
55313
52067
62414
5070
43924
7060
6741
52187
48027
34069
58325
47278
1775
18450
2663
36832
31567
37872
48302
36014
55396
34444
60100
400
26588
54407
11415
7944
39927
47122
27028
28564
22839
46845
55299
27724
46354
55020
53730
43241
26364
59832
27926
5240
7702
14688
6221
30246
35213
21226
147
30509
47925
11239
12618
60172
46763
15932
23930
46486
19741
41541
41163
18124
32575
22614
3397
7307
58059
13886
13681
34337
16655
28368
2426
24054
22801
40632
5538
3523
28371
1297
11470
29376
23095
41748
42334
44180
61814
31452
9949
29848
51524
58043
58743
33251
21354
47714
8643
25162
52546
3394
1781
21435
49931
19996
49513
28997
16225
61690
12935
9237
40234
24517
42039
25655
49040
1161
159
58905
24849
9847
53185
31898
62826
15324
41768
35917
8324
21192
44494
25632
61448
35655
52265
44135
35659
23822
18114
21206
21885
11781
61992
18117
11787
8203
33259
61989
33287
64354
27825
16744
34528
31705
51632
25036
22966
35079
43271
61898
41937
44209
19512
16906
53097
3945
229
13815
42812
34961
9360
29591
43759
49051
28571
35910
58056
58417
19406
31742
28290
7460
4979
9508
57224
7062
41585
60139
5935
24634
25134
36843
25384
25381
13878
6801
5221
61444
34455
45666
21795
27341
48023
6809
60169
56576
47452
43278
5837
61431
54408
34105
52535
28604
64800
30851
61735
5818
43860
33154
22115
60275
18590
55709
36395
51570
37523
53094
53592
3078
64424
29635
28670
28522
38627
12662
33298
47543
26411
21862
7804
1342
35705
44242
1036
33876
18098
25398
25668
37771
33870
23462
15040
38746
27287
29412
27297
41133
41742
35623
34754
42822
47846
36290
57158
42211
13301
51749
63961
43559
24672
348
7593
43104
12206
28764
38902
41249
21912
57658
35875
50741
35887
44326
45710
28715
47844
4159
25130
26363
4994
57468
46828
27568
47081
41563
20655
61112
25267
26288
282
34342
37948
36814
46107
56721
58055
56726
23139
14646
28804
55390
2574
21102
566
12831
61852
55592
40972
44960
15230
857
16617
37102
27885
63394
54005
21796
48825
14893
1260
27838
38155
10057
41601
51401
54791
335
41594
38131
4884
41144
586
59773
28273
55561
51986
62356
51538
43572
20205
24814
39227
26163
16981
25665
60145
55325
26601
43231
35197
30196
64153
43683
17925
2059
36535
33723
24529
31933
14398
51225
43809
26035
1484
51117
52188
53544
44162
11758
62134
37312
37937
5814
45650
45108
38044
13814
60231
36920
51285
22601
57421
30457
27233
9725
62321
8500
41782
19666
2784
49429
4656
21317
27714
6786
37563
37105
60035
25028
65066
16606
54191
42745
17647
15143
32663
15749
30535
46219
59144
63999
65435
9113
34118
63297
46445
51193
57082
45119
34488
65045
52530
26780
43869
53324
44324
27313
6332
26711
4633
9479
51766
47620
41263
56680
29593
56376
26289
25408
33291
50736
8602
9261
43463
38097
57157
53137
27102
58599
64455
51070
65109
48796
63317
59011
52418
8332
20927
48601
64978
63264
46505
41943
2395
33253
14980
24495
1564
53888
28073
7102
62536
3916
33149
47309
40420
32370
37994
21558
63144
44924
1335
50282
50554
43116
17860
55825
61699
59494
60838
42992
61633
38817
18510
10739
2873
44385
20306
2844
36775
33212
21717
32091
48388
55067
27373
9788
30651
19561
1443
20126
46169
355
1722
64242
62242
51104
28353
8685
49085
51324
20017
64819
47332
53595
45540
46542
38839
60872
9406
26421
12132
22771
21500
60768
32363
18562
27368
11747
45305
23605
24195
56810
51102
48632
53113
61790
25170
48893
56924
48119
30944
45037
55065
54491
3519
35598
22913
1231
20078
23224
38649
63452
29454
37110
42419
32744
63473
9424
3146
18240
10740
49918
63108
37293
64382
19841
25939
37029
54737
33191
45605
24504
21251
1618
61239
22774
24557
43611
49561
33045
61107
41362
62754
45231
19248
18572
25006
17859
17412
49196
10150
25242
25068
58577
53447
36531
37154
39942
16077
32457
41265
46348
1994
2234
55252
45607
44355
19977
3186
49903
59148
54145
51742
60820
14089
26491
46465
33568
61020
48286
41294
55700
43821
31386
15396
26919
49464
33571
58780
26621
39670
19750
26094
61052
20791
57740
46645
7737
5038
57296
28492
49837
64078
29895
40710
54092
22485
27833
63736
40701
36464
12411
9980
61464
55746
11889
56784
47929
63251
56215
10071
23814
18318
9037
14973
56731
47881
60852
42750
14044
24285
8586
5513
63111
63927
7742
51803
53587
1620
48819
24029
46928
37866
7479
8890
52308
25413
48095
8843
59388
53534
25503
22154
14179
47417
17795
41019
608
40457
10125
46511
28230
20953
15264
62423
5122
39114
4179
56832
50659
2301
44959
7164
83
7395
7121
20074
33994
17556
6299
20071
40397
16482
55600
25447
48380
8561
58632
8000
42612
11157
44842
27778
52931
51972
64695
33978
19849
24643
42133
63351
42869
58133
29334
1357
58987
57325
19329
44272
10232
34021
55459
57956
25256
22001
41153
8867
45502
37475
7300
36547
471
18546
35510
44169
25785
30176
21622
61133
51065
22017
20381
20073
27464
61578
15967
50010
5453
39576
58315
22390
11235
28629
27349
49274
14640
2403
14979
37487
8112
29034
52697
51369
64179
2432
15487
45014
43734
12902
51681
30757
43620
33143
16523
65494
20097
23943
38889
17297
26185
12578
21101
35737
61706
53639
17976
5651
30841
41697
30531
2233
23911
10634
31218
46648
62119
54501
23093
57234
3111
60610
35337
14132
37554
32023
59317
62088
10064
3511
57307
10953
22697
30742
29510
31083
47831
64014
23
47169
33321
37560
19500
22617
24876
62649
20124
4481
12310
19588
41800
46241
21205
43012
51955
2295
2153
37366
1619
29407
44885
7985
23251
41639
5715
51685
56778
5525
33990
64916
60333
15629
27203
56477
40371
9148
47090
18202
15599
39851
6992
54298
58506
14629
5614
4945
3859
5660
55339
4557
19788
41246
27619
33547
40045
1468
6343
30947
12288
58733
43256
16894
17640
33544
25513
15461
43549
11617
4902
26044
50776
29410
44072
16939
60278
23342
44665
49363
53964
7790
62931
7120
27573
21877
50614
2934
5584
64467
23475
42422
25442
33521
52387
14519
273
33243
41853
26005
19838
30339
22252
8656
42650
5151
47726
40604
58477
23292
15751
17597
39441
63883
17031
37917
15928
65518
40373
8174
60643
34666
11904
48464
8123
11187
38941
57986
7692
59368
9234
37399
60266
35650
44882
57320
21708
54786
41424
50715
46402
43249
33927
13599
9426
4469
22965
45734
12255
58831
63214
32557
37549
27061
35264
2600
60609
30514
55441
15957
57412
32190
52806
44153
39849
40676
43221
18616
32933
49489
28211
44449
11177
19577
53177
21826
13992
54082
42571
23220
9947
33256
42849
45800
60226
28272
26586
24885
60994
18756
17668
34657
12936
49328
34963
6604
23679
16020
29921
49270
48250
64758
37481
58236
15924
40726
43994
11816
15978
27137
48478
60850
38769
3563
7687
64904
65173
11213
45612
51166
51134
3537
17220
21419
11164
39886
14587
50075
38859
12860
64191
1011
55857
14937
54424
12319
24021
30156
2107
22084
25308
65076
63044
18955
58549
34782
63882
18289
58828
36034
17120
23674
55348
18737
47821
64703
39012
15909
39011
20133
32917
57572
7289
31865
9134
27839
45158
4025
54993
20136
29601
58340
9840
139
11214
60792
16025
75
29324
52091
59339
34975
8540
56897
52059
10895
53986
2585
61167
26247
64626
31991
10371
12544
26032
56282
57667
23107
59568
13702
5173
46063
51495
4715
16485
56281
62126
41534
40398
1222
27571
62058
60576
13704
45817
23477
63392
39840
62683
49525
18968
54094
25791
43560
39268
59748
4524
53851
36653
22559
62060
62112
60617
38638
15182
40219
52856
6843
8571
1926
21941
63058
10374
30311
55951
64732
39093
34947
64141
40730
51244
51118
26487
18607
7831
28008
61617
19760
32107
40549
51038
64572
11739
40617
40623
52507
64866
50210
60915
64494
15844
54035
17454
62239
58349
52008
47681
31249
53991
39149
49532
48259
25746
