28595
2047
33546
47103
21228
19110
30487
3814
45756
37705
15372
40190
57158
15342
35523
47039
43830
10676
35737
46803
44871
1606
5758
16736
37680
51946
59936
54637
53369
38995
15456
27085
33962
12980
2278
63863
32344
45757
51535
20701
2542
6323
34742
19895
6655
31616
11706
32142
65519
60175
36280
8788
39042
14091
18229
42163
3642
35976
4608
22382
44797
53206
27091
50052
13201
8319
46814
21108
47806
6184
49637
61230
28387
13123
59865
58004
33226
58907
36858
55595
29426
15487
31595
6734
22078
9063
57542
46571
55584
19629
24348
51918
50985
15157
40181
52213
25405
60980
184
59352
40959
46560
65357
52240
22846
5419
55402
59107
37507
10513
28908
29466
372
3271
26593
6800
2832
22353
38781
26717
36238
49453
57836
12272
63310
33843
42053
36109
220
56875
2539
18609
13657
59398
15095
25120
25502
23194
10017
15855
25012
59947
4290
217
41811
34835
48816
16349
8860
53645
16208
55955
42063
56870
39135
11197
1077
60342
11046
60363
6031
2258
48501
47314
41059
7544
11793
8643
32476
56693
18739
19325
58470
64102
39487
64100
24079
211
23381
51417
47739
13073
5325
2528
222
52293
10634
58429
17264
29259
20029
23005
42015
47971
35006
43947
41850
39777
52600
37617
44146
12936
4441
33085
44440
22574
21134
26795
27391
21119
3029
7451
47644
7538
59179
32363
33482
56692
57787
11724
18851
13140
36949
13380
16722
7613
15760
9929
52459
61864
46809
42781
58019
38019
41488
17242
5408
23977
64234
64677
43001
49103
47565
42193
54488
5753
30149
12253
10688
53374
29783
29635
51178
31659
18043
62305
924
435
1042
34388
12377
62028
46435
25610
59343
617
58964
40007
21510
22123
59491
28530
28267
15465
47367
669
6151
7789
34824
48841
12860
16395
3409
15277
2261
43854
6905
3692
59297
46268
46289
36165
31576
35261
31097
23302
2537
205
49970
18274
36496
1239
46712
14829
9021
480
54292
14921
10099
16364
19828
49263
31961
51056
56867
48946
27043
9664
46241
17467
65268
8305
683
51299
15019
35941
61544
59950
26972
7783
30478
43088
38412
60488
19250
47953
63778
33524
3150
7865
60216
30984
65176
3691
7160
55704
24897
64141
18549
21062
9629
45137
44715
39710
2866
62374
64791
29960
15311
26187
16073
2056
11370
3567
49208
7798
630
846
23217
1827
46303
36613
33892
13588
54084
27231
30214
57861
59652
17655
25401
993
1237
15958
6949
44587
48376
15739
13913
28839
44570
25851
27769
56113
64712
62239
61442
3600
48838
46237
51579
21614
54290
11342
43071
58614
46111
63955
19972
22943
63430
7495
52390
57303
31089
42014
50478
21478
9425
34044
37569
56611
37152
50660
25112
35236
12107
56179
53832
54574
24393
38350
52216
48641
46072
2055
29358
20120
28168
47960
47373
17816
2311
25245
56949
2953
27473
45725
17165
1920
9439
35231
38490
37446
58262
43322
16490
54313
7610
35351
20735
54255
41398
39081
3228
21649
29714
37992
24370
56412
42081
3646
967
57533
52314
55052
22777
46478
8539
2044
51826
51910
50
47333
3621
8295
55413
59509
50051
50926
36803
22210
32469
59697
5435
1195
9970
5943
48647
39686
16025
55448
58134
34125
49995
32264
50459
33187
16413
31537
47192
2412
36329
31458
41072
37843
63453
38188
12576
7829
44496
49458
60028
22254
14411
63294
24315
54908
17509
38458
9964
34784
39055
30605
17200
17137
58730
45854
62259
55882
35100
56391
32097
62570
24111
13151
33404
39314
25869
36898
58361
32692
46330
11770
36953
24099
59942
60933
48368
7063
17261
22712
65392
25207
24955
30311
55684
7498
49030
64349
62258
41320
32361
22369
36418
28271
32040
47400
5506
41455
52970
45806
52964
21824
41450
31464
24377
6284
45803
47405
49923
49930
18261
36136
53058
16496
47398
40525
8758
50796
7178
36435
40317
51032
47391
50269
52037
52093
32310
21825
22772
11171
47178
25154
1345
25638
5799
43252
62791
3171
43069
25768
41067
41926
46117
23025
48170
8649
14597
6533
47425
29308
4247
9381
39239
46248
57873
28752
61283
51464
60506
27137
14144
56581
57951
39932
58363
13705
32753
44447
36955
61075
40690
14743
39262
13434
62138
38463
41672
65110
16205
27010
17983
4291
46394
45556
34410
43795
30138
33116
3689
3181
41680
30253
43747
33817
61810
14208
4471
46730
29160
20137
9592
14521
18689
22701
19461
236
60397
13146
58818
65140
15994
11453
58170
57771
58522
16619
13487
45110
39197
58493
6983
50166
17554
42497
56458
63913
40879
47829
10828
60956
30033
32613
14907
10897
10219
30448
18698
33803
26580
1650
51605
13619
9453
43989
2929
44325
16686
61164
17197
29399
37411
18397
6066
17883
24171
28018
12697
55929
57706
63649
31795
35313
10342
52899
44152
14238
18704
35685
27322
25530
4704
65004
40850
10697
58822
19507
20431
65249
61206
35419
14546
32501
32111
62312
62514
43965
6180
59897
43898
65365
11637
50717
20080
20089
10803
424
55913
2084
39472
55330
1189
28600
3285
59890
14088
48023
7771
17263
43856
19819
5389
12485
57591
3449
60999
26376
16120
54634
25889
9177
46369
62727
37970
39549
34156
44437
5749
19134
20351
21740
40179
430
47089
55406
25737
31044
1377
60185
11636
7991
16752
11972
16470
42805
47727
26873
59609
36407
54376
55633
25896
29641
2943
53096
24626
10804
40385
64891
675
55161
58645
50572
64631
57703
20030
486
51445
31054
54602
16990
8498
24925
36458
60509
29499
3626
54120
26869
11335
21682
23063
38897
15438
60542
19578
26159
52002
64877
63081
64946
7537
60432
1434
28407
15735
4787
742
50879
51455
160
6617
43520
6265
54638
55417
42047
12115
22167
54325
26879
35136
54575
4014
58619
28049
19486
60794
63345
40398
49837
14644
43902
7550
19568
4551
12594
51057
2090
4528
63001
50354
46201
18919
28590
49163
36749
42350
43263
5423
46222
30199
41175
22783
6855
2145
47201
17395
718
9004
25765
41056
13291
6248
5512
65066
30818
30195
9571
32701
38042
48010
30828
7551
172
52210
56487
3179
18025
43156
29245
9563
22063
1096
3455
16972
64834
26871
46224
15440
45203
61398
3801
6271
19042
53881
42297
9558
13816
46175
28053
21567
30050
19054
9473
30451
54297
29096
44508
41836
41848
21857
39473
16502
45740
16883
33820
43345
3254
47100
10349
64758
45200
25181
29010
17014
61950
48141
7528
13294
27056
12328
28052
31564
7985
54620
27537
9019
5337
6015
45409
1137
27656
27365
38570
60163
2005
30205
31133
31610
16747
8716
14724
49136
62426
50511
3256
11168
41158
5477
6297
36427
41614
32115
39998
28581
43331
49549
54607
50114
6524
49811
3853
18042
19822
43034
5418
22389
15770
525
26225
60117
61764
26874
60769
30202
16509
47151
34755
38799
20579
14298
43309
63365
53807
11419
8631
53037
28585
50794
42345
64577
61603
41505
31594
19950
7446
65111
56285
29229
29110
33552
30452
2159
41260
3253
20499
30198
26988
3735
42459
24282
13921
59040
11726
53856
5244
59243
8549
17321
46986
43606
1880
50957
41632
11074
49007
18956
65194
2648
1134
31138
49652
34086
104
3057
1994
41526
58961
241
51664
58139
1785
17926
41051
56389
7656
47258
59831
35539
59793
22265
3160
48785
17942
22429
40724
63725
425
20121
49190
55401
37479
61093
14542
34090
64603
22138
52092
37597
40700
1431
36044
58999
9110
19835
51532
45674
6187
60761
19121
53184
60102
7352
3569
6833
63086
55567
11867
45705
52361
63667
42137
52356
50909
14378
45711
60845
58458
2125
25967
26889
29069
9828
19993
34148
44256
20161
55072
64209
44474
35185
13577
61080
49002
10968
12399
12393
58377
16168
29294
64922
1777
58376
3420
64793
45958
39124
37284
2199
62391
22257
51450
62099
51580
63308
40492
40658
30820
55381
42265
10255
52124
45557
22561
13529
26865
12557
61815
28617
26346
1427
9678
36773
33487
40170
26202
25815
37604
49872
36947
17070
4727
34767
33701
39263
7558
15163
40491
63311
37175
57783
24918
2455
43823
9075
31729
62581
26872
856
49936
46874
40516
27645
8796
269
37073
40904
45576
63234
16389
8195
32418
43011
12413
60873
7395
30466
1037
21751
5158
42533
46083
30577
38697
15074
55360
28460
38663
57366
58279
60822
29108
5017
55854
62157
39079
31160
18860
33525
10466
56181
12134
55156
65386
35643
19766
42622
14076
49262
48078
18588
32756
3433
49455
43184
45056
45810
32859
60664
57925
917
41073
39863
41104
47329
12520
64409
16650
37833
53981
32210
53567
17214
20047
52653
51211
46793
39064
3429
8591
873
42039
61736
9334
10046
9328
13634
58932
8004
4428
49277
55333
60739
7529
49275
23138
63277
55334
36863
16680
13995
15567
61314
10079
15864
49456
43261
62290
47325
49050
5175
46622
668
42977
62490
58727
25146
33080
62511
28253
50665
46701
28457
25155
17975
64331
5198
40275
36179
15410
54750
42620
1286
60998
56208
46218
40005
26217
15189
59919
21794
51433
53142
51573
37431
58330
7030
42285
15957
47443
4480
12622
38579
58616
15190
13427
50210
47444
31479
4418
32081
27912
29195
30047
60515
17695
59667
42123
53553
25272
4408
2102
5647
13964
39147
44167
11760
32952
53432
50970
39954
36428
55444
50894
13869
32362
62845
56741
61830
64644
10244
51893
31898
16978
49873
52125
58321
45933
51107
57825
6005
14824
3541
9400
24136
4671
41854
38204
25694
471
25453
46391
47520
60752
11939
59542
52649
41903
64230
9732
54338
31365
42661
41910
63592
121
5165
52966
42304
57769
45866
29690
33005
43888
62754
60289
21220
4654
4785
34673
6307
29170
11209
29166
23042
62084
35222
7433
27400
35286
63730
40123
2936
46339
29762
4363
11977
37566
23730
56576
23961
4047
25351
43928
40284
61958
34828
44441
57840
19701
20327
13835
64254
38020
45812
5142
15724
8197
2454
43602
5024
362
59134
15055
420
39416
3161
4271
11961
16941
52621
49906
22086
17720
47452
2930
47065
31482
7620
36707
36167
26395
9011
27031
38481
55516
11838
6761
3731
15734
55829
7989
11064
24562
31538
31813
47620
30801
38056
28521
15900
3892
63613
45652
63092
55651
45515
50080
26696
11343
2389
25577
8453
28612
47251
32399
12005
49425
64370
1156
47141
8399
55680
34276
22968
31026
17211
62438
59669
43243
21645
14552
25313
736
7618
53533
61927
22102
40313
38856
25179
12286
26465
25708
19314
38213
22134
35578
54046
59232
34621
50657
43718
13609
48982
26466
25151
19019
36998
33364
9266
56531
2375
23657
7729
22780
64470
5458
60073
361
57604
47478
28548
44906
52335
8038
51595
28430
27027
15964
27171
45572
1808
54024
36627
5178
65102
34814
40006
18162
25156
22038
13864
13594
53262
11601
44191
27538
23256
1711
48628
8980
39146
33762
19249
40472
4600
355
17492
20077
33847
29029
41988
1702
18621
14566
45312
57246
14498
16968
34030
11911
35463
43572
27535
802
54154
64363
64117
10842
57936
14172
50160
51290
9483
47309
2932
41745
55071
30334
26475
42795
32611
35341
35234
60866
23096
33576
57235
30895
4607
308
39658
49327
21540
2451
17969
6539
24320
50874
28441
30869
28580
64388
25433
61282
31104
18550
22130
10976
51906
36481
15558
51818
16054
37077
44322
8896
34132
48578
33489
56765
8827
25323
23954
52123
38722
22568
4476
19316
61869
62294
59605
64990
11667
58021
37763
23294
47658
53635
17511
51927
6463
60232
1231
34754
38996
12988
22893
22286
31278
28121
54603
37362
19001
19711
23508
56176
17788
31309
8923
43512
36151
41561
38435
300
53368
12875
19474
36856
23625
22495
44525
34369
51995
8888
30710
45463
22940
56702
1171
28278
60392
60511
34719
21965
26838
42042
62692
32690
21546
52297
53760
17254
8978
1646
59953
50165
32818
20329
1640
17396
44290
58880
9649
16150
32098
57598
60813
11676
3347
14323
49460
19513
49893
47397
39481
33704
51543
39849
13218
15806
44887
53200
30997
17512
22747
5159
64687
54573
50264
18408
49547
65149
5357
29478
31578
8114
49302
20223
16964
64444
22113
5162
60090
54566
2534
37572
63355
13231
37796
42589
51832
56607
57963
24188
15829
31270
56441
25276
33064
17270
15336
21029
35441
26541
35675
7683
36054
21290
6616
62577
41514
23506
65271
3438
32055
7413
1749
26591
20764
62309
13407
50251
8754
48409
29169
14306
49680
57451
48505
16104
24709
64152
53899
53667
29591
13266
38161
42581
40008
45963
36745
44538
47925
30504
49526
1341
31307
19484
37300
9344
54952
46510
34962
38223
59260
52534
23426
3436
22313
15750
8972
12043
54516
7630
1752
60246
14948
43511
13469
65247
20054
13730
52269
31960
3222
28903
38509
61160
48401
63349
52686
37836
42205
34635
22593
60479
55016
51481
46219
24535
34597
13258
42538
56744
7326
47264
26489
36132
55371
32514
9446
19321
43960
42744
45040
37183
17354
42108
38821
42222
30459
36852
33612
41639
29252
43526
50048
10765
26122
41386
20611
52040
11297
40518
8994
54900
28684
213
17424
29349
44414
20529
20539
1751
9846
25037
49228
37876
5141
4641
64379
35122
56029
53365
6442
46119
6552
40434
36788
31014
8914
56613
19070
33454
56872
9184
28268
33916
10995
44521
1242
12827
25040
8412
42593
9149
48794
23580
31567
43993
28421
58917
26599
19625
4666
17426
64153
291
59656
37806
42315
64399
53250
35808
58360
29751
42122
62548
36549
56824
40036
15226
6852
7881
31086
63780
42464
15652
51782
33557
65379
59725
27290
58285
48111
39659
14988
16403
13463
9341
9756
8060
46786
62567
62118
38724
52118
50690
53437
25263
23956
23214
14224
5329
12922
33057
50738
20913
22126
32420
608
59083
43615
54054
19268
19644
37137
61374
65142
5343
54490
40544
41022
62436
26319
61087
13335
61099
16442
27223
10833
4056
11832
41436
36867
1044
55086
55019
60936
36353
7797
37890
3704
26637
15578
32276
21200
19210
27726
55032
29848
12439
56033
43254
12433
23252
39561
1167
32957
58104
12525
26951
37449
37938
20017
13984
23934
58591
4380
21632
2414
10970
49211
33258
47431
19985
30283
12952
11001
38501
23690
55709
2049
43908
35716
42571
18862
40910
2016
6845
38638
43917
52323
48863
8394
2679
9354
49138
63859
20752
56047
50191
15231
24429
9612
33897
2884
13057
266
37151
29189
31103
41592
23998
19205
58577
31648
32654
20142
2271
21376
36920
29159
35751
48830
8872
9752
59362
21149
2317
59037
24427
6439
51549
7832
55132
45863
29934
25142
41115
55548
44090
32770
2865
41805
33427
42896
18142
64640
41151
16409
15339
34182
47541
21333
36285
33416
46214
40481
14616
14832
36484
37057
29716
1204
24634
28427
55676
20248
21509
5169
34618
63766
59691
13007
40567
35929
63218
12379
17428
3037
38555
22609
37082
42102
26124
52148
33378
12067
33994
14640
19177
24840
49735
23406
64303
10167
36944
55767
24083
44501
62816
17978
39202
58352
46705
34159
32681
36744
12209
30638
23094
34752
62260
44427
49808
33687
47159
58175
30341
17209
52172
13226
40335
49114
34961
57670
55355
4405
42229
39363
43280
15644
6978
19146
8947
35631
27350
63677
59696
36497
27816
39761
21815
19580
62268
10871
35795
2777
12573
38870
16948
117
40961
10685
56580
7096
44905
14541
25956
4419
25031
34385
53609
1226
33148
2148
5667
59401
33611
64636
48485
51953
52091
34142
48724
421
38289
39737
2869
55459
62576
5195
39000
59127
15178
12395
32265
24547
42561
25595
43064
46112
14689
10644
30847
16916
21341
54587
59518
8247
56608
35499
9002
56715
61334
17206
8400
29097
62456
23967
659
18425
50890
47617
25164
28760
36085
24471
47183
37448
35502
21831
62736
42943
38554
18486
14186
40457
56075
54330
58751
59135
44075
62310
33312
5049
28305
12801
35464
6125
32705
33288
34969
57728
53431
19326
39404
461
4831
54396
28182
10849
64354
30358
22746
57979
38297
54749
34761
36383
43603
17760
16347
59120
18706
36777
18411
59633
10530
20348
11998
55935
36958
48522
29397
39316
42299
5633
59181
58366
56704
21767
31403
18449
9027
30458
35336
60958
47646
469
8508
63918
32744
47323
54486
48590
23943
5500
32045
12411
8202
53651
8386
1945
14222
25496
58020
53599
25876
29093
46304
7764
38810
51324
64668
18127
14365
44825
39111
10132
14650
22892
17359
63664
43417
8393
48609
37162
9399
62568
18203
38878
44477
54254
30831
21064
17247
56862
62293
11200
55653
19829
43620
7946
22163
7856
51981
22928
7587
21701
29760
26791
15069
20322
59538
7787
56935
1036
4469
22359
16386
526
64680
3154
26424
22057
16737
6971
18101
24723
41727
40261
21521
19699
39072
9238
5069
20588
45005
38010
30391
5070
31219
40252
9785
46848
60886
19315
54369
11465
41061
5376
22171
53542
9223
27247
23351
52278
39004
61846
28179
29025
37902
22791
13085
13484
32817
5748
56941
5821
5742
44856
45650
11096
53602
14061
17230
25713
10078
18258
57186
64921
53772
7948
353
25162
65405
4459
47767
23555
9307
13855
60767
4456
34474
36932
3937
33044
23191
14550
53601
26510
24941
28514
4723
272
58685
33837
9327
11862
13737
62291
35107
10854
44858
1605
2963
6950
51486
22085
44757
1735
38323
1929
46996
354
63409
64440
57505
40064
14641
37156
6968
40626
9066
65387
2250
53958
32610
3415
43199
42244
2113
6209
5380
32499
50883
48294
23040
6430
16344
24691
10706
31371
20467
2842
10307
38244
12989
52968
58469
43365
55332
6178
33616
51669
1081
47140
42052
32394
48106
40092
61198
32759
8610
29198
29026
30219
5970
47698
3938
27987
26430
55134
53503
3519
58002
17719
17765
31824
14931
36912
36505
31331
51510
45135
31088
56502
4914
28467
2582
25933
13333
7126
9673
14067
40332
37719
40830
27415
43257
5417
17341
23527
53182
42164
58038
29436
56198
32813
40187
57185
59186
53541
16488
56402
8905
12122
52564
37621
36846
45324
9228
38964
32609
23715
12916
8718
12883
36855
20321
44898
46258
5413
16738
55293
54520
32647
53560
4401
52550
39745
24219
62976
23736
11669
50869
56200
41271
32166
35709
52056
62905
47139
39713
52446
16547
40367
10799
43750
2693
43194
32612
65391
324
15098
28436
1482
26425
16740
64666
32167
12133
49200
51157
3619
65464
39214
19633
9405
42286
5422
53539
24858
34147
42030
32186
11299
31612
35300
59296
64284
60271
6192
56197
11523
55619
59182
14068
51308
51686
20827
51138
13254
26340
43558
29632
36719
50830
27524
40651
39706
16015
6772
39510
46508
20929
40409
58083
62550
44900
60154
27083
57786
21716
10850
34708
53604
6884
49107
64608
56054
20040
28527
28596
52325
40699
3862
11735
44911
12453
19736
1235
32935
61872
40856
994
19567
1246
43919
3867
58738
367
18938
59632
52622
3530
50956
41229
35708
42850
49623
36216
7710
42361
28412
38198
36539
22350
2702
5897
28516
10110
11960
48697
51565
35727
38642
50016
60365
14642
64464
1479
6769
29028
57816
35023
45536
59640
62749
30492
31165
55641
39222
387
63252
41798
24781
30592
59363
7650
29536
58691
3289
8158
7873
37801
44259
9472
59506
1823
45010
55077
61101
32874
13830
45597
57356
58740
21620
1713
49113
45019
36708
54483
8156
39941
2697
44531
356
11687
62019
45136
21791
440
39889
26477
53402
35740
21021
39921
39857
28204
18490
7705
27662
65255
25935
49815
7141
62080
48500
21199
44051
35156
12756
38347
40070
6084
16268
26196
40827
13222
61492
61541
11968
61150
62694
52316
45716
44820
29039
1991
4437
29066
31125
16758
53615
39654
21732
23226
62205
58370
65380
56114
50302
54242
29461
42934
14374
49116
54878
40085
8209
8586
59244
16751
1057
37656
8177
52334
36600
4164
59863
64572
14609
2573
52437
60987
63942
22927
51695
31784
30817
22525
29064
27888
40351
37508
62075
42606
11606
13817
36366
4715
12359
47459
17253
64906
31392
59465
44336
37327
64725
11448
34287
44485
52654
8093
56591
45109
59676
30455
58450
42288
63558
1590
28919
30453
5427
43848
56135
46169
42439
12104
26909
64682
7386
61568
34643
63399
17651
29715
10106
16231
63806
38525
38253
42878
54133
19312
32243
50200
27505
53614
47921
2146
22658
63336
48723
65374
40345
1378
63611
36463
39070
51759
5989
62499
62284
54565
57198
5156
49077
15987
35703
35497
39257
54661
18539
56703
36908
39822
33225
4008
48511
20925
42687
50536
39714
53106
13438
28216
27756
55344
4062
37371
20969
42635
41252
35520
28532
11767
32247
60307
32686
36389
23921
38207
62516
6773
59495
56697
41080
44158
40330
58888
56447
35529
13263
62827
10161
48883
51375
34161
23584
30600
42368
40234
39922
17725
30624
55887
54923
46158
151
23093
63462
27866
15971
40535
4516
46346
49220
59875
19432
29533
16000
51949
24837
64583
65132
34143
8236
22542
11230
27291
51348
63504
41342
43320
4601
13823
2137
29102
35148
56689
31401
15988
21978
23080
62737
15447
16028
16980
53467
38920
40421
37650
33835
42192
41760
31837
48552
7439
14622
55683
1805
29081
128
49043
20877
1146
19508
37858
46517
14974
50759
6495
22219
11204
38260
4943
64929
56414
6261
58274
56953
32108
58714
14041
19040
36453
8775
58530
29608
32680
18419
7523
44145
44910
49932
30049
25954
34792
46313
22803
17139
51196
38775
40813
44358
13671
3640
45161
2541
13620
13621
57153
58970
32816
29386
218
9295
21988
34394
28112
2132
21692
7545
58945
40366
331
6199
46186
64927
19815
52025
52296
2734
6089
60571
43934
40184
54368
34446
30422
58332
64110
28503
7218
64098
15193
28492
30392
1437
14008
23957
1517
7230
2033
51449
4111
55590
36857
19572
33761
11971
8575
29142
27313
933
53838
33782
54569
33975
19000
62242
9082
48601
44372
2606
65508
64121
32864
52008
48585
1436
54786
32960
29256
11857
56864
64756
62446
47328
10358
32312
26536
1633
59387
2828
26679
61805
34634
3426
25789
6478
44795
22619
5482
19824
51897
63199
63103
4813
51415
13161
60528
60004
26542
64635
6176
432
36012
36153
2393
21330
24586
20486
9362
31066
16179
45695
46048
55978
15706
16182
1510
30442
2801
27406
48861
60688
12405
23528
41909
62319
15240
34036
60784
1424
34642
24269
3808
2080
13183
44941
17665
10775
23281
43596
55441
10870
40282
27195
59692
45906
28606
63305
55597
2685
61565
37917
63580
54904
49010
41665
11948
62333
65351
20837
29485
25618
29510
58316
9675
36752
50808
3033
29691
22153
2103
3227
54426
16535
57675
52218
15106
3917
3359
60775
28251
28002
58271
52629
5439
9172
27286
4804
59911
55423
42303
45593
7974
3913
40185
14835
54901
31404
5131
32909
35040
216
42088
2780
16721
51007
29665
47793
4365
30203
12333
64109
30171
56411
57922
52628
15693
51451
60944
30838
15694
2108
6914
12597
54336
57145
14137
1960
28721
63214
23822
12274
61281
56185
56126
22693
2179
38764
61658
38421
1989
5682
44942
18288
60977
61035
52638
57401
13926
26937
60620
45447
54345
29747
25443
370
29370
19574
1114
45426
21814
1983
3274
63212
8135
40559
59871
19071
28445
38691
40945
16004
24928
30994
63969
59674
40458
12889
3133
61165
30429
47241
43237
25066
6177
20773
48731
25011
55343
10540
45694
49276
21258
49152
25491
15688
63356
40928
10047
55379
25176
16944
43991
47215
14723
64381
44604
56419
50057
22244
43731
40150
9079
29902
12751
34681
15315
11388
32873
6952
5575
10539
4830
19313
30430
25594
47569
17246
37645
45566
64123
28137
48958
9532
1230
47583
55390
38755
46411
43294
3645
53835
27395
30204
14285
9708
60006
6065
5412
32170
44874
7747
2433
61654
1225
1928
55298
2322
43368
28254
16109
12684
29427
48138
37453
57914
22032
3219
41518
40880
22380
52397
23517
21711
21631
58485
24285
46264
19831
48104
5759
46997
22838
29428
18098
52860
58233
6183
46200
4130
63900
30192
12215
47145
16003
52506
6190
63626
56471
23315
55337
29277
53790
27165
42085
41827
42095
1430
38047
37989
32466
11991
10446
39378
10716
28138
37722
57625
11486
24042
64105
37972
7402
33579
58488
12608
10589
46197
39192
16079
21421
65139
65104
10350
13772
6421
27792
52576
7159
15357
61809
15293
11354
18442
12552
11318
38003
30819
34699
39118
40460
39083
41952
22250
41955
47133
30174
33587
19947
33235
20081
33397
29921
14287
38454
63908
31950
65238
16191
63801
27379
2562
14360
44596
18032
4453
53256
29897
41969
9935
14133
25772
33287
2324
26864
41946
63488
1435
40808
10338
65489
42982
30996
44551
37780
60783
59857
61967
17177
58121
60312
9934
26448
47593
38523
37196
21683
64760
52416
9169
41319
52255
25102
54571
4002
38597
58182
10502
33514
30394
45544
40067
6529
31374
28861
1892
37245
61007
65167
41731
9401
33874
18485
12770
14928
39225
64334
36498
39340
2767
24250
19037
37328
12098
45879
21898
6014
19639
366
39639
24964
12040
61434
14482
65317
52590
1158
17592
58214
18365
54093
3314
28674
55172
16435
65500
1461
40995
64643
46376
28717
2782
49807
62835
44436
29516
29678
36608
58529
35670
14341
44691
25344
59323
34727
5332
32830
36010
3072
38673
41825
55151
22173
20919
53491
27051
12915
48477
10291
23101
47442
24417
38639
34543
48531
28915
58012
61344
43693
26464
31366
29036
44759
23582
30963
31607
15494
10436
42528
37122
28466
36208
26417
22560
32372
46061
7819
15725
9468
3950
38139
2587
913
36716
25461
27252
58394
19187
32306
62491
39224
39082
38895
8557
38495
62292
31731
35333
16639
33275
28526
46575
28102
3890
58061
45067
22674
7808
47064
32370
23866
32616
14518
5837
5161
26339
7142
10434
38890
7339
48703
25633
12558
28578
62909
25310
41162
44606
56039
10723
10067
61813
63842
33597
33011
59242
53243
314
33043
42988
2576
27218
48217
51431
38249
19775
44309
57817
53972
61270
40962
36068
15265
47063
32424
18717
53818
24940
30113
9134
39511
418
47641
729
26195
65225
52697
52646
59939
28722
38023
65287
37063
65223
39382
10827
9419
12180
52903
20422
24166
36804
17606
44851
44852
60552
13810
35524
41149
57528
42685
10130
60915
44412
11659
35224
58840
18989
59216
25552
43253
22578
37692
41203
39164
22773
26968
12867
26603
26116
11201
17045
7099
59608
40220
13604
22776
21053
41425
39572
23209
37547
19245
36762
43227
28963
46972
48212
54182
2361
27268
1844
13092
30532
30516
24324
57827
35460
17083
41894
21284
62346
30983
48988
12862
44177
21894
27559
25343
43250
30302
63594
62336
21044
59995
34819
44982
27295
8750
10771
35956
22292
15656
21798
10814
52987
42076
13829
47318
54364
22468
31890
63447
10010
3602
6671
3601
56962
51717
49210
10819
60951
18469
56852
62214
29696
19917
53050
44899
24788
52542
31840
31492
60582
31936
52706
59124
7662
42585
38420
13237
25149
48484
52775
34515
39273
38879
47434
38078
22136
41023
25300
4434
62090
16447
31249
38159
594
17974
28944
49205
38936
22285
2861
10558
9809
12447
18751
10022
53257
29137
34250
40684
60336
55766
27224
33641
62468
14554
1350
36635
37676
50224
56849
3716
3713
10805
5863
37686
56975
9018
11894
43583
393
20273
12551
54355
23966
27066
29708
40281
54344
21042
47357
63114
27540
15080
12857
39301
44668
49012
8031
16500
60016
50900
48045
5634
12044
37907
20541
14203
25835
57759
21186
31977
13706
55320
11620
23659
1359
21285
19204
36997
19200
60314
43025
29222
41172
29270
50533
13844
37607
52651
14100
779
8002
36660
32564
47010
2719
27860
20678
24248
3074
61312
25355
37785
15564
56160
6658
46276
1263
41941
38355
17245
36460
63737
20862
36065
9324
60019
45051
49940
35508
48372
19581
1860
60500
30490
27199
28757
439
50240
21476
13284
5184
60660
27316
59338
11222
42002
5641
25204
37344
51562
47852
12477
52362
29417
45410
19219
62669
11207
24639
43366
5923
21702
9408
46247
27315
12144
64052
43619
36927
46708
28611
50731
40079
49339
53116
14460
1841
29044
25682
59373
17102
52471
47081
48354
48164
40657
28953
41631
6380
49840
48917
1026
50018
39728
46371
40270
44392
52619
57772
34253
57808
46051
65013
32749
16318
5892
60635
51867
47933
26481
1248
33095
47812
27580
27672
38675
64010
6838
61642
62627
18234
61554
39110
20653
53586
13525
40074
8121
61039
18548
1201
20830
33421
19998
13559
56868
25778
38187
6322
16898
38163
60852
3174
60058
56100
7938
4800
63797
47219
46377
18213
12140
55240
27484
9320
50644
11886
64056
48071
2385
51270
514
15895
9053
62475
25316
22834
359
37292
64902
9406
7701
34215
50527
57531
21125
3979
64650
37160
30515
36386
47838
42068
20405
58511
11833
46852
19991
53612
13371
23920
33569
3896
6340
21415
40551
23693
47298
58290
10401
46699
51167
65237
4354
3982
27397
61402
43921
36644
33804
32275
43634
16651
116
40266
58920
62685
59368
42067
40477
63860
28859
49647
64746
32750
47544
63011
63732
35632
1259
35408
15973
29687
61329
64404
25689
43119
30927
64492
10027
39264
17410
5925
31522
2852
37687
17093
55857
45543
45840
30389
43868
22013
37978
114
2581
12672
56812
51435
59924
40062
58824
15499
24823
1898
53843
11621
33491
33354
35183
47833
52505
63685
13398
52981
19021
61574
37603
9005
39719
58930
9884
58147
62263
22371
30644
44230
58883
60450
42180
720
53885
45514
265
30697
38090
48152
1170
60938
45314
7909
40814
11755
59184
37895
57602
28289
44432
53086
17613
16081
45362
28210
10570
658
19989
36810
61783
13873
4713
58044
38911
35743
44479
45918
29480
22327
43536
43585
43901
22118
52132
45997
38220
57983
45914
57969
44553
55769
58055
46261
57887
16122
47601
21306
58058
58074
9548
44649
11690
568
7346
59272
24574
28081
2394
55370
53826
23873
28574
55434
46546
55004
63805
52806
8310
54562
27525
63273
51252
51300
43792
46356
57851
45304
24310
49022
1212
2872
28244
14030
10622
65492
44380
30724
45287
31237
234
4732
61982
30872
49878
43866
62431
38680
16158
42861
16934
37043
36242
15373
7756
47672
21006
32887
53039
13750
47417
24618
38180
42019
30257
20514
19475
63518
31233
10925
45966
56366
55989
60795
34999
60634
38423
14849
49376
21967
40406
30769
42461
28429
19140
18115
45723
17937
5469
40405
12444
38417
29006
39007
14674
28669
47207
43282
32778
62141
46497
9658
23
48270
54986
18353
22766
11546
61731
26017
42185
26846
12768
39689
63387
19774
3054
19405
34471
15377
8019
6137
19761
15361
23887
45706
5665
5042
42347
4820
3851
6604
36037
28371
44554
48569
11208
64610
8055
49377
22198
13833
27210
43568
30477
12273
39680
59423
5690
17669
44543
31257
7661
59002
57977
43018
31310
42554
30746
29120
47372
11943
40575
39261
1145
6629
61089
45239
5804
40650
22849
20519
61079
23466
50860
25241
11921
64612
9669
31186
42880
63466
62626
61663
58094
31503
9868
46669
64014
39583
8392
59688
33033
21995
29644
43305
28152
19862
56587
42462
6313
33456
21945
30476
35554
21961
50470
25894
50466
858
45419
29158
22904
20226
30472
19097
17153
46496
63967
2204
30101
48126
46985
63188
43485
30160
61730
29172
7387
10038
6432
25951
13617
64551
10041
21811
6437
15332
27294
13874
35160
2731
3440
54741
56347
17462
5384
18464
41834
59424
46383
7536
54616
17036
28664
39162
21145
41111
30071
19206
59256
3441
25921
19771
18479
60667
52875
5671
21161
5637
758
15531
38205
7322
37657
2138
17545
54381
46337
64811
27450
40921
38807
65064
36444
28803
44888
39158
50076
60954
28569
15331
45438
2082
11100
10301
5661
29741
3388
56857
11994
63674
8652
17556
32060
54125
16932
5558
29374
7281
28599
11187
34058
10026
35813
10276
25777
19239
44894
1202
41270
45559
26463
40048
10965
30224
19469
44908
41280
14855
6785
39940
4667
6657
24288
38789
30615
37253
22477
18386
58409
60085
40057
63704
50744
36391
45340
40572
26495
6608
43529
23204
28792
3431
28568
33510
49013
1327
18487
62779
44442
24568
45851
52745
7527
5464
44154
38076
59447
13554
30238
4512
10206
3803
33543
7266
16937
46849
42798
18120
21821
6660
59449
32089
44957
5835
41998
11710
60025
17267
41736
21676
43822
39437
63534
23292
65291
45459
49587
55924
17960
20286
7363
19167
48251
4529
46066
18474
24421
16938
58323
7546
31298
12011
43528
13298
39945
33142
26901
19928
960
29773
39126
61739
41069
20962
48497
27852
62914
18816
27285
6266
45100
36380
52183
2831
8149
1317
61871
34108
25069
51538
12308
24081
41914
60682
17622
9326
13879
934
30757
52682
8942
57184
41181
19232
56096
60848
36797
10277
54617
11707
28665
10275
1965
57756
258
27775
8153
36486
5896
38762
46002
31751
17704
41572
16907
18118
36368
40166
48290
35535
56585
9618
27138
64557
36805
33308
127
19974
39844
57663
33733
17872
58894
15982
33999
49360
23549
6229
26657
62174
39285
22397
61964
23485
8548
405
39366
44439
20888
8544
62848
43997
2736
16625
34786
25035
62240
28246
63550
14490
8253
49034
23735
25084
2346
46006
50623
20623
60265
58887
26664
26989
34604
52188
53434
24043
16563
7770
33313
4070
49416
31113
34179
13924
1779
60651
57389
33957
16761
9182
52147
3063
57714
52454
19573
61935
10370
32024
34063
42218
32003
39163
15800
35982
43503
41502
56927
3599
22804
5941
42467
55043
42808
64679
45028
24484
34682
48964
1313
9006
24565
47741
12526
20778
56698
24949
28565
42615
46876
2081
25844
7456
59277
14304
18156
984
63034
16912
41841
30986
58510
30843
7347
34268
51756
50380
62266
26895
25969
2399
59064
32699
62704
57229
42523
46449
5189
51077
4553
50621
56279
48664
22836
37323
55925
9804
28017
51150
13088
12944
23918
58610
63743
30074
34935
63729
58819
1663
13098
50259
49903
20873
1320
60046
51540
4316
60862
49891
4077
7127
51546
493
22704
2088
50271
40723
30735
11322
15149
15595
38367
37405
40188
59402
33051
7254
62938
40605
52285
61858
62676
7466
56461
52693
1649
17601
65284
57968
33821
59504
33305
30839
63904
62753
14968
62147
63024
33422
53874
981
42498
20363
63984
35320
3458
8049
16010
30064
50933
16724
32406
52357
14221
56960
23880
17738
34548
39963
43445
25749
56997
27081
56905
1838
42422
7453
47865
53846
6277
33695
33140
19643
34547
17339
33941
813
27871
35967
38246
1835
35481
38934
29409
3442
36756
11184
5104
37255
51181
45471
38112
26503
55974
4367
33882
2854
60902
26310
64813
24302
16335
63932
20777
60532
24264
7078
29452
33548
1986
13121
30484
44565
56936
30482
39206
14774
46654
33896
30783
4444
10479
59732
26941
46100
50616
46260
53595
64785
39676
20683
31835
10060
51966
3218
14276
19067
20536
8112
15270
20552
25788
6582
60130
59234
46946
45404
13297
15206
39830
62236
62182
49692
27076
56996
18734
42883
59395
38886
42776
53009
54830
52716
39622
35805
49690
40445
12892
42355
19220
9833
45519
4708
48181
29063
39619
42839
27331
15730
2847
48325
65277
43030
48845
39704
46632
18975
61115
28796
17590
60123
27569
19656
31262
995
36656
63505
45521
51370
47845
52460
43066
42381
3558
48059
41294
16846
25041
34465
40083
34987
14957
28791
56102
12821
6001
42936
42551
29978
64645
59835
56911
54712
24203
30494
31196
3759
61969
38891
23849
31259
9988
6006
57828
9279
21010
28788
33672
16406
48064
20549
42343
26924
7022
7425
50989
65397
53310
11440
46008
24036
35016
4225
13448
60121
60710
15780
34026
59634
36675
65334
65331
28679
36298
31508
28087
45317
34909
35022
57051
37165
60533
45961
7489
19217
38351
37923
52315
15962
45082
51790
48540
41164
31746
36052
58353
27764
25692
51553
40506
1116
17899
46370
59298
63376
1151
56322
57112
44250
51726
26189
39291
17862
5998
25103
32875
59549
16589
28862
42087
58177
58896
63094
60628
60530
56392
44213
6390
15849
13942
5112
49910
23848
1988
48340
33740
9456
61468
33536
22323
54446
43571
64277
6883
52762
51420
49384
4383
47560
51670
32963
16840
55042
56109
62257
13646
8707
36639
13662
43933
29098
26808
17182
31526
41520
44688
40917
41638
63005
1045
11029
51063
22508
10862
26766
60366
27035
19317
52915
31036
29230
36736
36724
20737
20578
50783
56182
8585
30911
37800
1206
27164
2691
4685
37358
29931
44844
3329
19261
26567
18214
31662
50249
23772
37736
24979
51165
22768
14850
64012
20560
56232
3030
36787
49304
65411
20013
44920
27409
26990
22195
49520
36580
51567
52400
64099
28132
39627
40715
64892
44918
11565
6754
8713
50368
62213
31506
50196
55734
10484
53557
21875
8309
65498
34952
5919
56084
10764
40227
48606
12577
6775
51238
2190
1422
29475
8369
33326
11954
10674
29328
43513
53247
24198
65125
17855
37937
44195
2391
48048
62085
65021
11195
35019
16283
26794
9304
25656
63025
9986
24031
11038
51244
65336
5585
23695
17329
3059
32652
38776
20014
39129
22
15244
62547
55069
2530
7869
45388
29221
29764
34843
29968
36897
53364
3542
53242
10785
26333
19964
3224
13377
21655
9924
1938
46044
51328
53077
6877
63922
24202
31718
20571
16094
32269
9000
21588
16430
61275
19135
18207
14555
18602
34990
41742
2833
40237
19231
26
23609
8846
62661
34255
57512
34656
22268
51069
765
52483
19374
30747
31230
35781
39522
53239
63636
27917
8334
36699
5926
12727
23635
19750
55692
46552
17372
40946
29031
46456
56488
25422
49814
8514
53055
29564
39867
49918
8961
33744
15017
31605
16555
48332
34577
54159
24522
415
4264
49847
7125
7113
20294
14275
14272
63049
22459
47795
13475
12995
52166
22393
37711
24959
28575
50090
24951
20939
22388
61287
3446
43711
59282
48000
62030
45656
429
11090
52734
4412
54798
20129
5230
28775
35119
13295
21453
59137
41174
13514
36097
35357
13439
38332
56567
43495
43716
39296
36833
38092
44286
42160
31957
62271
49595
15825
42362
25492
27161
21600
62982
15012
38191
13103
7465
51699
62406
6487
7757
48617
7462
29874
36789
22373
17964
3666
41511
62682
59755
2156
25528
6678
21936
38274
2456
51055
50606
41088
54959
31948
39013
35853
2098
27833
34077
63133
62051
47898
6756
22597
59962
36506
4835
7914
35662
61579
7908
10296
17656
33922
35897
4847
34972
19195
20797
47603
4614
63593
231
10776
56361
48399
55832
65070
20746
11412
58207
57484
40448
33119
9734
9535
35071
39137
7841
1870
10756
65033
58913
22682
8767
39008
55812
55790
63394
44699
19743
2368
39682
40096
58226
3165
8339
60495
58398
45318
63647
48441
49142
2754
41718
39066
10755
39401
64009
63033
13038
15912
21530
20580
51737
51721
13119
32783
13551
26335
7471
3049
42256
7180
35486
7875
41735
42332
60857
51399
35774
28187
47312
25591
7767
14216
1863
31912
30693
42719
34337
56631
40896
34170
24237
39309
13695
56638
64017
22220
51732
62585
38167
51729
34670
58463
40618
21127
3377
5836
19583
39776
10733
40607
39890
44630
9284
58254
27486
16895
60447
33337
44278
56944
55691
42408
32132
39805
15132
50454
50863
22066
7581
64249
60257
29815
43732
32242
13806
24304
33929
6182
24124
21470
56873
38444
33190
59792
49721
14982
45213
33453
57328
34007
19059
344
43964
26203
16681
31498
26893
44334
60414
54485
26226
38305
46864
48029
53253
32413
13283
26285
31900
59622
9742
19468
35386
59430
49120
52373
33934
54216
51030
57441
26426
54085
63938
25580
13337
11814
61701
1445
13172
22158
56051
24541
23857
50921
24053
27894
35731
42010
52763
49131
30500
13193
23795
10673
37130
55943
5246
64302
32218
51267
41732
50534
52569
59458
27796
46380
11952
58145
27478
37908
57211
11165
27032
53173
16749
64051
23621
37899
52031
33678
9218
62063
58481
29145
33905
40228
65048
20362
61162
9923
24353
43518
41465
61475
21533
20231
55158
22051
43637
22212
9740
53115
11034
7344
6907
39614
5730
18195
19987
62492
5218
54630
44733
49286
36940
26216
32892
12246
17437
54132
27731
32063
19653
13571
28987
60829
24529
34511
11527
30144
16525
1729
25629
40101
27235
27267
985
29275
38814
5309
43143
4435
20667
5226
30566
49561
63054
39278
23006
46262
23120
46630
50867
59170
55706
58567
49763
30807
50914
30480
24030
6781
13967
62345
35732
17869
37631
17585
2348
52162
60358
40592
49257
23044
51190
63478
54476
9147
64087
50786
11111
13132
64580
23198
46706
9672
23972
51269
29004
60589
16700
23614
11118
53306
17123
10474
21094
21377
32884
32563
62481
38366
15771
39541
27978
19112
34985
20661
61015
2339
2590
17886
51853
44997
6846
14244
1574
21088
33653
43626
24403
44001
32882
64857
8545
990
36952
62894
18685
32850
49716
38062
12232
6519
34627
19954
31591
3873
25190
6493
13233
24229
63209
27332
5544
12047
19830
25804
25520
54367
17835
25622
57708
8563
41096
50222
12289
29408
34052
17438
19304
54709
13915
26935
61005
10617
7773
64439
37094
14131
65480
62025
57775
36410
1312
4415
27551
25419
1254
16511
63402
30425
16154
41068
52729
50201
64848
47612
40463
18457
1837
1776
58722
54707
22256
992
18553
35485
9383
16278
11984
10352
9741
41201
36241
60721
2091
1982
63758
22763
47146
15729
56926
3417
52528
53888
1261
6593
36930
50131
31234
11180
46871
54149
64330
50162
53138
27459
25938
53509
12788
2343
463
43339
34645
7403
57697
14353
56032
6415
63774
11128
7682
9829
8938
5239
33554
62216
35602
7396
24275
2379
65069
64032
60773
55443
20790
1492
56314
17274
32810
64011
22600
27531
62501
34084
1086
20937
15011
35884
2598
3962
54716
55484
61231
60296
14125
35478
34678
16285
22460
26413
52927
29291
22554
33627
10714
2773
55399
12156
59730
34959
50689
42787
10289
37283
23354
63396
29288
44079
32122
52914
46725
1783
40582
57021
22263
56718
62078
64000
21954
25917
44657
51888
36239
50764
45722
7921
2087
11304
23192
12584
48963
57935
60670
30613
35480
45600
5659
1319
61692
5822
15322
18155
12570
44505
9084
50164
17086
7614
113
41429
44805
35327
17598
16234
59879
9580
22796
16927
55275
59409
34665
31187
30743
6783
18463
38033
54785
40704
16915
10266
58472
11870
42732
63038
1322
54051
30722
61224
40554
5868
13320
34677
59404
21232
52735
13676
55403
43821
25976
2776
40687
23424
57949
64542
35493
7140
18881
19060
5938
13641
37891
60018
21863
778
36240
28645
7423
14177
46418
52671
25475
3854
33722
13622
8027
49778
24448
36799
61672
35609
55756
39414
4721
40486
9921
11713
52009
3611
38131
58648
59416
5234
49401
50175
65220
17435
36030
18137
60659
22471
7956
13062
51079
44572
9747
52081
12739
8940
35044
22473
25404
664
61125
15911
8466
62467
65115
56101
60350
48057
52872
11893
42264
2856
51221
26815
21144
16232
49908
1247
14168
26090
27591
11798
34541
57974
46212
24889
63031
16343
518
12942
44574
16288
34326
57311
29620
27727
48230
49431
62513
28104
46373
14257
4170
54291
33146
13784
51218
3727
12731
57630
11850
52189
11807
63798
56691
24569
33792
39398
56964
5465
3714
3615
61151
37478
10020
57300
11698
25939
25794
55411
13061
4547
33411
19236
45991
56859
10614
46473
41577
45479
31255
20756
18993
4683
53518
49975
1106
25602
34848
37740
4619
59821
41590
19153
45474
33537
65233
54748
15568
14952
37493
40222
57658
27938
5403
36694
5092
48211
18329
60832
27936
30721
4024
56850
42376
7591
56863
52760
21240
27771
56961
10635
10241
23463
13017
32539
3604
19159
15861
59076
51102
42211
28418
8460
24690
29196
30323
52393
27037
38370
10012
63442
51787
13303
59672
14096
22739
16498
35246
64582
25168
24133
35342
18888
26942
5646
5828
42492
9447
44117
8820
14744
20184
27222
58615
7604
19932
55076
40779
10447
25377
48562
6799
36058
4957
51458
15659
32721
29721
33901
19435
44072
29583
21132
10797
61906
47830
900
1877
11615
47911
43042
13891
17631
12671
20349
40428
25833
44438
53172
37996
63892
16160
8017
1071
21156
33246
21446
31525
55518
19240
7097
5385
55414
65332
47222
47138
11193
52587
4828
7066
12877
713
754
12595
62153
10693
25746
8558
62519
56493
61420
5095
37391
4446
8018
20916
54907
29074
7872
29326
6777
61924
31533
23922
35301
35677
65090
37579
35317
4467
32754
50555
7088
52430
11904
22654
48714
5802
44135
36985
752
26313
32169
60313
27302
62752
13093
55432
16947
49285
13962
7431
27405
63742
3888
40741
1547
34611
36508
58417
62037
53988
34809
1
21640
43443
56947
64101
4447
16765
64453
49613
53171
17480
36751
54464
13636
50853
44445
61343
43977
36078
34307
47300
46692
42963
56946
50336
9245
18790
22259
55973
54302
18294
39293
31886
59255
24580
43743
60772
18239
16735
7524
38611
41357
64578
47187
25229
40158
50708
51277
51357
32980
37651
33610
33215
47440
38343
24792
25840
3195
45378
25124
58357
32717
35398
45605
29507
10442
24570
64701
65175
14377
17820
920
63807
12085
19238
1540
60347
35088
36279
55054
9952
39230
65343
34355
1719
54339
62760
39195
51957
44054
3620
3698
48986
12264
62629
53598
57427
10992
21843
7717
51499
58686
1370
10809
13349
12957
52644
58359
36189
7324
4644
36182
21890
2135
13348
42872
12224
38590
20342
46788
10164
6083
39602
50891
56694
14540
24002
42621
6857
61821
19749
62602
3434
59637
44443
41713
61652
16697
22036
2820
56068
51163
62858
43733
4436
23579
39647
24974
16339
57815
1367
18797
62223
58613
2984
59721
35785
50035
61822
32230
60133
18713
39221
65006
23741
64509
54752
2739
18308
62048
43548
6938
37761
25452
25036
30034
54005
46282
26324
37093
12409
11758
7766
19881
38598
24560
49724
28088
19466
22462
42697
54771
39847
7065
19222
35482
20932
927
7133
20868
23193
16272
32907
12659
18468
24489
15008
17811
11310
51542
21412
29768
37904
41611
33946
65286
52813
32050
4978
42927
700
7542
28754
5825
57123
64804
13801
35513
42466
48379
23155
27347
15767
35212
16355
616
50925
51836
37097
36643
36811
63213
44529
42426
35477
14950
52513
26663
34506
42336
13097
23189
63039
11225
21946
63113
26970
7348
38602
55915
35065
25846
9662
19470
21083
35642
8865
64307
54863
39161
57169
57575
23830
13500
53034
40925
14470
15155
24345
49777
29157
16390
38140
50767
64346
25809
34349
33110
13779
62931
46607
64591
18992
34869
48778
62655
58969
42689
64186
30770
5629
30054
11762
2180
31085
55806
44621
47414
15367
24986
19457
30465
56617
4714
49111
44078
35590
15790
17205
5148
12799
24112
60067
17461
21056
15822
6444
8119
60068
43162
16599
35990
5961
39167
916
18141
8789
60671
19481
57162
30614
38986
7003
2605
48265
11526
59949
43196
34890
23538
9791
17694
44458
23978
28682
13503
60639
37782
39880
27630
32784
42090
13199
21610
32928
19476
27014
41940
24387
44880
21626
48695
52063
27284
22098
952
51929
44912
13824
14016
51817
64361
62031
64461
18866
9249
19241
41945
37810
19464
38266
21440
15723
36988
33830
48433
13170
24365
13247
62847
38030
27330
39832
32585
28051
23330
28
53921
9733
63731
5602
14579
6230
52627
54789
32747
502
64940
60537
63654
44808
26127
4033
47639
41183
35542
33023
40060
4474
49668
14502
37027
10619
55099
20500
48702
20600
51098
62901
13749
28927
12423
32944
57869
45835
38024
54008
61622
44188
21080
6467
16174
34428
19790
44096
24213
20009
64620
15248
55081
42853
53298
41842
49574
7085
62054
47764
27725
56356
39842
50056
20272
31393
20000
3378
8490
22539
7461
29857
14727
15977
51347
26438
3927
48330
57264
57263
48411
52467
57984
8635
57898
2790
3286
20396
392
36192
64247
22367
26447
1671
10233
57730
18369
62728
1937
2661
60475
7680
9262
39324
47780
23902
58105
37710
54286
51696
44030
42813
49536
33949
14612
22660
51701
10319
14036
29072
1383
64659
13885
51029
8556
25625
50557
27667
4500
11084
60103
30090
12598
64298
1218
10355
64549
50061
29387
55041
44300
30756
47458
30309
1190
54359
18208
7091
31530
19053
16933
57170
61332
62650
39152
43786
6923
64008
51429
10707
1653
59143
34364
63733
51720
57275
20572
343
57436
24440
34331
18491
50108
27312
57998
45901
4011
61839
64555
62782
15655
48510
21434
51659
8326
4803
6256
17687
53847
23632
63375
46307
6698
18679
35394
59997
36718
40672
21490
7575
58354
43656
23664
11372
52730
58808
7429
20193
3454
23041
60727
18473
56328
61998
29917
36201
15
14232
28171
63035
48671
36620
58890
29914
1652
9997
38461
61742
25345
56105
65051
53774
56069
53208
62332
30780
17671
3450
32528
47461
32576
10753
16928
42592
59434
46709
6080
55809
4792
61860
51350
52570
34334
12748
16942
2632
61376
53479
52878
9497
37496
59160
42447
37322
18053
3792
51887
61409
52720
52524
51355
5507
1670
1505
64081
55466
39330
60386
51820
22115
10036
10898
52432
52896
27356
29119
21426
9135
32488
42922
30694
31932
31930
46618
57737
44199
58639
32317
41250
599
19984
44814
62913
56163
1321
3073
13623
53047
62221
60578
28178
28940
1253
47856
35096
11581
65202
31491
53375
15902
38957
49698
26557
10874
47119
25943
31909
49703
8388
32262
53589
40375
21450
58106
8512
36587
49598
13450
21009
22590
48298
44155
20993
21466
44187
48480
36443
13354
20850
5509
5470
15563
64488
27017
28074
36088
53399
44435
46281
26588
52795
49017
1316
42165
52779
18271
46468
62219
39474
38022
49688
5508
5987
28164
55097
43657
2516
8064
17163
52776
11476
61137
11976
62612
14896
40809
7004
39907
23523
37898
4186
64005
28035
10200
3448
8927
21987
17920
3679
64711
38547
437
43487
29117
55557
50858
44370
694
48740
53827
30510
22916
7897
39447
5461
30235
18125
62778
47841
34488
42895
48144
27361
6175
44987
45432
8892
62768
35082
18626
25302
5324
5495
14740
18458
22129
9478
18136
7356
36758
13454
61999
26485
16229
53780
14474
8020
9404
1256
53081
54545
42017
27930
56688
50449
44809
21275
4574
2094
62522
52519
58307
5640
28379
14204
26047
12639
14162
57165
52784
30233
21198
62206
60021
58304
63104
20543
18885
15834
17276
21772
61889
6888
4352
18117
12386
41689
64705
56110
4568
8809
34099
13786
63581
57865
61890
38951
13344
52711
22769
6149
43224
44375
27328
33131
8851
501
34271
16291
11309
38937
29822
9867
13114
57882
15035
61347
18907
3051
3040
63963
12736
33918
38037
64968
30544
58836
37998
62295
35771
43591
56079
29910
36619
56394
14520
60260
10969
1657
65224
442
59335
690
12384
62453
644
532
642
706
719
47679
45450
705
3821
57440
703
19225
38097
18625
31000
10696
11988
31745
49622
37842
26163
27372
11231
15556
59262
53884
10261
8690
25989
41010
28671
42069
46642
18470
14745
62677
43913
35507
39345
40869
40770
5555
36009
5711
3163
46070
62841
13689
37366
41870
21380
32973
18697
13586
30378
25391
49812
48904
34902
21786
38689
54481
11145
31781
21092
6701
27910
29979
45259
34587
42266
51094
28422
50703
25247
59405
35892
1233
17966
9995
7937
43152
45256
22672
42950
35919
38011
5335
20491
49041
49673
42424
28561
34260
11989
16297
55100
61878
49841
46028
38356
9467
5991
33515
43455
27060
39294
31058
7104
27440
41076
14889
33739
29855
42179
56614
5550
49151
58184
60378
8459
13511
1618
1187
41797
22339
50347
13981
64124
8223
1004
28787
26633
9987
11125
6892
19869
41478
23230
32793
41626
8415
5405
6620
51575
21283
21925
21781
8406
32007
52558
50329
27582
56510
64114
47363
51523
43460
36667
53233
14779
49119
33936
1417
27087
19741
30489
49206
14447
63599
42200
11126
15309
5774
62351
59364
26617
60126
28403
28786
55010
41677
42000
12853
44944
21920
40356
43924
47276
54747
26892
13229
41635
43373
60914
36967
5404
267
14329
35893
8225
17330
60167
44542
32001
43755
30954
62591
40355
47369
27177
12086
13425
43383
28768
38596
35589
4350
49818
49956
38916
4063
58584
8327
65486
27716
2493
27711
57273
34820
22360
54146
24831
55437
26349
21060
59870
20433
36684
21586
34981
65340
3672
53080
58925
16792
25183
4686
5560
16701
39077
2732
53596
53188
13236
33775
36743
50635
26054
19458
21096
38446
46162
50630
58054
9568
24513
37041
52053
12029
16642
57698
60161
60112
14669
53384
62057
49003
3639
62632
36083
22617
43468
44013
24894
17117
23460
14165
13557
19649
16287
56956
32237
16044
43217
37993
28799
18138
35124
60596
3105
2843
48306
31969
2003
3844
42057
28972
31030
3311
31983
35126
31777
48308
46963
52939
29280
6691
4272
28710
34939
5043
27864
60038
18147
50988
27512
49868
5488
65362
52523
49426
52984
14473
44628
22580
32025
32030
6862
55160
27099
27547
27515
2523
5396
55780
13556
49978
36227
55176
19772
60252
51765
54532
25657
30956
60856
44419
62464
62538
59814
9046
56559
27103
11915
8516
51588
55429
25632
39681
39879
39693
60661
7780
45509
41596
56847
59575
14735
55504
51852
1981
27834
37397
56810
14865
5501
45015
16834
3132
6163
47387
6268
32772
56294
44402
47935
29733
48195
8534
42871
48192
13831
30771
18991
14206
38834
21675
31994
44413
65143
53722
48524
7309
3052
11660
50006
42727
58347
35039
60205
7555
50176
20418
6269
65375
6019
32771
5664
50991
27620
8051
52412
42889
51323
6592
5315
5144
49532
62208
10285
52155
21775
47062
4962
48470
31529
51924
27832
224
38556
29882
60976
26043
39187
25755
50663
4194
39873
32911
53305
56474
2879
59259
48320
51297
62794
9526
45496
41092
59177
37564
31540
42483
26138
64808
4691
6851
53289
59065
42201
53769
24382
4703
17660
51176
39638
62716
9913
44025
52683
40915
58935
46825
49172
24799
20871
677
42232
55385
31460
10604
65488
14651
9484
19196
26545
708
689
48720
655
692
28650
26449
39982
30618
36203
529
543
36123
530
641
24362
42550
41235
48312
48226
5889
56804
21713
9515
65516
19655
15380
42547
31211
30122
17971
7561
59843
42595
8814
51994
64900
63944
14975
34926
33657
47116
50026
5065
57448
23490
51070
54090
3180
48324
60267
47466
3185
5036
58064
32283
57715
53057
48341
51827
6906
25793
3331
24455
65189
65217
38670
60041
32719
45276
50268
30629
42567
4652
50257
22879
47168
46348
52777
64933
1456
53092
667
17807
51220
16764
50724
58761
12834
10893
33053
46778
26728
35630
22727
24811
9985
28520
53214
27117
54887
7114
24482
7242
23168
47051
4023
56311
47635
14373
27434
56428
6498
48051
62580
57820
60348
9047
4640
29584
48682
40613
5920
9068
46677
51506
64049
40455
19936
62523
27325
569
43532
57649
26881
59061
51768
22811
35052
31804
53466
9620
3143
19981
23072
11466
21696
37069
55497
46252
7877
64204
53700
24435
19904
47868
50369
45900
49051
45899
11351
36832
39640
41657
59475
18599
801
57295
25093
33398
32556
19386
25322
39368
19388
8786
32483
33596
6911
17190
62814
55102
63757
1796
16177
17152
65003
8765
32511
38189
2898
47105
47837
14389
46685
33528
27918
27472
33888
44500
30075
1179
65178
1467
36470
6375
31534
49338
40979
3012
37443
4010
19407
10801
17088
58537
59594
64934
6085
54124
46672
28257
12123
5735
49765
63221
62416
63656
40377
61382
26250
51139
50848
22472
26906
33483
19105
82
61386
55870
65329
63590
47870
49467
34881
39116
12235
42886
22099
59856
52976
46302
14516
59641
7138
20884
21378
3251
36432
10455
3212
62108
640
48875
45354
39975
47078
8097
6900
58242
38199
45831
56637
50235
46245
54167
10808
48135
23948
57382
50013
35307
26215
60514
10339
35018
23572
7440
47970
37086
13070
39569
5679
30616
39700
17982
43024
26353
19201
47000
17714
26113
13310
31489
60076
57477
49193
14863
57633
33559
29463
19785
59938
26297
54057
44281
3401
378
45530
24718
62381
2762
8753
3501
41085
62520
45232
63021
8368
8792
28513
13918
34251
19505
19518
39426
19452
52659
50542
21672
5648
3068
27427
6641
64291
24732
48460
60748
156
51697
12870
7500
33931
19575
49534
28319
55679
41663
36963
6580
34367
27421
47669
1490
47556
65312
36491
51412
46593
57500
3050
56298
4176
31389
42348
18462
38413
1830
31240
43075
7052
60291
59174
9106
8493
40403
21301
21303
8057
30926
2503
17439
46109
64273
44009
50276
28281
44763
15740
1927
10437
5933
41681
13686
51101
45013
48179
5193
16691
24431
26182
61145
23467
61905
13036
25386
38867
41349
63249
22642
7571
44249
30158
31546
9773
37518
49684
55741
56122
40139
36232
15301
61902
5865
16838
48711
24555
23483
44004
25566
1046
30912
12449
33159
35249
53689
2229
53007
43014
44110
6237
20533
7470
20546
31748
17215
19622
7740
14868
35738
1107
18124
19143
38408
40606
57690
61636
38404
11032
58678
16059
31744
65350
49967
55091
28543
31663
2259
45504
41480
45719
12991
54206
21050
48972
27641
41
35362
16425
1159
58129
45671
25735
37789
13105
52553
63568
56319
46859
43599
749
25517
47940
58943
11076
55196
24623
33867
6451
31111
55682
50446
6465
61360
47027
46979
47036
31228
35324
31788
51521
3299
6408
51974
3308
31779
59267
49070
37083
28832
52717
15364
54264
39699
33539
9152
39427
24258
5109
46904
31252
62933
35114
23855
17640
25128
26000
4212
50503
41334
52203
59082
22721
53152
64807
12836
57460
18478
48414
15813
24521
32198
34291
19671
50227
18742
11129
3534
32201
50521
11718
52840
60286
7685
48719
3993
63723
59312
38
39469
29079
65047
21270
57176
50042
57520
19424
22562
46749
17446
50091
27787
58491
13792
26010
55732
44719
64896
41678
2495
27671
50693
24866
50727
2500
18465
49046
27946
48690
13563
44767
9514
42509
7778
50440
4088
27307
52868
63574
56913
46743
28399
48738
3585
37205
53695
26013
7714
22122
31383
7796
10375
4559
37787
55476
49143
48754
17701
57577
18952
58103
13367
27779
9015
44176
7261
52994
25729
1041
15989
62466
16955
46747
37296
57298
3148
187
35788
26012
8857
49608
9450
23097
59557
64978
14955
52957
51120
48766
34777
22723
2787
30947
21176
7564
52792
49274
56291
50441
4089
25510
19436
65259
10467
46739
29323
25446
48515
38040
60471
52612
23262
20062
26363
37264
16466
27536
54739
19511
33852
58866
5392
42590
7954
27281
46557
59236
6267
33684
23089
16689
772
28978
30467
6603
32856
58873
47012
24876
37790
50992
19651
34299
11547
27225
36652
19396
7895
11391
17595
11130
49058
31682
5098
61315
57102
22083
34689
34301
17344
42061
601
64721
197
16062
53073
38861
11805
28873
42790
14314
7695
50497
57388
3071
6263
62805
20652
10253
2709
29085
60228
17858
33094
58879
19455
49332
43272
22422
3769
34295
57022
57029
17723
57033
3768
3781
50520
57013
4107
3790
54906
61437
3992
30530
15363
23780
5494
27202
5944
39425
31282
27186
15814
41226
18232
58872
15396
5565
48370
20165
29405
39123
33232
43999
39267
20224
2817
58938
51988
35232
16847
18428
13778
60258
40707
61648
15736
47148
52983
61746
40997
701
12473
47945
3061
21181
42358
30505
11061
4611
7657
63012
14794
61965
54780
20395
4586
20235
2126
53251
22973
27488
43721
42900
25329
5032
35204
18628
51792
14383
63717
27530
41779
32662
19255
31142
43907
14739
63216
1944
50551
35715
38150
13626
48786
54170
49546
43204
50341
49792
2114
26820
45930
54248
8742
10040
744
58039
26218
37866
47955
61094
8714
11091
42627
16896
12515
32051
19763
51083
37091
37862
40616
26243
50058
35396
23754
31061
4250
21902
33861
29389
31820
36026
2713
21414
13125
30496
58356
7722
36687
50020
31028
61412
62766
17238
36529
14392
33578
44434
60467
17125
50692
27913
51156
37987
61880
32831
22959
12100
42619
53248
64165
62160
31674
2999
32575
6875
64160
11357
28724
10997
14655
27263
61356
53131
32663
47790
4650
5018
60722
51496
57173
16320
23241
53592
47778
36730
7712
39981
9257
61355
18517
46948
36726
32669
23236
2705
2712
14748
15148
27253
9856
62808
16323
44819
60991
2118
63736
51106
41103
4656
32900
31551
19263
37352
51482
39557
5903
33518
43663
40969
30901
48534
32666
62593
64632
49911
27759
12850
29460
57785
53098
45029
10029
41491
21133
51336
23293
1277
53744
19876
38086
46397
26308
30124
59815
25687
33394
34537
16613
10703
41082
42469
22192
48538
56582
56304
50864
1952
32800
3056
48448
21118
61472
28453
39159
11584
50645
13562
23588
46688
44502
15588
27296
26560
60658
34740
4085
46206
13552
504
4542
42502
21418
64415
31248
40571
6460
37006
30736
46662
28995
20373
28125
57540
43007
55088
25432
46769
18630
14882
35600
49350
20521
7161
25890
30972
12022
18876
20598
43566
53755
24216
63161
12329
23163
41219
53286
45191
6893
37587
43772
40289
2008
47210
10711
27638
42091
18370
55675
46798
27696
22628
2532
24396
24775
42274
57937
13265
8997
21114
27481
55764
44548
233
55582
199
57921
52106
22031
41765
4227
57475
63440
59469
18675
18733
23944
42339
64547
26770
51180
61981
24766
54257
17949
59620
47939
28976
26686
34165
6406
37920
29225
36972
15053
17924
41002
44927
37133
17557
50460
45785
47278
54076
42455
467
8039
4371
50826
63198
55274
26152
60630
43283
32881
13235
49666
26967
41240
449
41283
59041
39875
31245
49085
25578
53221
5044
51384
26965
63567
53020
37593
41859
41091
2867
37503
55514
58655
22787
42987
43751
8312
5687
53018
41693
50828
16874
29550
18113
60030
15135
40303
45301
56955
41228
19138
7474
35189
31512
13476
40709
48222
47848
53866
24479
29759
54020
24351
57489
35610
17931
50281
2862
36962
27689
18488
18482
49952
43080
29786
62922
32964
22334
13246
40298
33117
19213
43715
49505
48323
23879
41167
37823
57159
64505
5817
53452
46830
41648
51978
6401
43241
59882
680
23881
15689
25285
31266
60683
23402
23131
47972
5678
17716
1551
26206
48993
49551
61370
1323
11108
62631
49689
57965
8855
44105
25806
5410
57647
3737
57081
58193
15370
375
15020
29167
31159
35255
31247
50633
27001
47421
36303
50282
38425
28089
5139
58694
60311
20475
31851
26148
25706
43027
45911
24325
52108
46084
52560
4292
39845
55964
58929
59590
63449
18266
10440
43648
29894
15268
59685
23051
51516
16946
54517
55890
21456
51122
33759
6812
60109
26460
63571
16243
45505
9982
53663
13285
21444
26919
39112
48798
58606
9602
1677
45422
18185
60622
54879
5676
62370
11271
60968
64090
1223
32769
22357
186
24447
24509
53351
10494
3565
17369
34430
38222
57267
43843
1802
54669
25710
8816
37167
22947
43954
9353
43028
23170
19068
23543
29015
37753
41737
23843
1497
34839
50287
53976
5378
34353
17135
32358
11075
36349
50189
2268
40574
18660
42049
8300
10008
51744
20659
58702
25283
25280
50601
53156
51401
20934
24486
64886
25763
44959
22458
23114
41343
63126
39587
27824
42905
3322
22532
26955
56330
14415
2592
60037
5578
52292
32878
33770
54995
64422
65414
65120
11902
51901
27623
41787
6164
24764
50182
42449
47306
4372
15327
42187
10773
26844
18394
40052
8317
23940
18715
29911
65161
55841
55073
55166
11133
58801
5342
37968
59569
55934
33626
46354
45079
19246
8123
61253
2708
28141
1766
39909
6522
27146
53692
57276
26586
20140
57672
15010
17202
16982
62656
35800
19364
9777
65532
10415
32775
13770
54825
51738
3408
51909
24772
53356
45039
35940
56641
25354
51806
39059
55855
54479
1788
24684
49886
27823
22714
58035
63230
21072
34097
56706
41738
9301
59716
38825
2601
26649
2647
46001
16949
46104
43235
61010
10251
25201
26289
63799
10377
55203
3130
9272
35053
59045
24214
18613
58302
54434
60536
24533
25523
23564
12656
23188
15474
42947
64953
30957
30189
58495
9932
15480
21417
23753
48374
49318
43683
23945
20207
23444
18484
20220
59293
54378
52022
1468
36260
56324
39766
17460
4125
39551
39848
8292
