10859
2447
7017
23120
38726
5708
38600
21975
59424
13203
38251
3129
16988
13452
9956
26666
27422
35018
1068
60945
36578
40318
36566
64994
17375
51893
62775
46436
61898
62029
23184
15799
51947
17545
61992
36004
10583
43995
1334
31882
62111
57916
27090
46831
34491
54442
32196
44671
52780
53181
53799
45875
14977
52003
64356
44292
35612
30161
31761
10161
65273
35854
12751
12793
32790
40965
2643
17459
32615
24287
3283
28300
52415
6737
9142
10941
57320
33062
15185
57565
18312
26258
41419
24463
29177
11995
20118
20121
7217
27059
65473
56312
26358
47521
47318
64759
5148
44810
59363
51191
43869
7002
22736
30847
52353
9472
50665
16482
38793
27221
42430
35971
26263
50442
55169
43554
21906
9186
62494
37917
6960
1207
14746
39419
37358
42211
56998
13931
24930
11234
54176
43003
13309
10723
11138
23081
20260
32598
6628
7059
31158
32048
14735
15312
31860
18525
39318
40904
31054
16326
31632
64450
21829
10320
37146
41894
60685
52372
9212
48201
40673
35755
3710
60642
39430
7205
21702
33333
65258
14860
13354
58957
15506
18712
16769
20463
40362
3714
8176
26750
10032
32438
58961
37798
37937
14010
1928
59638
26359
50381
37982
10808
2259
21397
41850
44716
52903
17468
4117
58539
43249
16020
49316
63444
28225
37905
48443
64582
60309
33361
63898
18253
30114
3096
18378
61630
55285
2880
13427
3187
2
3355
34931
50332
37157
61092
62575
8441
63218
37275
1603
14259
5632
63744
30554
2122
50988
33097
60093
444
49201
12132
58351
24355
11984
10878
28648
62771
17449
51999
56015
15936
52777
64062
8241
7062
13853
47287
47502
65015
46329
31674
11560
64660
34689
35904
32347
58144
23747
40076
20755
10034
32949
11871
20889
16514
32614
30741
63099
39071
64361
23837
7127
9642
50875
2840
19304
60222
65322
58435
13545
52861
15565
12276
223
31521
54710
61982
16194
37880
15569
47957
13839
13406
20683
63732
16549
3392
16036
3582
5920
40395
16280
27864
30279
4587
4892
44016
43163
16437
22017
19197
47683
35328
13921
31720
41314
31512
17517
51882
27445
62583
22116
48507
34288
31307
6119
21462
41285
9085
52507
17009
7614
4620
7661
64779
11534
6676
63836
10076
13277
39456
32114
64862
19926
37866
37583
4894
62174
65111
17135
50313
41922
35832
5867
17045
4482
29474
45102
1537
61100
26178
62598
32511
43572
40583
10027
30080
33873
5475
19190
26662
39407
42130
38002
43532
4562
26297
42023
5369
13850
6100
17612
63284
54837
5789
9061
41498
62156
35852
32156
51978
17022
20122
25213
34032
19617
4354
59335
13275
31555
36070
13003
46344
20381
161
13098
6932
11608
62309
6258
8212
24678
43012
14629
26802
12372
7089
22786
11363
18773
10518
40651
20996
46424
45036
10215
425
56877
20112
61085
37674
42889
31921
10960
10640
61471
3166
42635
51362
25053
47339
52162
51396
4351
31834
27975
49167
1536
65436
29658
58479
20286
57786
1440
32212
48723
24688
24551
10299
8787
49456
60440
17402
14572
953
16945
15819
30849
24388
38337
9052
43068
44149
21486
2144
8786
39103
11467
6748
5868
53843
58702
35956
40139
63572
32297
45980
55319
37963
34474
6708
19933
32378
50671
50458
52204
4925
51244
56087
37595
4914
24940
33311
64268
60110
1098
50404
20537
62307
15011
5450
32343
37983
3102
57800
9467
60744
48605
47295
61186
19628
1214
17111
27439
59756
6198
42765
12802
24537
53258
23695
55021
35900
247
34264
50882
65486
63757
49626
60779
30632
18855
57813
28415
36476
20561
25704
23237
57369
13
62751
46852
21288
41703
6538
19953
63078
53232
56863
15645
1972
44174
3623
22790
5698
51825
10316
40167
25255
12743
27694
63120
53220
65439
52730
50556
27048
19109
21221
7327
9763
63790
33304
16314
8629
2339
3605
32985
61753
21627
22673
35570
6972
40849
27067
5487
19731
43661
24996
12599
3481
5238
39077
41935
22256
52095
8088
46509
39136
23186
47352
19079
13360
12585
57312
64007
9751
1218
38919
3647
3995
54351
42493
4347
49682
31239
1259
10437
63029
49567
14969
44792
13190
30148
28349
31912
30945
65066
27151
4988
57080
22208
30353
54028
61503
6489
58761
18250
54411
39263
1852
47440
26213
15826
4664
42473
57073
26125
28371
22428
35139
26499
58067
50732
2177
26004
39866
19796
12825
59795
55891
3517
9969
52764
24438
52520
48511
47644
3564
43283
1192
19634
7492
41502
6060
30434
64767
48409
55517
30953
15053
40862
21062
30745
62744
64004
48665
1240
26146
19963
10744
32004
23618
49740
48962
51883
21120
12923
11577
32851
56665
29557
55551
64312
19611
61253
32657
10238
60234
38483
34119
14389
3799
15113
5321
26994
17875
28791
2600
21752
37284
16914
30671
2351
27081
56683
41493
49731
32504
61999
50949
1568
58073
29091
36641
28727
28351
7187
57858
12127
27989
28006
27451
53076
27520
22248
59031
53529
22808
43543
60641
36728
39236
61374
58579
58437
62650
24542
49111
27635
2404
12816
20257
11230
27964
6454
34165
29276
49361
25342
27441
31036
31361
60345
18141
26342
11164
8565
50322
21739
9493
4336
4812
52200
15709
50432
10774
5445
55414
59337
64387
47726
49785
55737
46450
52939
64165
53008
56136
25019
4122
48912
56086
25643
58921
44304
52362
20551
61840
10586
37455
33987
55053
19235
42685
41818
56790
127
55258
52769
40480
41181
32243
26232
61394
48736
4399
63704
30478
21916
39461
54643
41199
42476
45535
47065
54772
59315
46077
38478
58474
34411
18894
37602
48233
38365
31984
55858
22517
63122
24097
63969
38013
27753
34566
32575
30461
65499
41552
50783
45451
45314
38676
6114
57593
13767
33378
5110
43216
45413
35501
30285
7058
47390
32169
18951
45345
62486
13015
47504
57804
57300
17912
6309
33822
45564
41205
47584
24441
10146
31885
19292
25543
41204
30301
42305
49401
3185
51880
25115
42788
25488
31406
46919
47403
64455
41713
32971
36209
8151
45820
1775
32804
25702
38215
44639
9979
19016
36615
19395
56171
32020
28893
19758
38880
64788
52601
21322
36722
61520
37495
47748
61993
18808
40692
16287
28096
33050
57676
33519
18205
50438
33929
38398
16933
65457
63551
64148
16318
41279
950
1363
54703
19800
47457
37569
59216
34184
50815
35340
35519
19337
58039
27775
8493
21064
40703
15567
46853
60296
40090
26596
41216
8082
21342
23630
36993
15641
46689
56291
4659
47212
8079
4215
40492
16959
36697
55308
5105
11054
8642
40885
59667
26797
8274
38826
58735
59413
21030
8245
65093
1797
25706
29929
58382
11496
43749
25660
39432
22423
50932
55310
53566
1886
55756
50385
53456
10999
53872
50913
35148
6990
38298
59122
60516
46005
5548
45809
33250
17524
23257
62289
55228
28093
39658
48340
24812
45239
1610
32704
1822
64296
22904
64774
30502
42229
5307
15180
40771
47898
14334
32078
56224
42805
30400
44220
50572
6125
18685
40711
54129
40304
28037
28427
58142
33273
20592
20089
58577
17660
55900
40947
63887
25963
30362
59571
1923
7624
8338
14150
61393
1015
27197
23411
24629
43297
59989
48651
13311
7989
33781
58762
50679
19613
60255
58589
17466
43350
32298
45249
51182
45811
19807
6439
53192
64975
45466
45398
21075
41738
581
61885
63162
35345
46313
17995
25504
42878
41820
54037
12164
47944
56834
62283
24625
17309
37955
28202
7132
9415
2971
32738
53933
29011
21162
47656
29001
40340
8423
38877
20942
45940
39379
63985
36619
14299
30181
35855
47976
7997
58268
36127
13215
13623
10197
28420
24051
31509
19774
10237
18941
20064
27137
4114
39728
11122
10258
32478
43725
29255
20146
28341
63588
48457
38795
46809
24765
24813
43456
20135
27897
21057
54516
15934
19084
56939
37332
48281
12149
59878
60080
51457
27890
32891
17173
3358
35930
51751
22488
28280
55376
42294
59075
15048
31264
31424
49708
7741
63805
62433
39727
38548
41455
33968
30832
52588
15326
50310
3924
56647
50981
52309
11681
49873
15517
60733
34237
63077
47233
48959
24371
26760
22118
33479
9066
47717
44591
47328
46712
24808
9772
20088
33963
25269
22549
28966
17928
23413
60333
4676
49138
25605
47506
5256
22803
8517
51436
59055
37981
64711
19351
36871
64477
25593
22593
43949
60911
50766
64009
21504
10045
21481
33613
19218
65156
32571
35094
62130
23407
15385
59446
33586
8710
6775
51683
22292
51657
32510
49911
5334
63724
45871
40248
47988
36545
139
53282
62842
38734
16462
56084
58713
52013
55381
56748
63092
50800
50903
53086
17822
24960
10730
62659
16698
15458
45089
64219
59656
41757
30828
14420
60285
11917
35724
57833
14398
54834
63582
63480
51580
13529
32884
52759
35928
55255
35114
30947
35638
10768
34082
18763
4920
53138
48625
39377
34071
39746
65189
2056
6481
53452
60501
48813
3903
4241
32896
17325
14089
29521
10933
884
21378
51897
18085
18020
47344
22509
10364
64400
37775
64091
29524
38644
18314
64870
16244
4202
55130
11601
52060
39612
1085
12576
58698
31183
60581
35799
5553
3006
34949
13802
48012
21308
2138
8283
8496
57519
48652
37815
52534
14231
50372
54931
32813
55898
6935
33018
3414
63382
37631
59217
57436
59266
24503
42823
53929
62024
60631
19223
19849
4491
15429
59540
34003
6461
60251
43214
23870
33951
47850
44181
8288
26830
38310
60256
20382
594
22321
52548
2819
47397
28996
54449
39970
10358
10073
60482
61163
46786
46595
27663
36364
22804
62641
26020
17015
8867
52850
27065
26946
23624
12382
33398
9783
21996
28574
2525
9614
64618
3026
9401
49477
16476
56396
46537
45929
6010
33390
28356
64089
14068
2199
64214
23812
54149
35876
58706
65365
14634
12220
18824
20336
18148
41453
4986
5911
3292
33704
45370
23679
42928
7334
29858
59761
16247
158
51907
811
22386
24845
12431
17811
51631
46197
48987
20729
42203
19751
33716
59683
34017
2209
13791
15960
9653
688
33973
15172
40856
9608
42276
43210
33287
49014
45655
10020
25362
10951
46670
24656
43273
52058
15323
64417
29094
31338
40640
23759
33078
30999
60776
21528
26387
9176
27702
55305
44864
1365
56806
27615
21328
15702
6726
27997
56408
61537
24188
32012
60643
64134
543
38908
16444
26948
16632
53771
54042
9439
12581
2355
62727
9810
61684
42678
63023
53582
13784
23397
64187
41758
59741
32490
63466
15366
63832
29649
25541
13281
62561
6117
37990
15512
47887
45281
52049
8995
57159
46518
9457
42436
13251
42069
17251
42862
55542
11538
40251
64619
5200
21392
36418
43466
53947
8802
40464
13856
38088
5931
19297
42574
30156
61082
36493
11463
54863
55265
6620
47673
50963
8366
54103
62856
8807
32460
26726
32678
8577
45246
44445
9630
55099
24933
5010
19581
10387
16731
49850
20479
49498
33703
18427
23285
42569
50166
25795
11522
36449
60783
56456
37251
7308
12128
55402
42220
6187
56654
38672
59908
5580
57099
6789
7412
8822
45854
15945
58166
63516
53698
44885
56902
4656
63282
4598
11894
23531
24926
13669
42239
39327
60907
6151
10538
53559
40044
49266
54469
30747
26453
56217
23943
44503
9695
32431
30584
23130
13876
45147
22505
12056
65373
27141
5720
41104
54686
39319
1242
34386
52612
29378
64844
1304
39925
34391
28680
62613
62619
30151
9404
64519
18722
10253
59116
19565
39985
34317
36903
38035
24133
538
41317
55695
9077
35628
399
5715
26524
48142
3948
20104
4821
10931
65270
55097
56415
48607
53834
1695
45961
17235
8489
64720
32901
55324
4972
10273
18614
4289
51233
8101
58372
62626
10006
39093
22689
43580
20344
47314
32909
47112
10932
56479
21006
33908
21759
48627
61816
27292
24231
3794
39482
63124
1007
31588
63767
40030
5637
1492
43348
43804
12650
30899
3655
1392
4305
47476
41680
47892
34148
22529
15130
19331
11218
41032
37550
24814
62068
45912
11464
22772
39570
23251
45144
54148
59092
12806
6553
28115
57949
63470
44908
35020
10003
53118
22597
47622
61450
14831
11673
3020
20669
21219
37735
18789
24513
30723
4953
36613
23374
53927
55316
2084
1245
16554
6402
29767
56400
4699
28184
6348
60761
41365
38822
58941
59903
59234
25572
39629
32181
29666
19835
16764
36886
47903
53871
25454
23441
53434
1447
7045
47800
30302
35046
30189
49440
39723
33681
33813
1654
44020
25674
8282
56354
39424
20994
3776
33760
43567
57622
15833
13738
5843
6910
13930
31283
49652
59406
61559
5356
64673
38203
28130
44464
51847
2573
64931
39250
45337
31154
44714
44119
25492
2653
13506
59826
24094
519
20997
60958
45960
7679
31202
9993
23689
22942
7660
34420
10175
56789
62499
6101
21713
45522
57408
17163
24484
49937
56467
25221
37281
51977
57094
59713
56271
929
16062
62398
535
676
25540
29300
18370
58895
15572
31058
38689
39678
7633
11923
9865
36224
58294
8663
53432
1444
63072
12182
14011
34102
19342
62631
39713
41454
56975
24456
31732
46248
7629
12038
41161
643
5932
56298
27395
10014
14630
26752
46048
15922
41659
52320
33237
38635
12440
54800
9299
21922
59089
60639
15141
16299
60350
4431
57231
28399
50508
29467
64592
26697
47797
65325
34376
46085
25869
43011
35835
10442
58769
42224
50666
63774
64486
51918
38911
15994
9398
7169
48837
31806
62850
2118
60520
41784
62459
36388
59340
1583
19961
59027
12212
61580
8614
15224
52964
38364
26932
32340
28902
54616
4402
25747
31539
55792
8145
44486
29710
53766
62119
36199
34398
947
22367
7124
21882
1164
21818
43502
44099
8360
29380
46547
30825
29145
62507
37463
49179
13974
60538
41832
30607
13818
27631
32721
5927
50179
27397
64683
32113
35601
59243
13121
27957
36445
48410
29337
32482
4977
2041
3174
18977
9390
25991
41403
12922
258
65390
59152
60032
57143
19002
36681
40865
52317
39218
47015
23599
45573
23504
39784
18556
64896
42777
48087
26161
42732
42145
801
47829
56279
34878
55918
41926
16638
44303
13295
65121
32800
63219
7957
25360
6403
52614
65126
17998
21295
7940
4879
9202
46999
28363
35959
42963
28085
38815
10222
18591
64190
49416
25570
26192
48392
51174
21029
39523
58342
3980
8419
21525
15933
18135
47538
28190
7206
18140
12559
20221
47825
1244
2704
57124
9119
16085
37498
10799
33531
798
3141
10181
51594
25871
30433
6066
27487
6768
1299
31276
49029
55188
47410
23137
51521
19307
55362
56276
5559
21658
53431
25443
27952
49258
52089
45070
37926
46652
18132
5574
16993
51598
52732
28898
23490
6103
15842
9915
31990
6493
53193
21792
3299
1146
31279
51804
11240
62724
30547
50747
22751
44201
10007
17951
27680
18945
4384
22155
10114
4522
43032
62478
27488
49427
54822
60628
51059
5562
29918
51037
53201
27219
33046
38704
51225
37689
37672
38518
29528
21425
11237
55786
37378
55967
64977
19355
9277
35162
52755
23993
13742
17880
21391
36471
12596
41683
61587
41876
7147
26999
17272
39806
65064
17365
9765
29647
17371
31160
7655
1052
28222
50669
65339
24138
21934
51142
21515
54090
42384
62347
11397
22809
61489
30631
8560
44096
2929
34226
9130
13586
59005
27557
45520
18267
16469
2533
50387
21903
29116
54241
29088
54169
64800
14956
55111
65014
38158
26380
10279
51635
51534
34615
25209
39193
63851
2967
17943
49511
7933
24022
50660
17601
13572
19525
43937
60950
47679
56093
9868
11728
56596
64562
52960
57959
17849
37738
11333
22204
12967
29436
45176
49876
31067
29047
25155
45418
22143
8668
9891
26871
6075
29401
64206
1620
31659
24997
22778
54699
49139
1494
45109
32324
11141
61923
31121
4301
44248
2812
257
61626
41949
33517
42426
46346
53882
42094
45292
61697
24829
10421
55668
34679
58686
52760
2110
59156
13575
42922
22634
20747
13640
60491
25817
23435
30958
12842
55002
43876
21691
56113
10629
17336
3606
1049
45000
45137
50078
26753
48613
9101
46732
55606
63378
25619
64813
24566
22322
62754
12964
3314
10319
22338
43226
4636
48268
58750
21709
33400
64580
26727
54153
10262
1397
3054
57339
30470
63069
59205
37106
25709
25971
10457
60426
16550
17057
41580
22436
25624
37252
36198
18583
43786
39162
19281
19804
10918
52953
55259
14912
62079
6890
7495
56203
56033
8567
43291
38146
27594
3816
11675
52117
6684
48444
39443
2425
28924
16360
3256
12989
17340
29095
61916
8676
15974
3084
13682
59078
47834
25929
7153
47004
57865
61492
55645
8818
47396
61847
63435
6042
40631
35252
19596
23404
27155
1281
27152
21588
25341
702
17418
57336
48981
63553
8191
7980
18123
6215
65336
11459
64834
7248
6289
6300
64583
36938
21169
40391
60617
28903
20624
31985
47480
16016
26593
25725
23623
8981
38082
4577
40020
57755
24448
59235
60217
16800
54395
42941
5289
5210
44528
49905
56005
51761
46976
2906
21770
47164
37816
36487
61049
15932
44343
26598
64556
31973
14030
35584
32076
21820
21698
36817
55525
2173
33417
28128
22626
15012
8351
15280
20203
35058
26427
27882
6333
33693
22337
41756
55444
40753
14632
13007
37857
22550
40755
15389
23399
59782
27746
7139
35086
57684
10502
12009
12932
23297
11040
31642
48715
32000
30105
26569
25039
19558
48235
47940
6537
22653
23013
9112
11404
58595
10699
55864
20041
32551
6802
1667
56783
11248
48369
48463
7665
47692
14815
35087
46725
27851
49243
36154
11129
12996
37198
54419
18363
37413
22167
32158
36236
3033
51755
25695
55464
24476
11415
11432
46422
28008
12502
25343
30322
43201
52323
60336
59695
46511
21202
26413
34833
34753
5505
2148
30329
6826
16005
38667
14823
50874
60352
50417
55389
60714
45865
47342
21990
38342
18983
45549
25001
21410
49195
7270
12705
27683
15453
14651
48408
32097
59149
4870
61172
32917
2269
57252
36422
31258
15492
2299
10055
53503
18271
53051
42589
49930
47658
20916
10676
3782
7498
21907
47068
43523
30718
30343
3396
24710
36847
19737
52693
45309
10396
65205
63512
26193
61989
55001
39496
3099
52417
63742
16788
15417
22043
5531
45201
27055
50089
46044
53124
53915
54985
28844
51821
7085
65343
44402
38105
31784
14775
23876
14194
21153
41958
64601
49019
62978
55252
8424
56630
45968
952
20696
44265
28278
11287
4222
16997
36062
2832
44063
34793
59606
42284
65306
38209
1918
64270
48866
21568
18925
38479
33804
10368
42325
3418
49158
9141
34229
52835
33592
5398
12949
12492
4580
34538
49768
39123
16987
43818
49050
45041
8842
39108
54621
8843
62018
6847
49186
29546
1791
64570
43963
37139
13989
55543
41010
7040
49936
50586
42861
32302
5908
34204
4468
11990
29031
38873
46649
17830
19778
64110
48060
34251
56311
62100
23096
16140
23788
3699
55058
32870
813
17445
52026
26687
51778
64295
53093
36662
9985
25453
55060
63518
47530
43141
22432
2608
23731
19665
59443
11544
25199
53562
48745
59529
18723
58535
51895
29532
46453
63354
44009
33014
36582
61229
60875
10301
51029
24415
63979
27238
11978
46745
27250
45948
46444
49609
47136
32603
25006
14777
54625
5582
27619
27438
22297
742
61268
57653
53266
2899
20947
11149
57034
13549
26976
40499
6896
34144
10576
2740
16618
40060
10195
41830
40601
64620
24559
51140
21814
40793
55063
63987
18057
51813
23580
65024
60726
46944
17625
21981
15909
24786
57458
15368
9263
23469
21067
54468
13065
40440
20545
23258
38867
27480
40815
38889
12202
25756
27515
32557
18390
4770
1527
22998
60531
20590
19920
49836
33985
45085
32667
39027
3010
54747
52921
19712
35642
17389
61696
23727
32619
58248
5852
47296
45104
53009
45361
5520
29903
26942
57422
27382
62711
22816
4153
50021
35653
37693
51838
58634
59258
20117
11205
41746
5590
39705
38472
63597
28077
32452
31234
9761
15673
58492
26732
45106
52605
64995
61324
46330
12442
27121
14601
44410
27940
22494
43371
57555
45067
43573
20560
1065
52140
62869
6224
34124
14459
49174
22551
55530
39428
23704
43682
54522
18285
13421
4899
5694
55032
12244
27147
21594
61976
43784
50130
21393
19689
35376
40719
63863
5226
35036
60504
49929
35512
14873
40273
14411
9462
60889
35777
711
31841
47070
21450
16430
239
23485
12350
62811
60771
8532
28384
28249
46334
54298
47064
28282
3533
17899
1793
60750
25905
53443
1115
41785
54417
43193
24661
9465
18440
8652
35287
41671
65146
42095
63164
36600
55462
25639
2337
56886
12824
24600
12929
52660
33496
55890
34259
41188
6689
49303
24319
22828
61877
22944
62008
29059
34733
42268
2017
21572
43482
15551
4058
13343
15911
39539
57623
11393
49537
53647
60873
62132
58261
49160
54948
23066
9973
40483
8848
63279
33028
1495
33124
33614
61597
13725
387
9959
15696
28286
6073
30057
39360
42428
51445
31329
42183
7263
46270
58131
56633
47805
44448
52232
27042
37752
24779
27939
58341
52170
33534
63368
55540
21714
49056
61401
58578
44753
40973
12518
12445
11899
18107
10394
41078
31205
16569
617
20164
55595
14532
36231
53005
56303
3854
34302
27150
27311
11580
567
33210
57464
50099
47078
37628
24554
49465
63228
22979
55202
57050
22652
52673
57082
33988
23517
50990
46795
50311
2313
54195
58931
14117
51954
40079
62187
64961
54278
8321
64801
56917
38037
18217
35414
53737
56050
27961
28634
16359
21615
2387
56560
38400
39597
23841
19915
3253
11610
5765
51146
20886
50503
38778
40841
48982
4040
57585
63146
17579
48225
58495
47866
59321
27026
3112
28864
16614
33565
58850
18442
16528
13598
18909
17265
35019
16002
34126
49886
43268
62074
24007
27510
29237
57279
13377
15543
40564
9824
15824
56850
6646
1960
7298
37999
25105
13722
41704
6131
10666
64436
1489
20031
26252
57036
51985
7036
34520
623
23249
20723
52956
60937
51452
19914
62982
1028
36598
19212
34611
30010
26170
39058
40039
31551
60858
33120
62476
44646
38668
32880
24067
28142
44672
9830
32410
62089
57595
56425
63677
38797
36187
11776
50505
15527
29421
544
7484
37860
61140
24598
46012
62522
16096
51019
18994
4149
46324
49400
25532
6149
61488
18420
49979
5149
47727
4467
22160
29289
25312
18686
7294
37577
57232
13899
65435
9577
13461
36518
54859
53447
3239
55113
27778
14631
1736
18992
16358
29149
15260
35998
15343
45529
46842
35172
30386
46870
63491
58787
26637
11863
25409
13847
58798
22065
21897
31153
15342
26102
28214
21222
52742
21874
62512
13112
24323
57957
58834
9873
24293
38648
17818
33811
17861
57528
55046
38185
31879
11891
52449
34980
22095
37513
41141
35682
17555
45970
58812
55469
12028
16646
35389
5093
38423
57308
22605
49375
20601
50948
40894
8835
23661
29675
51222
3790
59744
61844
4830
39588
42970
56520
38580
63394
40970
11517
6449
50125
63869
2972
33188
10017
50563
17053
58377
21513
29687
42693
13109
29591
56249
252
44342
24379
16556
63109
44517
7673
24769
26056
60562
19699
59710
47503
48467
63872
20547
413
17118
11318
9786
26481
40530
63238
31075
37692
35021
41107
30032
59084
45378
27389
2254
26373
42070
8515
19861
42612
40386
39449
59507
36892
35982
62484
14639
63647
60507
32874
10269
51130
39018
50744
19838
10890
30474
26749
19030
7588
64099
27682
16397
25838
24399
31014
57151
45236
5101
42491
21348
21427
25376
24610
14024
51762
60416
15076
46721
47226
984
1081
52965
63587
63716
9692
65454
43612
8389
3393
15359
12186
36017
10492
49586
3452
27728
45800
54354
62419
23032
12887
39735
10953
12275
15688
58760
47182
57583
117
15455
35099
22265
49486
47434
51372
58871
23031
44203
2145
27381
23425
40685
16204
34870
52380
7813
56525
3550
62721
59740
31654
45447
16098
11284
43605
62192
22315
42882
63926
19471
13657
41643
52773
32785
3031
65065
27560
2046
44482
27928
42020
26988
42914
1228
61523
12649
60800
39047
14161
809
33580
1229
52150
45351
57818
59356
1772
28557
17994
54007
8098
7284
8430
35407
21080
11686
21358
20621
57937
23641
15346
49538
49203
28926
36102
24883
33246
54778
56753
21715
6929
51565
35936
53041
49580
29234
10897
26460
21697
8947
63053
20686
16008
31977
42758
16714
36570
45342
65018
63083
26629
10276
20763
57410
60194
6086
22305
30498
47176
56572
36374
25185
42155
15168
45423
31962
23499
17595
46247
26658
31606
52789
25334
63036
9219
29570
60339
40667
35848
36805
54971
4665
22777
57087
61963
23161
211
51018
33255
40411
5340
28039
61404
63408
44682
23178
50196
26995
2163
60598
48688
7152
2033
7162
4572
14098
56295
26935
45023
30369
52431
13078
54299
64017
51980
5864
54209
29866
39668
30048
55218
59137
10966
51166
18361
21229
9856
13097
48898
26986
954
20921
28431
55779
3234
4495
20019
53337
26334
27783
1071
39317
24047
25982
35205
61864
13447
580
12430
46471
42651
794
29800
38373
38256
27982
2493
28626
9486
51705
14728
47086
36942
62411
3400
6054
28425
5661
55387
23639
63656
28832
65401
6874
47148
62984
11249
2575
47498
11351
13201
63885
30462
65385
2611
64083
5412
12265
52063
54373
43968
35730
21575
7797
10574
19322
15900
31842
42674
6809
25347
26757
55434
16820
18151
26958
39406
44460
48269
32442
7242
57501
26411
56239
38550
23708
24707
20642
5024
7260
62705
46362
14433
44740
18863
58461
59779
20339
1705
60057
30700
18605
40468
31485
49263
53202
31518
59919
43107
65074
43537
37109
54273
50852
6522
2696
55394
28295
13789
39358
32101
9869
20297
31646
8046
34984
42896
37774
63559
53391
29951
54189
21447
38449
49735
50797
42101
4877
1622
44012
11349
49860
55538
1551
48191
17828
10177
37063
28111
39617
40087
52423
21444
37008
10981
38989
63846
35000
44578
59987
60813
45724
45728
62251
39357
40472
29097
28647
22254
50606
11178
24910
8400
31515
59026
6205
57605
64664
34989
50597
43677
27529
29362
51533
12945
17563
47478
18777
61762
48557
824
11286
55761
9392
49642
62296
23752
39665
34627
26206
49088
47273
60041
19843
19461
1138
41150
2568
33842
6399
32391
8603
2743
34912
39561
45010
1436
49826
24239
53708
4035
53920
15950
60330
47026
31306
32787
64937
20564
52453
28695
15415
54600
1001
6727
3507
12321
23875
5077
20581
57942
52770
31762
26858
48059
7033
11389
22987
25752
31547
14413
60647
38465
5517
25406
34821
16198
3958
11400
48520
32899
12039
15555
30417
26618
5249
65099
18852
42038
43512
58879
63932
64959
37685
4364
56266
46292
25936
33101
7542
62244
41355
2816
40523
32538
19715
30874
20443
12714
43282
52504
8251
40403
55460
20001
57127
52985
61121
13205
38933
46183
50102
42157
25833
5754
59252
6698
60592
15052
61245
21047
38952
39057
18662
11528
30414
16296
31200
51851
61839
45816
30261
33221
5783
16858
12730
3544
13626
53564
34783
38777
14874
12647
9909
25831
18407
17196
42586
9012
47492
17227
33596
35054
54147
49816
46762
4508
65094
3293
24396
56484
40001
29983
12726
6355
11224
17734
47689
22278
63106
45218
14810
34457
31113
61195
43072
5916
52300
42112
54926
33654
34674
58723
21323
53943
4257
50695
65392
12420
17519
8543
13126
61987
33834
58051
6392
60055
35218
5090
36537
41145
8466
65075
37488
64176
58829
46963
23625
46071
58389
59469
13115
8367
10026
60287
53519
14976
36394
20432
58556
50871
44297
59735
37243
33696
20607
27794
2080
44950
27242
15917
12073
49119
29135
658
29696
22409
20026
44147
3883
39392
14614
24102
63668
39117
15281
57894
7779
28504
43109
23009
24353
13605
61876
12373
22021
22608
32924
5008
39854
29504
6043
26835
11480
58450
52655
11624
52322
38981
31580
4944
9491
24984
23756
13910
25322
13551
64079
28944
47582
58211
52926
27244
34352
29785
48285
29124
65250
24386
57049
18395
2432
51554
716
10490
13210
18186
63703
44562
52136
13695
30537
24409
39154
62694
19219
2863
55915
7691
9421
49954
60729
15332
7648
31987
147
29833
39333
41260
53142
41325
50950
9844
17578
61848
13487
25809
43372
15335
58733
22067
33146
62942
37331
30266
14503
15227
31851
52886
44593
24044
35332
13182
10151
17561
47732
42347
17522
37630
44796
57113
59132
37640
52283
9464
28649
38199
48505
11070
33901
57994
28847
1062
9167
1289
64426
40751
4839
60046
31598
44372
3328
13786
34289
60013
41870
63766
7839
25730
45851
12892
20757
46427
23375
7427
55714
59880
43397
38561
32217
25808
1027
13857
36643
8799
48175
47481
16916
28744
13195
14336
19427
5602
17720
65206
9585
33698
42274
36959
27424
3269
54502
50003
51938
12229
36828
17776
25514
51940
21706
49721
50804
49487
7485
12875
49727
36682
17680
6236
22780
63492
16887
23290
5123
13945
21938
54158
41595
64409
59530
8523
20760
40178
2347
21025
16883
27639
1264
24298
55156
7364
34992
6396
9402
35809
40744
49856
14499
42003
63675
49169
3090
35695
39865
19062
64038
28485
4111
28965
13258
49677
18182
26405
32272
59732
51386
32844
41627
1
35808
55199
46623
63187
62672
34129
62033
28253
29064
48758
21740
6243
16673
8857
13344
32816
6156
42793
26109
2311
49224
40764
15885
26127
45894
55281
15767
54984
2015
19080
10758
33211
26582
5979
64108
20113
62808
11202
44277
55350
29055
63252
5611
48335
17929
5891
50203
32459
53489
12749
13423
48882
7991
16599
32026
43061
9976
44369
49568
57720
31426
64410
33662
1030
17446
30603
42391
33982
2931
26416
5375
24492
24303
19412
6967
14309
22706
31404
8828
17497
26984
48832
7793
7689
61416
62098
17751
11846
43463
8781
40226
54433
28195
14441
35478
10193
18794
11617
38413
16334
31565
25763
3254
10022
27981
47199
22815
36415
15078
34067
18840
51315
26721
59308
34175
8985
20742
41563
52754
22264
55576
47201
42302
17604
21324
29120
2656
59900
60432
38198
42412
33707
32794
39320
21573
46360
26846
24111
30715
39990
49883
17927
4300
42087
64179
12688
26608
32119
10919
24366
52884
64181
59964
15510
39649
13841
6556
21539
19605
62072
22997
62797
62792
56767
15672
23022
20648
25435
47961
18210
36122
56705
46657
31117
42784
23698
25665
61138
55083
15162
16562
13016
14931
58597
6523
4022
1438
21616
10904
35112
12383
22947
48946
53674
15252
37433
53388
36106
31856
55961
15430
48204
2965
52606
30937
3279
1221
57536
13050
44466
33359
3163
17740
44249
21357
64663
6616
18318
28207
27907
60679
49418
35631
8749
5793
42504
65139
33648
4745
50467
24799
56487
6879
29126
13057
64415
51850
642
4952
35720
494
64871
402
28303
47630
28737
49774
44222
34643
55991
39217
6310
9092
24105
47110
53886
11796
19694
14356
1322
9124
18825
58963
2605
52047
25401
45278
35224
21248
18908
20783
34607
23534
60514
350
44190
22857
54730
40162
17401
24759
23155
25174
29018
34755
20491
23987
50603
29793
20550
36594
32171
32385
45983
45609
26253
64825
51546
42361
37095
13481
30540
18705
37306
2629
24359
2900
32371
50454
62785
62027
39637
54089
35636
43883
32359
14709
19620
43616
63513
48526
8503
42740
51810
19346
2895
32186
48003
58809
12092
9150
21552
42368
40899
12385
6099
59655
57751
37623
40802
61789
3344
10856
3612
38285
36177
28268
48941
17567
5309
57551
38076
57522
53861
50965
41020
54900
4637
30340
57979
26811
45420
41588
62697
41667
10935
31542
2516
2276
63171
64069
47488
21176
31210
14029
14726
54266
65302
18770
45375
35129
57902
53287
17634
64638
56247
5366
27015
63137
45399
7341
5016
24486
18798
31021
11563
43313
20794
35738
50907
56201
3806
9213
24019
19768
57405
52640
38476
44889
59895
58445
30141
25881
26718
49759
30641
50340
881
56855
31319
20520
42699
6770
21712
60030
60580
39593
8447
12490
52709
4204
59819
37956
61046
7527
12709
52726
37399
793
2264
22130
2185
12823
10167
59982
23275
18189
2508
3758
58087
3247
42099
18982
30634
46785
49378
33501
39709
33228
51119
22799
19266
8627
15505
7307
56083
36502
19741
19785
52197
3189
43655
25577
17041
38592
1317
13637
21671
24689
15451
46087
11080
21537
61120
13187
41183
27721
30912
48151
49217
55250
6216
47529
38593
40070
21143
36359
12160
14704
61819
44207
8182
23379
2939
61260
60327
36425
57396
17709
18254
6679
8213
8562
48257
41866
14317
48459
27809
51532
24167
2187
28646
16999
25323
1771
56870
47884
49967
23069
25678
16866
42057
11453
8904
19095
34625
27287
55334
17791
2350
39691
38505
19070
32752
20818
37425
24113
6650
23189
14278
24672
27173
43442
47094
30425
43427
21607
57626
39614
43524
38296
17737
61231
55637
38530
33341
1825
44064
2070
34326
65057
58493
44260
39626
17080
19114
10824
6358
37854
31830
15308
38238
59607
12478
59472
24860
60382
20101
44687
41875
981
32104
59207
12145
58930
35239
39843
27803
50779
35515
22833
13411
10205
42269
33140
59349
14162
50164
50355
14938
65140
2680
9958
27659
5245
16193
20226
3796
55263
6998
64170
56679
27955
40981
62864
2189
24854
38340
4273
57566
44271
12883
17842
58959
54332
4084
4326
58002
21967
55590
4928
30201
34111
12591
54574
5566
51316
5275
59711
3671
34034
48473
1678
14958
40749
45129
4406
31958
14887
55834
10741
30098
61871
52105
48393
1462
7385
39480
26147
50684
9912
59720
39049
6801
54543
51889
43556
32637
6621
42410
51949
22275
21635
22483
50767
36005
54513
18491
44351
65407
37888
63287
39104
39133
56546
47092
56394
22650
60319
14490
19664
62622
38233
3766
14946
44386
33109
29799
29763
40553
11275
8379
43922
26436
8448
15028
44477
37786
62409
45686
55598
34293
45091
34873
17622
61831
20694
16589
52357
43401
4947
10563
26971
39129
59915
51108
61676
26998
53107
54428
6716
34284
20476
2325
50828
40541
31491
7862
8004
46067
44417
19120
49329
5653
33180
59344
15269
36105
13889
54108
13432
63657
5716
36483
57933
21016
15910
8275
54911
59142
48446
45187
7411
39026
26270
41518
11759
53300
10988
22812
45692
6694
49583
27867
32246
33393
527
59980
1691
6875
64510
38489
51873
1742
60940
20441
3525
25109
13014
8052
55233
43555
59425
51466
54862
29271
43694
5032
44289
29412
49879
41383
21290
39581
13815
49597
59001
13202
49
17826
895
50591
911
40824
60226
25656
3993
25392
52867
46846
49044
19546
20472
8540
46131
47614
50004
59222
17677
37995
20483
16852
57873
52037
36941
53901
55125
17291
4529
43288
37166
3413
6337
5973
7004
55196
37779
30336
13415
49987
6923
35635
27423
62566
10074
42373
62683
16000
58259
34560
17391
11671
10848
30307
33815
47746
60620
15329
23115
3922
16948
15783
60320
56861
40257
5712
61192
59131
16264
29856
43254
17755
7529
4139
18428
23510
886
53844
54435
39435
39425
29344
7369
2335
20282
55059
2871
41053
574
22870
11800
43571
36144
11639
57097
45787
22433
1949
1828
15233
63479
33272
62549
59875
13246
44730
6257
11355
50388
1140
53870
36792
6135
4310
12681
55184
50435
39639
45156
41148
1889
10044
59678
32999
21044
6384
11335
58172
12666
37632
29355
22753
52034
5567
1020
29522
39542
37645
53371
46829
48020
7581
25773
26412
28617
22323
25535
17752
65157
59383
25326
7241
8938
28436
59577
62479
47883
27999
39660
55863
40046
11482
46353
15066
46778
3273
64189
13124
16547
4807
40686
5319
4706
24048
36663
63082
3330
2441
64535
56619
36286
17793
10679
32400
32157
53019
13038
27135
65487
54700
42167
2738
38363
47545
45746
3962
34355
5379
45581
32133
28818
6029
3719
55102
22773
62975
11503
41322
41319
8393
22571
43953
61470
61461
16266
32185
46512
61088
13079
40532
14388
15861
38196
58262
65277
23270
14547
49716
44758
42235
10549
7988
21863
36764
59666
62225
33727
39851
37443
43074
36010
64978
5597
23059
63376
12790
61573
22157
47956
28042
8729
19588
65170
40302
64586
8731
13867
39704
33006
65474
56293
5811
30281
64072
43286
248
28767
37092
6911
41439
2936
6136
22020
58345
43039
38865
829
25328
65102
7990
11260
59323
60268
13242
60150
22251
4784
395
35184
5585
36126
21719
12197
50142
25758
24935
5982
30702
40721
4057
49309
10351
540
57760
23330
49775
57709
25810
61002
6485
11339
54786
8279
63192
30375
34722
15221
20924
33382
12456
58434
48596
7729
40812
19263
62396
18055
10815
54467
1231
53387
59952
20572
21284
61487
56583
1308
18647
4890
65147
54420
14782
21211
29426
20529
51715
46205
836
11687
22441
36804
53824
64216
60293
35335
9911
1619
60939
27120
22335
11444
22818
46661
44205
64114
32782
26768
47551
54649
64344
632
19651
63954
2774
838
19240
14415
15443
40498
8368
39592
22446
13157
32520
36668
13048
53408
36063
15305
41117
42002
44404
42195
51579
49632
45699
29098
38813
19652
31628
38008
30033
12873
18290
3767
57096
56651
38999
33780
51721
1449
50284
56068
53695
26090
38305
37910
46079
56228
2442
979
30675
36043
57140
46684
38736
36000
35259
26352
6706
40493
13171
25189
47298
9043
38063
11486
42117
37013
47039
47282
24738
10169
35999
36465
14493
31470
21113
63229
887
52632
48320
16729
35592
53574
20603
56604
9096
22255
5228
11442
39282
62002
49589
26108
20396
57425
52419
10325
58519
60305
41925
51915
48573
23393
18247
18031
89
65040
37883
9378
38859
12292
18351
21788
24437
18813
53727
38679
39394
33069
12867
3499
48905
36800
7591
16421
10389
44869
58453
64336
2727
61451
46082
48846
19319
15969
65101
51272
12924
2282
21474
64223
51514
21353
7604
64540
4278
44527
2230
37238
22991
23403
47516
16130
21574
29384
34128
58517
46164
59911
13783
12564
62399
2778
61408
53274
3219
55866
23567
46338
19094
48575
12577
19119
7598
45404
15759
51787
64161
28858
1641
12288
61678
16316
8330
45592
61715
23637
21063
10607
22824
57424
25782
39778
60996
12893
38541
47251
42531
53441
15689
38855
40823
48122
26603
45735
50150
19314
13608
10058
7354
34295
5466
48904
34781
64000
53381
14787
34853
18399
6855
52856
24026
18236
44698
14418
57028
18062
13336
57562
34467
19097
51107
62351
41805
28900
63242
48387
3104
37142
25024
34508
63402
11683
25037
24881
11747
14017
55839
24041
41113
45142
5737
13969
29322
28354
35625
31503
37561
22832
44637
60313
53463
63132
55809
10286
1836
13801
17846
27377
53224
29027
17521
15255
38939
11378
30154
11094
28081
34410
57209
50155
3802
21835
44481
21069
41940
37065
40105
47524
16483
43666
34001
58675
35250
37131
54665
23440
18071
7020
34336
22400
13178
63058
49551
15604
22586
65438
4950
20963
7867
36627
17299
2782
46570
55262
16578
41980
25108
19008
24687
35226
44532
59644
35736
30921
28702
21110
57155
33869
17143
20455
30070
32329
13333
34472
42528
59701
56388
43709
30331
1503
46931
8716
42510
26867
11587
38869
63185
51139
2318
39650
21326
39900
47347
32244
43337
52176
30210
38284
6680
52296
24581
21951
37874
24587
22891
44363
12191
55465
14916
38377
33355
32032
18762
43746
42295
30712
30787
7282
8281
63352
5814
30793
26529
21993
13624
43996
53578
27674
18527
57834
15705
41616
63746
64787
10124
28552
21591
42696
27245
10994
64915
19211
29788
65020
6736
39404
9766
61951
22443
16740
14304
17352
2697
46301
17052
14327
62162
48478
38445
19478
46975
63173
32234
6267
11082
54152
39062
38872
35735
56780
29495
53144
18434
50396
42449
47284
40410
16014
40469
38167
14020
62306
16645
57509
35951
10580
47369
56473
45798
59767
60199
4811
13000
35890
49206
28986
15769
38376
37578
40188
60300
7402
45995
12204
60156
65117
25793
20623
62172
19011
48751
39188
2714
32436
43468
15240
46365
8720
17742
28810
16886
63642
22061
18934
51490
36053
5699
29049
27403
28711
60694
28480
13610
30575
30835
23268
61017
48566
49173
42422
13753
35208
10084
10880
64585
41656
12230
52731
7868
43145
27988
56462
842
62390
42641
15086
13413
34348
34609
42745
37919
54285
11713
25062
26614
19000
58487
49071
65220
54827
25079
11095
4183
52374
34154
65051
59722
64808
38268
61360
452
52396
49356
15692
35185
37793
31676
36706
39696
13880
18696
33424
56959
9750
31569
18065
47741
49796
62876
6917
2468
16577
21489
12047
50869
47590
15284
37356
8831
43635
43957
627
29924
52268
59121
64349
39039
60839
38488
25594
60551
23266
9229
26378
63838
49995
24117
63020
21282
50842
23983
46348
12161
52471
65136
59866
10773
29979
53784
12053
11083
28993
2198
52160
47300
38294
38876
14850
52011
33785
36044
63319
9674
14155
14113
8038
47416
29937
55699
46162
38176
51023
13217
56438
39238
53445
62053
9756
45078
28753
3193
10762
47038
19075
25610
52167
28817
10662
47054
52009
960
4045
7516
23463
8997
28872
29832
39720
60423
20915
9328
15249
47285
40062
7607
1625
16629
4462
36431
57224
19696
24701
36055
15137
21983
43363
21741
6600
45027
3535
18332
18249
62392
840
7791
37229
29376
4532
35178
38914
7254
35831
45112
3091
51065
44433
44379
6340
33667
32492
6343
52041
26185
18277
44228
20494
2974
23250
10392
8186
42272
13293
18353
25734
57398
44163
20054
14716
3665
64457
55775
60630
54568
23213
22775
43559
31942
60149
59134
33076
6465
22051
43194
10216
62531
45185
57849
6904
14959
39717
649
43894
16185
52986
22299
12253
1448
56820
22238
4801
16017
18974
10925
64185
12717
39186
63460
10359
31733
56897
39641
1943
38147
11367
51447
9702
619
24114
43024
61107
44586
34210
53006
59380
36923
36949
24346
53373
17620
47534
1638
11502
33907
51160
47431
9648
1970
39390
53174
24120
50018
14883
50726
46765
19031
9888
58358
18117
753
29165
37841
37669
61777
26896
1066
55969
40552
61834
18736
39689
9211
19014
3613
10729
14164
42757
6872
3610
63450
15985
59117
1627
29732
18912
61687
29492
525
10658
3182
16126
62585
49921
8009
24591
22375
50134
7234
23280
45046
5170
8072
39535
57672
35747
49914
11649
12702
3645
55440
34718
37430
27645
23525
55998
536
25707
8777
47100
13978
55988
24071
35121
2206
18962
9120
42280
51753
22316
59438
9133
60692
22574
28160
1895
59635
55161
51444
21812
5929
2684
4464
63722
49786
15462
62979
19207
45105
50433
22320
47958
34114
59831
23663
60442
62799
36571
56550
13337
45172
23429
2029
9840
45881
1831
42086
2036
13576
56676
33167
30548
6371
9851
54083
18949
50576
41637
16868
29817
16660
30895
39644
24826
21544
35639
2626
16924
2903
60126
49133
56890
2003
39724
59596
52992
736
30623
39187
31844
1455
7668
2446
55186
53731
63105
54221
3029
63545
22309
56309
55654
48569
57135
18848
2194
35374
63298
41155
25067
55177
16225
8810
44988
47986
15129
6884
8569
9113
51290
49300
13410
61708
46167
49369
38683
33915
25569
32952
2284
39887
34815
41862
47923
36647
17007
25190
1725
61423
44278
61663
17957
40844
57117
3679
21915
42024
23338
55897
37096
4154
46618
23775
54027
369
2640
44010
30254
21195
25413
31035
10876
33025
10872
32134
18282
55178
23179
46135
57638
56139
21958
37070
10404
24311
29014
36409
44485
16816
27452
22559
29110
60556
1249
6941
54144
33236
28108
7148
2154
15568
2518
37676
15459
20903
2183
57452
62781
8163
7716
54301
8035
57604
6239
32307
22516
36854
10978
35008
62208
44263
24767
41661
28240
28524
29275
21656
24021
36507
635
23529
62577
8468
1381
13004
48867
51329
59398
7202
7252
11465
10336
33543
51410
44184
26941
52600
45990
53974
8091
19946
48757
25165
22903
55407
57477
8865
11963
9056
47263
13266
52276
29259
53786
30439
7982
45403
64478
23750
52149
28375
60244
42809
2483
51674
38890
32600
56109
32467
3590
38994
40626
34917
32508
9355
10100
52646
4087
43043
51183
23823
32588
57445
44175
18347
50677
15967
48658
63556
25069
45300
33857
16410
63179
41501
52158
13780
38681
29634
58730
59579
53247
40906
12629
12484
45839
21052
51870
30696
35742
55209
7264
13320
8780
21190
42940
63639
5049
747
10265
16960
50553
45849
28910
37040
33493
19371
7650
23616
16941
57683
22147
24879
47299
57863
12722
47255
42772
13852
62444
59512
56933
19547
52720
60005
5749
1919
63566
49952
37019
356
12700
57761
7903
32473
26808
58170
51310
37518
21554
20871
37948
26803
30893
40678
8115
63607
28464
63599
59003
23356
17885
5177
49109
46573
54331
41965
16506
34004
29736
20773
64624
40729
24660
23507
48264
39315
27037
6591
62108
56075
37191
4081
45777
36466
40207
59649
35307
2586
46588
35786
3401
5189
51268
17889
1570
58390
29224
52611
8270
17200
13117
5827
58042
6102
21375
54817
31226
58317
20555
63255
33394
15271
14896
58449
105
10623
58223
39441
15128
47700
45136
63049
31221
2168
54760
28829
42833
53166
17115
54998
44700
1615
33118
29911
14340
9162
37848
39674
7489
7737
60785
35623
13146
52969
44680
23065
61742
64845
36987
54415
56397
23920
62272
26604
10838
4738
23903
28407
15655
16727
22366
23162
55822
45774
26400
4767
57066
9106
54693
23350
58734
33263
26493
47021
17342
64213
16663
48273
52054
17498
52590
48632
7353
19996
55968
6653
7913
28755
33675
47090
14751
5584
65524
40918
39349
35210
17770
60965
16807
48275
38208
50507
60826
54777
27873
35648
25396
23873
59313
60132
27300
14022
12072
32409
15042
21649
31045
18240
59605
25120
54143
47197
16575
26431
43139
40901
54557
16251
22770
42369
26970
60069
64744
24834
36432
42837
7232
47353
7986
4340
16075
64647
44529
36247
59688
29476
28570
33197
55680
28750
13628
22165
51338
52099
38173
55835
35614
41517
28321
20684
28272
20954
27303
63870
35608
51283
48844
61632
21111
59518
37343
20821
27834
2541
44171
44880
24
58917
3611
58574
30926
22033
12155
38344
44042
34426
61779
54852
33319
32034
38350
2057
26153
16837
45656
59032
24190
45173
7910
40789
22168
35388
7082
54544
54555
15071
1162
18223
27385
22892
24101
42636
8333
17270
41648
47701
34819
10224
39277
34222
13166
60830
11216
30347
59186
37182
22457
33913
13577
31526
12778
58432
30215
14085
64820
63544
61510
23224
42500
44180
9356
63694
19181
52595
4904
39850
52833
35537
34767
12228
50650
674
44274
64670
28150
28418
42311
13893
1496
36419
33509
51646
39338
20705
9053
23939
47662
43018
54749
8599
38910
10407
14145
20636
17492
1127
44216
3475
53925
20228
53661
3217
32220
14670
25949
8631
6431
35646
51041
53910
28716
50466
10950
16692
21710
4388
7446
24177
20155
36381
15055
25020
25932
40109
46169
6495
62712
22523
12345
44247
32935
44785
58544
43345
46493
24150
40438
38326
4985
53926
49441
16523
5258
53407
58627
21002
37881
3048
1646
57925
61110
62934
51320
59905
2065
28949
36702
16202
27010
19317
20394
36609
52836
22858
60825
12451
12991
7881
20037
36775
21302
28182
22573
43521
8407
23754
48327
42338
1269
24132
45062
32323
10756
1235
5180
35934
8051
12100
54039
22192
11457
16292
36378
57417
2735
32296
29638
60398
14467
55189
57426
19233
33257
9297
50411
24961
20004
64331
42559
50918
15072
2430
23064
54163
63645
30918
55413
24805
54131
14178
19906
43871
52486
51133
47928
22332
12826
2031
52791
15152
56433
9949
63070
43865
34867
45229
20298
11916
30609
9072
59106
60898
55514
18761
50991
41917
27220
15619
2594
30441
1980
32717
29968
16962
35254
32353
26730
2795
8894
11321
47394
16903
65034
40085
20758
32079
48978
22508
60302
3114
10675
18211
58633
12675
26364
55644
48498
56538
29183
44046
48193
461
59173
24422
58352
37172
38597
52967
20223
19326
34762
42930
46061
59285
11036
20045
49070
34765
34908
55691
35074
8066
59399
63458
2801
8042
21365
29754
55356
15515
10893
34489
41617
58800
60252
59182
1624
2346
46521
38071
60242
52540
45642
50758
17645
47671
60195
44509
42996
7639
53768
54978
26794
4415
60409
19885
50095
16697
34732
18987
21687
33564
18551
63996
41047
12530
19729
11954
43344
43875
64042
63141
63684
43375
44607
3506
56990
60026
18194
38475
12854
46645
22437
35655
4618
58063
60910
52510
65323
49205
10307
64868
36011
21926
28355
58736
36464
39466
53935
23720
29553
23594
7128
50367
63411
20657
38590
28715
28513
25787
23852
10330
8534
64441
16879
64484
25863
52365
23758
41984
24042
30749
38784
25995
55494
57345
12742
23906
26370
4949
1222
4184
19623
32291
58427
43257
48536
40618
17410
13341
58776
1617
54461
37568
1216
59136
18880
10926
13810
576
34115
6594
53999
27159
52106
28125
12369
42100
23819
31711
46009
41689
16379
1914
16077
61884
64893
42377
33127
34954
59059
40121
32229
45717
10429
41359
49143
58174
56924
52412
25884
58460
34742
19061
11373
8110
24341
24691
10695
17948
47522
16173
44580
24545
34380
55748
62810
16568
26088
34037
26347
30925
10188
57377
6933
20788
5030
40967
50046
33460
52207
37951
4766
49130
51488
50453
23760
22193
22090
38451
11794
22501
49981
8978
34006
36278
26209
46575
35691
54171
26764
27706
51469
51903
58837
51738
9896
5649
33352
1435
39875
60123
18905
35118
58887
60882
8871
3080
24849
6860
2579
6269
13188
13167
48631
32835
32889
61326
34903
62608
58666
64530
33471
4718
50233
48956
14661
18520
37897
6785
12262
5160
16597
2520
12093
20995
7524
44556
40921
6178
41982
42667
27216
59988
64956
33247
15441
29074
43633
37660
13272
32573
10510
61941
42462
29726
17658
3984
58428
27310
59837
30676
20602
32807
58033
29061
5357
27698
15132
21628
50866
52935
50090
10361
39793
17711
56056
63348
11767
58915
32081
63225
54775
55477
5242
56555
42487
9440
58040
31177
28229
63250
6362
49621
59300
52963
7955
33331
40734
63442
42864
49570
50930
59150
30773
61035
24655
41264
13498
42482
44107
62157
36352
41456
39805
21001
11508
45293
44111
39030
16262
55034
62944
34849
31752
40242
48612
59022
34461
36833
22
41448
34788
63063
35212
53690
48418
34291
14655
37369
14318
44122
3643
54173
40089
40196
63839
35362
41787
50412
41954
47784
38594
42256
37233
2002
47392
13035
44665
13256
33157
4341
22195
62206
6852
43782
29493
21291
60263
29610
12154
46779
30144
27157
57176
28573
4128
42623
9864
52488
392
52068
53154
57951
17917
12010
54861
37313
62627
1840
12006
42747
48657
39385
299
12975
46695
20606
302
45385
48133
29101
25801
38621
17684
60787
15731
52943
26417
2421
52181
20798
19246
62784
29402
38098
13491
26467
13031
30046
28151
64716
6750
34428
54970
32645
60918
58731
30308
41287
39780
51312
22771
58926
15686
18157
58186
61454
31558
33201
35717
27236
25459
61430
49196
43767
59431
43768
16495
46728
28899
45942
26581
64034
65402
36424
56901
42376
21469
38665
63828
40269
46859
11182
10130
61348
64637
22286
61179
55751
40679
36265
61603
9373
58357
12968
46839
20900
27618
17383
37844
3439
35299
44037
23174
23810
23357
53449
5756
4477
50441
6641
62308
12270
1724
33808
22262
36354
12671
43398
8449
58064
44690
25897
55384
7548
29789
42540
24584
30920
12408
43252
17145
43448
63914
49008
63804
1345
1355
42193
53513
2330
34361
32183
5333
4251
17138
29218
3841
46371
17588
2866
42253
27191
32497
5004
32167
43049
36146
8898
35970
2215
56209
49048
2413
3432
482
532
61854
22030
14806
10810
2720
33761
2963
65089
12086
38897
15184
13090
11377
4129
20062
28140
40657
17961
25449
46863
50240
24290
7343
33674
10016
11481
20428
45015
18890
52670
57785
44021
37643
2842
47556
48036
52381
15810
30232
57250
65132
40669
37749
45432
36883
3859
39242
2314
55721
4174
46867
42933
58701
47877
55385
57511
44241
44192
7537
41382
31725
21676
4550
42496
38866
46995
16201
36429
43206
4537
40892
31038
54255
45336
1506
53171
194
31176
2582
30323
51619
2747
38353
26269
55458
65482
60748
31556
4318
24934
18627
14736
16817
41418
46605
37954
15432
3970
39191
30932
51553
21865
19183
48767
19388
17462
31992
38181
7885
30709
60513
60827
18611
18783
54816
28381
29242
59965
54437
28934
39926
28087
28953
15241
47115
36015
60214
49247
53600
27911
33175
1865
27811
60856
46428
40520
49496
60566
21262
21109
64425
60342
1032
11947
14637
33809
3972
4227
40800
12318
25620
45734
4366
56865
60505
30342
50414
50502
52402
1303
59750
47307
53845
48149
5001
6240
40108
5683
62539
39931
65423
3322
52634
46415
61754
13127
14997
44955
65032
5194
15171
20329
26836
60663
10972
50685
50559
34731
60743
37962
56378
59780
45596
38737
52593
47109
3151
54503
23048
48800
46457
38267
31637
31171
22258
51975
46314
56460
13125
53716
30734
30698
42746
11775
53570
1040
17380
9872
46491
48942
10089
7368
23423
58545
64710
59180
47423
54421
30001
20192
43797
46805
22513
36516
41186
43362
764
5639
61650
18139
44142
5818
25388
56921
55100
49144
41123
15214
31018
61872
14987
12107
52672
25391
29085
47452
9945
25899
4447
14166
18429
26640
19152
20881
10198
20016
3479
31922
56210
21779
35787
3565
59923
60652
16054
20646
61533
42356
12754
57967
57756
50872
40222
45149
4592
29424
60670
5173
1938
57056
56250
46495
17464
12906
58314
58419
31055
47305
17236
20956
17216
23998
17133
14528
38931
28453
47638
47433
35424
7594
59625
7739
3846
52410
14788
49969
11717
24975
41070
31953
13173
32188
38863
36754
18038
34110
53630
43431
65174
29435
58766
61104
58376
43946
55439
16826
906
61365
20737
39271
34648
5941
45050
35997
25989
7740
21749
16466
7526
55410
53419
48926
12637
28705
30728
56853
45594
61700
42541
37795
17470
35553
2227
4430
21009
34297
30903
38498
53329
39194
55591
5164
9568
65280
3803
11664
14530
9823
52151
16664
19598
2484
5151
17393
25333
56248
9531
7943
43066
58763
9652
39903
45803
1420
32771
24258
62523
42665
58564
45194
65296
31366
58586
19569
43820
34763
56543
8929
34354
11027
20981
10807
32892
60324
45114
41425
24349
36254
24899
13717
47014
63417
44286
8896
57837
12551
32199
11369
33508
3957
37507
1848
1700
7034
56325
30237
35922
32406
18437
57765
5458
62354
54734
892
45955
5376
5209
63
61739
29360
9340
48118
46653
4413
43276
60796
39353
35
20274
24247
1400
52273
54270
45508
51989
64685
50688
49546
11434
31523
5355
40488
54306
60949
27577
45123
5100
18496
1812
17083
47188
44276
22189
6157
42600
30951
2008
11911
25250
32900
36649
40961
29569
50984
33107
32815
62000
62004
54305
45758
4146
49859
19040
11736
31334
12140
48712
28734
45731
40436
22607
7852
35302
46998
19053
37248
7945
7125
4616
48679
31015
16741
54032
52028
20928
3531
45270
17936
63467
33005
43918
28152
15684
63713
58872
61953
46281
62896
61730
34478
50997
48416
49893
51647
18411
52724
65470
14018
31880
62369
8638
37241
58646
17297
61732
33958
52813
45635
100
52006
23899
62514
62154
38885
5959
11177
64414
63977
39386
49090
49100
39343
60364
9461
46253
36343
48271
22191
15300
65425
52970
12087
9697
57225
28655
48325
23892
6276
18846
63448
37335
35182
15444
6327
19560
5987
1710
164
51391
54663
5532
50161
39146
16666
39935
27987
41562
20991
64726
19578
25430
12075
39037
19688
8753
9601
31832
60467
14557
51542
62776
55198
63567
29468
61728
17387
52567
18394
64677
10247
5391
34450
50072
8870
26602
28027
28880
6304
21782
2291
33647
16942
41048
59784
55159
34182
20571
54779
38728
7974
15194
56163
1266
58526
26022
35699
37086
34279
24784
64577
27525
31340
64133
26652
50469
53589
30429
46736
56814
53165
64055
2534
57262
53194
8880
63239
26685
11546
11010
4647
57284
58615
36448
30761
60278
36482
23603
5152
21629
32205
25815
59803
56348
37853
9259
20214
17990
25203
16086
3032
48108
16131
24466
49953
29442
33039
5875
38834
33004
34716
35329
1688
48188
46080
44974
49083
36642
14009
58613
12523
24602
38802
14900
2146
17219
29399
39783
28021
24259
39944
62477
30248
28032
18599
2807
31972
4068
51476
50759
49197
59444
2272
10483
38568
27351
1320
22080
2060
57977
7973
43703
1383
37180
41541
7422
32437
28234
21035
24746
12454
8290
63056
34831
35872
6759
50194
12541
30486
30446
49944
12050
44252
46465
58581
62966
3573
3585
1215
41619
48490
9781
578
12401
16593
20451
28307
15739
63496
49122
25753
22960
18665
46062
10554
49439
62451
51411
61190
10354
20962
50257
49614
45252
65241
7165
49862
64506
31533
48056
26784
10366
37959
39908
33864
56971
12070
1749
2634
32765
34009
9505
1271
35686
11946
55234
28555
47200
50473
26379
55646
45700
51517
2486
63649
58309
8766
17011
34385
34666
26376
15578
47032
16920
18879
44725
53656
3568
756
52817
10311
6983
7810
9275
919
64502
56962
41803
64669
10356
25684
39824
45618
12448
21662
2231
50613
8839
30716
50853
18515
26778
34830
58691
48163
17312
38900
34930
57945
45155
2765
46017
5638
10438
52597
24232
46742
36525
50329
9070
51076
55755
3192
60392
43355
23950
8446
34559
7000
6127
32087
9752
5613
26747
59375
24787
15043
45874
38899
45514
23334
10823
30263
697
4180
27943
38750
45310
49993
65503
9709
52234
1423
4108
14784
52566
28498
27835
38886
13455
25671
28593
63502
18091
25136
18597
41434
18656
24901
37161
33893
24700
45271
26349
58840
2590
57457
53625
12301
53753
39774
51496
49822
1708
27926
18639
36066
47588
37196
26346
43866
63857
12284
17436
12133
61524
59558
19614
43101
27496
3989
13677
12007
26296
27895
12528
55871
64326
47230
28088
28738
20698
6296
18677
49364
23626
63557
55422
47753
24281
59353
5400
48936
41515
49339
31552
9995
50996
21892
40254
50461
25117
51694
8606
7776
57040
11470
28896
63224
45604
12091
20403
48770
48849
8094
52409
10610
42557
29618
31759
40732
30515
59501
14960
30456
55941
53709
39698
32655
8059
35048
10734
23030
37429
309
14094
14943
54993
24286
30654
51148
38517
3350
45184
23862
35921
3348
32176
33139
56701
10883
33324
17504
20249
59190
12020
39775
9800
37067
61071
12124
50538
55831
21315
22708
16242
15652
9821
56772
42386
60179
51959
6697
31708
54809
6743
17481
23633
7563
10785
9953
23105
50062
21177
9977
43299
37906
12397
10722
48847
49637
41302
18661
11860
6482
5622
56561
54287
6632
44898
31197
23838
46388
49494
24209
62051
2014
36473
50075
56680
35449
23612
46172
26093
29646
19238
58748
7620
18672
45555
8655
59108
53230
49603
46567
32898
63687
7160
46574
5794
32702
31106
27367
58854
37927
62181
62498
15406
11540
60780
7442
24506
35359
58816
56206
13253
2108
14978
38512
22800
60930
51106
32496
33916
47591
5543
60218
26906
29354
34255
34183
45386
23337
40294
8728
32417
53004
55328
7896
27198
31461
10748
32404
25563
51545
46707
4633
48135
549
54808
12956
47962
8881
12689
41736
28297
36096
15318
49103
5727
55386
51460
41379
8326
32390
24304
47712
26825
41865
27176
51764
8928
65238
30447
44931
41206
8404
5544
59856
57148
2277
52474
59608
29565
8651
27416
44490
22805
28337
35953
43269
28343
24378
28419
15144
46109
60747
7472
19063
51112
39950
16647
25191
18624
23366
11716
22394
61746
96
37165
6299
5550
11682
38669
4527
18474
33089
42710
54879
2391
12567
2374
29643
63980
42207
15625
57013
58826
17078
51658
55776
61514
16604
47463
25565
60977
27110
59848
18797
5086
62176
45845
49432
16949
28452
42156
43650
17792
54677
29925
59417
47487
40354
46001
41763
27158
33550
56175
5255
42789
7708
59434
53396
18513
29154
9742
51771
16509
20279
12491
58156
38389
9719
23341
26589
280
47766
62077
63093
36832
39666
42011
55954
41507
11830
59541
58804
28579
24915
33650
35051
58566
50714
21794
9227
19775
35675
32685
54091
21371
49715
4432
47009
27620
30129
19123
12048
17345
62410
21541
50108
50050
56968
45128
43215
34368
56881
54774
37098
42050
15725
30008
41534
9703
7380
41921
34509
64105
40317
7504
19479
59034
64836
39506
45623
56976
19776
34364
32177
57019
29266
17409
26418
63278
53655
1920
60393
51993
55865
18306
60708
31615
6295
37153
35972
42622
27934
49135
57663
10577
53382
56848
60486
39381
23948
33505
27193
55610
22722
17508
35910
57179
62586
37338
31204
23060
6137
63152
2882
36085
48254
8223
27754
5153
32658
2658
52657
10229
35523
52219
41165
7342
12203
32722
6647
6854
51500
7621
65464
12614
29708
29775
40274
55497
40730
37183
6856
29021
32910
11313
18829
24124
14748
34048
30938
43834
23102
26315
4836
18544
19687
7658
48159
41972
36058
15245
29543
41152
1243
2212
16637
19550
63679
33942
48875
17250
61518
57495
47687
30095
1076
61538
8369
30812
63180
56245
8604
14460
28490
35837
12499
20827
50751
6565
12416
58948
63334
51595
18842
352
36918
9966
47400
53203
8
304
3157
2746
50391
60376
41677
53497
23835
32239
12247
63245
16751
57361
63383
31410
23508
36345
5169
59794
9676
46956
27976
9728
18447
57447
41294
60737
9693
7758
46992
8284
29706
64365
16630
3109
9777
19788
56342
15858
63478
19787
8017
4118
6331
885
22727
41288
34940
56502
9345
51640
521
39755
37652
16601
11213
45454
56773
217
56655
27369
50197
5834
10353
33769
6285
12336
33467
48110
22358
56888
40239
26478
11820
32839
25182
63362
375
27456
40099
64404
43930
13937
40949
44023
22878
3136
55065
1941
21165
10196
19606
27431
55766
2037
40042
25431
11853
52695
30602
45075
36880
7574
48199
50392
58593
16480
16475
28394
33629
41673
50009
18309
16736
7
61226
40603
35151
63226
23994
52194
51733
46454
10661
41176
28013
5930
39347
48595
8939
43342
63384
34382
49031
6953
40487
16779
11392
53
16693
19534
16389
7003
46875
63328
61835
61465
52083
56220
33831
16025
35834
17632
64559
64578
28564
3369
49996
51801
32535
45568
3295
251
43693
38217
25840
28313
35671
37366
61584
28216
10127
230
4205
10116
58695
23295
49991
11847
48947
35549
26103
38165
64362
16112
65078
30182
51927
10004
19005
22407
39090
10345
58999
18180
36509
50026
2523
51525
63695
2020
32458
35906
19818
3125
1936
1832
8885
63472
5421
58210
47168
61480
12333
526
19570
29363
40915
1872
16688
61651
25631
24145
13490
101
37259
21543
16207
34097
64254
52556
15775
40252
53496
49417
51249
59893
44302
23590
62741
5091
11810
28265
54627
21487
54327
35785
14482
3860
3249
28305
21167
15483
10874
36552
18235
45696
40515
18224
16841
6474
57652
12865
21268
6836
12379
59992
54573
61577
4533
41192
31351
14028
28293
47076
62903
13681
24585
44325
42470
26425
58680
62855
43119
56731
48747
48472
1445
60091
55023
32635
21259
26450
49767
57929
60527
47075
39598
38888
5278
47027
34633
2763
22962
4959
55426
13134
19340
20720
24421
5060
62138
27485
57240
58626
10363
38156
65387
37772
50639
26849
8962
23598
50501
28380
52841
27863
60167
11890
6746
56884
38563
6987
30768
49892
43300
60201
14484
7978
62900
6687
18726
16060
40916
18270
3409
53467
38804
58927
63196
3419
6878
6357
49080
12232
3416
9161
26288
46128
35375
38403
52509
38218
16072
34234
35426
12719
55666
14610
14832
50398
39291
28876
38763
9565
52845
11895
9324
58069
31088
32779
40359
35800
31092
4223
46690
45084
7643
31323
23682
46554
14878
51558
62527
38143
16935
42337
57483
4584
64948
38040
20397
39879
59269
22421
30418
10968
20481
40900
16774
40066
55641
18009
42719
18451
40384
7090
2196
8022
54787
56371
54330
20932
28869
63420
1330
13028
29244
31411
47587
62592
31408
21396
58465
34134
3423
49691
54101
59317
3221
44689
23054
24343
51656
44871
35394
26934
17351
61256
44969
51479
18213
13593
39877
14781
5383
55123
39330
6558
12310
47368
19851
37394
33364
10085
56808
42900
19333
37591
53315
49128
25696
51427
65060
54796
53394
56893
24445
21400
38060
53857
12535
50562
36307
13023
28746
49340
13037
3668
41376
15248
21406
12619
44233
2181
53961
27823
15355
34328
38112
22009
36573
