19406
11161
19425
48075
12600
50600
32391
38395
29057
45738
51121
30913
30373
34367
8573
17666
6606
12367
63774
27354
17646
8255
55896
8350
39091
49136
5672
53158
3215
51421
46484
1909
9516
40009
44699
4908
52873
6746
7130
6740
50915
18577
16594
34909
53490
41916
17155
21924
21984
47580
65366
9210
7871
30517
47155
15889
2996
6404
44169
47397
41113
23292
4014
50281
59666
46004
47639
5568
58004
33303
57450
60545
32464
326
2664
2758
7122
25011
12026
56498
62321
24875
56829
8674
52104
55088
52081
35903
36382
63959
3671
37777
62271
48670
62846
34127
6581
44397
1188
64214
47352
34875
49643
4769
28794
7526
18928
64676
9431
31976
5966
39502
64205
9982
62801
6776
56370
15091
39364
32282
46052
1954
31513
54172
22282
64361
3908
3053
11042
22809
12407
45876
21105
22095
63222
62633
21626
5934
12598
48922
25313
16404
14746
5823
37210
9006
5138
26747
23540
44537
25158
22850
26510
62878
16297
61490
8626
4940
37388
47056
54479
3449
50988
33787
5715
42819
58523
59495
63026
57226
24675
29610
56552
28201
31967
29421
31940
508
4986
51860
7154
56951
43452
45395
60557
52926
35542
6998
1268
3805
34998
55907
29240
1426
13014
2370
50204
26367
59206
47681
28150
41443
7148
1119
48065
34218
24621
53548
55646
27585
37812
53362
56816
37459
2767
19445
49742
38321
54149
45909
21285
43597
59877
13953
54733
30179
1520
8535
35180
54361
61486
61456
44988
22184
32116
29974
47646
34725
51436
54495
20226
25317
32062
3536
41928
65405
6430
15761
46449
11603
436
42658
58810
12833
48485
32595
56592
41310
23886
58728
55387
44663
24482
49620
54806
21852
55797
22363
21524
30012
45773
27158
5511
154
14244
18372
49865
2227
39151
31119
33146
54073
35808
60840
7924
26825
19491
8902
49671
3367
65520
23478
5322
37328
63136
21237
56795
19712
48780
49296
3842
13512
55765
57603
27336
60811
44564
62054
25078
35227
18570
16376
17497
36279
48755
47476
34946
21661
16322
18371
49741
7636
60509
64094
1692
29161
49822
11193
42693
30281
30524
58100
65148
20207
23720
29749
11297
52445
38240
23473
21823
62962
47210
19141
21136
28683
10506
26812
52922
48273
41198
12134
7105
53617
25734
21556
44774
22066
63819
39097
15121
12949
30570
43154
63505
59104
35277
49866
29357
2756
16243
8286
45440
16238
31544
25999
34777
31262
26990
27698
17498
6862
34634
846
19411
65013
17225
15865
21138
16211
50127
38304
34787
9896
55529
4261
41230
57368
27890
390
59191
50852
8083
34253
23039
42821
61350
42518
14014
60416
29968
1567
39557
42247
41014
63199
46109
38978
17010
3846
62699
45921
148
46248
8891
64612
26683
52018
49618
36386
34472
19587
20274
54510
50278
24352
15964
24354
38301
748
58048
62385
31453
51220
37417
58816
20362
14166
18522
26789
60773
33412
27677
27904
3644
38877
27518
57840
62593
64398
44905
49656
45550
15523
31675
44110
48792
6876
47165
14761
52874
53267
49885
49501
51143
38847
49474
44828
21939
44399
9717
1987
31097
58860
50879
6061
7286
17503
27554
51089
61749
59377
43887
36234
58130
64842
23395
29919
48947
60622
705
3170
21817
9584
15888
54450
31577
18662
43699
15842
34369
3932
57020
63716
16725
27387
1017
33173
11014
2275
30371
40702
17697
20213
17387
26237
62651
24605
55179
1526
23587
6801
43484
16661
34747
43910
46199
28158
19416
48595
18968
4028
26364
10778
35383
63991
31287
40904
21744
29242
10205
35483
25593
58071
32995
58023
50181
25034
20163
41725
38218
44951
23906
45153
33082
46118
12967
34635
31306
14135
12704
54524
60848
32357
31404
55620
52832
53828
34378
6793
36992
34931
57387
39359
22672
49465
915
31027
2347
61423
30521
54178
19370
33060
53395
8921
48042
64286
54887
47912
41450
38289
12410
61310
61884
8656
8228
30401
13389
9031
42227
8349
41426
3271
39905
53396
50058
1286
52644
23626
62974
58826
46761
40328
25450
34609
4798
32415
53810
61405
54396
18204
60660
62145
18728
7802
63248
49090
5439
22074
21440
2789
46726
31826
54577
49246
38090
20549
21010
23709
35119
45523
42911
43694
585
27078
8722
31452
8882
10197
51907
5048
7379
37020
42228
42351
3143
33806
38650
7205
14720
41650
23350
24776
49469
3997
58334
41963
45863
57625
2935
56942
13816
24001
7234
51740
3260
32798
58267
28495
54189
63914
48039
62233
57475
460
24651
60389
29588
47615
9380
7489
52697
21398
27786
25138
47049
41667
58768
30992
41742
57140
50755
36323
3963
29393
60392
57362
5927
1115
25147
57799
32174
58251
3229
47540
31384
38043
8390
10491
43512
13737
6697
25182
22888
13927
23572
29769
52023
2256
17033
46951
10756
31926
17289
57605
19122
24970
8270
7531
20406
44111
15370
244
50914
23249
17092
15633
50231
33915
56507
50994
59355
58357
11870
12752
29017
3958
54376
58946
23351
43847
29905
17174
12389
45882
16347
42685
55029
11728
44499
41661
23193
41775
11627
62457
43926
21197
46771
55176
26453
59792
43766
48164
62893
52197
16123
44927
39646
16760
31303
15178
36568
56493
16403
13859
28954
58426
61332
46170
3130
25176
17528
52985
5224
31564
11594
28624
52528
13978
24890
25196
15670
58476
19273
40732
7402
5911
37612
30041
53747
26346
57752
48462
64293
61048
61691
51384
64073
63769
57790
64578
4662
4611
61093
19681
23841
25360
40470
20962
6500
19136
17756
46979
12574
28412
62532
21454
33334
48196
43952
22001
63529
1875
15727
7158
30155
346
43074
29643
4086
33917
22335
15546
26769
60832
60064
23637
41052
59941
59379
31172
6200
41803
28096
35373
1525
2619
18323
63269
17781
19186
4231
32712
48718
31806
62815
63517
24322
20913
54017
21310
39821
7640
53901
17379
16806
4109
29096
55390
57789
10929
49701
18603
9008
49040
58207
35730
47945
24940
752
32783
28559
17591
38632
16786
42130
64967
45341
23583
56794
42883
24317
43563
63064
13053
59943
45422
59926
6069
42285
24682
45496
17905
3742
39164
26178
62913
19112
24858
12511
21
32213
48202
60876
64861
56746
7693
14173
714
32236
33557
45118
11415
40187
52127
58685
17401
29608
58166
46307
3044
52217
6659
57644
41983
2672
42562
55340
47726
7185
4144
27905
36191
9591
25739
47379
31744
9203
22833
42078
2436
26611
57988
3916
48775
56430
22087
54351
20004
55284
35657
54122
21849
29753
7854
5154
53949
45950
52518
9258
59872
2036
56502
57474
40119
19749
22873
54389
13310
33608
43580
60636
23115
5430
32774
27949
42205
23196
54671
52566
5540
6140
37356
37718
17654
18564
62605
11780
26593
53620
18321
11309
47479
61570
33712
46507
35289
20076
33350
31040
32889
61191
51612
52002
31503
20816
52519
31335
22680
57054
56767
51828
53975
56900
16145
14617
19910
29813
32096
22763
29283
57349
9423
51296
2641
13442
48619
24021
58759
38462
13298
32405
19185
24952
56275
2376
45531
57952
49423
54585
29680
31857
44650
55220
55784
30591
53475
37522
43185
4452
36946
30918
17008
4816
6671
60984
45796
15139
32017
63104
2487
48400
14600
35927
64034
29306
44122
36333
25320
26187
21407
3489
3494
44163
5814
34948
42564
7731
30271
8322
65289
11207
3474
37130
50986
32083
10179
5185
8406
26233
9669
891
56429
29701
1144
65490
10054
9632
46754
6343
60516
32726
17665
37771
22212
32681
5435
2142
15322
58709
40294
10676
9737
52943
50065
62638
6490
18176
52245
38428
46505
62115
62097
5645
44256
35589
33143
2685
8576
45746
8917
62968
951
57187
38568
14863
61896
53537
50796
22739
52102
45338
27987
48362
10136
33528
25476
37216
22031
61890
6290
57501
29157
57069
52287
25489
49900
61029
41050
30100
7747
37155
43346
39411
62161
5239
39624
38700
45503
8258
51307
26139
63560
2115
3234
28129
6011
8216
52833
25613
10067
58867
28508
39128
11055
37013
10121
48391
43814
31945
49968
22040
50022
39452
50230
25828
55663
40025
25559
2768
31832
1650
28416
2097
48110
8087
21832
11234
63477
49352
53939
16981
47026
41445
17315
63332
37461
27182
37057
31546
27777
5107
36757
30554
6784
3464
42224
11602
10963
43446
26717
54230
31858
18494
32505
45669
5642
2573
3594
5639
28745
28171
55790
19819
28440
28557
4966
37463
13097
32537
4900
21842
17135
32295
6667
21813
64347
63910
18766
11160
55195
12289
6177
12659
23732
51871
40237
62557
60311
52521
19959
28739
63895
62300
22691
5001
35474
54848
55333
36611
31900
65367
16441
63953
36208
32910
61927
11878
54181
56302
50385
34298
36923
50564
50342
19346
28119
31446
39183
43121
48876
13576
26454
41418
64874
16690
10818
47202
35696
521
19395
22413
55191
15847
61712
11127
62369
57627
40120
47314
50742
19288
62257
54549
14681
24579
4647
50811
38312
20485
8010
61699
39848
6982
54635
40776
32517
22799
10600
57136
19495
10732
54804
40548
36466
23682
57650
12308
54464
41792
25124
41800
54286
29073
4034
49453
927
22213
49030
52450
51440
10465
4232
56772
43689
65471
53890
23777
22709
389
64848
12678
27006
64068
38029
64583
13831
22419
52237
16755
35792
32836
15625
49533
63661
24549
11037
7979
57479
4458
61960
59816
7355
41644
43901
57694
38026
60885
60112
39635
41696
15232
8088
49899
43899
18913
7076
23410
27296
40432
55621
54008
8895
6731
52035
61613
2302
59517
8609
34481
25892
45417
26375
31524
5028
64430
42358
65006
40594
31636
35048
13609
7035
53325
41911
38937
3979
28756
53900
6284
57588
8708
45086
23126
26284
36461
65535
38131
35652
30523
4636
17150
65297
39791
33161
52377
11885
40010
65138
48030
20633
36211
38380
43642
41849
10487
51479
23113
65379
6082
24684
59751
51868
7952
3787
47137
57707
2852
61127
52723
4220
32622
49187
513
11905
41953
18511
60533
27081
36053
2057
3174
14202
19271
23306
62949
13949
41300
63314
28947
34979
30637
3320
8247
14228
60532
14747
46883
60370
38643
60353
19849
18617
13358
31065
42825
61083
44238
24092
44850
9272
2587
9800
16175
55361
31893
12066
12961
27759
52385
37368
10836
44572
46902
565
57015
33807
12860
4978
19771
51697
3133
47465
44218
27192
19454
7411
62209
45640
6416
26613
33500
33850
15169
33169
16785
2388
6001
47789
28519
2649
63381
57061
43767
39177
22485
24475
23417
1424
668
4038
33413
10355
41312
9337
47319
56449
6878
35031
38766
27276
61902
2712
54624
60000
30453
123
19162
19080
60907
23672
17827
5913
21891
35952
1574
62808
61850
47675
18706
55736
26249
17965
25764
27181
43070
15218
39266
27514
35266
61733
34178
24594
61961
17714
24690
25267
9100
32834
827
37641
9914
48113
19248
26753
34023
6829
9955
45661
25770
38287
21608
61828
40619
26182
6985
39284
62297
10005
50249
12639
41407
8727
33606
61128
11269
1360
36174
26839
26498
7581
34848
34545
22046
38089
49637
28859
57152
38808
19268
17533
14696
55480
41779
23150
4430
44194
53399
11030
46377
24036
64278
52918
53431
19653
4867
4298
54385
14195
10104
58797
27483
13596
13292
30229
53701
46888
58016
3052
13046
4090
13686
15696
24081
54460
12211
35884
10413
56081
31409
43936
19342
21268
29748
11725
49783
26738
50628
2782
32413
24943
3909
37285
48952
59753
38383
57252
39409
41588
17247
42329
57439
60100
48519
11959
41247
26166
16798
42036
24898
55655
48250
40430
10603
2081
45708
27072
64297
1808
24984
55658
19599
27833
8256
10180
27214
37776
784
4948
3570
1440
6399
19923
52188
34200
8886
9610
34391
46453
17934
1053
50054
60757
15746
48645
11419
17716
13919
38473
19553
14544
38569
24176
57302
1865
49994
48467
46006
5223
65290
17481
8187
4415
58461
52267
41001
50799
16600
13592
16250
59564
52517
8911
56415
13868
21488
53193
13548
10635
54004
26505
32693
20227
16130
65511
64452
2134
5620
32948
32314
49819
32453
53598
52320
50274
2565
45413
18986
22684
44848
7096
43773
1492
43791
45467
5240
36010
36338
6895
62776
29382
61442
50313
46858
29037
55499
12143
15132
29106
31013
60188
24530
2522
15873
12694
33618
16926
11674
9286
2750
61724
4715
50861
53154
13832
25473
62524
27089
45825
15949
44385
21664
54408
22101
33823
18502
35355
62426
53124
27448
8724
55206
56120
58106
48025
11904
48783
32212
10372
32245
47559
12495
41877
6483
6
5548
39792
44487
3119
30147
24866
65524
36308
21502
50710
46358
60549
36231
42546
34207
1787
8510
26305
64551
6968
50011
53471
34768
29834
278
41690
159
37383
6396
13205
4214
30715
52472
17769
54192
30084
59172
9634
60655
57692
29743
48020
63078
57762
28993
37452
32455
9642
61672
3510
25043
40148
54433
13910
812
55979
31176
58843
40646
27566
51958
3084
12157
46229
52
24969
49953
4562
30082
56217
6202
24167
21168
19413
21590
37645
4694
7957
26455
18456
26107
11978
27941
5733
10120
46487
35365
37552
57276
53092
32477
11439
61957
4383
16563
58321
60080
47736
40911
44977
13331
21702
23957
27157
59502
51042
14387
52719
8558
44083
35021
62064
19229
28371
36422
4953
36102
47153
7722
18598
17625
62606
31003
9870
44903
58980
63778
10622
28121
60104
10148
25693
38870
55412
38652
42283
21912
37393
61901
11083
26619
36329
39524
27428
34100
56864
43924
64059
9756
21659
44885
46567
15475
581
25852
30796
56220
22374
20267
6692
62983
59181
50830
46134
36399
44191
49710
8278
3730
16035
59448
45606
34676
62583
44944
45923
52504
26787
607
44868
17015
39789
21002
16645
64927
11459
40028
46039
24959
26371
42698
41095
62526
15841
45355
58820
36235
21667
15816
57280
28608
36076
14972
15993
55966
31369
29853
28938
48497
32139
10820
59021
48858
12656
61508
57640
29821
669
64290
26353
30120
61118
60373
48449
52872
41063
23564
14925
23325
43283
44057
38162
9918
21871
58513
45961
41797
37320
56831
42108
8542
48695
1943
43007
59231
14169
60206
17729
22026
37547
43744
4806
48591
13518
38982
32297
40299
12302
48405
64543
641
62152
60231
45234
59833
33132
59471
16609
39454
49351
36324
23765
45036
38876
27186
5891
61702
34315
37921
17197
59807
36133
57850
3627
5165
16497
883
38558
196
11463
60768
38183
59085
45610
29054
15677
27143
38443
64111
13764
20082
40321
19399
46117
52703
13787
12566
2965
6317
30069
40344
45134
47216
13862
33464
24587
46971
26908
62508
47392
43613
3261
34934
36391
238
45897
39221
35839
23157
22004
45867
12589
19334
20870
61609
1316
15215
54532
23651
62164
35345
11709
11150
28713
11967
29265
61527
590
40164
31268
29459
47856
58974
57334
62861
36089
44723
25771
11096
21453
22104
2323
33163
37253
54846
60246
11008
15443
55542
42447
24263
30884
47119
27408
28696
56351
25701
48972
25933
32355
49332
36530
33751
33462
40571
19803
56984
9408
52944
39143
36491
22930
31933
27032
49037
36723
33671
45931
45195
56361
55822
1464
24546
33868
7555
26599
57260
5768
7125
17074
30268
16898
3893
36682
54001
35988
18862
9046
31134
53791
22991
44478
26623
532
4384
58327
1748
6167
9565
59451
24669
22120
16039
60909
4272
29768
38826
27598
62566
30984
12891
43142
40693
22679
40633
18906
38283
11663
31514
25010
30211
8926
3262
21085
21806
46932
29398
43296
1844
16205
48260
27712
23603
49103
58390
14542
1293
48369
37884
37172
58600
56392
27720
11378
61637
49184
63502
4025
65368
30065
28134
57004
4346
12311
30379
34843
13391
56327
31048
10529
30630
22603
21471
39464
31787
26503
21649
42922
64751
12970
9475
18914
9649
29049
2109
4810
60781
36464
2584
239
49454
3334
24420
46773
6699
37066
31730
41882
44455
41459
35324
38500
41994
57113
32185
41879
21910
25981
9047
47688
14654
51358
56394
16633
31931
63170
46206
23482
13731
54317
22349
14143
44833
56196
3064
15290
5066
10498
20201
43430
36987
4428
45850
35222
58307
7183
45356
37156
62623
56723
43217
1057
32346
12861
43881
19443
44144
47809
49986
30474
46622
52739
64834
64080
35896
11376
7705
32914
56441
44952
51368
19930
6856
59870
12274
52226
36239
22105
22540
62936
36103
29838
46652
49346
30673
11391
26847
9151
17559
2904
28804
40290
42125
61888
24261
32503
63957
27670
59772
26547
37691
45650
48338
22669
55053
28378
36962
53881
56388
44199
56938
62806
60838
58499
43774
49662
38340
57893
53528
49544
45433
7260
53050
29261
23358
44041
51836
59785
24956
17063
8424
61967
26065
7199
57300
7347
41633
64322
63274
32723
44794
50518
36366
17233
53501
54358
21230
36396
60356
37906
34036
58314
21979
50112
5837
5228
56594
39945
13202
27640
7514
993
60432
34294
42686
41968
64870
42178
43994
47539
26056
2628
62671
41923
34040
19172
11312
3061
52466
19785
11028
26658
38527
64896
23148
15867
14272
11023
50051
43891
12776
36896
60083
44996
9792
48622
62387
44751
55769
62534
47212
22100
38445
49258
33245
20419
8159
58097
44582
40007
23464
36223
50093
19262
21289
36131
49315
49434
64033
47110
10112
38764
34384
11398
42045
12098
51159
19981
19124
53816
38515
43465
55888
43587
10137
23820
8981
57753
14120
11092
28229
42404
6373
34059
62956
63275
21380
64776
63552
22890
25016
49758
1356
55023
31788
35407
38743
58030
2048
60914
16593
55665
14996
14485
48567
60029
48571
12666
25298
61931
43205
55011
26054
57663
52024
27943
25767
2638
11212
37133
5665
32488
27152
25064
3573
4164
5778
3582
694
38765
54528
63906
16224
24321
29434
41162
4980
15040
4989
30080
9745
47380
32016
19483
55290
40952
28968
2064
29944
45918
64412
7287
13290
45278
26539
62870
15407
38976
25378
27886
21000
15208
16962
30912
12792
50844
34583
51546
53203
57173
26975
61424
34795
43752
42072
51786
20442
40713
37930
6240
26302
56665
8201
19840
61709
10964
5173
48700
10099
11960
17623
48987
17269
63981
42696
35720
52084
43450
21404
51807
27893
20330
36749
9779
5330
51649
39022
17254
17946
8657
23666
34239
59043
51027
27710
17764
15741
41044
22450
21465
49399
7841
22977
64936
58553
1839
37680
46782
20578
10371
34806
61374
56084
23168
36228
6539
22271
6700
28932
10843
63181
33251
26677
20194
27391
53465
53776
6634
48386
43561
18369
19611
18930
6423
17343
37436
17043
28640
42044
53210
19855
54747
44683
47737
4672
62018
51452
38661
60671
26051
18964
53095
1926
50441
43362
11847
21705
50312
15494
16139
127
33264
217
15803
21680
50929
16554
14324
61242
42346
12779
58152
24404
8670
18519
22787
20660
48345
6117
52826
64269
40814
29214
52548
63648
64403
6677
53790
3290
52132
17095
61645
21551
38619
54492
45727
2739
7012
7815
44031
30725
7030
17086
27240
4723
61965
43500
39467
37544
33397
18980
25242
65068
45035
14874
32549
65131
56060
43057
21280
33034
52242
54114
50438
59223
16415
18036
36648
54476
5333
60221
46124
23659
16920
53436
52864
17394
45925
20200
26725
6464
26163
37652
39750
7252
15072
35333
19857
65185
55426
25757
55269
8503
64060
50423
46456
52290
40360
62681
21316
38911
49971
20875
56086
17373
62952
28689
59277
43866
7222
56905
4683
13472
32264
8119
8237
31298
5967
61476
38965
24040
22788
45752
2788
39720
54759
19592
49567
40959
36315
47218
42692
62692
5427
36311
53646
61344
13000
53983
23898
30757
13327
17507
32117
11060
19795
5884
47291
40898
10044
9583
11155
7013
17326
56604
32395
1714
62887
62188
51857
31879
7191
4537
22375
31684
41784
18682
19250
28724
15705
19254
6108
23633
33677
21508
5964
45213
26574
46142
46764
37971
17017
37875
42052
37186
62565
53615
39931
6364
3439
59304
64650
37396
38748
12990
20436
24692
10105
40096
4522
2960
4156
1438
3161
56356
2574
57458
21946
57641
33439
32879
13271
8513
29978
40069
21243
12117
47021
65530
38552
22484
50015
62661
47176
31077
19206
52323
14873
1678
56675
16543
65491
41874
37623
43062
44541
21231
25560
58059
34665
12476
16162
64386
56689
1780
3172
9351
5727
2866
42665
2743
12751
60232
60225
9640
58915
22307
20659
64402
22805
36967
10851
55181
61512
41282
12575
52838
47715
55153
64734
2012
53096
550
53022
60490
28755
34850
60993
25850
9685
49231
35991
16626
60607
64382
52952
11501
26878
20583
6078
2544
59954
22458
7908
27767
8081
33837
51028
36787
4089
20404
28046
18357
38050
12593
34184
3633
21426
56241
46889
49801
45772
48494
56422
30255
19844
12679
59530
10967
16569
11172
10772
5691
21999
62235
32404
15321
9695
31252
23656
41885
59685
39049
30029
45197
33709
15066
30563
54391
43610
9941
30070
51719
45617
20986
17821
65327
28656
7744
35005
26408
10192
51785
23921
32930
16328
56584
24266
4245
5549
4146
42310
44787
60078
6074
34830
19947
10787
56888
22299
14167
39785
51842
46293
59710
33776
15944
31419
35054
16739
19435
59434
54034
55435
14961
42455
45690
55363
16530
4027
56871
50354
34421
25902
23582
18909
4260
5696
62189
63295
1353
38768
26290
26647
45898
36638
33723
7471
49369
28600
30694
11976
43422
15498
14868
47508
56711
60359
22823
58769
13366
39598
57444
38233
48339
15659
8643
30293
63308
59840
47718
40320
22927
43692
39944
33772
28192
11211
1729
16040
16456
23015
31225
16290
51266
4550
28309
11424
31965
35801
28442
17685
20392
52225
41799
22879
5061
49043
57486
20482
9275
49225
45174
50173
61675
19700
23904
32778
53892
53693
34396
247
26679
62879
50756
46756
51698
65092
30399
16136
49087
45470
19561
49984
46525
7249
39554
63531
31894
61840
25976
54237
6287
53999
28801
30702
35857
33560
39419
26247
28782
4544
9543
54742
9592
47851
20417
25094
48898
51330
30277
54165
46048
56469
956
48874
60253
10294
52008
49665
15681
25139
21523
18015
56908
57094
58679
48142
16008
63923
43712
38201
58170
4249
43257
27328
7382
12129
41574
22594
33744
17275
56114
12872
13957
58616
44428
779
57273
27442
20449
29367
21141
391
41398
54966
34823
32326
8326
63232
63286
26927
32422
59119
61352
49119
37257
11460
44613
61085
20860
4523
16214
3631
20433
43368
1273
4721
3703
52890
19467
41569
367
21011
20243
21345
3443
35366
12543
51621
65031
28470
18229
50878
10700
19436
40458
47125
63942
9505
22810
41235
17070
35069
31035
11752
6962
41922
8967
35685
3657
52198
28930
38259
49628
24778
21061
30538
5260
61240
26271
30089
7499
36001
22056
63132
60062
32045
56948
52210
29181
2811
16028
48135
59688
40132
45932
12829
42101
64667
41416
482
55823
31700
49736
52717
34003
39971
56812
23799
41555
50805
15557
50834
35921
4534
22775
41646
12956
52774
29700
26114
47802
32197
6134
21455
52850
29121
25945
48913
54948
1025
54082
56026
16655
53555
61398
57965
55546
47044
49589
14612
53322
6347
35800
3171
31631
42319
26731
2002
34099
58119
17688
47619
32795
37363
25225
27651
62129
44393
49888
20140
18191
6123
45748
24751
22911
57696
16847
59036
28634
27572
63219
1379
30730
2324
45132
64243
40105
29975
5126
5032
58742
49496
60886
20791
24377
26005
45652
47477
5684
64891
28671
25190
6223
57105
51437
57810
25978
33745
7559
36110
44841
28483
8994
18421
62253
16550
55175
26437
34939
32695
742
19704
25115
33250
15188
48990
63400
5258
20774
13980
3325
33399
18786
7410
7275
31505
26755
62203
53992
10602
61670
53959
32180
5701
18935
40752
55557
58133
38197
19287
7007
40281
7214
2601
54453
18046
13104
1911
64765
37449
63927
7870
8017
63315
29571
55221
43504
39174
64833
38299
5244
59793
54725
24437
27908
31410
9256
47830
26879
35509
48541
51162
56994
50592
28282
26959
48861
52489
53173
24447
6777
19293
11427
25906
59497
27400
20711
54648
59974
1681
8143
43327
9041
57730
36177
29566
33430
57120
15143
26699
33598
52130
16011
44356
59224
52670
4031
59087
6133
65325
3880
40165
11255
48073
58092
34332
30941
34965
17779
41243
37761
32623
152
25925
2253
11705
1023
42081
52777
25275
12518
26819
62150
2704
58363
7416
11636
36771
36945
60969
39222
11723
37528
34145
60198
45737
31779
52541
15587
28404
59804
4439
25929
38181
2463
49906
13296
34833
361
32091
45147
46235
47028
39520
45277
54410
28464
14448
18284
25594
50960
2282
14828
30278
54183
58062
59633
9677
33185
26970
34416
15871
52182
34935
10295
48270
18554
59235
64669
7527
25528
40066
57331
19232
23920
21503
51994
45724
25475
65364
52769
48533
12224
50588
38763
35498
4834
56702
58503
57530
44958
61095
8749
24201
52343
48934
19762
45329
18858
62535
45730
55959
14280
62386
26833
10957
22195
54722
55934
24810
13647
34082
36389
52495
62027
48545
28750
11972
5521
65070
15026
5215
29154
27499
37781
57749
65288
31771
34402
38550
19047
5092
47534
51722
40127
8305
52066
32968
58032
24948
23718
44675
39406
52878
26889
5431
55445
15312
24797
12023
34612
58213
57480
51943
17435
49089
20218
15628
6749
55942
23477
60387
50658
64728
20673
49648
31323
10794
25671
19405
29548
39412
53323
12286
51969
6208
659
14641
45569
53439
1856
60491
54796
53319
6971
46429
47097
51565
46672
39679
56709
51696
4992
61948
30434
11273
24409
59971
39423
34027
64684
52996
13116
54188
22387
28981
38756
26933
33692
65507
20175
11032
1985
30507
14357
28893
54414
17682
8978
17603
40315
20771
34815
28206
43856
6013
26128
13431
44757
529
29489
952
41120
43676
56556
38521
33347
55890
9490
14549
54426
7140
47535
3456
62279
16153
2281
39980
14267
47816
30778
27491
24824
14059
6182
52706
64878
26106
28310
58295
57095
65518
35679
6004
51319
5203
27765
25984
1970
53335
14592
2989
4836
3467
21215
16006
63814
59636
11508
40698
19367
46430
43951
43508
46682
10593
12711
50682
20527
1971
60817
57509
53240
55036
40669
59817
19710
4739
63405
56892
1330
12603
4292
49317
48891
34024
28996
13887
41703
42682
44252
22114
49803
5971
33489
17239
60508
3122
13961
48796
53221
64720
21768
14012
13782
49978
63852
48253
61485
54734
17101
36068
45160
61940
50738
61649
41442
29827
16268
22293
4856
52139
4565
12076
14442
58882
42664
22699
15023
16051
3238
39978
48265
37325
56907
37708
22199
3430
61495
18066
3905
48276
28896
58028
41852
36325
32653
59519
35433
45956
22746
40654
25689
32784
43792
60279
52301
33725
44301
48483
47522
27249
33649
49384
45402
61846
55985
7243
37543
26473
40469
33010
27650
53444
28914
13133
3297
45119
56219
6374
13914
15936
19881
19210
49394
33783
11598
63572
55392
17411
7116
50185
8333
26892
19934
8338
34480
13857
37600
36416
18602
63806
42109
56338
18387
43528
8678
38656
60227
34271
42633
4783
62081
28605
38305
47876
38318
42009
51492
46968
22472
56978
40568
47530
39735
19804
18131
43878
15120
13584
60612
11778
5651
46736
39157
51593
43029
14206
42018
12702
49667
19304
50646
8264
21867
10983
54171
12508
56813
30850
16495
24885
398
41642
56472
59397
20085
23431
6026
23434
12537
6571
46922
1995
18563
6017
58187
19385
46912
59216
62513
28888
10780
22275
48245
47372
47905
60142
3910
50305
39124
11019
10163
59733
8521
41858
18073
33053
32708
35314
10033
45474
13689
23967
45902
53775
8251
6778
39841
6425
16411
19522
19198
54628
28817
42409
17369
47193
52865
7897
30659
45423
22828
19521
44366
51044
52125
57421
10910
18971
38562
36281
18432
36498
40444
5227
58183
48009
13639
40346
41363
59549
17635
15947
39790
16287
57451
42641
25122
3308
64388
30670
56195
665
6520
56396
60750
22570
28472
19272
19498
41458
48222
40902
33882
19353
31935
43435
56367
7614
13165
2132
53235
49105
23397
10246
20810
7768
10798
21825
29801
16887
34476
53389
49050
25926
50377
32059
14205
44917
110
31111
46642
50704
481
28960
1179
61339
7675
30607
10311
10833
3118
20343
63392
2379
56008
35065
31455
38530
17994
10633
6948
14607
27218
62325
32224
27063
15909
22747
23263
24079
35894
42534
28218
25917
57303
3076
59076
42143
49696
60859
9972
20558
38584
16617
49640
2991
9776
11946
26555
41617
58118
14396
17279
43085
31593
56463
51779
60900
48354
51617
25243
12546
15262
25570
8055
46562
33455
13599
47976
18099
6653
39265
61488
33665
52034
37418
62437
40121
41940
46876
54078
13971
46209
14418
24188
2149
53789
20459
7409
49779
25745
57147
39687
25455
33043
11786
14108
49178
51242
8463
60375
47362
57487
29136
3338
41607
26942
28255
21671
62343
25258
21492
59248
51145
38280
34575
8011
52804
1658
65221
35603
30628
56715
21438
56310
18622
5197
10218
46852
42461
27752
47746
62067
28367
18353
60300
5663
40269
20649
15364
2156
22337
21443
41511
48388
24498
49717
52979
50306
53674
2041
25961
44534
27289
1779
16702
44095
60906
11737
20452
42421
2897
21205
15022
7834
48909
46147
37560
63613
10558
53652
44016
20765
59605
6818
54590
58995
34607
7967
64352
60180
20691
35544
36178
59920
38829
37575
61190
36267
58421
62800
26818
26620
14072
22196
42965
60379
26234
27642
18088
21378
7851
22981
6181
57801
55607
37116
33855
12554
51597
27672
49094
56274
6898
15575
63109
43284
62749
47343
28832
13041
48395
4794
55565
13315
44460
46991
18810
45436
10812
6756
39964
12090
606
35671
38951
10810
64212
59207
14606
62008
30103
59196
3268
36707
48431
60763
51543
18002
49248
37855
37630
3396
46882
18135
20435
42570
15773
11326
11936
26517
61280
59348
34615
18878
3974
60822
31578
9658
913
34195
54788
12647
34838
20548
12651
27492
54767
11486
62066
1041
32894
62802
26350
11414
25871
8091
4267
29631
19916
54612
11552
54675
46421
360
22041
58352
40963
26999
37665
43535
47612
30304
45001
21579
29531
52220
8218
8824
41951
40887
42648
43688
29878
10200
53254
57010
58406
40456
8815
13086
38620
54575
19281
55210
14942
23943
45992
59
25511
17250
42288
61687
31029
20422
42296
52567
2720
11039
40851
13367
12667
33063
29630
28561
53603
47460
17214
662
49025
35328
12387
14601
11764
64353
709
31742
61474
29018
31566
27634
53015
13451
38854
34694
44295
44700
50191
8173
5498
65522
15901
1238
40016
41486
22983
24830
17115
33485
59179
14122
14802
52459
53468
21835
2008
42751
59996
54987
41075
40380
13072
37455
49752
63424
58893
35346
39479
35872
7317
9130
13077
47532
19060
32924
4319
19605
21516
30185
8655
13430
23744
38213
35340
59640
9307
61151
26361
18223
13183
11157
4036
24158
4463
23151
48359
61092
25841
36173
11435
9877
49860
17100
25865
27538
57078
39030
11404
23264
31536
35402
7984
27882
60580
22311
33255
36840
56210
42149
38164
6229
40528
62255
31139
40974
3185
40979
47197
26049
2506
953
61802
47986
5865
39642
62774
56339
48572
6958
36352
30897
33689
36335
52995
55495
31887
34662
15846
15855
7324
53863
64668
25493
734
22288
37694
57088
36603
56019
17316
36123
11943
58177
29026
31331
56889
55924
64894
50709
10276
3944
35620
39281
167
17883
17989
24985
24378
17748
25545
25145
26851
47805
767
41200
5868
29131
3578
53865
49182
16532
40073
26252
60565
34572
50759
1434
15766
57872
6766
388
60780
55583
13001
31927
52908
50932
11425
57747
46363
15675
43685
39381
61334
55958
57216
40938
33651
18290
33212
56532
54132
12709
30261
27924
22054
12669
13875
30035
64276
56140
3862
4700
61433
50897
25211
26123
2862
44545
20105
56462
43861
11456
4532
3841
3043
40423
42524
1120
6575
10475
34880
42797
39466
14042
15960
65193
59512
12526
63865
47758
8451
37993
35834
44445
64753
40094
42927
41206
44159
23184
8688
33624
26614
58962
26366
3080
61407
59484
55293
23067
50666
25233
35633
4890
16916
51688
26356
12596
8074
4838
14217
61713
55805
17380
35339
51725
51049
25157
26743
48356
47113
5149
56808
37281
32199
34406
16109
63656
59635
6988
28905
27106
23197
29593
496
7384
64609
29681
39001
58571
6079
11017
57221
27735
47832
50485
59032
23571
28118
29969
63428
20889
3809
14314
14311
64754
2510
54601
58332
64568
53350
40170
2337
42126
32802
51922
6062
1600
56704
21511
43448
10759
10702
39416
41122
51810
54543
52733
17884
23412
18273
32188
6225
6462
18076
48211
57360
45227
7617
9003
5713
45883
40386
36274
58362
21901
32678
53546
18720
27250
9101
41356
41346
11367
50620
8690
32253
8578
35625
33993
38146
47848
49787
61409
51903
39690
25271
16579
42931
10442
48998
51217
32307
10961
49417
11560
36646
7144
30382
157
61725
8673
40185
36539
57468
28265
19772
50684
13531
30412
12413
46969
18879
15174
31188
34362
42458
10129
62242
29736
34633
39844
61357
33469
46168
56839
62518
8745
5361
43305
45914
8633
59511
18823
9005
54978
31311
4393
35441
55415
18867
8106
35414
16674
52592
43590
20637
23387
51567
19796
6044
53121
63077
42061
36385
40479
59055
8920
62597
39648
8802
31996
55141
53957
39975
35583
55883
51088
40937
17388
27911
54056
7459
35274
61296
65487
25947
7685
20240
28264
30556
15155
62335
60680
21318
40717
63161
24243
9121
43575
39046
18010
14477
18045
24421
10478
64645
20698
52658
8035
51607
43415
31470
42344
50541
19024
17090
20609
25088
59455
19809
31897
23606
37663
28018
53194
10337
37346
21169
13443
5181
12262
56164
40984
985
38313
35288
48227
3291
31046
33441
13768
8560
7044
16598
12348
42830
52294
25845
53451
18721
6860
11942
6911
6338
27062
43678
40738
21262
10194
44914
32230
8177
3373
19114
43673
53106
21361
7507
16596
31656
21149
19534
51967
47592
11649
63040
43064
36554
33558
52876
34259
30961
23311
37196
19092
9673
64100
30128
32052
33262
54136
29823
10441
29425
45534
41863
13491
46024
7383
42413
31436
3090
53873
55122
21797
50507
32327
27285
65045
16662
63150
60369
13975
22806
9683
47418
58866
42328
9620
4982
27392
862
7209
43495
35774
15288
37749
53889
39793
47278
60854
5293
42053
56228
36113
44750
10045
24199
52871
42779
25
30449
14742
17982
43181
4693
34009
12560
47887
23783
19309
44098
1897
56755
12530
7535
48826
44464
52827
54290
61227
45030
15441
51021
44040
48901
54771
64937
1381
26417
30675
50968
11814
5996
25649
9280
25969
27708
38751
52514
63749
34754
21911
50515
15802
44711
8103
45073
52564
56023
35535
12293
43436
64986
52028
5192
14472
58517
39782
4554
45498
20640
51012
37035
37080
12212
5609
50096
46619
49551
11192
62570
9314
56730
56745
7510
28485
57613
58607
64884
29940
7825
35883
63909
41684
29891
61652
4704
62714
57100
56317
34741
37024
11994
13436
41290
33375
41287
18018
38969
10627
39435
20348
38517
25575
53882
18203
32760
2160
48074
27420
5898
63858
25776
45580
52940
41203
22205
36879
9755
10174
33670
40555
30795
27592
44861
45102
42032
36689
36868
8794
21130
26988
41829
62944
11278
41145
55894
64989
29581
32406
22711
12170
34068
65431
32904
62052
30782
32647
33024
62159
49550
44789
44773
30995
6973
57773
53826
21529
26076
43534
34224
25723
57710
57325
29685
57464
59124
11691
1760
49333
52698
34576
53994
30203
41891
20638
57608
23207
6614
48022
7520
54921
43568
13301
10617
45804
5274
9585
53866
50279
49836
24011
7215
26530
22995
1257
38316
41508
158
44197
50169
47364
39424
65514
38310
8615
57401
24926
23140
39606
35270
37845
53951
53554
40687
51932
12462
3714
22204
25066
24983
6386
62119
34063
58005
51721
27685
50255
62075
36184
53162
34893
39607
4937
4656
28757
23660
29046
14804
21079
18035
60870
39052
11829
30086
5017
27140
25563
55678
33219
21977
21210
49048
4361
36192
5614
11057
11250
49405
65169
33964
16911
38372
276
51897
62600
27669
39748
6164
10079
59073
36531
16294
56290
6866
37419
40728
28135
6034
22408
57192
7023
63668
38203
25505
56287
44441
49300
38795
12362
32531
23541
24041
32905
17368
43059
41476
29526
4344
33284
11265
2185
28760
47712
29326
52283
57918
23742
36314
38255
57590
53248
42634
20675
16838
40457
37922
24172
61307
64681
23099
31912
25164
50946
59288
1989
51374
8810
36299
18075
22437
3617
2799
39404
2208
3778
44022
15615
3151
28917
4357
41717
25508
55973
9978
42232
47226
44204
58224
46249
59342
43895
2044
35537
18433
62890
28233
63388
10679
18149
39180
27161
12402
12608
2136
4170
26092
22818
7821
57051
20402
51124
3585
52336
18851
7509
20403
55489
50826
41889
3092
15269
46105
42354
11476
51019
57994
10013
22152
12528
54799
45584
45806
42638
3350
5201
27758
34265
63618
47234
38194
5961
15518
34176
33674
16641
11133
30640
51880
19431
7589
64745
19282
39942
32146
49700
47144
61756
25554
28498
10391
17159
40077
32964
49961
34783
37788
61489
48308
42676
699
11210
42547
51241
35848
57254
20266
36792
11781
43035
40643
36255
60880
38498
45843
16001
328
47079
31180
18306
59874
262
40543
15459
26693
58733
54076
22316
26213
9199
25900
35870
61129
53494
19417
35063
41254
18793
26215
22706
47152
4367
34684
62080
59903
20634
23469
31345
54381
20418
65492
4572
53846
17385
51072
37659
23581
56518
43735
35235
59553
20136
1136
57126
35634
41713
61302
35335
53735
26477
29104
45626
38779
36432
43033
12031
59924
29089
47151
18860
25253
33044
60771
17175
12843
52208
13110
23341
21888
56536
6754
14750
11344
18746
2642
52312
30754
3340
62828
55482
4543
50483
16313
65036
14445
13069
48761
21915
1887
15788
56645
35810
40966
1372
49805
52646
7145
22398
58460
12015
30279
50378
38609
21368
41834
32305
33947
3134
7170
8830
5208
12503
60744
61435
61380
42136
58758
28066
56350
53600
65523
37006
40918
6354
44586
14392
45192
11620
64426
17206
4317
55248
38246
60802
30982
6106
15562
9109
43268
33224
49875
5813
58936
4244
26146
65484
49430
40550
20002
56133
13776
42740
65391
45795
47174
281
59273
58208
55143
47988
47409
23872
16504
6379
58344
32844
20857
26144
12354
28364
34661
24886
51644
7018
24841
46155
37506
11448
27407
21594
37225
47505
46036
46438
8761
13359
14068
36403
40256
35877
57674
6984
48146
27620
12152
55063
46224
43155
9484
54328
13340
21913
2561
22702
60396
24851
44141
8408
65315
23182
53072
34296
63179
65136
17469
43049
944
52376
15089
64305
34756
48092
48697
7320
21878
57962
40167
647
5024
4423
5171
37720
46240
36630
9290
48187
33283
13149
1030
51964
47740
25750
20591
38136
1691
52059
28964
18208
15196
31621
1490
7820
16572
36806
53334
15834
11128
38896
62790
13461
23812
53694
51230
10868
11553
25342
50908
54344
36020
28347
13675
12502
2810
58731
41583
25616
53558
4778
12061
34678
37591
35368
62614
60710
18842
9880
25584
7314
6857
11372
53057
25653
758
24084
46804
54876
8793
58594
39907
65303
56149
15133
59887
58386
57406
20368
2926
8462
41347
39535
43635
55878
24870
13604
15142
48420
29815
47808
30177
19064
8716
25501
7062
41021
45856
5760
7266
26615
41773
38472
8243
15448
37175
30010
14947
32511
46423
10662
31075
63538
62306
18113
63523
50382
15057
36947
25861
21478
42231
46198
17842
49108
27946
32790
27686
6016
64364
14483
48442
16850
22188
1085
24324
58575
50232
43723
63776
61656
57091
17476
30877
18016
19807
26392
6616
44226
60430
7651
65108
85
53204
674
64271
34745
34192
39083
60946
8946
11610
49223
59615
9701
59164
11090
19689
54713
59357
64744
9366
47179
17808
30180
24142
45049
35613
20900
4804
28714
13351
58236
60021
32980
749
305
16067
7179
13330
2410
8372
35116
6040
64837
57208
34630
39620
45577
25735
28200
15270
43640
901
44174
53103
12578
47781
204
4676
5723
29065
44149
39383
194
17193
15691
22203
15335
22933
13427
19338
43815
961
6219
54983
45333
14825
12812
51221
27313
53107
33317
46300
41677
15988
18398
45545
60614
65317
9386
1869
28986
64103
52625
45336
54724
6632
64067
59311
39527
44525
13435
40948
61165
7419
64633
34901
53813
7028
28423
29809
3978
30943
45952
16935
35665
61418
12786
6981
3504
48472
43913
60145
13712
45282
55396
9282
58664
33945
27591
56803
39725
25839
38099
37041
32528
46608
27452
15330
29171
47481
41013
10021
61798
42222
55065
30152
20696
45326
53157
61805
55385
7002
7673
15098
6665
38017
43574
34705
42959
11770
34964
46533
23946
64210
49506
34941
54537
26726
19577
32002
58034
14125
21668
5761
18267
24198
22024
58871
59811
29594
37577
63473
9504
26154
50072
5031
55244
4598
34033
6196
2297
46265
13521
2515
1510
8111
4887
8932
23754
57800
18298
30163
18908
6841
50815
51660
11226
43322
34075
38142
35538
13527
25765
4460
50129
27201
25285
30998
44395
38343
54820
19724
5796
60438
38812
42846
63622
54024
10950
35269
34229
23313
45129
58599
10418
42098
50816
58305
39845
25356
814
32928
56410
45857
44077
43304
35423
35572
5664
37805
29912
14872
26157
31608
6441
30916
19977
61163
6959
42189
46937
63950
32260
25411
28616
29301
51313
49485
51484
4215
60020
12827
63666
17424
52980
26245
51474
39746
2338
51895
11065
43068
24425
36616
33696
49159
34357
32278
51646
14356
1269
55508
46034
21157
43295
35791
41820
51636
63703
39552
15981
587
38100
26577
61337
24443
62093
16642
55298
58111
1969
24360
43543
18946
9269
52715
65513
25171
46225
50145
55851
19579
39656
53924
20618
9238
49109
35025
18032
33839
52581
46338
21341
50819
45
45293
4627
45723
29903
1081
9606
13657
63717
45819
4337
1163
46918
44434
20723
28813
45025
20760
58423
45446
45605
45285
33162
12485
36960
63437
47245
61132
7517
40712
9136
47996
26060
35722
56391
41648
7203
66
26600
10219
41678
1838
37966
35103
46832
21103
39872
28544
23528
412
38642
18616
57511
60018
46164
12689
7068
58964
46698
40034
18232
2043
47892
43531
5132
44827
51411
41248
64482
52126
1230
2959
64301
41259
11141
59091
40473
35234
57413
9856
34434
34514
29644
59301
64247
10762
10625
58805
20157
51455
26923
38941
47579
50680
8625
51814
27852
6816
49754
14366
59878
60218
277
22754
15162
27766
24994
15389
31430
2505
44241
6517
52165
41435
52192
33342
55060
19283
51055
64950
20988
29233
53172
40013
50110
10862
50804
9342
29767
13132
45824
57175
54167
3393
49466
39837
60131
50554
6160
56548
7290
61781
30569
5632
24976
49509
64958
2286
56207
45972
30649
14045
37205
6987
25351
47699
20494
38547
47048
29819
28974
37189
53851
42039
16797
25728
10152
31585
41059
10619
62427
6197
9488
51846
61707
34139
46887
20187
4674
33686
4774
6964
30882
34846
8315
63247
45521
25863
14867
8563
52854
44975
7372
18407
36742
27658
38237
5948
51570
10709
65022
25821
64939
49879
22399
38062
8160
6698
15303
36043
5787
62767
10871
51798
13963
9888
36283
24640
60163
54129
31998
5340
58564
26309
49207
54424
9299
17520
63525
29429
27947
4717
64733
64588
4567
28709
45237
42275
62293
5294
52040
21872
17850
48523
65266
27367
38411
428
33035
14753
11626
49306
46576
42491
37304
38567
28541
10080
258
11350
47647
12357
49678
57839
19169
14069
29205
53021
15226
35812
56929
36132
35362
62273
15758
28116
40381
5983
19691
50115
43653
13063
25121
25045
12846
64187
47036
47820
60171
19808
53058
12927
17725
21116
30109
23210
626
60097
59312
27450
59227
43143
44510
56973
43908
6367
35205
2401
27410
50858
39582
15192
2618
42345
23562
20651
27900
44684
33564
28645
33200
33497
53068
31560
51485
61563
43737
13172
29646
11735
43254
10020
6690
64027
52522
22876
52370
18995
32663
24212
21657
47217
44263
17751
5977
28667
28565
25571
29099
36551
9604
41046
48389
7439
55511
62954
59226
4727
47363
61774
39719
38570
11472
11741
30965
46463
55682
24044
7060
8910
31009
1391
19368
34993
30910
56700
20098
19344
11633
5041
28953
9922
64613
32754
45270
32086
28620
14315
52322
52499
7400
6658
36832
26928
18276
30369
20721
53026
9932
5264
43634
65277
51047
47468
20394
27473
53415
13324
56362
16980
31874
44756
62960
62889
29259
5189
24173
38400
63491
45324
23715
36721
5334
7672
17860
4033
10143
7887
62667
3707
40849
1931
29784
4371
19598
37609
39117
24971
22223
18644
61283
39764
14780
23687
40992
42050
9460
49478
53280
56304
17165
27300
14134
64337
5567
49129
14861
17348
38484
17446
56970
15745
40395
14374
39280
59028
65113
36973
20508
35374
38456
3201
52093
29311
5600
6214
64983
28607
12449
10274
28184
8612
18965
9512
42186
50548
53930
49852
28329
19193
17720
60255
11488
58296
57606
10229
20313
16897
59932
28648
39828
56180
52730
2352
31674
18866
56006
25601
51253
9556
63636
11413
57748
1843
15295
44271
53835
11242
19022
21569
1896
48205
53668
4870
31428
4429
889
32392
23459
16701
39116
6086
425
8167
22451
47062
60427
24745
38467
42836
34802
26554
53619
50795
44652
26472
63724
23516
38815
45439
46643
20091
16312
17787
63533
61825
60195
51881
10127
16715
47926
49396
9037
6274
44741
56158
12923
4127
65354
22050
51461
52224
46860
9013
11532
63479
2032
33597
39490
36552
4136
48563
61515
37019
58876
29529
49422
33923
53508
18560
52181
52398
17736
49933
6255
1665
64674
27083
8753
16654
65168
33594
22496
4689
43244
43933
11089
45853
59466
14879
9882
62706
44112
5805
40754
46989
51057
39276
35208
18510
10641
59380
13982
60846
61728
45312
5855
35744
50111
15021
52640
36996
43285
4506
16191
34886
25470
58909
38523
62286
4546
18515
38435
51852
18535
2035
31637
12836
52530
30833
57853
16229
62738
58895
45056
17391
37115
4257
40879
21422
42451
18868
10675
21416
44990
41503
39743
36212
4336
20298
20391
29280
38824
54154
56909
21660
42395
32013
58075
29883
11880
54853
41801
56997
37829
6947
56276
34949
1051
58813
62554
60237
54352
36160
56740
45614
13800
60955
30471
64705
58989
50026
23661
12847
59835
34671
12307
48491
64718
21992
41329
39847
42239
19227
43381
16371
12587
35733
58956
13554
51322
59720
52678
56741
51610
17499
31590
15617
26067
9765
25318
59169
10628
62459
34424
15070
39071
27369
55776
22486
50506
27969
29841
6512
4738
33352
26339
27293
5880
33726
62634
48943
22971
21936
47055
36732
60249
613
53185
62389
37817
17712
35246
3895
40612
8605
47859
39958
12388
27385
58173
40549
15075
44798
13428
30632
49537
7283
27194
50304
51041
1407
39877
40832
28718
272
16972
34991
32649
63245
65406
12703
56227
46204
41493
28272
18661
7831
14722
40808
61122
33770
21059
9129
64182
42623
4734
63145
63763
16037
46447
38813
41532
20833
16929
60519
16402
8145
26631
19899
50496
56630
42932
38222
26522
39314
47073
59580
41253
9264
22523
7135
60082
60925
48654
64619
52164
48206
63166
27503
3435
28230
41293
21547
64813
38126
20777
15112
2244
33768
47680
22720
29779
32333
6100
22418
23462
54526
12477
26267
58522
11102
11010
61575
62853
17810
61685
28934
19300
29308
61061
6905
12261
37702
16848
63329
21949
58428
13388
29979
5846
48298
55092
31743
32827
29269
41522
51741
28854
50851
33434
4929
16426
4939
58899
15980
37592
11581
27896
3665
37635
37104
52813
40632
52211
31833
14789
9848
30183
4935
16253
13740
17352
24077
10453
32938
46075
14514
41679
57932
50390
1553
42569
58013
63824
17304
48185
64964
57542
24423
8959
34646
53661
2006
14381
8987
58996
17482
15092
15671
1998
18982
47633
22037
64994
11149
7000
60090
62485
12355
3107
64309
64683
20096
53337
40965
8299
37979
36816
16103
41153
59606
16370
48600
24333
28208
13660
60476
59911
6953
42643
41515
2793
25634
41504
21218
57423
42871
45904
4574
8240
25155
45821
57866
50751
40597
46126
63079
52049
45632
23791
29127
50239
3593
54416
31203
5578
36522
9678
9988
11444
61647
22360
12178
63649
15074
53920
29223
14266
6978
13150
40678
64360
30955
26960
10922
34220
23743
3083
54118
65283
53706
27903
33313
14446
28125
22499
14046
46344
56007
23407
39162
25974
24678
65398
26751
35876
27687
39244
47503
20424
7058
52114
44017
39832
41526
41999
61375
4801
21902
22125
1100
51783
43226
63758
1632
28830
5918
38546
30558
979
37161
30240
22295
59910
43756
11114
18703
52768
13792
42894
51537
12926
6689
29722
34337
47790
47578
61611
30616
52626
49219
49721
34286
8164
3614
53065
63130
24271
48805
4835
31499
57241
20516
54637
64911
53919
21917
42532
34524
44791
18973
49113
50202
21493
53748
1864
34549
17493
53830
43498
9714
23255
7204
10766
29103
59151
61161
58324
22042
54608
56130
27458
37610
21763
4462
47258
37199
58026
31718
33641
9153
38257
59030
38239
34248
61690
16377
17282
37758
12081
8222
26504
45638
39011
46083
30289
48774
32986
62782
292
51623
49222
47730
50247
29755
1190
18520
11299
10669
732
46291
14595
24749
29658
26058
44852
15917
16264
20505
32950
4840
50736
19410
11919
15927
59722
54463
59552
42745
17788
48172
25562
2336
47105
12534
50037
18524
37942
51030
5134
63825
18014
8968
56725
48550
40345
10489
45929
43041
56766
52300
56765
6887
60934
3312
59587
19432
32605
51458
16666
23400
19429
28459
64696
22615
48121
15850
28298
51186
35748
22776
61389
36406
62047
947
33502
32411
29906
21554
9530
57449
54166
51648
53818
31294
10165
1659
26322
65359
37140
8413
47748
46693
10568
22075
28050
17408
62538
53963
55394
53232
56116
29229
32104
7368
35523
7262
50590
33766
57264
28224
16988
36483
18159
35881
51140
3966
32525
16245
59496
49672
43318
162
62406
19394
22314
52613
35835
32867
37439
28033
63867
31677
31229
2762
49126
42495
12965
5647
53581
48967
39130
9903
60677
28477
34292
20779
60611
17093
3969
26914
23042
26224
48613
24416
48667
30849
59069
20873
27877
20941
26269
36199
14013
2312
59965
36560
7067
51916
5157
55071
15365
13643
53565
24430
48004
59841
1386
40811
2970
23547
5661
43867
45551
42172
10921
2277
2964
9333
2153
49067
49412
61301
20994
35609
21414
16375
40890
32848
18813
19101
38216
4417
29403
15585
21457
20858
57649
9600
60514
10736
26007
63524
59628
36405
46181
43247
36372
64170
44394
62125
65362
62269
61504
34143
31658
21342
34595
11292
55120
34174
64565
21636
4893
35330
44215
13669
57841
57202
14335
6037
45800
54161
60160
51192
3352
65051
59389
20808
62516
18104
21580
45263
52439
11495
41530
14274
4592
34205
35700
2368
59392
55476
11122
22493
58110
3946
9520
21574
23352
63886
49260
63557
55710
48068
26712
4478
15952
38890
51070
62621
52444
29092
7993
20796
2537
35831
18685
172
65423
33191
62147
32004
3812
61231
2126
45967
47907
4787
26694
14663
54912
47676
60929
47404
59202
36213
15031
13405
60999
9023
56903
59738
35901
20984
708
61187
36243
39937
44262
44724
29791
50503
33935
39878
5910
39819
63766
5056
60868
59101
38512
43352
17437
61854
19556
53511
52313
6126
38991
39170
52119
21935
65380
64923
41521
54458
7680
11782
33902
61972
32758
36514
27844
21559
58325
15464
39801
3807
62704
45307
32895
32529
30133
22376
63752
15376
50939
40145
20119
49192
28004
58345
39653
44383
9569
17077
23280
22527
15632
47570
43238
44669
31545
48870
13826
861
7814
24308
55129
18080
46470
16424
44000
46303
44259
51705
4066
42256
55640
47836
40895
5091
15296
51340
5972
48789
20896
51815
55656
52917
5245
8045
63140
37447
9741
20531
21906
1048
35432
11730
24182
27800
7311
8024
54703
32262
29142
3558
21533
531
46892
46144
51520
55849
11618
51207
6759
59777
1384
15479
50097
18196
55187
13581
41958
11214
11201
47141
26954
22969
8486
49518
60796
13625
45646
4092
51466
38424
37733
21007
14437
20855
39765
44831
40556
17266
57983
56894
29000
26428
48798
41011
44414
62435
53403
2191
4907
37870
36867
45849
42355
62368
61406
47864
28246
59562
46465
61593
35336
39910
29086
22487
53535
38426
9190
29253
14719
11198
7049
4996
25537
40650
9230
1232
53571
24937
27799
33830
4427
45426
34335
19128
28466
18360
90
25249
25333
39599
7755
26808
2652
50982
44867
3236
48104
18737
48907
62851
685
48057
45190
52134
3235
54285
56355
21968
23813
59558
24349
4172
63744
40311
16161
48340
45269
50372
11616
27870
35856
1917
39136
83
13781
26861
53527
63183
36659
14800
40691
43558
63090
21281
18190
30734
61011
8007
31102
45390
47121
37240
65010
33398
28802
15035
34937
12177
13421
43544
6932
44623
17146
7687
16535
37398
7306
37902
6669
64582
18724
28392
11335
141
37848
61017
19885
21619
60635
547
7463
47863
18338
60383
58798
63876
58840
14926
65126
3976
57335
190
63816
32178
52291
58880
44454
22819
62408
45705
64714
38729
30068
57903
15069
2662
12245
16423
59411
46751
8495
11358
22326
8865
37626
7133
46687
32008
56045
54666
64856
36692
36801
15203
17384
62131
32829
58551
3401
1298
42357
44066
59966
33840
58550
12288
55351
47277
20127
53340
32407
13767
57582
9948
17824
40500
65162
24406
17992
5212
19643
30272
33167
47695
64327
4634
60045
51482
33843
24405
24756
39915
46714
30508
56108
11803
10431
43166
8829
43567
44446
16263
10085
27415
10987
8006
54593
26246
46750
15096
2137
14300
20176
24080
44451
54194
45763
31221
32124
25732
12150
17605
53644
43759
13
46593
57352
30753
10499
62308
28722
36207
26078
24117
45295
34652
5060
45802
14488
58701
27435
693
60265
35384
46294
23093
19868
61737
46335
22786
7376
24593
19127
3876
12963
12034
8525
820
33135
47818
58545
62620
38442
59595
38317
21300
5014
25531
16733
29066
52509
35326
62455
19581
37901
47274
27105
25837
22966
13590
13861
42306
17785
3666
53356
56736
64984
28808
41214
1785
51338
7313
21690
57163
56603
28245
59170
44424
30528
10024
54559
60570
39601
32137
43631
50752
33136
15373
45811
52025
60598
18645
61360
16660
42220
46644
43147
41635
21075
54184
64679
49370
55360
37674
27654
18640
28029
22017
52203
17686
22378
19720
33619
24309
13789
52043
5903
39787
43833
3692
35706
64919
61064
32383
39761
35842
39774
58036
9114
25032
57732
53613
59871
35920
35608
6226
51465
41194
23558
28998
24759
36387
32028
29102
25175
514
16450
37616
1677
55548
26194
58333
8843
37258
31869
50737
51265
3267
19061
26071
54589
20688
9103
18419
29372
27066
13561
57398
33015
31651
31751
21922
20829
54297
17423
28072
5574
59791
35467
35823
35451
29712
11412
24313
28113
16437
55960
45540
43444
37446
17942
3471
28314
57941
31156
24159
56393
21515
26929
44932
59958
30189
27208
62133
54042
24773
4115
15259
47710
25488
8717
30763
22796
59201
51219
17471
33891
35540
46859
51856
15480
31610
14104
50250
53861
11159
33907
7074
25805
48186
46475
6934
9341
29514
63726
55965
54291
39335
59557
56731
53624
61878
59574
35674
33743
9452
27097
658
32181
30153
32031
34589
51934
18023
63848
36715
11638
45985
19736
57585
9841
3935
46183
9009
39860
33022
24466
29192
40508
53269
12946
49341
11343
10752
33036
37814
16081
12507
32885
53192
58302
48385
44276
20846
14174
58913
18922
53300
25408
19593
23515
22468
43768
35789
4802
61234
19298
10298
45448
15891
8600
61511
49144
10707
57742
61594
11876
1828
27449
36125
53740
21840
38536
47064
47894
33910
41440
44758
62683
63122
21319
30036
55500
38942
17328
16231
39884
48675
15957
34109
4126
52250
51178
56022
11578
49401
3779
32351
48730
51822
30022
29541
16888
46143
52642
13270
41757
63
13517
49624
59852
45492
28304
14154
53903
7358
11792
62245
40026
32107
32943
13616
7859
1728
63609
14626
7178
4039
5440
21225
39580
46741
29260
17363
56668
56622
7553
37880
15027
18940
32769
54953
54271
61744
28082
44786
41190
10984
7357
19755
55313
9631
29198
32140
18990
15709
17897
27109
50668
10550
24591
29418
28994
59033
25737
10784
48749
22284
23590
13892
19703
57375
8085
54079
15151
9200
58074
27810
34267
35305
52085
60219
27757
45003
53454
19950
28983
64933
3246
51758
25260
18462
3491
65243
48053
58623
15718
12547
49716
26438
64741
35623
16574
11751
53526
46182
27725
29936
53357
9201
24257
18612
24083
52263
41890
12660
6361
12004
44302
28597
9617
24589
24925
45061
24777
50696
61700
23941
4347
23335
32662
45408
64176
27247
3864
9072
42731
51045
7175
59177
44769
43507
42179
27028
52691
1739
44908
53437
6672
29396
3037
58635
22130
3673
62430
14342
18156
45572
19285
8452
51462
36528
54847
1133
14569
51510
56758
20939
46685
50283
33048
37746
53473
57311
2128
12378
40707
14087
5408
11738
38966
12630
44493
45062
14692
50581
34097
59203
60319
24356
54687
27228
23519
51667
46561
59647
14049
19735
4826
7987
6710
39461
57817
63162
49432
52903
44796
64670
5786
45074
28525
13793
8274
41616
58910
10392
50387
16675
59593
37038
58692
10485
16346
28651
30700
52534
21393
28217
21684
32572
54131
36713
4042
50923
27728
49491
8387
45573
64928
16952
8480
13901
56883
61587
52742
30390
35997
34603
33646
37296
61552
37831
34565
56774
26292
15613
3249
19049
17076
61920
17170
49130
3609
14982
4490
27036
39440
55149
4135
61028
61265
13384
55417
7669
21124
2266
28956
57791
37808
8744
59919
14330
44872
59780
539
42690
53708
10755
9090
38953
15715
58099
6335
21745
8263
26900
27107
28810
60884
48407
9964
10258
45290
60258
9374
16372
22250
43260
63631
58336
5925
32043
42820
48184
22058
32962
40600
24639
46445
53273
39245
17962
46957
34657
13650
54949
25284
15512
14328
35209
61599
14548
59093
19773
12610
30007
21781
36670
53874
40137
24622
29692
64393
23714
31868
30396
29356
509
4411
6207
8195
33168
51850
17088
61971
14439
39926
1768
19322
19216
14359
7103
49616
42608
28112
1579
14644
48840
10155
12057
33201
41810
27558
14375
58379
16280
10427
41788
4112
24376
17235
43781
6384
11678
44109
64895
22371
53782
37339
29149
60238
21826
31373
3681
61273
2051
56145
59794
33391
11364
37049
43900
24326
14513
471
32937
41857
7652
8108
408
23864
59800
9056
12104
8155
29885
61142
11046
48473
42303
54509
8912
50980
48638
6171
55891
54964
49298
59716
6176
28187
7860
40845
15468
64349
46312
40874
603
33575
16406
58874
8971
5109
27606
37127
13940
61706
17230
17663
32835
12655
51726
59617
6600
1853
62501
48107
16391
53517
52216
36075
20092
63532
20620
46880
14073
31713
17186
41182
57636
13895
53540
53805
57284
35614
45358
46899
3124
9240
51889
41487
41932
58346
52255
52538
51827
31493
43807
502
33652
11820
63734
2647
12184
14458
58650
23769
15205
58462
18857
26806
51519
63267
3630
2497
51318
43720
60333
38728
43128
15222
58449
27123
60098
19882
30565
1098
44025
38058
37593
42736
59501
28875
8637
16771
10758
45163
16884
40785
17554
11062
17427
14893
39105
28518
31489
47923
50951
17564
53304
58253
52796
44121
26688
55382
60291
1863
7788
58947
18888
1078
18168
58948
47101
61956
62204
49450
43772
28015
29982
53754
60068
59761
41324
25962
7538
52960
63280
8879
23588
54043
42606
15123
24037
52348
58415
27909
18354
63234
27659
63375
5893
8640
36665
3414
33865
51893
63970
20504
31605
48948
13628
59831
26396
25119
38104
53422
22168
31588
17861
5536
6174
48381
20320
51908
34803
25720
58987
42621
1134
12133
12977
37748
56926
45158
62162
61758
48350
5345
59561
62312
63704
12337
11964
33269
63004
21309
58963
6976
31480
41132
21184
37484
3641
36330
35526
60813
2328
11167
27931
11886
22874
10051
10182
60852
2559
29937
48711
40198
33817
36818
18115
1157
42737
43126
59062
52598
51554
13380
17988
53467
20768
19875
34971
43466
64948
47295
17213
28728
45588
43416
44080
13447
30024
52547
62856
60693
23993
47089
49564
30306
48477
44375
20117
29020
36149
38230
9993
27043
21490
34578
9473
25472
64326
43890
48520
44282
45541
9427
48516
35401
39583
21759
42014
54355
57430
12206
27243
16292
7298
7695
61201
24183
1097
20025
31283
41485
22251
51797
22586
58154
6926
43618
42764
63990
40146
41865
52285
16353
46079
17570
54437
57353
34278
25355
15565
4780
56861
35830
45562
11361
23405
26129
62963
32303
56103
58437
56974
7746
46045
52056
10607
60224
48086
56853
32033
29795
32535
3177
53567
47689
27573
4824
5682
42277
26043
5979
36343
59614
20987
16602
40901
61199
59220
50187
42906
46800
33244
2893
59513
47263
8838
4882
61347
59572
40421
25597
20380
29058
45838
3166
42496
57064
47099
46387
52545
59644
36811
21909
43207
2046
29021
22263
63461
25442
62198
32635
34819
54438
35493
42203
4388
58783
19565
45801
37823
8141
51344
25924
11831
1412
35882
25638
12486
22612
1126
21238
59232
13212
40295
62514
1902
60849
27190
16317
30931
24507
43514
8233
62824
16066
36145
38954
23339
7187
10125
27331
13721
10814
55809
41161
4988
22907
28356
12391
55015
36877
16696
63610
43487
18376
29304
25391
50363
10052
29084
23485
48262
22993
9162
27657
30337
57076
22539
7966
22920
58887
2865
57197
46131
52578
46304
10887
27693
22150
42030
24319
7850
64007
20951
64341
17796
17195
20901
13395
30254
17771
36768
60851
10042
43875
3937
14417
37406
8221
44864
47972
41274
64015
44417
2320
31442
34844
65429
39523
15942
23458
34340
56775
36420
62625
51738
43255
35216
63338
17062
23740
32014
65058
48303
52668
24585
48585
13088
6366
60463
40540
9319
5108
56047
46850
18192
27989
21383
37430
22005
786
8337
34470
59024
31191
32112
43889
34300
54208
56525
15002
14026
64500
23976
10933
28286
37252
4607
61757
54276
617
6218
29509
5640
943
46877
41305
59284
27663
46611
9711
31447
23377
52013
17502
63455
59504
35653
53488
56514
11270
26494
54124
51601
33436
17772
10472
27929
34762
52914
50728
9279
29116
27217
7224
32025
45021
53800
34345
5562
60735
38079
62467
21068
3693
27227
9839
64951
3740
38564
23630
1919
52870
56990
32493
50651
53962
22905
59109
34568
10542
16208
29486
31980
55587
58123
37541
54223
21620
33248
7792
28674
34043
43965
31248
47490
31813
35909
51376
55267
25817
35910
6334
61330
27115
11860
39913
24240
41135
29361
4258
22504
33688
43711
62764
59238
34170
4162
18288
7166
26821
12176
41297
53876
8859
19225
56886
56013
55902
12181
36778
31444
58961
52861
64175
21072
50608
38298
43892
30749
58712
10471
52360
53659
60776
35268
8370
29410
1554
45016
12825
12382
61859
8888
16479
17935
8584
46950
19697
3429
25234
35662
6761
30197
26159
22597
3349
53709
15813
45537
2653
61513
36066
5791
30345
32629
60052
31864
13907
49848
20263
6763
49502
49292
60236
46795
11253
27605
57376
26607
21191
25816
14552
26734
29029
42448
33059
51006
6680
20657
36468
30883
55085
40803
41812
34289
12207
8565
1802
64617
33950
47290
45835
49066
60182
12853
33752
24210
39540
11143
29067
47469
49776
26904
47799
9451
24602
49681
27397
6753
55711
22118
7968
46262
4515
54486
64736
438
29805
493
875
38752
6194
25177
50300
57879
52314
13824
33533
24486
219
5298
27611
8321
3237
881
44870
65347
39234
47744
29698
32076
60181
4342
12088
25117
3487
23348
55748
35610
29872
55458
34451
7342
16521
1769
57795
26594
51118
55503
60341
31116
22707
23442
28424
19474
57875
55796
39795
49120
37351
3904
30612
41430
10698
50972
45259
22836
8944
27892
11827
20093
48955
61172
2777
10445
35745
54099
35871
9804
47974
37803
14744
56166
4871
24717
57125
21003
43486
32277
64581
32839
49377
59266
57172
51948
59489
4449
13440
54093
31039
32335
54598
19135
62322
36495
2585
55467
7546
55644
52338
41348
39777
50208
14659
9149
39929
38666
28331
6839
42422
32348
15446
53372
49574
26212
21500
48547
14847
13834
11734
42083
33126
44667
51252
59749
45072
36142
