58110
49647
41274
34531
26131
515
30195
21283
44828
64715
51872
46231
50756
52180
10917
50900
46491
39769
48146
15179
47543
47066
34182
49879
46741
5466
46945
23493
56238
61436
35350
64227
14598
54257
52340
54508
8009
36333
18299
24307
636
47021
56918
53532
52580
13496
6155
8003
27614
43767
7315
53478
5866
56743
65226
45460
6128
36755
31443
16783
48683
3693
26796
34821
24083
62369
25954
28092
26094
22948
28809
43037
18693
33951
22755
37377
41167
24562
15020
20047
23360
3789
37457
28953
59167
22038
50046
50729
14293
26288
47826
42688
26654
57182
11222
42535
31022
21282
55411
24362
773
46637
40544
6056
18199
54541
11060
6883
18511
30925
29629
37028
26335
43853
28862
5494
36170
2088
54663
14475
49387
15556
19048
60455
47410
3803
33202
45270
4264
864
14319
50730
32732
62555
20897
27590
5743
16332
15916
47252
14723
47229
26911
26246
10530
56248
27926
43935
45271
12256
44640
35219
36828
42655
50542
7660
25727
47896
29789
15961
14691
26269
45390
15191
43812
59859
1067
49674
11473
23208
25617
51778
54123
44140
33818
19719
52926
54381
21323
49665
3809
59641
30324
8761
53410
12554
59106
42816
48429
17172
6603
5562
36213
3908
46882
6773
11157
49075
30790
10982
26912
20109
41379
20390
46659
6166
51165
36234
40362
6864
44819
51345
25387
54572
30444
31460
26676
40516
57115
53777
13781
25931
40198
52571
48240
20036
21849
22690
35397
1890
1129
41836
10950
14550
45415
53738
53789
12379
51817
20330
24924
53061
2821
7276
33436
19647
5943
40687
48992
41975
13266
23384
53518
16349
52093
57205
29454
15714
38878
7681
34041
12344
34371
30695
59064
63593
14190
45365
31252
32069
9333
22404
44796
57508
26872
12510
43859
58664
56663
47160
17458
60728
55568
47415
30237
61470
455
7005
26134
54675
9045
58341
10893
42276
26899
2983
11329
38010
9857
3370
59102
21450
7482
12529
19887
3339
36782
45347
47072
22053
11168
41587
12009
60086
28557
1010
59763
50341
41696
34678
22360
38282
49192
20607
45974
8692
51740
18155
1465
51191
23688
8196
54066
22366
24433
57379
304
33135
22428
55525
15504
26580
16420
42919
38531
17655
16838
10341
35085
54502
38286
22110
57126
39402
17420
22844
26887
26722
62765
62149
16600
40709
54707
50849
33227
56943
40663
48793
15816
63291
25383
23980
42482
24663
56575
30267
35549
587
1772
46755
8018
43525
22724
11206
45068
60095
19216
45694
33942
15290
35813
35400
57600
29306
53934
10875
33994
45688
34038
4577
46736
61691
21444
55402
39132
43790
3214
10443
30397
24987
42728
17563
55574
8534
35590
35260
34891
39318
26923
19460
34360
45019
26220
60613
2531
9000
42605
59640
48708
28347
35592
1865
30763
15726
728
2832
65362
19584
23897
37647
45085
49090
18859
7431
26143
6996
15240
59584
20092
65352
25086
29914
7138
61798
26663
47058
17367
13536
7613
30300
40447
65324
19954
29793
45037
41946
502
36529
60385
29056
42097
28630
33103
39328
19974
62200
13048
44861
59715
2426
31383
8158
30235
6554
37122
5391
55920
33678
18574
15465
20909
4734
33150
8469
25475
20829
59298
32600
39824
34063
25856
29927
3814
27195
3982
30048
15011
11721
18158
33399
60424
33447
30063
9047
31976
44311
48914
46091
65529
13191
24651
50455
43534
29055
58452
59108
11111
11887
30511
30819
59291
64740
25201
51008
29650
9587
54349
38734
19551
63062
34091
41796
31835
19642
11647
2505
9351
19150
21712
34611
63686
60126
19391
2131
57346
62362
14742
47015
4348
28779
59282
11156
45056
61196
24382
45483
26976
10480
13570
31504
9856
8803
43715
19533
63721
21934
47348
47699
45949
19528
47885
40784
30409
4009
29194
30349
219
26136
18434
60269
40547
44903
33239
45743
34945
52587
901
5678
42823
31302
60977
64043
9720
32613
46203
17261
59471
1636
8085
7170
48730
39015
31592
57454
40335
62739
32926
50440
59692
53226
31816
51338
27356
39759
23916
20336
60099
44041
33339
22125
5233
56267
21832
65327
253
61903
18628
41779
12816
47178
65420
29703
35591
47428
14161
3239
65447
42820
48836
6832
7010
15971
21702
59152
31863
37328
37966
54515
41238
49669
21490
1736
62779
23912
40270
5261
54820
49837
49867
32856
50315
35834
37007
24267
42345
20850
14067
52314
10379
52666
39719
38736
10339
8036
35601
24718
60931
20437
1352
17868
20385
15093
44851
618
16539
56346
35471
4669
5441
30401
20405
57579
55593
44044
62749
19084
52449
46993
59777
10601
37191
4757
17068
26814
34595
15528
48373
48696
55646
4802
11437
5784
63914
5337
32437
20392
18140
61858
39845
50943
51305
24182
30527
14836
9006
37520
30013
64068
31711
16557
57730
63217
47082
34110
14288
46375
43324
7950
50607
20580
11948
4014
29977
62496
53425
49979
59551
58789
64949
35180
50438
46641
537
23356
54468
60554
25628
9795
14468
47554
8461
29095
40280
35173
43074
32328
28267
60762
63505
38279
13154
61624
42596
41759
50722
59634
10440
40288
38442
46754
50240
7400
54469
54191
64467
4741
34155
17590
60133
24092
58252
63222
46093
9813
51207
37271
13035
26645
47056
59530
30725
30885
49472
60312
28480
29659
49870
37979
14490
42256
20295
62339
44700
59306
15960
17024
22442
48985
65419
14458
521
18059
19637
52302
24725
28149
55186
32566
25958
10408
25248
36032
32646
9894
48424
11204
9300
32571
41772
59902
61626
6009
65084
34624
38252
32020
36666
35675
32556
5969
26958
56127
25652
54631
38870
49513
57354
42689
35753
1839
5768
57473
47982
2405
43689
39475
17463
44154
38709
6052
28910
1809
14731
52045
56951
59197
320
14996
26504
63387
32957
1719
14631
3157
59198
25446
38530
61915
30093
14822
63137
27928
22542
41750
60005
13727
13339
23310
58666
36017
9446
34973
48737
36011
23713
55320
27561
16625
49452
53137
6694
1579
59996
7301
50228
4409
33927
21290
49476
53430
16538
10416
23155
7386
58877
58894
19350
46703
3894
21563
52278
23474
64709
41939
29010
15394
2483
19161
62809
36160
7535
42762
43328
56782
32925
6952
12492
57453
18083
63550
53361
44934
8892
7871
41064
18487
37152
14198
41715
43591
63110
9546
43016
29546
64492
57524
2491
38963
37830
10187
8352
3586
38504
59264
8219
12843
25835
8208
9978
14027
49153
11179
37689
62821
46833
62522
30455
40248
49821
42922
22609
51718
5973
61707
17722
39327
8025
6966
31878
40633
26570
58367
36691
41177
13962
51634
35407
45434
28443
34737
16001
62987
22927
41065
57672
1272
63614
41951
29241
42377
24249
31416
12132
23525
51512
49849
39953
39299
511
43666
19071
5932
56332
38216
50193
32144
24842
10823
13239
17382
469
22214
62079
53694
36019
48691
51801
7870
57938
33530
26702
58109
18770
27162
50087
55159
13335
48913
58148
52952
55333
34107
65424
7912
33023
20169
29610
65183
36172
4321
53233
11977
64587
36783
31616
20228
15754
50017
16697
12371
2254
41556
53167
8709
28642
24326
39096
20775
39484
44055
38856
4118
39455
39921
9160
29126
34044
1438
18455
56665
28467
48778
46243
32551
873
36771
34710
40561
32555
36295
18405
22425
19909
50216
62985
38645
30671
63164
14081
9552
56922
20572
58740
11769
48353
20056
38618
10083
55681
25418
33157
14268
1394
39453
34725
65059
19760
30804
49756
7355
21750
29298
19517
5230
26593
29611
2300
50325
47528
44803
33021
40764
17602
11278
52371
45772
12503
17011
19850
52123
22785
63805
47905
5176
23864
3674
64195
3572
44250
50577
47691
14518
10001
43797
37186
61035
24099
9882
41103
35139
47868
37557
30227
64597
40638
60420
43685
36444
44371
42849
32945
30828
50272
3967
12743
4187
19588
15668
1949
112
34406
10756
21523
28939
39045
52201
9593
37492
3694
40417
2908
27608
6143
6139
51532
45818
25306
17054
51700
57639
46773
9121
25386
63987
51955
25063
16409
19017
2226
9341
33609
65137
34752
33553
64307
51351
35266
6254
64130
39499
37322
23910
55973
40302
65487
7876
40296
41306
6873
61942
10303
17906
40234
40382
12865
33011
64887
52242
32101
35883
57901
15467
10603
39307
58819
50810
51053
55265
4696
32715
23822
48337
58625
49207
52389
49972
59889
7784
17890
47506
36921
16197
20901
42594
29814
21801
34904
6328
11147
9208
7172
49524
1470
9485
52980
63759
52148
24995
12994
51124
19179
22117
44561
40442
47761
26065
47975
12105
28236
10745
12324
6040
59838
57609
33241
49687
9801
5744
28097
62598
20585
61092
11902
33426
44567
50815
3000
51621
31510
52945
29024
54758
50507
5311
3423
46883
7500
57238
30162
14789
24246
22703
43258
22688
44704
37184
62960
46449
948
33058
48915
8059
24587
15207
54154
17999
59255
19063
53289
33985
54387
59935
27897
16154
60546
9083
60828
30398
28838
24114
45806
19510
59990
56598
42298
13621
63678
43847
30670
53110
4702
18297
64972
14990
19705
12434
18084
14207
19701
3848
37188
14989
2155
50691
40815
34456
31893
53521
118
61404
27467
50915
15354
63723
28053
9184
40637
11768
13053
52667
45953
42085
47743
45803
18314
2005
34976
22851
55980
58179
39495
38970
1325
19708
40506
53097
51838
4521
48201
462
52280
43604
9733
12619
21929
35556
6476
52795
53417
48093
59958
52258
11232
22314
51248
35348
41273
17745
58813
54195
35477
64531
62096
1241
11670
46730
13321
58571
53004
40247
37825
22210
44641
15546
11913
31507
13884
55372
47718
36483
3046
29025
53396
27259
36164
446
19589
42624
42731
19513
58651
47175
33171
59971
42610
20717
579
48476
20467
39964
29823
49105
20472
33395
1889
58839
59665
58923
29362
55726
37479
28335
53464
13174
13091
15526
30159
3231
18728
13001
18741
21417
51713
27786
53347
60060
44872
56777
61975
40398
55623
36412
55516
48702
56716
51881
1860
23000
55457
14283
3509
53964
4990
54120
4003
17571
52
55489
37776
29731
19465
56026
22966
19553
42776
34780
54382
29163
16833
38625
18901
51206
11617
55240
26584
49829
36578
3797
64038
56050
13432
49994
11075
56835
57046
44772
25889
38752
50688
26780
40967
11069
29360
35819
2464
16988
15355
62936
63720
33511
64772
41649
16218
19962
54246
41899
44863
9815
522
8973
64821
40680
45291
6515
147
22611
41818
25842
25543
30890
43208
14632
6338
53571
22457
56241
55856
62691
48681
65360
14782
60426
50037
12706
52678
23279
47492
24489
40592
12624
13000
51112
35907
19897
17462
45005
3148
50301
10733
950
29600
22530
36341
44970
1377
1578
35976
45453
51578
31464
62791
32963
45671
20377
36162
40578
50913
31860
23505
59538
53763
43541
20696
5196
62662
54486
730
39739
58011
25770
42023
3859
19806
51613
62421
64261
22836
4642
52824
17006
28525
3802
62056
32561
21580
12297
52613
52584
65272
50538
54714
24821
53275
45589
32909
19595
14253
52640
52025
46306
34643
47949
60439
14233
56265
57465
6262
28961
63300
38947
22361
50132
41229
31296
40582
51028
52286
14894
5266
52457
11244
45341
7203
49017
13631
9913
1114
26499
21737
40365
7636
64448
59626
16898
13529
10533
27167
7103
7804
48622
5752
27639
21524
60832
11974
775
2310
22574
32370
51077
65022
19383
31811
20506
8089
28183
27411
50013
1548
59897
14694
21296
21181
46245
32280
63601
53990
39894
63716
3018
63585
2583
55922
49152
60951
54370
36795
20582
43305
54446
3711
59136
41799
29592
7054
3688
60588
54575
56736
30076
36614
46374
5459
28271
25039
13244
48290
2489
37210
17749
47658
15799
23237
133
20530
26119
24500
43671
8508
57892
30370
59982
41297
48095
5556
928
63376
49554
30329
41636
3424
61765
45884
18797
63594
25359
3589
41705
34424
54801
50352
32636
24477
36482
33351
37845
2374
21989
15626
32693
35511
34775
59881
1185
29224
46709
14554
50365
39279
12921
43435
52374
5485
51997
32933
55274
47556
10953
20130
56158
56161
33807
4573
29314
15039
19086
27301
13984
15926
56970
12720
47749
33095
34327
3032
61650
57212
29184
50784
43256
387
19923
5958
56215
21586
63027
14922
40902
14661
52582
59124
58720
31594
47446
38479
8449
38802
7014
4443
41431
2320
11064
29642
32554
42453
127
56029
45163
29301
13897
58980
35176
40339
1259
8743
65343
64778
6939
56285
45381
13180
57362
50909
49702
52740
12502
46112
37739
31868
7320
65435
532
21265
27412
49634
38046
57788
35596
19538
43111
25768
10007
27048
5400
16014
35686
61087
25927
63641
26762
5517
33056
60335
7121
54144
8530
57612
48361
23677
25471
64593
20162
28016
43830
25776
46810
57850
2021
46701
22067
677
47968
61761
36858
14951
3670
3130
25212
7581
30209
34952
28832
26037
19594
48236
4052
44871
20510
40622
15533
28541
62324
27705
41646
12966
25407
18660
4775
32964
64888
13125
55164
19547
17369
26462
56337
34036
22010
62723
43273
56584
25006
56437
65209
226
52354
52196
12628
35349
28162
64066
955
11461
13655
22480
23005
38732
2773
29763
24833
29536
6805
41525
58441
14073
31750
15639
61487
59548
1305
348
40514
18809
23304
3196
46821
45029
31344
21271
17757
17267
30892
21532
44485
61096
4704
56585
64318
15337
39075
29341
26391
33652
64168
9056
35856
10579
3808
30222
60022
26175
17613
9536
55789
40930
16427
1288
18141
15658
34271
2053
16610
59913
49771
13297
31690
52300
33811
50616
16714
56111
40435
23261
34137
55872
17522
58829
34413
44937
34731
50867
51951
39594
30245
52438
17630
31363
59658
45407
25894
16568
4711
53283
53149
25715
20365
27438
26318
37417
7813
12207
22931
843
12566
29332
22265
13944
33112
9792
28924
62582
1027
25612
36453
38309
39898
40505
10438
11071
17020
53344
39037
40204
19846
18516
20102
6683
16945
37067
1752
3246
43754
36622
64800
60172
14977
39144
39347
7638
42884
20517
56105
2701
46446
10883
21622
28049
9204
11946
47900
42572
24945
27164
858
15427
45966
51738
64713
13220
27030
25963
15469
20495
63030
29841
23170
59782
15592
64830
4369
57373
34267
22155
15218
31323
34
21644
44533
23397
60071
30305
12443
14038
12526
35888
32009
24044
6109
35784
28234
4674
60328
32027
23251
54919
24807
60135
36046
12734
62358
22451
14862
29274
33462
34123
57296
49878
48419
16562
28636
57060
29548
8183
13734
30575
35901
21982
46677
24105
14463
17339
7786
34081
4624
56933
54132
4933
38409
55934
19087
38224
63431
1895
65032
45116
4131
14740
52092
50170
37747
34180
48350
32498
38360
38849
29550
19118
42565
28899
43570
47020
64139
62172
21953
47869
61212
9022
1015
15652
59273
57994
61100
64804
2476
40355
16319
11743
56376
60637
7629
11872
36379
34361
63153
48572
21427
59718
46246
26070
33080
30779
26854
27460
7069
30124
44313
41492
17123
31516
2236
63496
65090
52649
61577
61316
25853
3326
36437
18177
18702
61095
32209
57463
27772
27430
11889
49238
18803
39717
58951
10364
36945
3306
4319
37638
7082
316
58628
19941
56444
18244
9612
16691
54886
8737
36186
52938
24856
9937
31581
54201
21653
30644
18316
41729
56591
512
19988
20780
15181
14727
13247
34782
55442
44826
50668
57966
25206
32460
47073
55831
57143
24539
37054
2481
14368
28158
28751
44815
64712
20224
16627
25
47555
56561
48728
4070
3264
63670
17494
26902
46545
51107
23212
36568
14350
17238
38529
22863
33358
38615
41415
24070
46113
52922
36431
4415
30515
7759
26111
4345
14958
58767
38757
26614
3884
35635
20809
21578
39241
65442
33612
17125
17433
25371
31662
14853
13516
58887
5163
58308
32915
65416
35280
54092
46513
33754
59243
47557
38396
57113
21435
57739
8515
23352
26697
35207
39851
20339
2304
24597
6752
27489
53841
24741
32706
37622
33463
36188
55057
41178
63724
65181
63722
64917
3922
2676
2736
62025
28419
9059
56540
63108
21659
9986
6205
13686
38281
40051
63041
33761
38619
52179
25926
39960
10096
32981
6456
38695
25428
33943
34914
31347
6502
104
29242
6359
9173
27863
21015
24227
55925
29269
46808
14392
6943
17901
26277
11837
39488
38554
42650
57772
31368
35937
58429
31684
55554
38820
14355
6962
9304
40240
62037
20762
172
13097
32434
50019
14757
28743
18239
32408
3279
3861
64578
62028
40275
225
39767
54251
16639
62310
36169
46437
3045
16952
3533
64529
27810
40271
45072
39676
58273
61419
57365
49625
50155
62524
62184
61547
22029
32593
1755
42280
20967
46072
23919
2323
3004
56311
43513
10088
12833
8591
46639
49012
10667
13679
18007
62906
58099
62060
63673
56582
19335
65153
58165
39708
18971
50237
60106
11538
40218
40864
24738
42211
35758
52264
30722
20669
18520
53063
56586
2112
56045
44990
25276
34630
33913
45402
39878
61729
46532
62390
61378
52751
35610
50054
8683
27374
37206
63184
23690
12474
62457
52524
53674
30718
36475
57467
46842
34987
22608
47809
46022
5968
30533
26529
15150
45855
51669
27513
17818
60924
1506
19844
1824
36474
55538
47262
59896
23804
16325
21176
61317
33235
6144
52831
49965
27766
34257
7324
47674
30656
32800
12140
2499
32855
60361
5453
21984
43554
14569
18956
18570
5946
674
17086
1773
32624
8288
59439
47873
28606
39744
152
51410
20104
32135
47753
40838
55906
14462
36328
59546
60816
9787
4728
7776
28530
60548
54301
53011
52930
55433
61753
8159
30724
44360
58695
54573
21456
19933
63821
31040
26322
16394
48963
3030
58662
12212
16990
61355
46718
13329
61275
12454
36634
27518
26232
33949
1351
29526
47409
14826
16112
35843
51018
14202
58262
14498
10537
30114
2369
19732
30117
27219
30168
40758
18384
27143
42136
17496
56629
55727
52403
50136
55395
17293
60735
4239
15140
59573
23721
45841
57992
65483
11893
7321
10164
34425
31969
16511
15906
37990
48247
50011
18612
48077
16622
31865
19687
46864
37901
21643
6429
42263
3406
63626
63569
28255
4946
4458
59302
528
20660
1804
6412
65204
19805
46774
56350
37123
8783
4758
29708
33560
28035
26771
56912
49855
7808
58714
6727
959
50747
53056
2354
36937
10090
38408
32095
7633
56034
29045
62110
33371
50561
40042
62040
49988
12813
21106
50759
13886
59387
54006
11886
37612
48919
50694
27163
5406
23073
58600
58803
8294
12436
11723
7790
27616
14076
40923
6235
17285
15370
15907
64905
45699
29369
54405
55288
31392
60543
57080
42641
11628
40374
16343
10111
54931
32714
18439
37354
48626
57890
4252
61467
52268
14725
33902
32029
43872
50457
29463
4311
24520
54667
34053
24550
37347
24322
62675
6452
47756
8900
5919
11989
33726
58366
53497
18372
51151
19242
54161
51448
32315
63571
40368
6985
25297
49131
34633
17249
28515
58624
52579
8886
17606
4105
48029
52681
18625
18193
19722
45335
65288
63785
23167
23068
3798
7174
48707
34907
12420
25921
2262
20836
31410
6417
30393
48706
7147
21711
21233
29499
31558
29453
14240
37713
65130
24408
46522
27973
6576
55669
31760
18672
37745
24826
12940
54005
3717
61115
46146
56649
34049
56041
11850
15928
37946
20575
17654
20577
60749
13754
9524
61081
60428
57066
23786
36331
9197
31076
55760
13553
19126
41396
57202
58033
60356
3026
28873
5047
2273
41200
39236
57947
64230
34773
17754
52918
3778
64933
53480
14851
65001
56673
5953
22553
8577
15653
44428
29094
29001
47693
45359
13278
20913
58098
3324
65071
61171
53843
57906
33502
32342
53242
32079
4065
27166
5213
24264
30924
216
24262
15137
32466
972
22760
53519
36275
58426
29132
50916
5502
48255
34249
56076
56480
36847
35123
56839
61703
37741
14431
22781
19684
54534
7519
33673
16878
56138
62038
6170
8569
42031
53505
25363
11030
37981
39890
60174
16016
20870
5431
22252
46621
61177
34709
18376
37300
48904
5477
7919
19764
37978
42011
27914
36971
3124
38344
54629
15138
23147
3452
33555
20300
5237
19402
10489
25993
64692
58848
34504
43840
51541
7498
18196
22073
32606
21705
13872
20461
58320
23
35611
23059
18775
42523
25831
6266
16411
59738
31672
40710
27521
9688
721
30118
7211
36657
36245
59344
42720
21007
14906
9785
51335
44366
63675
703
11528
13789
29736
57295
49015
35854
49230
21473
55853
41776
11091
57839
9560
10174
36777
64966
44722
49995
61244
30129
59872
38392
37999
43740
29007
22169
7903
6676
42253
28887
2913
31695
20832
32664
23811
12508
62574
17330
42374
8008
65113
51587
17094
20246
27849
20541
59187
5464
18569
53735
27677
23510
18478
8027
25551
35658
7921
28070
49847
40760
17740
16400
16524
51579
13221
64714
4050
60787
6791
11795
42653
7122
17196
33296
2995
21851
45375
48863
60488
65048
65300
4055
52813
18370
59426
30909
23320
19043
31367
11158
18957
23526
15458
44014
4740
58234
2316
59877
9830
59227
45749
24948
58355
29034
30357
10512
17500
59691
20833
30451
7080
59269
15656
5684
51941
35933
13645
9396
61366
17377
18005
17074
3171
34479
61841
12674
4214
25463
25693
63740
55819
4267
38954
35363
21815
51324
43749
11622
19296
65475
28866
58445
34586
6728
8428
48444
15023
7772
64798
1413
43214
65255
6724
52028
13882
32709
62020
44674
9082
22177
39889
63714
45286
63495
35440
51813
10281
10715
28499
47169
51737
29358
28055
63448
56890
46044
47972
7582
51759
26209
20054
33827
36764
34410
64730
27343
39740
9151
40768
29135
27875
50603
35520
19554
101
33918
52750
27575
4912
45692
10310
63492
61294
19977
29530
26393
23668
36684
46492
23664
26333
46180
60826
7554
50005
59369
904
37436
32992
22526
34268
12416
41468
46301
65321
27174
530
27388
35733
48252
60841
11840
22086
8675
61448
20318
19876
47188
50496
54208
25777
64171
19676
63896
20152
16101
63107
780
9923
62491
40803
28356
8957
39006
40590
11864
48106
8413
8118
9320
8403
29348
63974
40925
10382
18379
13721
5438
51938
35685
45228
6032
30430
57081
57173
49540
60834
64867
4634
55095
58744
4726
40194
50826
36067
43031
55699
15508
28364
4971
40868
38472
64877
36759
58961
25872
35137
50710
11405
29166
48079
338
16131
17472
60107
41739
54600
46908
4000
24516
31272
28847
43528
50664
16157
55021
1524
12232
51355
15571
2788
26651
61993
48267
35051
20650
21949
50597
13861
59476
13249
40508
18063
52544
35246
43560
61278
26300
40142
11114
13063
12535
4518
60684
61669
40584
65139
11870
12131
34025
42224
27787
10376
30363
36973
39048
57099
12141
36963
33817
46996
1445
27293
53748
41330
36072
63894
8976
25565
8039
19399
47265
57035
32639
1205
19002
61738
63920
17468
5821
20201
62287
49356
63248
9422
15243
39365
10112
24454
49247
47950
17135
5398
8493
35909
31618
12336
34177
29872
49714
14409
51970
54911
56553
56487
35946
51715
16201
13739
58820
52565
58941
45784
20058
49274
62532
62787
31174
43393
49614
63068
61164
25898
64348
45310
602
42217
33387
17553
36591
57576
28545
59245
44505
61421
47741
653
16355
33516
2090
65014
5737
14813
43568
36864
20213
12733
19085
10523
35138
1190
25345
42244
5603
53055
35613
6725
42706
49725
10404
32292
11246
30371
31630
59926
25434
17813
20018
39187
14663
23874
37790
40650
39206
17669
63745
56683
35584
4099
65355
52738
27993
44763
14075
50300
57129
17678
51698
37803
58640
56181
7087
61194
21136
29582
31273
47883
7288
19053
1038
19798
62368
51235
18448
10865
46863
31457
55231
48766
8861
64621
28539
48304
49705
55422
57006
58156
56320
48760
9619
17638
46634
55370
53952
51569
63744
54687
50680
44635
53853
48287
53390
37707
39313
26636
47891
31920
8962
20359
8787
4459
32801
55753
35913
43046
53477
28508
46429
24060
43181
62851
61695
48873
32520
5865
951
13953
51264
477
63484
31230
14124
19511
1353
53421
14
41041
36154
59646
36410
43924
53436
44490
22432
19250
35009
49079
39757
54654
49358
56950
57095
19430
49639
53813
36326
23233
14140
6808
51960
42016
47466
33563
437
26210
55016
4957
15645
9322
44759
1873
27238
54075
53117
27034
33946
35886
5457
9203
12429
12931
18842
49570
57034
33131
34042
33243
17380
54678
55080
59609
58856
8130
18649
26576
11646
41707
11584
48733
48310
57018
30746
13027
41841
6189
56171
5488
60670
10820
18578
973
1743
35412
62727
57201
6597
57332
45411
19141
16935
34786
26282
63659
34057
10044
6140
2598
56929
25448
63295
14940
20707
45152
25394
14243
57464
21390
12456
63735
47079
30984
47738
30897
619
4103
21294
46066
61048
26227
41703
48206
4752
8774
28982
55348
10997
59230
7442
62899
50286
31633
30273
37563
29278
9172
27607
10062
62354
55409
42112
47839
56662
59768
20384
13975
35461
12473
54532
52073
36925
39853
34772
34013
36167
57629
11467
58079
55733
34864
47725
28896
61305
16581
32118
62451
31846
40193
44078
49765
2679
45092
17302
20598
19227
34436
32128
51761
26158
35033
9119
25499
6011
17930
35986
16555
27459
21673
39352
4391
61041
15943
37752
7330
32182
16997
6562
16516
5781
12549
31880
12995
54980
6369
1208
44175
53058
14577
6221
23295
8685
18638
23695
17008
57345
27035
26125
40406
62015
57589
14097
47526
51816
17710
7070
33248
22131
48207
18447
28900
25997
27210
64206
31661
107
57573
16072
64646
45726
43347
11821
19621
7563
62296
23533
14866
8557
62668
2542
53868
5683
40996
53345
62403
18773
33615
1581
27725
62758
57705
36128
29911
12391
3237
50684
54900
7971
2528
1714
37141
35850
21907
62645
58777
40096
62440
40344
51553
42693
45993
30243
21149
19906
24805
8107
42698
10197
27754
65523
25095
12143
13472
32570
57745
53140
16809
15940
21691
6681
19982
55329
61643
8544
64039
46548
13895
41929
50697
45169
65221
20803
64542
61812
54998
4647
61207
12780
59246
6020
65403
36745
52532
63884
63587
47933
42297
7338
60595
10988
24722
31035
50137
61895
6930
20879
54625
5037
59370
51279
14551
34652
54673
6065
47806
2478
16428
11273
24260
42291
46551
56684
64674
38210
32155
6974
13261
44590
46208
34387
42467
9091
17592
12069
18049
10557
31743
49308
48575
8176
52931
18510
28130
39653
59364
6451
14825
44203
9682
46735
33953
46938
60050
64220
27815
51379
7136
62338
54526
25852
60974
6648
16855
18408
34245
23340
5388
36954
21985
24469
41012
47462
4091
18567
50968
38816
21280
19645
1308
23548
15244
35049
54869
30539
57367
1620
44317
24074
3278
50258
50615
59024
27022
31275
20942
25933
42669
7303
8564
40696
39064
43514
62808
64527
8752
58753
33732
8378
36436
59010
61488
29725
7929
61261
55207
24013
1511
45685
41742
1737
8793
26310
56492
54747
49346
46550
39507
25766
45682
52523
24952
22954
25979
20124
46008
61755
36368
33303
31955
6508
53448
54608
15979
56363
45758
44288
15886
27316
2299
37671
15455
44290
6077
56801
1956
17696
1143
24
50877
40257
42886
17718
4709
4153
37476
18670
59277
6859
6343
14221
31930
10456
39490
26609
14795
54814
10624
44531
1069
19627
24255
51181
48539
52149
11985
28490
39122
16994
17090
58824
41883
50479
65271
16180
1634
39082
12633
938
2916
11324
62181
12506
27827
51610
2051
33194
57418
9641
35853
2173
54690
2229
55547
53379
53774
29443
8913
26268
29473
2678
27751
52165
12729
62973
40087
14254
56719
5341
64560
28744
53945
7185
32064
7801
27111
42954
18845
57469
2677
42024
31703
11510
32736
32628
43160
15190
44280
47168
3131
16599
50116
23162
58494
5567
44409
3698
23420
21273
54489
17919
7391
4477
16145
18883
50024
49328
6028
59984
46250
59662
56116
39577
5635
54693
6287
36913
36938
50091
53922
12660
20248
46972
1835
2507
46967
45442
57905
43405
45490
6206
24069
39009
33113
23453
53524
27373
50866
40661
6889
50070
63355
31181
21372
18572
56083
33468
50251
25411
42329
55052
61262
39399
3195
3060
58464
37018
17375
53120
11720
20788
21656
38688
42716
30895
30592
25358
39638
18816
59107
45593
23504
43313
52597
25537
48573
50646
40120
19886
35185
29329
32257
38745
26728
45047
47925
58360
634
57021
14496
61845
62879
60944
48131
40703
8953
55524
33863
56507
15677
14537
11671
41928
63386
4167
49218
7029
35911
8755
182
64280
33360
51407
43139
6024
24456
34252
22872
16462
13876
39778
8037
967
22381
43112
4385
56571
43164
42952
54332
47099
14477
14809
16670
1953
33733
3542
52783
21022
21119
47094
25364
13841
59061
46642
36480
19133
27198
57079
48232
25202
14154
20402
3408
11296
8317
29299
45753
16414
13607
28116
31765
245
17960
18234
7945
61808
15892
37150
57132
53391
50942
53907
4930
57446
50918
23636
57137
51312
14372
5019
21893
44539
42631
698
52978
16182
35004
56977
58653
20765
55195
42352
8933
54036
46786
3871
6459
21641
39712
50689
41647
55190
24998
3731
23598
57168
8631
43082
57147
13628
52819
5335
45557
15223
11472
43099
15762
10939
52355
45151
59412
16379
32302
13427
16928
23877
51431
16776
56193
16825
60874
16108
22651
699
60904
15147
1807
6918
55379
22855
28704
52966
47621
38698
53537
29916
34740
61335
165
2684
15620
38423
1776
19768
12952
27135
131
43641
14531
46799
9017
43884
27027
29671
18938
2687
4061
53472
28583
24843
37657
31935
43412
53837
43948
59386
35121
23220
12829
818
54034
22764
7184
45241
53827
58029
58982
59874
36632
38400
2842
46304
59043
51158
64080
54484
39432
24276
18334
23009
32007
49300
58206
34559
4362
59494
62516
27193
7540
51231
27397
11700
55302
59627
4156
52159
31051
60856
20993
21251
25600
11311
64629
15534
3767
35179
61459
57556
11423
34343
46655
57959
30940
36166
40086
34565
36678
48495
43450
12085
62435
41941
52008
44655
22324
22094
51217
45655
55140
39895
46116
15540
62124
9576
1846
12716
45981
48412
14156
22255
56981
36762
34340
31798
12719
56605
24646
24999
31942
47542
43019
32269
58246
27605
4044
52282
15399
53573
8416
48203
2100
24854
28050
13178
58398
16532
46218
20731
22337
41157
32360
45292
47640
48786
558
55215
57266
39903
40128
52174
3574
57860
246
60153
30652
31250
49360
12578
54105
43732
6739
31807
63764
57496
40980
48792
12267
60584
52114
27142
3737
17889
31949
20281
22388
45996
20583
16078
28410
33100
44022
56270
1523
46924
19264
43207
54989
41298
6737
60349
17820
38404
63435
57674
46916
31404
12828
29101
877
11535
58036
53078
41146
61327
22417
51760
56495
28586
13289
18858
58045
193
8930
47567
41688
24345
46976
43801
30316
39411
36194
13656
10993
45208
1821
20197
3687
36161
14972
40491
11308
22357
46161
12257
61635
43725
8791
36486
24354
18995
51261
1324
53348
22642
21511
58226
48830
10790
14003
57225
43733
10230
4644
47060
11414
48119
35727
57863
10184
36827
13945
46827
62407
31803
26837
29052
12764
46647
19920
50928
43093
56023
34863
21556
48965
27666
54698
32011
61264
60819
41774
61239
33148
22718
20453
15422
48813
42452
63474
51102
28572
47354
31373
2503
23692
63024
21681
44697
63643
42630
5676
16073
34224
21489
37694
45708
59717
36623
53337
17888
17160
35534
56014
32959
10540
39528
56415
24242
556
52230
33110
22564
50387
13042
22305
57488
43835
26301
25574
8640
38964
4891
11393
65092
2014
62549
28644
60449
60492
17941
57660
4355
18309
51642
37386
59973
53311
8655
15235
39984
6518
50279
49943
18109
18429
63651
18960
43228
21279
249
49792
55053
64129
40160
51257
19831
44016
24036
63704
15802
13400
14345
20179
36229
29929
9717
27199
14519
14987
5015
24884
6668
62817
55764
51440
26545
41683
13907
53030
10220
5034
18335
20189
59014
42702
14183
48229
54802
37878
4677
4495
43249
19521
1354
2084
49261
18107
13729
5872
26101
36419
46622
3197
34596
1716
7469
6156
44464
32764
46294
50375
64947
43981
60010
34628
14425
17487
24352
6367
48689
29828
15212
11762
918
4585
35174
50126
48869
17146
25400
41001
23093
6059
64456
13259
31359
32726
51240
15217
20672
16213
31959
41785
45026
8462
17561
6383
16993
53249
4166
46505
46926
9079
27669
4764
18380
12667
55847
22218
5291
41265
16256
40992
63603
35225
39949
30613
13987
65267
36042
28026
44579
8927
39997
23180
41094
18546
18416
64185
22666
61795
16895
9007
45751
16888
48861
8522
50266
18868
48293
64152
50484
34301
58973
7461
34771
63289
39480
5641
63294
53429
11418
15417
48104
58964
52546
63155
20006
51162
5879
25989
58004
15685
38056
6822
62729
17341
49078
19066
4365
10643
25678
37263
42494
31536
39397
61137
27148
35538
1659
16027
9210
24301
40027
3421
52353
34474
18777
31822
39585
48984
64561
43237
18157
23638
18606
16074
7278
49357
42219
5297
7990
18323
43244
34791
9667
43605
1575
62568
51850
3357
50102
46189
5361
61727
23820
15226
61807
2228
32263
19568
17753
40081
50401
22047
59411
47683
60519
56476
38904
25559
20998
37216
12002
21412
11955
37329
59375
37561
38871
58563
61200
30010
10541
42210
26752
56259
16519
59176
31175
24574
35663
19455
2138
57552
59952
53159
9768
8409
43663
31005
50753
21621
4359
65203
21947
52912
62638
54711
812
38115
41088
41161
39339
56947
44083
39726
23283
29067
25152
28247
29327
38750
2343
13654
19303
55776
34178
44676
36887
20
33659
3590
62468
19631
34164
20508
44740
64242
62293
8536
55339
11163
61628
7993
58268
35504
11233
40359
35881
57648
40202
23429
37876
40413
42238
3284
48723
25823
10025
18470
18535
8333
34368
59535
3532
58076
10524
39905
13574
46973
35660
27136
47162
40082
6891
62890
6899
48101
64818
22929
51867
329
2739
8303
25789
43796
23895
3325
32773
49778
38735
63666
45923
9845
25616
11489
41828
56837
25167
18143
39414
44653
1644
8966
39521
52936
40977
44025
14783
20587
21839
27498
6729
45516
709
41168
24566
46463
37982
59421
62988
62411
33894
36099
14574
7125
56262
64256
2971
8302
20122
59467
49815
46572
28048
15891
27844
63342
7446
51709
32000
15219
41733
32373
12670
1003
52892
30130
59943
37156
45975
3258
27684
43925
38417
27321
55695
2134
25335
60849
37208
46175
13736
731
39880
41304
40957
40953
35593
22828
37020
53552
21959
21549
33093
61592
39369
14443
45171
49093
33162
21569
31009
11238
24916
37161
19681
27857
60406
35014
30319
62894
47447
13171
63226
52715
11637
37167
64620
14815
54065
42082
12607
14380
7609
63339
2959
32913
13325
47503
22833
15993
26791
22898
18137
35898
23938
44455
32420
42996
44703
61165
65164
20340
42759
36863
26746
46881
23298
19286
27825
46994
36903
18502
26526
23993
35343
49876
374
38003
56140
42978
9640
45808
59179
53227
14342
56005
36624
29372
62993
37334
46822
61760
11373
54142
60121
46815
49110
11113
52719
17495
48330
48773
34159
57497
28260
38995
52780
58424
42576
56541
60701
27848
28785
16530
16865
25983
7200
50686
37142
60981
12754
65451
57876
13588
27802
18644
28567
57928
10785
3185
36133
36852
50404
54286
51271
23439
11654
50939
16152
54481
13989
22878
61999
28004
64408
12282
44469
21035
9448
51946
22282
51614
21999
53581
36337
6861
11243
12784
59413
9359
51772
6673
1978
39918
59656
49182
65054
26898
27559
60327
24661
45137
65210
51374
4433
8335
11885
12981
50741
23048
22936
13965
45196
52421
27517
24204
26962
29092
24673
57835
25159
53013
16186
63888
22884
21878
54494
64244
57757
55629
31525
25197
25154
40669
39123
49496
25925
52356
45097
19154
10148
42964
60165
48336
52085
5046
58123
11138
22494
38312
43686
36908
60652
50979
4877
65240
16831
28199
30524
403
26808
59347
49502
47452
61405
42289
7416
4240
40324
34401
36854
25532
35840
23741
725
5501
32274
14452
55909
51465
31497
28795
46221
24927
11530
897
53870
34601
18799
37059
40154
42290
13037
42299
33116
12520
42294
24703
47853
4124
44156
65520
4794
33722
58101
34218
51781
13801
63588
36631
2973
29049
52429
29169
12982
422
50757
8001
34801
10501
54969
34168
16393
57056
41528
10831
54068
19860
17504
34149
49779
17741
12704
44274
1663
43969
51404
24392
60741
48030
21226
56094
9527
50605
34575
33813
19113
59460
53033
54975
52890
39619
5708
27099
533
44761
16753
53510
43609
28577
43817
34150
14970
40343
48866
45857
4654
22576
54768
57410
61587
39379
28134
41466
7201
30878
16944
48
33826
33542
1971
839
307
785
19949
4870
46682
53589
56577
11521
18821
344
39450
12839
25556
53373
56381
52512
16754
47531
64461
54320
46769
55040
19794
21545
52244
61861
53568
12625
10650
41881
62414
20700
5223
48142
35528
10794
50307
58648
16430
22087
64266
46319
20084
25828
24552
23455
64480
44273
2912
35432
26717
52638
34799
8244
57758
62635
48005
8421
54719
47858
43826
47216
38429
53251
8406
10084
8801
46051
8307
26475
26999
47485
53936
36706
23710
21151
19514
5736
63512
39008
64745
48815
10435
35666
52533
13848
5908
27448
8810
36597
5027
19912
6850
55919
59920
40035
5100
6093
45042
54179
27275
55692
48795
47231
64375
25932
187
18933
6555
6146
29876
47024
54277
9414
13508
53951
48376
748
39331
48380
28418
38386
40725
27007
15195
55953
38677
5121
41641
14806
31975
12426
30240
57071
4087
40919
26906
40625
8546
38771
4335
25036
40969
57522
36074
22256
20910
56984
49940
33867
22741
46290
18152
9954
10439
60065
46458
29097
57790
6654
39209
17921
37087
56101
2086
55456
46527
106
17516
53615
41540
12452
19508
51950
53561
38370
32976
65316
5332
54215
49967
32648
56796
52687
13839
46260
62058
14748
20688
10189
51599
60223
5462
58974
4386
41005
12970
20417
50410
3355
410
62140
58872
31991
55249
48372
43145
18588
51633
57778
9832
29063
13700
37732
23061
23824
53890
27094
37646
53652
17684
570
49881
13778
52816
12205
43457
3176
5560
17693
23263
39741
11515
22791
6268
52305
997
14385
7898
19362
30164
23734
12500
40091
3538
10895
49246
181
40327
64693
20758
32098
49676
35419
28488
17077
3973
18774
29605
18162
45493
45505
26221
2779
59225
42822
35606
46075
38918
32100
42173
42811
12211
54499
35065
22899
6647
38800
9088
37104
23542
55917
48593
7844
32176
50402
7585
22728
17254
55221
63780
54529
994
22934
53237
17363
10646
13423
17708
7559
14927
18738
46737
11207
6979
60993
770
43648
43086
53077
43994
54296
18295
31888
3675
42232
5184
17311
59116
19315
58556
62133
44336
31961
43901
31790
32415
1912
48938
32173
2763
40720
2116
45279
31883
51292
13964
59452
44788
42646
59132
15983
42139
31332
2846
53260
12987
5980
43501
53401
672
26278
2823
3511
12739
44117
55668
28746
7847
31554
23214
40348
1279
24377
12939
47579
54821
38909
8344
44097
38475
21848
13271
19483
9225
23441
11517
51795
12917
11892
51965
8820
41902
13096
59750
57877
24265
13523
41429
17688
7494
13797
44417
38902
63254
26656
58724
40559
12150
26800
7785
43332
8254
23604
19000
63237
34720
38903
50620
62550
47764
14703
4204
29705
64985
38948
49259
23302
44237
17842
17235
54368
38790
20861
60972
50725
30288
7101
22959
44353
58667
56457
6819
31164
34331
53614
40874
30793
57568
54585
45864
33471
64706
63879
62402
56518
56047
30439
13392
62648
27574
63471
64504
1609
63866
55347
64501
10840
4220
14401
63358
8070
55792
56870
2572
55160
24356
59967
33033
19241
4755
7182
59189
52937
53961
37182
53842
61493
39459
33618
14325
31037
39983
59194
22629
20821
29267
22974
40865
2918
17190
39436
37051
58188
4846
22063
36698
39612
21483
58850
39135
40026
15307
42434
14507
15944
58142
38506
38382
33611
35145
11291
60663
23015
6718
28534
2118
28338
456
1274
42971
39788
41066
26574
45511
54212
55253
3065
50854
20644
24894
41603
33187
24793
37974
29374
35699
46746
28237
28631
15016
44392
21289
13669
60665
30463
14456
18333
21582
12740
65336
36464
11561
26769
18718
59263
38483
7883
2008
9501
44173
30815
47978
27770
4791
50166
38779
39218
17400
8293
33772
36180
46202
30103
31326
22565
10786
35790
14578
48571
52864
11406
25619
36014
27490
12166
38254
34869
44196
48371
29697
50628
1108
5610
28308
64790
11810
60790
53342
15887
13434
46668
44876
42671
7575
36053
47173
61310
64580
36565
40099
60949
52001
20554
40715
15452
29248
44841
61747
44911
40261
49931
9259
43589
62269
46068
43045
44595
14621
59462
61919
5186
57595
18389
20490
993
52959
40347
8477
60415
35649
33253
14566
64659
64563
60400
36068
16220
28628
29882
13983
22857
56698
15041
59781
22329
49982
49572
37173
18426
25099
7479
53015
24904
3468
10145
4284
34490
40107
12556
37135
18642
34354
641
48578
49537
49104
56087
28390
1302
6843
47772
49788
64535
3160
48881
47397
37899
55982
62493
62844
39533
48057
55513
20647
45750
40745
34834
24458
25228
2805
1817
50591
13127
1747
10161
9337
59383
54554
14363
6076
19655
31882
36830
55241
54726
10664
21970
5416
15640
28303
52853
2457
32596
4508
36432
34549
42002
37072
33490
36217
64432
40044
34748
56090
13421
40405
64012
60935
15843
36481
49957
40088
40788
20591
55690
44952
45701
8520
41373
50950
40085
13906
61872
2346
8649
61829
56088
51041
34005
40467
255
29138
2810
45886
55294
3772
27573
50906
55377
32767
45166
63910
27773
54160
64059
33978
21811
8874
24962
15448
19244
30660
52266
41290
4133
8480
40308
29340
52599
32775
4177
21168
62636
44435
40961
42634
34715
21150
45533
59680
28139
31402
20052
20938
57661
38687
31360
19021
1848
13283
12727
13121
9564
60040
20543
38372
22729
32758
22732
52569
15114
964
31070
57997
19157
22547
42697
2106
12017
18228
2269
60662
13918
65260
14556
17909
16941
50865
41214
43027
44297
45755
10211
13013
46461
30257
24723
62375
25819
10522
29973
49073
38700
30868
684
40111
46448
7018
13745
63916
1950
54513
49314
47475
20532
58089
308
65121
23560
3254
35306
38975
1823
35371
32631
25599
29681
358
50291
3676
10092
35722
44573
6342
25702
64834
33104
5146
39290
9836
9694
21437
26435
44652
46595
34469
38994
29889
25760
22445
61608
15389
5832
36118
61143
59448
55846
20735
34986
62121
54759
28031
54700
11128
22051
43294
52320
32645
65207
28032
16968
453
54218
56631
8890
35066
31986
43846
22508
3016
32766
3257
41007
52498
33666
4084
51091
52641
21741
30262
11601
6115
55996
27121
15517
16953
46892
29335
14010
51780
43821
28196
46209
3166
13991
57756
17595
24746
62999
13573
41191
4471
45709
21066
62665
1799
20333
32763
32924
34370
14523
29098
32169
22345
41784
54475
56057
23902
2530
42382
37838
21219
11028
5249
65400
35900
46893
24822
60313
693
39220
50575
65077
41482
25874
1158
9646
6650
18476
19184
24233
4988
38425
2115
37450
64285
12071
50321
6853
33658
25313
10030
8441
53500
39733
39736
53844
1794
14887
9765
54264
53957
64337
38651
52141
27885
11049
907
9820
60708
4831
39571
52042
21206
11346
62224
38621
33214
1727
11334
6324
23935
55330
17545
48258
45647
43286
11402
14480
54648
6034
48642
44050
32545
61032
28928
26834
47819
52089
30564
12186
33181
2526
10034
18160
12188
14116
57663
35737
18621
23183
63369
51961
3188
38967
30749
43532
117
29287
55301
22962
52651
15209
49566
64300
57122
17461
8134
11255
19821
62545
9818
41212
52448
50825
42147
14352
18607
24431
42241
57364
37606
26319
56897
27405
63494
59676
15402
33974
37547
40011
28322
30547
44159
63796
23812
45916
52921
39935
3732
46600
18500
25725
46356
45932
17883
54196
42035
37967
16792
60143
36222
54352
40927
26261
48860
19213
21487
46662
8139
39293
36250
50396
12951
59959
38270
18038
37544
33947
51746
61802
41351
29674
60330
10282
61822
24664
43268
58307
50819
25701
15925
61006
50924
17913
21133
58843
15529
65187
60673
65269
4151
12296
21744
40013
36198
27925
9555
62721
31038
33002
41686
1976
6060
64732
17419
12590
9299
17826
3618
29344
26595
38450
53103
48856
27873
38120
15213
18257
25696
47857
29252
42803
50781
45742
56382
3155
30744
42926
3477
30038
3926
33976
26470
57010
44136
10356
24707
50313
58499
9216
60394
7335
41616
16312
4837
7762
33643
14169
52293
10035
63292
51645
28106
44481
59869
37226
4947
22092
43073
42408
55345
55406
16598
60491
39227
38385
16053
54658
53407
23383
31469
34486
10849
47828
28839
50332
17464
32575
34859
3608
27634
28697
55990
36404
6416
38675
42239
60274
17037
2180
12683
53972
47676
33205
10822
8918
41999
7677
32462
6875
22799
17666
33841
25376
25818
19027
45724
60438
42956
21046
1785
3005
55389
57855
24210
49058
17975
21922
3622
24089
38241
31977
45752
9030
41980
49657
2796
52217
52461
64615
64528
31069
59908
11984
59759
46894
32411
53204
14656
49557
52496
39062
15078
12747
56797
15176
46149
12125
57513
29607
26371
55956
37593
28629
33489
16659
36877
58168
46487
13008
61645
34563
63696
32461
63129
12314
7115
11875
40799
1833
20118
30922
2644
24633
35761
2765
7226
35662
26184
29636
64446
16643
20031
15453
16662
49107
15443
40564
52043
35190
17734
45899
33654
54402
50426
23376
59690
31852
54536
31625
45323
57824
43996
20757
10451
30519
59349
36944
41204
17470
17087
60332
14626
10177
55873
24764
28827
15676
32396
51346
42595
43395
18074
20693
26512
34217
10691
16863
13527
62332
50777
34513
15419
13748
59283
2998
23034
48490
58340
7192
41215
23924
3558
28825
37090
42817
49273
50175
27891
37955
36947
14071
17663
1463
30844
62912
8682
9664
50169
8166
16178
46123
32967
55859
19226
14492
38427
29108
368
52270
44071
59133
21925
30567
16121
38354
50048
60753
49111
34998
28171
24679
5270
51748
37269
2561
451
45535
1979
31127
5353
29356
18999
62057
46531
3547
2331
4894
9447
57520
21504
10324
56058
18595
59280
39406
37105
51135
15880
49059
19317
58471
20862
54909
19094
52689
22021
2855
10866
21169
13414
58369
21454
37405
18991
53856
34009
8799
10938
59978
2664
14532
39860
13218
12343
10235
59316
54720
60319
62422
47249
41572
61253
13835
61138
54088
33073
41564
39440
59069
52642
21956
22207
39084
56691
55743
17667
37187
46397
48865
59545
10458
11882
52917
19327
26807
15316
31555
43131
62995
34239
39428
3473
51611
927
63862
33624
35769
52621
46265
29604
59022
24034
56335
5200
58503
42546
1087
1045
17315
32175
30798
9491
27557
9571
17780
35442
19570
61642
25127
1243
38462
56010
45437
58468
10264
52163
53376
48940
47243
1293
38362
7497
59539
5351
4108
31030
60658
22020
27341
31601
35617
21352
44932
45199
55877
10941
57250
57690
12601
42749
41873
49770
55011
23972
48065
29144
54126
50859
63743
37798
9690
3724
23399
50996
61966
4406
52742
58542
1042
31519
20207
53449
55063
46678
18032
23826
5052
45136
16029
7597
24329
47039
11380
46336
23753
24248
48935
26581
42105
30612
52679
4111
58954
49715
47255
30807
21057
22322
58579
49141
40089
18713
31719
54779
59286
58437
10911
44792
63990
19494
39422
3777
896
50643
25465
64870
21601
8005
49835
57953
29427
16038
7541
56799
3147
34148
49175
35388
15185
56097
3507
26644
7708
26081
46793
31864
13810
33108
45823
30210
56256
53020
39130
3100
45218
13845
37159
23842
56923
48019
23136
11873
52810
29744
54267
63098
62557
16020
20916
8975
63479
12783
41875
41821
1166
52726
51049
46837
26251
28967
52424
59842
3995
29585
31320
63697
51901
24965
8971
34769
17786
31988
59472
58258
51978
11869
58690
33599
36513
62345
34911
55779
38888
6460
32224
23058
985
63940
5468
56841
53929
47204
41338
63409
45470
12666
23122
10634
37286
61379
25270
5779
16477
41378
37303
30074
42528
45528
14943
39735
52696
8226
39552
35166
6483
49262
3845
21730
19445
10833
32517
59076
13407
38274
54739
31481
11616
28046
10390
11947
43860
3925
12387
9746
4888
5260
43777
29538
53859
4022
42895
31644
7405
59946
42059
55889
30933
62602
30684
6945
43176
13620
51219
63259
49350
51496
41412
63064
45657
2792
10846
8442
22146
40787
6905
51993
19452
43598
37109
18992
37114
452
26943
15663
24830
43827
27496
51424
38426
6635
39831
48969
59544
4427
20313
15410
55633
29141
36743
52016
48841
35968
2586
56379
46568
44367
65305
11746
28495
31112
56563
27804
18406
6926
58486
52295
3799
56446
5835
44565
47886
19713
55834
22350
43620
23236
3750
13386
33203
25717
6762
31226
58247
51920
30880
58084
51192
28282
16142
35395
38919
48615
1231
59628
11534
56306
13502
13545
53702
37556
43655
11424
31192
30167
44572
24708
14735
65385
12984
19191
19198
41958
43517
18667
23532
39421
22796
2163
29669
10930
13922
32065
51029
43271
58529
26153
15647
46445
46331
57270
3429
688
47606
51846
64518
62508
7454
48281
53829
35926
63419
47220
53810
36689
49579
44413
11449
23606
64931
37881
2487
11063
11018
158
59659
29405
954
32690
62614
60926
1156
18515
58381
3620
59804
53625
39801
41130
3638
65109
41133
25996
25175
56056
56937
3795
24225
6079
8148
56866
10511
55955
51899
56228
40216
33057
5070
42484
40859
3747
11325
47801
35470
31322
5918
49299
51364
8686
27541
56766
34673
44858
14857
37681
24637
17565
13653
3566
18573
21286
1521
17653
19272
2107
12155
44951
37238
15358
1234
1929
8198
20631
41076
59299
40259
448
37158
40124
5979
51012
55184
32858
53241
47454
57141
32200
58558
63408
29730
28141
2447
45643
54587
12774
1119
4770
6969
14021
8745
37117
12191
5008
59074
9673
40848
45369
55325
53423
19015
300
61273
32692
32796
50997
8965
13167
57059
48669
27302
19347
256
9916
20457
64724
12252
14445
26637
49214
33267
32275
2439
12606
56260
22140
8310
40147
51679
40118
65450
33896
51848
12044
47769
6545
30127
30765
43552
13166
19490
35996
41787
28352
50417
42204
25751
36007
27785
22748
44977
28136
26773
37130
54605
62825
45491
16111
5659
44529
52731
61127
52040
13179
24252
54250
14011
24957
10645
62704
43369
13593
50718
8616
33139
14648
51228
6376
26421
1378
59647
34499
54364
22663
61863
35971
4917
38900
53877
45730
1245
45284
64098
64810
10437
60840
38293
43140
57935
30023
61157
12372
3474
46030
20796
13440
6362
58410
56258
57765
18646
42159
17185
18812
42075
8703
24823
41460
32891
30194
26505
44540
58143
196
13505
2972
10654
11990
10459
48910
33160
36719
12149
40114
48804
45050
39276
13079
18732
34920
16241
46103
53867
6842
37696
3612
51328
54630
46176
58689
11173
57744
55810
64983
46555
30662
54635
17929
29080
29031
58597
64169
60267
31627
41127
31817
37673
27463
64521
41129
7382
64143
37310
41354
21853
53711
42312
61779
65313
52775
71
14282
27562
30974
40798
25905
26022
43350
25145
30282
33485
46444
16824
15795
33915
60042
34631
47328
1813
60691
27284
13159
51643
7612
4432
6785
63642
47356
16943
7028
44401
65332
61847
33146
8938
14023
18206
35958
62387
18089
48783
6501
53549
1805
46796
19957
16498
31978
23241
18195
36804
26708
8170
44031
53231
47617
31121
4368
20045
7520
55142
44182
41036
64925
6470
21636
27838
6928
4307
65075
31678
60019
2363
60188
57428
16716
8035
23762
63086
36220
41324
1779
38603
50143
447
44859
21418
56907
5072
4067
60698
25981
38520
45929
50986
56142
33771
31738
54874
33975
25242
40946
58677
34056
7215
15208
39233
5759
18091
49970
13903
23207
45568
56944
20581
31379
40377
1432
43521
43072
29115
46512
31952
16378
60268
13935
24698
58519
57321
46716
39517
22662
13007
5250
60271
48800
14428
32152
48700
47778
46096
29837
58399
63192
19310
4317
20035
54027
48103
22751
12550
44628
8784
48262
5340
32205
45104
51664
54528
36433
10377
7827
15152
45583
11420
6551
62136
61227
25191
54165
16843
37621
5051
18703
13444
15563
61407
51433
35258
63929
65273
29893
29926
54343
6665
58349
7277
39210
62406
61883
18039
16169
45233
62621
58362
31862
61896
50276
58203
33809
65179
58826
525
6577
61387
680
8983
5912
7034
62885
16340
56299
58822
50822
11484
9001
8910
33373
50308
41918
28512
60805
48360
41998
55279
47540
47878
33040
56959
55423
62151
57738
55091
18142
16507
65404
47420
50016
16902
1342
5021
44361
14168
42196
65248
8665
49251
18483
35828
47374
64397
28476
17193
4603
30126
32682
19124
17551
5771
53070
43695
11817
45679
12025
47937
39876
6462
42616
33765
39863
34493
24578
6600
62650
11668
32782
49896
10812
41775
45972
50562
46692
28398
11050
20673
39223
45357
9042
29868
29283
8311
31
26633
44449
49371
42403
22220
14674
27902
8242
30364
37877
31388
9250
3931
63996
12088
39024
6959
49302
14460
689
199
59621
58408
4694
39650
940
50625
45489
12442
17262
43223
60498
1412
50548
13157
62761
52889
19661
53896
44751
16956
24111
7995
55556
49211
16198
42464
37588
33486
7492
43040
52962
47351
173
32840
55734
5706
1320
42933
32951
5358
20994
38930
38320
9380
59654
27137
41711
22426
40366
64872
18651
30418
44115
57045
5933
30081
20347
14962
57163
60257
34594
57689
55246
58908
46443
12133
970
25730
13479
20142
28750
51893
49477
43709
36540
12877
5402
21163
4833
5026
15351
34196
52841
44210
14080
56979
60562
53245
11388
30242
37700
57941
16936
13806
33483
53891
25969
10340
12167
46049
40844
17970
429
298
46018
64505
52866
25205
13562
36999
58088
7177
47164
2923
28686
21755
63923
46312
7980
61927
49190
11317
32406
55732
13133
28680
29817
22225
26968
45522
45465
49682
29134
1441
34403
11851
20643
32162
45236
40755
39978
23850
2498
54151
37149
12992
7280
21800
62689
7705
16234
65512
8634
9373
50089
37180
2950
65526
10726
38292
23412
62299
11520
18733
28624
6723
5600
38049
45918
49871
57153
61892
57519
53256
48945
2708
63618
37249
18746
57578
4785
34810
39829
26522
13795
2284
40762
43569
8896
12045
59432
10081
49393
7337
61181
21397
52015
12318
34329
35472
26410
4484
43406
31369
43523
26600
5674
15860
4276
57460
65051
2373
46261
567
10210
31869
15388
25861
61214
32787
26845
40780
6447
60794
5564
39857
30643
51898
48719
50113
56699
17229
12881
57991
50608
40031
37930
19474
26313
15297
50629
54189
29890
16469
62071
14605
38585
22918
1525
60631
29338
30549
28883
30097
30832
19689
20078
41312
38739
53220
16438
63825
22832
10449
56421
22952
64118
3552
21900
24240
6375
64932
33565
47068
64335
50316
34255
17169
55539
56510
61150
45739
17840
16435
29447
52545
56303
30365
33242
7859
39578
39815
40619
52451
10527
50336
31853
51549
1820
40999
22266
13652
2141
12450
39929
21228
32499
18760
41443
43241
13398
39971
33155
55840
16711
32585
26707
20935
42295
61952
652
33941
1152
17493
63741
126
33938
39584
33260
62866
19481
21598
33255
1399
34827
34382
19928
10293
45811
57843
35032
9137
11476
9681
574
37251
20233
37162
14838
10798
16443
51705
54778
8782
12700
47919
32956
51138
65219
45303
51398
19149
39573
61924
50066
33050
24393
44374
11686
39862
18246
40531
8541
20188
54418
59725
42842
7189
15874
60301
42264
43458
31415
40744
58992
59599
45324
18096
32331
2102
61452
63644
50045
23667
19673
22573
35808
36459
36550
40057
9914
41557
37229
42896
51043
3302
22892
30534
5990
49595
9910
54121
46377
57327
17067
36476
36193
44141
13131
65406
36091
41640
23773
29544
42973
28931
14610
12050
42963
58594
4886
61365
51940
4641
9871
24296
24782
62265
62153
7273
26846
16806
58062
58457
500
64041
15773
5474
48550
30756
23914
5859
25225
21838
14889
28822
37537
58674
39713
31423
14231
29767
8988
48725
5075
49400
10427
44884
806
10598
7183
37172
31839
44197
34705
30406
61623
61218
7918
29264
38117
21268
64915
53426
2536
7935
64731
41002
41222
13162
4939
32146
15523
15716
34830
16814
19892
643
2121
56201
5421
12960
9855
16061
61051
59123
49601
24742
44743
41349
4342
7817
61454
2871
10124
25735
44457
48541
40685
37244
32546
32375
50890
15643
43479
57268
43007
28068
6303
37232
36104
56286
24547
39444
6754
7998
3469
14698
8657
42763
30773
19497
43742
18386
39197
11183
10967
8359
43702
16229
19167
3158
57969
15521
8473
29906
18921
41137
16103
19153
46523
19675
46638
750
50094
23893
37883
17798
42661
35324
7238
32739
21464
14593
2562
60987
33928
5665
40615
52880
40190
62647
13084
30317
64767
39525
8882
64405
19674
42501
37538
48920
45542
58266
35464
34622
62306
42760
28474
60279
28720
61908
4302
38272
45406
22231
17765
44009
47539
13020
18976
26011
47568
29083
39080
3422
63486
33245
145
34037
58570
3375
59862
40721
14049
65515
33289
64677
32813
62969
65504
3723
45721
18749
16980
1646
56148
24387
3360
9043
612
36754
17360
16801
29787
21274
47791
10839
32719
17566
55115
207
61631
15566
1401
32203
63861
26857
55099
6563
37846
53144
22841
34445
55944
42980
59181
7794
30284
8926
43424
7135
45760
43543
53754
10937
41142
28551
35320
22614
49598
55902
28317
62523
29988
26823
12808
42934
64347
42979
9625
34007
52500
18045
60496
42
22961
59901
30864
50895
54187
16774
3544
61556
33551
28717
32579
10878
14589
27295
21336
23316
58446
57789
15113
54990
2626
51473
61170
28714
15731
14191
56218
397
33343
36528
8595
45556
50881
24913
61648
7025
11908
28058
15967
61554
55885
50068
36561
167
10078
55397
10402
40125
54317
24355
9456
64486
51637
25639
30767
25800
63304
23775
16174
45456
3380
35560
35021
47010
40189
61082
52083
4898
34040
61543
54345
57955
14957
52526
14994
39522
47257
47745
39502
54967
58145
53933
45443
42304
20326
43351
41087
42835
29227
36430
12316
45669
49777
31922
16534
55353
42864
35238
6722
43153
61272
28996
54113
48375
8390
22383
61882
35621
59247
20463
12268
55548
32208
12657
9958
19857
47775
33070
41248
20460
36330
61848
38892
63729
7805
32286
7477
11477
2547
55718
59274
62481
39392
64203
23813
30536
22498
16091
13827
24832
54910
29266
50255
12573
58047
20291
43236
21717
10127
54411
41346
17129
572
24399
57289
44776
41560
41072
18605
64488
6845
20060
57620
20571
2358
46840
38047
62925
44023
38079
38694
39549
25782
51706
27440
35896
29667
59785
46771
21723
39957
53839
56805
25755
7074
54004
44996
459
30578
1986
8100
1529
38052
59947
60603
13549
40112
17801
44905
13273
27131
29525
61918
8778
34127
25586
12899
17162
11812
24613
16635
8014
24275
31381
18238
48803
64308
19223
12465
65349
15318
9081
54521
34133
63548
53893
61050
60127
13936
11455
40535
33992
42519
18506
37088
16436
41323
28124
17039
40173
21101
50213
37626
15281
56122
61400
43990
52214
24422
17634
51360
46313
38875
60623
25934
34927
54929
20448
8044
3311
50547
54560
2224
42799
3645
33246
34938
51799
21011
39004
37749
33744
57003
22957
25587
51306
29803
37701
39312
35079
29943
63487
20540
59348
39386
15068
34125
53900
47601
65227
41850
17691
6656
51504
14805
36579
50678
22219
8974
42021
56227
36792
38976
58512
29593
51406
4962
19696
22524
41943
23350
19029
17795
53794
30065
4676
20565
2080
10159
5863
29409
11100
20264
21508
54721
660
40978
11358
64295
56331
40272
17057
59574
39207
7879
21941
11219
51063
639
36023
22521
39745
26367
33605
7923
2390
5343
28664
23590
37111
38037
64297
34676
9427
59103
60200
25165
882
62903
39404
5896
7077
60448
32305
5891
33999
53797
6047
14275
42740
38033
12998
9268
17591
9472
64283
14215
6557
20537
33851
20203
27982
44032
25647
53708
37435
44673
37348
30417
61473
48194
20484
34844
37559
37572
12430
3968
42819
3783
34861
64023
53618
3703
63509
43613
25900
50260
14572
22469
9223
58757
1527
35688
26427
53446
33346
38980
14142
3621
61
56962
49127
776
12759
39192
40684
60559
60139
25362
9403
80
31142
44626
56651
38351
7737
22495
28936
48908
28800
63565
39469
15049
12587
6180
60124
22221
48137
25058
61780
37985
53715
33001
53230
57429
45039
6435
25917
33672
17104
27862
28436
63475
64596
63080
53250
64474
62944
27382
40932
48056
50572
63491
14568
24795
60929
29537
40743
11710
10772
1368
59525
34554
4360
17361
41291
4265
15424
22677
24432
61824
2245
49339
10002
41692
827
24991
1806
60056
49486
27194
56900
3537
7470
5992
6897
50493
31126
38124
27337
1330
61834
16939
60551
27571
40316
5878
45776
51820
44003
13302
18288
40304
26705
65426
5017
16367
23740
13161
56123
40507
63371
529
34955
53908
60478
44345
30964
29212
30741
42578
7684
34108
5786
32584
36884
35876
26052
40203
56543
2881
49795
33341
59092
1561
38251
6537
16907
48974
41740
61616
62696
30579
37789
16118
6469
33374
4887
41957
47998
38542
3245
51003
12349
21171
47221
35942
13011
58442
53042
23080
6790
29150
189
20857
2803
47114
4446
8192
51054
55463
64733
20116
61395
19326
41086
22286
33713
6390
24090
38539
17002
61161
17937
15897
12253
54462
40542
8291
21214
10328
44181
56069
38249
751
60705
33466
18396
33391
47250
4851
47890
43623
13204
51796
59721
35817
62474
56106
51661
40075
6396
16279
41164
27548
61325
52779
23074
39152
43637
46674
45440
48995
46806
49062
27209
63523
53072
58117
20711
65518
46947
29965
12837
14579
8328
54995
5143
13744
43646
8589
3078
60300
51479
54704
6132
36976
11571
47261
55338
25764
41080
22280
54517
4722
54567
44812
35196
52673
43374
25521
59678
61514
35944
16442
42692
22124
33165
49963
33825
16615
40906
54740
24247
50813
58776
5155
7979
15328
62813
12999
15397
12352
27755
22861
15834
25923
29871
13122
30875
47179
2410
46014
18745
9551
33200
43565
24259
39948
53131
12632
16844
24636
39416
47945
40688
45394
7838
47095
27129
37598
9859
58322
56189
6006
20768
47497
57807
41219
16899
10327
58030
8065
61392
53413
31421
5976
44818
47302
24161
8597
49263
40319
6085
14980
27579
22632
14261
29778
24170
40536
65173
64703
28051
48491
9800
27427
5030
45534
63094
64235
39000
8301
48598
40813
18043
58435
35873
41699
9228
4844
26215
40532
54722
53194
42772
26698
21992
60930
47343
33766
32487
58019
37829
37081
3269
46232
715
35322
35950
54709
59911
60580
44213
15506
50285
6260
26635
17478
43766
45934
39345
24592
7063
41408
10405
10625
487
9638
2071
64469
45318
53520
26305
44412
30955
61555
5129
60137
7292
18307
42635
1584
60078
26467
56781
32195
11911
39777
50223
56459
13775
3019
59816
44711
35540
11981
3946
22680
54040
59130
7560
50991
49050
41483
45466
25743
56963
53559
29948
7783
51822
39915
60309
55788
63710
32537
4100
48797
2496
12299
4505
45604
20556
53744
39047
61625
63282
13582
30736
39773
63551
50638
37874
31960
7984
12930
55583
50284
45178
49558
44216
13312
37935
1789
59997
60341
41844
4699
7493
54407
8865
16153
42942
13794
26568
12558
5063
14728
7931
13852
9745
5789
38001
40108
11486
22355
33887
43356
16569
6007
59774
27332
57329
31289
555
64427
29683
1307
10179
9153
242
38873
60284
25903
45306
36457
38499
23536
13992
29046
12385
8179
55654
25453
56612
47191
57158
42183
55276
21792
26960
7750
41268
22853
22189
63837
60531
45712
36488
58093
1907
57618
23923
45716
10389
33096
1111
62539
35799
55119
63245
24462
6230
50889
50485
47598
19797
49522
33111
21440
3631
63121
55045
54927
61959
5225
26229
38670
5947
46764
21729
30115
44411
57554
44647
21736
27727
39897
34608
47427
14405
30521
36290
24440
25117
8565
43071
46909
32348
59900
29885
16064
42936
54333
30650
53628
32869
45107
1381
50201
60454
49384
43233
34186
48334
50302
49920
35462
50196
33349
21515
59477
29022
37074
13647
4338
11839
32532
33752
58271
25607
32660
20595
58440
54610
33517
5907
28278
12536
43838
19571
54824
7176
19699
55474
56033
15048
52804
51802
38960
14763
36594
4572
