63350
26688
25167
36960
22064
36717
15705
64569
41527
53945
51121
18812
21685
57730
17810
11251
40049
31022
3878
42969
21572
28524
63658
57653
22875
54544
23810
13250
8386
56326
27201
41772
64244
17151
19269
29054
36597
57535
31122
6001
31899
51404
64357
11387
21579
17669
44769
58328
55096
18568
39850
38273
33886
48844
33824
26794
4719
18657
56986
37343
15433
64164
13716
25425
3120
43893
65069
34074
57002
26575
58694
51350
22955
54369
35274
57098
25516
12538
19930
43217
47868
28870
48785
20891
23599
23631
37981
5419
24478
58954
16610
8579
52139
12081
32928
51965
26000
29167
40814
42449
8980
45292
4500
46261
50228
56845
37716
63557
64509
1047
50400
49946
22155
58525
54902
26848
43001
10096
3367
27224
47743
8192
47063
63257
28954
5686
11220
15608
110
14832
51358
58120
38007
14688
25814
20785
52389
797
60490
32274
60155
24809
51476
42678
38319
51034
40917
55126
30504
17801
8422
28407
31185
61254
22885
27366
64347
17739
51091
15779
61498
48324
3024
20386
43540
593
36609
23627
61328
30762
64220
50803
39899
57370
43038
407
36135
24711
8449
34512
53313
54040
45595
8286
24543
40586
30168
24446
42737
13655
50212
41833
16622
37169
30665
34991
21539
48860
17600
59587
34215
53222
63176
23185
59120
56366
24048
9264
12289
6472
32573
63064
52738
48864
47065
50301
50910
10903
38715
29046
48163
38569
56408
16948
20345
20762
13831
34515
63062
1547
15517
10624
22604
12779
60715
4437
25036
4756
21167
62150
22838
50655
42256
35312
55845
20782
50282
40276
53835
2102
60518
21010
58897
35383
19386
17433
12719
27922
18861
17796
29447
2258
46236
15684
50917
46704
21766
27425
722
47664
45279
4093
15683
61664
18452
43277
20021
53338
17893
37615
25712
62350
56890
60257
7403
28878
43068
6797
28293
58367
32814
2113
60104
31767
28866
36201
56835
43963
60996
23894
59094
56962
20679
17704
65036
25532
25260
7982
14417
36363
9003
3484
43832
50217
6183
13251
34190
30112
7343
53710
15271
59521
8792
13705
16054
57182
13761
23081
8152
11907
3370
14148
31538
50238
11167
19950
11823
23444
40203
30432
14293
57524
33505
45490
26573
787
57683
42944
27183
2705
60049
34204
39920
32835
48182
45895
21808
40897
53020
25462
11630
49170
31232
24278
14954
29832
25119
34819
22984
16624
1424
22739
25096
26698
22417
34267
3470
46169
20081
21126
19255
9099
49904
60553
38770
13661
45878
24388
42341
29834
7778
486
14746
1312
15858
15920
54567
17487
47158
52207
2622
25317
28836
24192
16126
38874
64134
44221
6821
15761
3386
16684
3213
13014
49509
34278
14941
30992
48989
64073
21198
49450
827
47470
63509
36414
1767
1776
9794
47895
28616
9255
48768
36963
28682
54898
9878
24202
4545
17031
35794
19642
63342
59495
26965
42408
20015
33804
53428
14766
35602
60491
34242
11829
6092
22304
45867
16650
42157
1958
23116
31219
44734
45270
17761
2187
18950
6829
64933
41952
4342
1933
11064
62714
44251
63631
32665
16807
14980
48432
65455
36176
46937
56605
24862
26445
57103
9605
6423
58092
19361
323
27657
49127
62184
34704
29039
484
64100
10257
52465
56098
38411
44647
33489
24554
17715
53685
52384
49736
61785
34401
27853
62840
26579
2424
63825
5603
25465
62853
27193
31444
41260
62447
17055
14224
59743
43387
10134
10879
6310
59408
13688
76
65207
20334
65357
52894
60531
9525
34445
34480
22407
3033
52259
50819
24990
17477
4671
19296
37503
20613
37062
13938
9672
40392
20862
41445
13801
44584
65404
7709
37604
63582
50230
51512
14243
47350
34507
42983
44550
56504
55105
31913
18400
29579
6553
60483
12328
13355
36382
2538
36026
16863
46719
13352
36480
4041
5628
61333
31585
21768
20586
46888
60393
62590
51203
1173
28156
50143
22835
12059
29135
20745
30846
26269
24255
62301
6698
52035
548
4410
22794
48045
3816
18532
18585
61389
53516
7826
12353
35455
39214
59014
59555
11794
26910
39315
54603
58432
33014
24226
7531
29033
50365
52779
46712
60920
8572
64248
24178
62791
53229
46398
7544
26419
27359
9133
55002
4528
61665
42662
51239
19555
8362
55763
30361
7747
11096
51955
54152
18745
14856
1805
58010
48098
49495
48330
33825
22826
38060
20218
50932
59732
44597
64713
709
6840
8469
56576
55800
35452
57546
6591
8606
6990
44932
59448
56763
58101
33582
65317
35259
45210
43423
19875
9529
51975
19600
34609
38977
24171
29072
55820
20718
24888
55067
23555
61865
3817
3067
1133
16930
56979
1998
59546
33870
45547
11629
9304
50735
32320
13899
15144
18179
30030
26594
23816
63619
44841
61767
45447
32772
28696
45996
47955
31330
64064
9756
35837
26670
52822
5875
55121
20442
13833
58693
59386
52089
30940
49313
28129
19770
185
30434
36944
21184
11950
10734
52468
27661
49036
4280
16848
24798
3185
2010
6681
63324
48482
35960
5079
30333
41914
37131
17750
14870
27761
18877
1514
38567
37701
16260
12182
48549
17894
7278
32417
58735
5291
21748
59193
57453
61701
32815
29573
31283
35113
21464
2252
27327
29564
53725
50661
8589
12199
58523
28948
52747
40661
51951
62180
10860
19724
55662
9779
43223
44010
4359
49783
56771
25514
22679
24586
24881
34378
55257
6926
5153
28049
15284
46671
62338
1637
43242
32235
45068
1980
21730
34613
32387
32477
45784
31621
3940
37232
24879
35119
54771
46920
2094
58556
42992
39862
61606
42249
20641
34083
21042
59425
5754
17479
10836
2771
42902
8156
53304
49838
37396
37313
18960
58599
6767
62245
10782
4112
52758
6387
51459
50471
40306
64362
23010
35075
61656
56395
20276
33810
10882
57663
37408
8267
44725
37764
56725
61195
41130
37070
62077
42682
25946
15581
2955
10745
53873
33698
23396
48430
64808
22682
33650
36384
18802
32107
47773
62051
22217
32251
35436
65190
61856
63732
58676
48862
31989
39256
5334
25289
566
41041
16651
3497
26378
46912
16772
51331
19014
65250
21192
33259
42472
20957
43762
51845
14934
46250
8970
61661
37146
26619
62641
5635
57357
30375
23218
58791
26566
39869
58077
38713
12833
33446
1807
14450
27353
36310
60685
2742
26143
35510
47461
34778
44405
45587
64027
532
43666
35692
57451
43145
53214
46903
45263
57270
56533
61409
60466
465
41971
45395
56631
42632
9313
60006
13287
46697
24673
3954
54287
45821
37052
34757
32083
43640
34562
20820
42471
2495
57426
1661
62285
40310
7761
47238
1911
11178
39254
7461
49113
30779
25915
18963
41224
37521
49076
16400
5734
8025
18671
50335
50381
37184
33722
14580
29244
14845
65471
31891
63148
3879
36282
23637
29137
63158
60277
17961
1964
11458
53248
7539
31110
49945
10612
53290
62037
36981
31372
48675
58187
13423
24463
55440
10335
26485
54651
17613
33215
15380
13826
3542
31146
53932
52550
50313
11896
49861
6071
23797
16172
52899
39218
41912
12093
53230
63193
64996
44203
35374
47775
50572
56349
47678
44817
41135
7447
52307
18549
26644
17517
55382
45116
62455
43215
54373
42921
4182
57269
61523
44594
44120
36792
4601
57962
22814
33313
36325
47953
17838
23315
23920
22400
510
24340
40060
49572
42194
10725
9361
58809
17611
62983
6095
38800
6794
37891
12743
60888
5310
63321
28387
43981
9598
26178
48412
57773
57438
57877
18329
46751
36813
45308
41836
18414
24453
17154
53813
9622
14699
42138
12845
58386
14344
28001
43158
61467
38166
22237
32424
56939
20009
28790
54050
15826
18190
36800
16451
11796
29013
37102
14726
56213
5735
3190
46616
19586
47732
40758
34490
48019
14523
15453
49081
12901
59739
18425
26810
19046
21335
21093
58301
7473
1801
26235
7684
64495
27841
16089
44410
48395
65001
28031
53562
20303
27084
27815
44753
30772
50594
24501
57764
52878
7349
41737
41732
40873
19347
17038
3678
23812
6683
58494
41148
1617
6154
29613
52403
16209
39258
64777
42909
19991
425
1867
27863
48811
58469
28371
25997
20185
56766
1405
23585
17952
47545
11780
20349
22988
33322
39339
23125
40064
36791
5496
4878
18773
37976
36571
10442
17593
43366
15016
40697
35079
54140
28541
5103
38820
54910
61735
62751
52957
2461
61484
52713
64596
46103
59682
58911
45828
33620
60462
35199
28328
40360
1948
5271
57701
34879
41700
63876
33233
17457
23948
25397
50996
15429
20311
39625
40259
8623
54051
22415
47217
40417
10802
17294
28479
2075
52312
35341
23300
30975
12404
12936
19681
35409
48591
32473
9088
43504
37933
60158
49337
10033
62951
14497
12592
47294
49755
29670
6736
54591
27997
13910
29417
25314
2048
22843
37003
56618
39379
15662
9345
31192
20514
18669
26246
45662
4047
28375
38108
58651
11943
9187
43041
19997
33548
6624
16612
37706
9543
31074
65306
8049
8054
20401
16836
112
58236
23092
52871
25214
8428
51183
41064
41066
15323
24573
18325
20130
65007
17881
31787
4400
1739
26025
4617
22820
44412
20314
35402
57040
27676
30815
37597
53364
24009
15449
36911
37669
1584
16198
28821
45363
10037
28362
57624
358
37021
58081
9724
17799
9275
32350
52918
13022
32294
64986
64295
15625
3890
48580
45174
17760
5093
27136
4214
53281
21486
8905
29385
58356
19763
12851
16716
24653
48354
34100
18746
22074
9350
28380
46288
62283
1187
15806
56313
14608
28993
53842
5986
16626
27446
60914
47287
10082
21285
52588
7288
976
24365
64889
5380
19579
16617
16070
35981
60464
33938
49903
32568
16532
47603
49931
18340
14009
1209
41983
17381
33889
12916
46299
6344
65118
52172
37860
31300
33190
21111
3862
41672
26331
38276
36804
17939
39086
64259
40388
32170
18550
64431
20526
33679
7688
30247
54854
12280
11295
15527
20415
36387
60510
43453
14342
45939
37381
49800
37371
59993
59741
43459
49993
52697
7187
41946
56414
23028
6781
30965
5281
62157
3907
59714
43424
4737
17410
29105
36245
38109
17776
61009
19988
17024
51848
37816
17210
21384
15435
24004
11583
1092
21896
36471
10810
56432
24486
28268
60100
40102
23270
22031
24777
52367
41069
4869
22444
43123
17160
58568
4589
65248
18904
16161
51939
39709
50198
10706
50162
61588
14188
65354
59751
22800
2335
2876
63914
31708
935
9437
51701
5261
48205
5437
48521
15707
11019
29909
63807
35291
2961
30528
28353
8039
21297
59187
48346
15460
31651
63245
63564
27063
54782
37011
12863
36362
58711
52712
25049
54808
57521
23596
30450
57012
49491
44217
59879
8419
57173
13368
24832
56410
64833
14028
17109
32237
63969
48548
11314
10998
1632
8772
11269
31296
16919
43380
18461
51171
53852
8564
23413
26550
44900
37736
31182
15895
54120
10424
4583
18446
14514
3618
12221
9540
29552
16445
44729
9929
39030
31280
55987
65226
40270
23464
62344
27003
46856
54705
58530
17629
38107
36648
4717
47445
8232
64449
47436
37238
56499
59231
55184
44961
54196
48503
26297
22806
12448
32550
2307
55256
21864
40765
46795
739
42464
38880
14771
47047
2476
30150
27195
53343
53331
64011
48563
30979
18785
16091
39538
6676
14016
25448
5352
49577
25239
55314
8166
58292
31508
43331
65409
39686
4770
12116
16692
13058
64837
28277
47423
37965
51483
52513
29884
25880
13854
26320
38050
50419
33248
35490
5007
35840
7116
57356
7255
28757
12457
33337
36829
18763
15951
57889
632
15584
3387
59155
5004
23575
48808
8033
46273
65141
18726
56542
23895
43440
16473
61950
57719
34341
4488
7115
37854
19925
57742
8930
32951
33968
25805
9470
17087
62226
63150
13347
56622
11723
62462
54251
29591
3979
16171
6346
37346
11805
40248
40922
61190
12143
24111
200
62534
48299
34224
22563
31067
62535
37798
39370
36659
22650
10413
63671
17526
38387
12016
20371
33997
22569
22873
20372
65160
567
60810
40480
38989
56604
37777
38972
30358
58573
54464
49507
48709
36519
60386
17818
64903
54868
59871
13340
24542
24912
16751
30858
6477
10410
29755
60771
455
31071
38711
33275
54247
62248
51198
18958
20342
46368
63455
19003
58767
12058
19559
26744
60507
61608
51709
38250
44755
51188
6125
26187
59599
11431
5488
2001
8233
52685
24195
2469
53676
42152
40364
57490
13568
55189
40976
18268
25765
16300
46101
10644
22302
58956
39953
29357
10636
16506
28991
16098
10758
62564
42920
37025
26587
25451
49666
49767
15537
36476
50337
35604
55009
45793
61032
19735
42282
23977
20266
28480
39207
14825
24892
43081
33409
55629
39471
61560
31194
2678
23937
15473
45254
27096
58382
46744
26012
43724
16696
59415
3669
34281
45156
25535
18994
40506
33823
20383
56394
24148
3281
45786
26374
44076
55149
50300
27211
15226
48641
36110
15105
34410
51444
32198
42302
43850
35243
3233
2626
8932
56578
19760
32006
52346
19795
36686
20094
15308
10749
27259
25994
35134
9122
35266
22737
63268
38785
8961
16926
17178
17118
47518
21254
37959
40475
47310
44623
39688
39166
37664
17482
59051
59631
44179
16616
38317
31272
26746
16420
16414
58690
1280
13737
42301
34059
31556
130
44890
33342
45207
9228
33563
32413
8269
65088
16482
34007
36676
49183
25975
56210
26602
6515
17789
44326
61760
50979
55255
31779
63587
62047
49566
2891
32894
5392
11527
19342
32426
61281
2794
47815
14923
37404
38823
37193
65493
41993
22414
33831
17048
20624
52965
51128
27214
56015
60397
23259
52692
48592
48078
10773
39424
43966
61362
40471
44849
45368
29655
53416
36329
43660
42802
33868
25721
65319
11966
17576
5850
19362
52269
63719
46573
31873
33328
31490
23753
13254
17075
44850
39757
846
55179
54193
32469
27851
24710
42418
8849
53815
37308
56250
24078
52304
5666
35212
14861
40032
45388
45962
49759
208
37675
64149
34756
12762
10278
15218
57840
59057
61968
57253
4996
59195
4557
64217
63741
5368
2984
49936
43748
1456
38856
24713
60069
33925
44948
48874
34504
35018
54259
46175
51494
37823
30179
34744
59961
35874
13881
8492
19723
21096
15927
40913
42195
32900
55175
28466
18754
61293
22466
26902
59696
7885
6668
52683
17224
49364
10544
30897
50920
32055
16534
27858
23657
63164
41455
62949
49625
56016
27058
48602
60693
17359
9303
41691
43234
12997
21877
19546
187
50880
18156
4019
63415
58279
62931
20695
33649
13309
51693
18347
42333
2566
4142
21944
17223
39122
43370
20092
6385
22349
46919
51963
53244
18870
45940
33416
40633
7276
28754
15963
6070
23160
17530
61934
54768
32686
29633
13805
13268
43140
27865
51160
37589
16430
3091
57571
20617
49202
21543
34772
27672
5394
26621
14710
34152
1799
33926
35268
53564
63316
57516
65390
46778
21734
43991
43159
253
31472
43815
8255
61587
56691
57912
19324
34429
45961
64327
50781
28329
23549
34493
40775
15765
35393
33975
22463
915
33216
31461
14534
35871
3836
23059
61633
242
5523
48648
53380
35479
10142
51103
11313
35172
50426
11056
21620
24117
59333
17473
37285
47326
61576
36697
28056
47312
984
59342
17304
21390
61382
64006
564
59689
38181
39037
32921
45529
58345
24188
24540
22941
20273
2735
60505
49556
26523
34198
27855
61848
44472
55137
4946
51753
21972
6637
5655
1452
61787
58090
57617
54595
38851
60295
49920
48579
19381
59354
36052
61826
45155
3685
27713
33988
49656
16339
7462
40205
32950
44439
5152
51328
28139
21362
63327
7875
23690
32418
45243
23997
37504
58929
57224
57394
48479
4224
63718
23828
58351
39896
40524
59338
38842
8799
22709
37654
19346
34391
45783
46212
55272
2250
22492
7070
32982
59151
32993
61502
24716
41746
46906
7254
45056
3277
2458
40058
21480
45542
3011
45198
32945
44455
48828
21475
40653
30864
13215
9712
53941
11782
11976
36013
60341
49672
47455
35906
62652
37373
51427
15574
61192
14221
46207
27351
44749
36870
18390
8691
981
18132
62170
31203
33453
24622
47689
32049
416
41764
19883
38964
51789
61592
36893
4210
62617
8839
14042
14666
40127
33572
45285
56503
13021
2134
15472
28035
48629
14289
48535
15230
2316
30378
48934
32827
50882
43083
8484
3690
40097
14513
11365
19057
24515
4995
51417
14712
24024
22942
6531
4974
18824
18751
7853
17485
33167
20780
15567
8106
11788
37117
57587
29810
29804
32713
12073
32914
54137
20146
9377
5129
57954
3096
51712
43354
19622
2781
39264
51639
20498
42343
61482
36475
13005
54102
29402
11171
57497
10097
29548
30866
57314
18768
61018
14182
35931
46972
8462
44751
37012
58210
39519
894
7669
23229
12798
2123
16607
43341
51397
49398
14218
16819
40419
24367
64879
64361
62766
5630
57219
64349
61909
35767
60992
44343
32648
31442
46307
51506
46634
58835
46294
41910
58800
50402
10150
62012
19858
43757
37855
1107
692
17323
33872
49761
14889
37329
27691
59492
3909
1138
26695
36664
28024
25393
668
21107
62182
37903
23561
45296
35781
33671
60246
57660
61594
51773
20139
5741
26459
22028
8995
58381
19885
15500
6156
64865
51490
6258
24138
38286
32940
59723
32439
13906
37082
54303
54517
42314
29327
16723
53135
53883
8079
21119
62048
37286
65244
65239
17392
40268
4803
2473
27845
31545
35708
44376
5959
25823
35204
30540
33115
45584
16661
16536
63291
3886
35468
40623
38835
26247
42572
5238
27609
5462
56802
5286
12742
21447
55964
38237
41263
8645
23967
7442
2373
35076
53700
5414
56239
63772
52700
20039
11128
19830
27230
60435
62660
9412
1340
30674
24594
2757
40744
62643
28351
20723
3989
50130
10213
31103
58957
18523
45151
36393
45799
44595
34003
44847
52315
52300
6916
44767
9006
53818
27665
15820
48959
23574
54329
24120
23912
45498
63299
30586
34426
15180
15628
48328
53980
34759
53946
48587
58022
27582
40379
31686
55935
1809
45331
52050
64554
26089
13397
63493
39615
46639
1676
15059
39668
57671
11494
47824
65014
3697
57939
31448
29680
25651
17395
27620
4072
27649
11942
35320
39680
33062
24924
42461
35252
17819
55504
22172
322
45164
135
7387
34860
1301
31288
31829
41752
17634
35257
15782
34608
28261
28799
53861
29171
29805
12194
43922
44987
20674
22006
35208
8070
32999
35065
38987
34085
26477
28718
42456
10554
61295
55480
29268
7660
33989
58965
15273
11485
15866
32547
16866
49540
7655
36099
50480
52596
58315
8525
26684
62927
31245
42366
13690
22930
58083
7320
52579
17193
37907
60410
1359
37879
29636
23951
18905
1026
30498
3240
34411
49360
12707
64767
50208
32847
61832
37311
49365
46032
46092
34335
18582
62139
27010
14477
24330
38940
51952
64442
6757
31828
56601
23907
22821
60273
63690
7702
28447
60939
55508
22605
32809
11356
62966
44745
34940
28876
63947
5969
7915
36601
10045
42567
31929
33332
36907
27555
29960
31365
34922
36194
45560
3951
35897
17333
31641
38459
58688
62782
33841
62240
7742
15748
2997
40908
51769
52754
19591
15224
35705
15474
16589
13354
14116
10291
31588
20209
55641
589
37125
47334
14215
29792
54033
51154
49296
57616
34016
9438
5130
16619
40704
16670
45061
39316
19420
46962
25900
11679
16006
23027
10543
35450
22515
41736
29376
44189
40860
38033
17459
11084
40518
48955
36484
26180
12534
31972
53436
14613
21333
21840
30071
18953
51999
3762
57226
6114
37337
53353
20480
63659
45650
57604
13685
39129
24909
24443
15457
807
39487
43482
39336
7041
59801
18979
50553
5561
36350
36423
16341
965
4327
45196
25177
47449
25345
21073
61659
42892
26327
64536
27242
32229
16576
52587
1601
33310
52762
54356
53959
53593
34034
4560
35661
20343
24158
49449
8220
61322
30391
42364
36304
23923
32562
260
712
24090
30323
25160
3724
44903
58310
20642
42380
372
51779
65089
24896
27256
65446
10562
1306
52078
56781
46669
61569
58829
59793
13558
9498
42203
15650
17206
33603
7711
57652
25528
28160
46245
56162
47007
18361
30032
53453
5257
5075
41652
26064
16094
10181
1640
2457
51579
38249
46180
62957
9970
31774
22260
974
30681
8377
48615
24634
32431
59590
22608
34440
26092
42871
26045
29732
50272
14233
35308
55634
41517
61709
44592
50844
46542
44491
14222
61504
25128
44366
59822
27451
17220
53776
40598
36109
62525
49335
28578
20441
22790
30295
4485
12086
13380
47784
59468
49269
40075
13846
61537
59586
31403
2413
19217
19713
55803
34469
17975
24318
21531
65327
64291
22392
4143
9973
36716
20850
39260
12482
44413
20949
25313
20741
48966
36711
27373
23219
18199
24698
63759
42900
62236
9212
20583
30276
35476
20639
15256
53245
1270
59710
10924
16017
38090
53102
20469
49621
27319
13802
719
7077
43389
41549
18106
607
26967
16587
52516
59908
35049
63447
19462
60430
8266
32586
26095
5303
9155
62756
38410
3038
58297
28760
37352
25122
39344
26383
38933
4379
55231
52966
57622
62667
44718
6253
31924
53415
64706
62241
8435
24357
62759
19315
26576
8370
6133
10775
10964
20770
42649
20010
32289
45791
48903
45235
29053
6730
4465
19425
32627
2394
14484
53201
61657
11727
52983
1245
64980
29844
2580
47944
50658
47505
14321
47653
10190
40811
21189
64489
20809
31205
38208
7987
19343
45672
16010
37867
58214
27429
22836
30180
15663
17697
30139
11985
58342
22889
41798
25499
9473
10226
57507
32746
35008
7849
12337
56438
50711
22700
3634
56866
23746
17994
56508
51996
54401
6617
788
41940
43271
21472
11854
28000
40942
22458
41320
32317
56891
23400
4045
52536
11108
48157
24850
28306
40571
7776
41253
38025
20373
6201
24189
20368
58419
24452
9244
2081
22641
22652
3969
17534
38078
32798
12837
20599
18358
65474
62540
38848
41132
32681
20300
32795
59775
46117
32789
39310
56297
61653
41633
32785
13412
44266
34685
59855
1446
24578
17678
49498
31996
28841
8122
38978
21724
22023
17454
8788
22896
21954
14631
26860
8140
31368
9705
48052
30098
912
51330
17390
35299
49454
1990
7416
1201
33517
10065
13346
10987
23566
63790
5813
5827
25679
23790
34555
46326
3030
32570
61500
48913
52348
62126
15740
1956
23486
26551
58283
33658
24920
27861
23113
31366
31823
29577
31108
23341
43196
59169
56516
43153
55768
3698
60762
49662
10285
6948
53392
57301
21517
21271
36030
7099
10821
51714
19980
9604
24214
10595
52020
52857
54429
11978
47103
62955
44419
22935
56281
1702
34382
7564
9982
42402
11179
46340
28491
29276
21637
17510
38293
560
42890
63707
63625
4274
33990
49283
17700
54939
36964
11330
23277
22970
52415
5194
48557
36873
48075
35747
63236
61994
56920
31818
52493
35912
8922
34458
27655
11132
44298
7054
39684
23777
33867
22797
24667
16203
29935
65397
41630
13209
55866
43
56560
54491
40391
8009
52368
35927
48107
20040
34549
60521
26549
22926
3516
3098
9411
63045
29875
60605
50270
31011
6735
40443
48727
48406
45015
62699
58324
9054
36621
21660
1592
21006
23456
12905
454
56496
5943
9835
35716
42139
52158
33521
50411
48749
62107
4924
64052
907
12075
38903
39238
27501
17902
37178
59213
61770
44313
167
48046
55268
790
13607
12952
35296
54602
47616
48283
15394
45333
36154
23943
19291
48759
29203
63226
51385
58967
31098
29344
20099
5028
4313
43332
15267
51380
17919
5537
9696
32468
28344
9548
52803
18676
10996
1481
10323
8735
39795
10121
51264
51414
59318
20505
51916
14715
48664
45317
46527
35400
47963
47388
1255
48384
64711
39968
3744
60519
10874
11166
10863
18210
10397
12024
60033
31853
30172
25348
63225
36908
20243
48181
10204
24473
35251
62060
17797
40671
45573
60238
20882
59985
21089
23423
17428
6229
23240
17001
18622
19170
362
42728
18338
25388
24715
52764
50741
30873
12541
20913
45830
21681
47887
20969
6171
11605
60842
10415
50159
63069
63467
53722
8444
3550
40071
27705
28649
33032
22003
2631
19657
37761
3677
57767
59571
63420
1273
30590
57971
25951
47385
1949
62277
29264
41198
4623
14629
15885
23534
57092
40748
19430
9338
43256
49384
29973
20495
52880
43152
35745
25779
9587
44005
10767
57574
37394
19816
62145
12467
47110
19513
22143
64460
46812
23999
48607
32533
57596
38418
64861
51732
9512
60087
37323
48927
19289
17171
48635
10171
40066
11088
230
982
60248
10687
54806
725
17583
51389
8726
48895
2537
37075
17973
8642
18379
27938
17795
15968
64595
29651
9603
61431
45958
56958
32969
37422
49172
16840
55529
53705
41660
31171
31140
64277
44155
27562
59088
39083
56091
64130
18608
12111
1707
65233
20216
11142
41964
63864
7685
5546
53511
20410
24538
3619
2009
14541
4284
59779
22701
44599
51737
11522
31919
55469
15305
17711
16533
64895
45637
9814
24364
19469
58370
57520
31052
12587
17731
34036
12546
4765
38113
45707
25329
61882
63137
52625
52969
37874
6675
49677
59728
32576
35403
48225
11924
29561
25220
16847
2032
29882
1129
19276
24536
47465
53209
34032
10467
60971
19710
10368
61748
13789
48793
23323
9107
49321
19149
18761
39681
61966
64799
6049
63216
38658
48830
28354
65292
42770
42104
55210
14374
50984
17495
46013
3081
53541
50328
35210
60166
45566
34380
36689
60588
15733
57868
5108
1575
46038
7205
52884
16084
36000
56697
3055
2514
11441
54315
52998
47663
18288
38085
1684
9171
13668
26476
27830
675
20858
42387
4558
37499
44170
9611
64673
14406
20105
8402
23080
48291
36693
35600
57344
61888
50255
62446
32019
11509
34890
42853
34372
42634
63446
5656
31435
40562
13977
6112
15129
22666
46075
31587
39295
18899
3742
6627
44738
36422
34362
62108
26090
18462
50334
26880
56495
51956
35713
7721
44774
53760
52232
54759
12235
1078
55778
16515
21377
7520
13375
65355
30365
21546
62365
44500
35117
7613
45731
19666
48313
56709
31756
24870
23970
1195
48047
1262
31691
1175
31678
23201
49124
36420
3851
4029
8470
39558
30636
37810
38685
25929
23146
16348
58970
40319
16382
24537
59426
3752
50656
30716
47148
32194
23008
2180
43709
28332
2364
64941
55164
18368
54035
44059
8706
30138
57050
55300
1160
24950
8085
19677
23036
61573
31431
32276
14227
8176
22788
21725
56001
3463
13691
18891
13811
48369
41872
44727
13619
10597
40175
246
600
15904
53355
15060
5555
62958
16894
36086
27668
49125
1148
65205
3270
15879
23292
6032
2956
19659
64916
49994
49542
54487
11389
4554
28426
46964
44609
48161
32223
19878
15666
37657
38327
11484
6601
35776
20439
379
31535
40358
56374
52810
27039
42777
15076
24914
60145
35769
27789
58932
21040
1373
10974
47952
26152
15461
17185
46694
58119
31640
369
12354
46284
23509
47013
44159
1917
62352
31478
36040
23474
17170
46891
762
61943
28816
54362
6939
4137
53517
9726
6476
23052
384
49067
13635
41753
43025
10303
38595
37397
12496
28149
34957
25360
9917
62201
50186
12745
38087
9750
53545
56757
56353
54414
39698
33106
5761
6598
2100
12598
4677
49368
51058
23155
30420
14389
62425
63593
4804
35088
26983
32432
47748
36431
29859
53120
16691
32792
50367
4385
18687
45405
5543
30300
262
37945
31523
34050
32664
26081
19448
20790
50838
17707
52351
48532
538
26793
476
545
33426
26637
16443
55553
55557
21941
57316
48605
47718
4107
3262
18206
29099
59816
20607
29134
52547
4434
64457
35406
23385
58823
3545
19395
25806
22053
53317
37970
3784
809
11151
1653
41055
10162
61420
21852
46926
25983
36486
19468
493
47681
28438
6691
21862
64878
52073
51927
5376
52527
5264
9501
23051
12262
13055
60122
33662
56588
50616
19352
47725
12249
14803
3305
24746
35264
11187
31706
28665
6966
52951
14742
39887
4428
12386
42744
4089
28406
3398
63906
20953
40496
59817
29468
51783
42573
50345
46804
26362
60932
22179
18945
28166
32181
3243
51244
41664
34754
33787
39702
35471
35144
6002
29521
27226
59954
5254
8330
36592
45610
5955
17213
50456
43051
58063
53482
51014
43658
49152
62079
18589
48545
23520
32496
41650
8924
18221
12828
2072
52836
27701
34015
14472
55931
12323
2338
62867
6744
58467
2885
52208
8900
59557
55859
12259
9455
28969
62242
445
11721
19277
29525
4900
21009
62314
55338
61682
25759
33254
14940
47713
25963
19962
60972
57775
58562
33709
5825
29253
43333
8103
47844
29646
46840
60251
29627
8228
63057
25876
43330
7654
17326
38898
41137
62061
37360
26044
42512
58519
52485
12418
41680
47958
53329
31986
9817
47745
16785
57031
60279
57646
31468
27022
41743
50503
56482
8633
4292
41967
14942
42172
13868
12809
34883
4901
43995
52708
10025
36550
15208
38089
31141
19492
17488
45742
60160
60650
4309
13936
11069
18433
56897
23083
17654
10893
11637
46495
57785
58067
57435
35792
41567
9147
30398
24691
53336
12174
14989
51073
51115
10287
60856
9201
56217
58533
57015
6446
64864
32943
43383
4724
39790
6701
1545
9991
35451
16674
61305
52522
61307
36163
41444
51969
35809
12218
63894
4937
5337
52679
31741
36130
47786
26766
15487
57471
42873
57557
42613
46323
23291
29396
29595
33523
11066
55482
57914
50164
61024
27927
64067
12286
4919
3170
4707
16512
53524
14966
26039
28839
2971
29822
52707
2940
13636
128
150
2814
11653
47187
35154
57527
14270
11531
42305
18440
44390
61982
64241
24493
5588
21079
11682
57140
41874
64549
5027
24640
17587
5200
35986
29197
44101
48307
1784
24002
52102
26826
40787
3813
25109
11699
36324
25688
14164
8010
47965
25892
45658
51509
47927
13549
59940
29559
30442
5596
61291
4794
9670
49748
1648
49965
35239
64589
38914
32020
58518
49912
29687
39047
21212
39176
41519
19766
46512
50111
28176
51605
16709
37563
48567
42111
45435
14201
4801
39385
65428
35262
31381
31242
61489
58406
64456
6291
13542
7792
57106
46984
31188
57402
22810
29356
40156
41109
6245
43302
3636
55818
31031
26172
40307
42614
31750
5646
52295
48637
15835
28130
26808
62806
57257
30634
44924
43121
21607
46377
3820
50623
13659
47978
56636
65186
14875
63726
53446
9980
22447
22012
831
34511
60791
48023
13430
37857
14784
3090
61077
38747
64620
37150
27093
9782
61774
33400
3225
5036
42698
9723
9318
64271
55173
63850
52703
34502
23643
46225
20392
35574
57067
27689
4013
44560
45845
55168
59715
28525
40217
44854
11246
38148
11615
59629
38260
38309
42261
37372
4644
5492
34454
64899
51197
12299
20751
2582
20315
9606
19843
3763
41293
42193
30921
18856
46285
13599
55714
13326
41649
49071
18023
28607
64552
8862
30458
51083
33545
13769
20483
45975
36702
61016
40497
29594
29102
1199
3946
47564
13671
38767
13507
19410
39459
35765
50452
7093
61392
37264
29476
25149
30703
28749
49665
20670
15081
33191
55432
21964
22611
49900
17883
20630
46205
47880
54124
55834
56790
1548
6030
21943
43525
39728
25853
65272
7672
10598
54317
5095
39249
51324
32385
9225
23659
41062
57888
65071
5255
48094
45212
43664
37402
31753
25478
17672
54047
49064
65508
10036
25202
24733
41101
11403
35901
37413
21023
24377
27686
49511
1460
43308
2294
25922
30011
56088
24517
20406
57629
30487
10525
51063
13082
54799
4676
64479
36374
19148
49712
61570
7815
13321
22499
57397
28483
2131
34556
28934
61579
44163
64696
9511
11024
43939
60115
19328
58613
39203
30197
41523
24558
11100
55954
29831
6376
40434
42235
32186
16755
33142
38818
5201
23836
52317
29117
25573
40632
45954
31244
13173
46745
56756
3689
22602
45627
42735
44426
9945
29498
8481
23460
49708
63487
13083
40520
46534
23992
57028
22824
7478
3051
46537
47476
63716
26210
3418
11418
48636
57143
40041
38117
5431
58150
21540
10935
46078
29425
23623
43347
16853
5852
62243
30387
13171
28626
53049
20946
64170
16660
36463
50684
27943
8834
26809
23445
18986
21764
52313
10105
55957
61613
59167
64177
30988
21564
10763
11791
16268
65463
49924
41491
21078
63751
18240
58604
31842
10193
53552
62676
62133
35779
62069
14314
44261
24468
1572
60554
14336
42981
25755
10833
44912
11595
33993
3364
41711
35485
49215
37491
21976
22173
36749
62596
7881
16137
16047
18437
21024
29986
6412
7020
18821
60584
736
47292
9550
62158
65502
38133
55558
5989
10540
60458
26738
61158
22479
13623
36076
27828
55660
10886
6894
58383
9823
17781
62095
60474
52201
6876
57934
15145
62798
35505
42901
64099
23872
43457
23032
49118
3420
28759
64582
29234
29351
6561
63426
5840
49506
13282
62813
60208
8908
51763
12519
22089
19241
31000
10564
63663
49601
23068
34977
38580
10703
60448
39473
11043
18324
21743
46784
37307
51897
21422
38540
39964
2329
48504
54024
28700
64483
60564
49289
57704
19998
33510
53194
22921
60489
7611
43095
24874
6712
34728
33797
30136
11716
26335
46955
28890
59259
45892
38246
29162
55777
53197
30592
56293
58275
60469
38683
44568
30848
37240
35034
34266
19726
44927
39903
18903
45725
6980
50202
28687
65366
57949
17397
51345
17041
26748
63405
29101
25517
56097
36778
34086
61359
40809
46311
30493
19423
11547
21182
47554
50965
37384
2986
57144
13546
43765
13038
5026
8458
4036
26280
8861
46605
25597
43583
11542
32179
47885
62207
65465
9482
37967
65468
56624
26558
28849
17646
22039
42603
53487
58447
50421
21106
42580
40842
23796
9563
18530
58650
62868
44294
39001
3787
12611
16113
47301
11291
63680
34312
58287
43594
62019
18973
478
50240
14043
57382
36909
20198
38039
14437
21638
13522
57806
34912
12968
34856
37599
49654
51007
30164
4018
19686
3376
8036
17035
9919
30466
40315
58079
14964
26376
65214
39028
56298
15914
9094
15699
20967
7945
39092
987
3057
18569
52677
57853
19563
31230
50627
15532
33353
19208
27536
39399
39451
63740
24394
25033
56948
25270
11231
54919
36858
21122
28651
23340
47558
18552
57869
47705
63703
62244
47606
54857
59280
52544
37772
23071
10654
19592
8369
18040
32863
9516
64847
8248
12889
14048
28598
64819
12532
10963
47871
8988
15669
11011
40159
46391
4691
9309
24405
9944
47314
21615
41160
34907
25298
43255
8854
34726
14430
20472
2829
57127
6409
36843
53395
38056
47567
50029
3181
40784
52125
63151
36627
41216
52480
2607
20416
46594
24803
57938
57799
151
2583
47052
32964
36624
44756
12032
48476
39247
19193
54929
17175
49156
56170
16148
65329
25520
53036
22156
32575
2254
8958
41111
21658
19507
1768
13596
3357
9314
18281
34637
27116
55979
47825
15155
59188
48958
4929
254
18353
20272
39894
28940
7114
20553
17542
57447
22472
11392
7901
34254
46243
59349
32128
35035
14552
51601
999
7522
41761
165
42997
28003
39297
9841
20046
60790
26222
46056
48360
15123
59607
20585
15211
718
53280
20704
30735
15645
38146
57474
48639
53696
63800
32730
6811
10267
45951
21022
916
58626
55044
26801
2554
18820
59331
51803
3941
37893
33710
5807
18634
29939
60941
60752
12436
22771
11462
15804
13255
49295
13818
58230
13417
20823
25510
22167
18439
27409
36945
6460
25378
22949
7687
11836
4356
49222
11634
56798
31967
61143
18075
10650
22301
18284
52605
3275
24620
41497
28067
39286
27308
48555
52695
45097
11668
15641
53867
25058
5617
49100
22766
45493
47129
26197
21047
50175
10359
64644
32897
36173
11982
34237
32116
61692
6127
11768
34743
60315
44463
27377
923
43128
49079
35248
36661
603
58395
33613
2941
58864
16803
61737
39575
430
50048
56967
46581
51482
22313
50239
57896
26873
44039
13281
18348
27426
20166
26052
54064
9008
47304
44288
58333
46123
2464
55559
22429
4938
7769
21737
2400
53682
64103
13601
28370
53121
13207
22359
3344
63908
58817
44556
39696
21664
30759
7498
37980
2595
55464
48572
63352
65440
39226
819
11223
42753
25611
42825
8486
46321
11001
46004
1327
20681
32208
15821
56844
18490
61138
64843
19440
47393
60266
58295
5844
60877
4925
18737
10419
4061
28356
46122
52286
60821
5941
29258
11898
37219
27390
56729
56959
11644
63163
44334
429
53430
21769
53576
20479
36125
9084
54449
51671
39801
16909
7395
55814
9735
49831
42369
56169
44231
6485
19385
26681
36177
40910
53287
9067
6361
64022
32156
17539
48817
56187
49103
63075
35015
3299
28076
58105
57625
64816
39411
24721
64765
14415
44273
9335
8820
52081
52818
64416
2013
31312
52971
20344
22813
62744
56904
35695
31080
12675
1466
62906
3918
25382
22907
21231
20565
4824
33905
45972
37265
4813
15069
55516
1435
63252
34959
51754
61424
10357
25376
6659
34659
24596
53262
63187
2112
14128
55353
30571
22855
41324
20888
56873
60438
64785
12991
35741
55219
55365
27763
13331
5758
55801
65031
50708
32704
14264
6179
44678
51787
3933
20238
6671
15943
45778
63575
9440
24783
44220
16850
37180
64378
22049
6998
26017
31138
23406
38641
18021
24436
18677
61252
19769
37727
42869
56730
39458
14591
52231
38521
2825
64265
24266
4295
17969
61151
37806
18991
47438
62973
39985
4791
24918
25659
17439
49741
1464
60722
13398
3603
17970
3949
48673
47574
6072
40407
36392
7017
52076
54073
64902
63443
13728
18819
61108
40763
38676
44458
58634
19560
26449
40168
59685
6889
5335
34008
22476
43284
38857
25886
17791
12133
23598
2306
42003
57169
2088
38012
27698
21626
42628
44281
5992
40444
35544
21425
63661
2455
19140
31374
63603
46647
53117
56280
53352
53143
40210
18422
49473
20307
37720
28833
56241
47639
59242
43289
7869
33676
18729
47599
44629
8628
9349
29436
18688
61536
53051
9766
55982
23045
11145
2958
24839
52663
57021
64981
32959
51086
909
61862
43294
53619
12491
59601
53714
31751
10090
42432
6059
53973
18974
23034
27940
47523
30126
40572
4388
46382
18926
54876
6257
26850
62866
61405
23782
15014
26636
64984
57450
37294
52170
58316
63023
46027
13221
58031
34404
47095
47302
8752
27517
59583
52122
18827
928
14192
54175
8327
33136
38140
59417
63304
36046
54221
24428
9074
45252
50324
64087
13039
35523
44306
16975
60721
33105
45781
44269
39845
57039
19535
13586
46518
15021
55613
39592
23736
19528
34580
10724
12071
61135
46540
23362
37186
8437
63748
12398
40738
38878
46793
62583
60250
44588
16442
7326
36437
44561
4403
56672
62717
2518
16342
25617
9316
20019
32402
54467
26157
2620
19152
62545
46354
46179
36705
53164
50044
18563
52651
49285
18912
61470
32978
64166
36216
39842
4695
12293
20593
33741
61113
9329
30205
13339
11729
34673
45250
13225
49210
20947
64153
59466
11105
56100
11563
22968
23104
51299
11007
32740
19144
58186
47085
2268
60696
25041
64273
7528
14134
64639
44070
8873
50457
21202
37641
21432
62917
8857
52995
26802
53554
63608
12792
28300
44433
59619
45608
11766
51516
24209
28786
15376
34813
8895
4906
15634
33011
20126
16873
56151
65223
51869
56930
63002
55031
32690
48979
26580
36033
320
37451
22096
53323
29179
5820
39707
34950
15018
29975
19030
16508
52698
53736
59692
26707
35386
26735
57594
32537
2655
54710
12557
29093
28555
41992
43775
19679
42523
10655
55717
48767
42808
35399
310
2117
25669
37042
32149
19617
12796
32204
19631
60227
63335
39175
4369
30041
58949
5005
28065
39239
39747
46393
33604
52096
14186
48370
52215
17270
7238
47542
36159
40059
24495
40436
53640
32275
50827
51674
3332
45281
58754
43414
26285
6880
41147
34415
25396
38274
5188
7246
60630
17950
20500
57940
32014
29481
20629
17966
56704
47881
26933
52448
2368
5060
63081
9077
40726
24114
59716
7451
1996
21847
48274
56765
15255
30331
5446
65460
64783
50145
4975
8868
4823
6411
49471
44907
15220
56698
5314
48246
44571
37688
29500
21617
61522
12102
27067
1732
7750
7649
31841
62470
44662
48316
57590
50514
64757
65004
18339
37195
29703
62087
62374
31145
42186
61529
28681
1027
33699
54156
38044
4037
16901
1992
1905
38861
8653
2124
63982
4310
53351
18380
21545
63356
21869
19897
28783
32873
51292
34657
26828
49051
40510
40786
8050
38119
54961
101
38590
3457
45930
49866
45698
56209
14873
3687
33384
30481
44805
53025
7841
57695
6457
11753
48269
64612
44149
62679
37316
9048
53808
50483
36796
39043
21628
49613
29418
42868
44045
109
1299
13088
7443
7227
12681
48256
45059
37496
42984
51076
60973
43461
40847
52923
35338
27502
39535
27260
19835
31326
40827
1057
56304
21900
24105
22676
26260
21663
50199
30688
40165
37526
60262
21571
17830
6256
20222
48379
56386
40532
40984
30050
58100
47669
44356
23491
37434
62514
22807
9965
2910
22126
44069
22232
43416
20326
62256
32739
13245
181
41245
53425
61574
64782
30959
33647
7589
38201
27396
40622
36614
36795
54622
33083
44692
61876
11301
19078
39419
56912
16255
8074
51539
46734
44909
53727
14409
36360
42218
24461
25664
3077
9873
12050
57766
22924
64684
19796
22592
53934
5162
24568
56352
30351
5290
63551
15249
31039
37474
10568
12469
32867
47986
1639
57968
0
55299
62099
4042
38539
25158
2234
19728
57866
22752
33285
47383
62774
23858
19383
32660
983
39933
51208
10106
16067
22437
36368
35039
59133
19844
12533
64062
29273
30513
17176
62400
49797
6146
25782
34887
48201
35571
63198
34718
30919
43791
61927
42363
45885
44204
12252
38424
25803
61819
11017
694
24427
63515
19636
32253
41529
29947
45702
3664
51227
2934
13240
18110
9792
30984
61929
24407
37069
42200
4056
31201
44925
44985
28260
39211
32508
57104
8452
37926
39934
49358
15847
45150
54744
4930
48522
53791
44614
51824
51202
30743
19926
58050
57484
3707
45242
62246
7157
55188
34929
9894
44843
50598
31730
342
37950
541
52842
26468
32368
41404
25926
20748
9592
26486
39135
48189
3316
51811
23494
38730
30663
48355
11839
44384
33492
36573
50288
26345
22221
8246
876
48915
50612
19042
64874
61948
8800
47024
42948
46107
59433
32456
50030
65115
44408
63595
41281
11830
22892
36552
44917
14547
34780
30431
56892
62354
15513
14592
30638
32450
28233
37862
20201
46567
20493
56629
59365
19596
42904
40408
32279
38998
38771
45510
5424
60265
55577
59956
24590
47727
53199
41098
37137
23490
23226
64224
5450
31046
54950
64770
31727
7121
51223
28956
31460
31622
55280
681
14720
54079
20182
62760
27722
6512
21196
53825
13180
53794
37713
4260
59025
52332
23476
31168
40971
39002
34500
55340
33017
33673
1190
55289
48856
54338
59015
53743
5145
37640
35315
53752
27042
52920
51568
44723
37271
60744
57746
53870
26592
30385
55080
20411
35864
4787
43221
16734
6109
13446
34367
15736
38609
46995
50663
50079
38768
4199
26037
46927
62986
55667
16761
13525
12391
29225
56295
60794
29369
43182
53325
47448
17693
16584
23954
5811
54536
28593
4461
22348
63491
8045
30747
1968
13872
22200
34596
19273
64003
29287
22597
31289
52850
18136
896
39170
11584
41899
18143
18205
39027
1954
7228
27496
8448
14349
9765
42118
40043
39006
28820
43535
3732
22808
59616
37712
2584
35679
19720
42696
46723
44557
34793
46643
37870
59679
47640
44901
44111
46645
28755
770
1449
37856
58662
42800
6349
21846
48350
12694
35881
63702
40232
7892
1981
15766
52977
22616
54565
6960
33896
62487
5600
34631
55542
26837
16615
50280
9089
34621
55438
10011
38440
32861
14090
3870
3427
47929
30100
19721
17595
62089
23732
60056
36557
60632
18085
29211
16008
21650
17935
56171
36504
52031
59340
24843
2633
52524
33957
20381
18762
25052
49690
18551
35066
50958
26666
11906
40405
17925
3540
45805
62822
57864
8502
50820
3576
57794
12906
40152
17915
6299
59402
52612
21595
59405
20501
34191
24157
46352
33542
12495
60852
36121
21506
32836
49237
56579
26995
14316
4158
6869
56861
14247
17540
36199
30113
2511
7104
18460
20425
42861
45713
40502
65192
19012
55928
63924
38945
19872
27198
53055
41842
7550
13650
62003
11016
50450
26650
28279
54314
44830
64319
39951
903
2867
36105
18883
49933
42385
59486
26615
58350
14122
1724
38865
44126
47863
758
47923
35422
3411
2949
48772
37964
2807
6205
1589
5949
61778
44764
65025
39136
32230
48005
38764
9627
23140
39143
33529
52331
12903
54302
42965
13610
5760
14055
6808
42968
45063
64331
10500
19967
41744
54019
14463
57331
61960
62134
26356
8013
45215
55808
56795
28785
29293
29730
2936
16118
46406
17140
60978
54043
33623
28365
7490
53333
52163
38756
59284
28376
46022
11664
2416
39817
14912
21911
7808
56200
15807
26111
51796
34904
3391
49223
17028
54696
41778
23571
16436
49068
36589
57059
38969
17767
25882
13308
10549
42758
34611
51649
23484
1024
693
52355
52724
5443
35489
64546
53024
58408
52735
55490
8978
24288
38686
59627
59622
65473
7970
9539
59379
64115
27309
23768
1046
6963
62098
14795
35570
32106
27367
43964
8899
63687
5259
39570
49371
13427
20528
42434
55068
39929
35878
35750
53797
6988
50177
14153
48717
53092
18653
53795
25962
32153
58719
17514
47159
57411
9259
20797
48679
24525
50170
35100
22310
55421
8491
14252
63866
25968
46256
1722
20539
22431
58546
630
34052
18930
14181
31525
23237
64382
2669
34994
52211
58856
39704
8962
6013
33464
60550
41846
35187
36630
57800
49158
50379
60517
12415
596
13572
9311
40762
54171
18404
33921
23147
6394
48930
49956
56167
23131
35563
50311
5623
36720
39510
52009
35122
61867
49422
53454
4967
52558
21594
2005
28089
61415
895
12028
49200
61324
52080
64409
20446
5652
8846
65054
44102
23886
12267
32748
53856
39357
21336
52790
32399
3869
5306
13788
16474
32220
1294
23011
43635
16370
62768
42092
19389
46741
65279
11404
53542
7728
50403
62009
20217
57055
62887
698
17931
50659
25277
34755
34053
29317
29315
4427
5625
29210
49479
54680
5795
5348
12523
8570
15120
40651
22952
19714
11048
2293
57309
56804
16877
33102
8590
36797
4066
7936
41490
50233
53843
2246
10395
13503
31469
20569
55008
10581
46486
10390
38285
16634
41342
18062
58055
8954
30678
60413
38363
54969
19304
62035
33439
46060
54639
22648
39440
16018
63757
36501
49527
3939
49059
56712
4298
61237
34891
23033
48529
5320
18742
24855
7236
21341
61479
58470
53137
8473
54217
28916
42971
3893
50536
59158
57627
64560
43192
25018
10601
56954
5518
55186
31160
51569
42827
44815
61488
59396
39572
21589
36048
60674
6151
26231
47979
17959
5426
22710
2159
61503
43994
30159
26863
1853
54638
41604
13033
55588
7633
28689
3159
21328
35433
1883
5067
64965
44105
39216
1423
14975
60833
58624
46475
7736
23765
49694
62776
57298
37888
54590
7858
38000
1125
1387
18362
52875
41882
31058
20996
21498
15936
50216
52877
11453
7145
61121
59911
22711
40457
38202
29170
33070
57647
13105
53943
12019
1691
54486
64133
41382
19800
11933
32591
10792
55405
52947
24435
47299
50617
65011
45496
52910
5549
46904
50356
31905
33826
11399
39582
41596
31685
41546
52174
56635
847
40617
58585
40427
28680
15510
3537
41724
8618
64356
12416
61763
17904
61747
62448
42709
31256
6404
12423
50076
12544
48145
48565
37842
5246
11201
23439
41731
17115
31412
41228
57068
42689
16582
20517
25482
36756
50215
39113
7708
10274
53678
4353
21933
62680
55710
31928
19111
30832
55145
53604
23587
19635
16288
37542
6162
2208
37269
10462
58106
61791
8396
28977
5680
21872
51837
9151
22337
9967
40291
20428
50249
60603
6215
10024
5378
59377
17413
12804
5756
33806
14571
27675
33089
37558
29348
22346
31404
31793
28976
62565
19938
64952
16274
26390
57293
23979
55583
35217
45082
10022
55967
12662
7259
34182
31166
60707
1597
13874
17191
54530
7433
56751
49580
43315
11593
18588
64046
40624
32702
56013
46293
53656
7340
15753
55192
35096
45446
3535
5481
61798
9333
53653
57245
46885
57074
46097
12104
6887
57201
137
59800
11925
29599
54031
64441
58729
41205
53651
45262
34771
64320
46796
21490
17478
14736
23632
18654
64913
49297
6058
61976
57114
9833
19702
62321
28085
29801
51166
62332
35752
14858
9278
54943
35935
44459
25229
42167
11518
32219
32936
4080
19969
47921
40233
41201
49322
50592
9414
16169
18459
26511
52734
5956
37995
40105
243
52265
2260
30116
7141
27280
36638
53368
29160
61048
20018
3122
56932
44679
36942
30446
32888
42201
15962
53646
23983
2713
37284
5662
33305
14846
30383
35806
59807
52492
38334
60880
34175
24374
51487
2920
19543
56276
25026
53645
48032
8499
22142
47638
35630
10057
22133
48114
24523
11337
38483
2271
49586
59581
90
34672
39125
28884
3426
61089
47138
55028
52675
55050
21090
51107
58955
52940
58117
21901
42048
166
7557
19896
62555
35139
1644
44058
470
29624
867
1198
39237
59979
47069
17803
21654
15727
3258
21431
59650
27103
63998
49905
32483
49661
58620
41378
62386
25088
41187
1202
57030
19141
53308
47245
20247
57377
49652
30104
32191
20573
47935
30598
61726
59464
15311
58756
4527
48069
38315
61055
56214
63061
9337
10969
24017
21177
58385
37314
32498
32238
58085
24225
63039
36885
32933
14658
24345
58026
58088
28251
4285
7504
40981
25274
64842
4516
753
8670
24019
5196
4104
2241
21241
27288
59721
62828
19486
62414
21371
7231
14288
16639
27031
63649
3711
12483
34791
4866
4638
15233
52979
54907
60801
33859
45820
55594
23390
60883
21305
48596
19399
29922
28028
60331
34921
53716
61297
2756
48515
19703
19523
56659
46951
59777
29000
44790
62630
11847
48058
45928
44780
51015
35241
20029
13160
63080
43085
7631
61436
3504
8307
41200
56056
2397
16374
4857
36079
59047
5470
16395
65194
16967
58893
58021
15996
18283
32197
47596
43728
5332
37833
35896
13421
47416
41738
25642
11131
51072
47579
41469
54057
10268
13371
12137
33809
59760
14707
50017
10430
9109
10029
21907
26654
29407
12812
44452
29994
33242
31251
45255
64201
36482
61140
2065
11747
57927
51362
9325
50508
45120
48435
47358
36903
15309
19956
7341
7138
29808
31664
33217
4259
4634
5645
2670
26332
55266
50465
34180
16944
31139
21076
3466
5901
27148
59462
51624
22263
9760
21770
38058
49627
23333
58506
34397
11546
40077
46172
51668
35051
58909
5227
16735
24626
34205
58219
1886
28278
4523
10360
52407
38203
60854
35858
8983
53594
56832
29152
60587
35184
1908
42605
11153
40688
25473
57289
33739
55822
38963
34649
46049
49267
27286
5671
45244
62769
28656
28464
11994
825
17817
56544
5536
62546
52976
26687
44858
61887
26879
30437
3534
14174
32811
221
14302
56877
11559
34311
38386
26010
40112
11633
59101
7884
7995
8207
12526
14167
56428
4833
3709
53167
48460
64109
48569
55604
33319
46921
25999
12749
14817
29001
52778
30753
24997
34543
18249
57187
54476
36541
35250
60583
65382
30209
38635
54818
43577
47403
55261
49829
36999
39221
56099
25165
15799
23261
20399
23975
43690
9895
63490
8667
14005
33372
61171
7004
5940
19077
6407
43392
30465
50814
32939
33071
35237
22252
11028
7466
20808
42310
43304
9767
8865
25142
37541
34041
15742
32092
58093
52905
19572
48990
29779
60908
2214
11284
44286
6927
15589
52490
10474
35378
8223
53142
34484
56847
48433
10697
62263
12295
10853
63211
43882
37635
44669
13494
19183
31903
30371
49077
28032
31783
49581
62347
12754
7241
11712
23935
52766
65467
13437
38446
50382
41609
48466
11759
27282
12663
61439
50852
49513
14488
2395
38634
12697
52670
53839
26990
28811
15794
12514
20759
62036
51736
5911
33555
1569
8598
19937
41033
50562
64131
14757
39365
25265
63966
55719
49976
43518
9449
38183
23800
63479
19247
65307
1445
34103
14760
24938
25417
33564
9029
55202
51098
19305
12706
53483
8283
28425
1347
7291
62673
64002
33388
32771
3861
59942
7567
19295
48458
59359
2060
38153
3632
48289
780
4581
55012
39990
54793
51746
27218
7865
43538
2998
8697
59490
47974
61681
19482
64648
36055
61768
27915
38815
35233
42964
63460
40089
43489
993
45680
3186
57792
32791
31506
18696
64172
49159
12919
49242
14183
30337
56615
32137
12230
11243
62552
7960
7832
41542
51528
61144
13992
53125
5047
39114
9867
55295
36643
60658
7135
57207
36108
786
58522
42222
16487
30469
4394
48738
54689
17274
13573
64247
61802
59276
15691
10889
32300
12521
8935
38639
55645
14731
25601
26827
5906
35720
6718
10418
53073
12727
14566
8957
38407
8803
25818
63747
47267
36971
64143
27838
26663
12658
64997
61037
23685
62164
31195
38910
58768
53533
5601
28052
42089
7772
27008
3037
27330
42583
21409
52449
16862
49149
15751
57565
55838
1757
7678
40469
9927
1300
42322
7941
26765
12021
58948
43036
20938
59351
12992
16409
25384
49243
10852
38184
28249
42925
14166
42248
16779
2818
60867
2846
11115
535
6103
30154
7450
27931
15294
586
43741
50902
64508
39261
25724
8840
58527
65135
28594
23142
13895
17053
53316
26344
24743
3561
60975
21679
509
36490
14583
43418
40328
56291
34909
55218
17907
35024
58023
30194
55225
54762
55862
27949
41501
13460
65522
46727
19418
31647
11884
21612
24664
42029
43578
45418
26277
55934
19821
38399
23350
23399
49929
1396
3791
24147
4181
40725
20005
24485
17699
47141
48922
25592
32342
52094
18575
33945
44558
22769
57052
62644
64723
14334
63743
57046
24479
64161
17499
54899
28801
6812
51841
41947
25677
35441
65128
39564
397
27364
9007
6783
27004
58708
4741
57260
20296
29904
63563
22316
39520
276
12455
9513
30970
59646
64050
17367
19434
52912
56511
44856
38225
34648
55237
17701
35367
52800
40048
16044
55357
61918
9573
9875
41714
38191
271
30451
34347
18946
49874
29602
28957
54295
58252
20125
507
64563
56067
5207
22909
58998
17712
22654
556
18738
26977
35381
45051
55076
16276
57292
60604
14652
63
13848
29393
19096
34357
15010
682
673
51914
33630
34769
60976
64626
48401
8062
636
14500
50262
48093
64454
21038
46452
57014
51021
19966
16535
59095
38745
57004
31334
16356
44037
14888
23771
18326
61014
51576
28333
45642
15592
6225
29625
56754
31590
17536
9635
26041
29075
48193
34720
29374
8217
44897
22775
13552
14155
12387
36145
9101
39521
8110
9698
54830
6029
53988
55686
9976
52197
54900
44385
22731
38244
2738
63022
51157
17657
14108
55207
16138
53089
30605
25309
60416
61039
4543
47937
51003
40639
61344
52036
41093
29156
5466
6440
38798
2116
31499
52621
45206
37059
28918
59063
47077
55927
56269
31609
63939
32829
33385
57595
2291
38787
17996
65225
59722
43166
31833
2130
48155
2962
61725
19101
8734
64872
50963
28199
27680
27231
29442
29424
1110
17792
19335
63539
37695
317
48671
50947
13548
64610
31474
30286
30987
18080
56415
28536
25718
24714
65154
44062
11756
48796
11626
32693
7607
64231
24118
33838
6810
261
25211
47756
26836
63681
21541
56018
24026
29334
1432
22783
259
9158
8715
54894
45348
21603
45704
30211
21709
50773
18041
28504
28456
27159
46966
22129
49389
8264
1060
12332
49898
12170
19578
9176
26430
25744
58877
648
28753
46851
34799
53218
6895
15578
32734
10545
50685
58143
35026
42009
25788
10961
19964
51628
46040
55829
51652
4568
28868
7835
42991
29905
56462
52014
21261
54566
11902
7972
47143
41428
34071
18987
9413
31578
27743
35800
63882
43232
64240
45409
54516
24328
38196
54200
59314
13165
8097
15266
57759
40047
32388
51060
5099
37415
61538
54526
46274
25849
36631
8736
63458
20112
25005
49385
17119
31212
30448
4352
15776
11784
63251
10125
16913
53103
48473
45350
2410
35164
58234
28141
25066
49635
1374
54672
53539
62441
30223
15412
61593
54220
36035
12660
62593
42119
4415
39792
61554
36675
52320
5886
34675
30260
50151
36148
65380
29433
33782
50969
54179
51033
44923
3605
47645
41282
28345
54952
289
13
61610
32102
5206
45277
17166
5098
25761
57036
6514
22319
21830
4825
59005
47685
17524
48081
28861
50782
52308
23268
4365
12192
9986
21630
31032
43636
60350
48192
43747
51543
5068
15568
23220
24425
15588
36866
51092
16544
26928
34784
13263
11576
11564
35817
31298
54165
15750
61403
57317
41292
44879
42886
32210
61993
42159
27917
3236
25258
14781
52519
53212
2930
43322
53661
24928
53580
53834
35685
51598
21257
12195
11714
56433
25114
37078
14493
55071
19963
60562
49782
31014
44839
48493
36706
56346
9070
59171
53854
56885
15141
60806
49039
49171
43055
37919
50354
55234
24489
24256
32963
19919
22723
7210
51565
14659
35694
21888
48797
7487
42798
55517
36798
56361
48404
45517
25074
19363
47100
28840
58169
18303
18065
11124
13102
37401
41574
14489
44632
56812
26005
59842
48702
16580
46930
9977
19804
34933
65013
58376
59174
41202
9828
51643
85
15313
16410
7480
12678
156
49017
40680
60240
13639
25916
61093
41539
52220
763
46111
53597
12865
30927
46287
53445
63058
55491
31179
34448
58032
27248
13222
49425
46872
48018
1574
42211
50420
46411
43931
37245
44125
29510
17136
7362
65459
11030
1993
7509
10324
47263
61860
47628
32160
61689
4993
39855
36966
19075
61314
58635
53829
58741
9538
16974
7483
9599
6302
32087
12876
11264
54422
60717
38063
55533
2247
49177
53374
38082
47050
51064
10350
65384
60031
9541
62218
56528
42866
37327
37106
27647
25147
37363
33346
45326
53431
36275
37883
56593
43829
33642
43604
33445
38376
57824
23629
20291
47419
44575
25233
30557
24366
31734
6562
44573
46764
18224
7771
31142
53183
40040
62846
58917
42534
64039
14234
60026
38393
49265
11667
58959
40960
28776
20376
63622
37387
16315
6326
60759
10471
64218
33493
22071
26300
39230
52334
25405
46246
14154
62271
41601
18755
30091
7954
49774
22741
24759
37554
2135
25483
28638
6582
24264
53960
54153
16968
47127
58874
41328
3393
58985
30189
22647
47477
59838
45394
34586
41766
53605
11106
40447
62608
55617
2731
55722
50295
47665
56104
41543
3267
49942
25476
7066
15057
16364
2111
62042
27774
12819
50043
59773
26771
32585
16359
64043
45798
54755
11642
50866
6040
59140
63526
1874
19416
13709
5284
24591
60830
4593
55706
8696
11228
3814
51099
4555
49178
27866
59079
33099
27950
41252
49418
52890
21558
55035
50173
598
3395
13201
62992
42061
65167
56228
15536
2820
61695
16495
57795
12927
10685
48932
29998
45098
5355
37276
11031
6896
25431
63497
63297
3323
44407
23516
16962
26189
29330
49352
44454
49813
64550
28623
26861
23510
3730
17508
26730
44225
29545
10279
51376
50644
55273
4600
60592
37902
44705
56437
33184
44618
13990
57165
40126
41372
19136
12666
12657
60616
50487
10596
12470
24980
54724
45087
14095
34876
6243
43904
26156
41361
18661
56744
59135
28471
51571
40556
43918
36005
36846
16357
14161
58889
59107
20696
2855
48385
38681
12215
51585
60463
8607
18800
33615
3063
17169
37299
49354
52667
63394
12721
61803
49986
44000
61612
59951
14716
41065
3189
22831
6642
39491
62376
30647
30962
12918
27759
18036
8976
19319
53223
7944
12524
41315
1457
21137
15219
7770
40549
35124
49050
59277
3865
133
26859
57548
23284
30156
44706
65210
46661
47483
61250
50666
55827
53677
4035
3962
31663
12212
38966
65299
24046
16391
12549
19799
10518
26820
34092
41984
3671
665
57323
38896
15857
43069
37079
53093
37185
15020
38709
17618
42068
63978
2944
35355
28378
53985
11690
31335
60102
18238
6035
64920
11652
502
29242
20746
46653
28154
977
34782
22646
2334
17506
30645
22128
53659
41218
45035
24182
50697
690
48441
11483
18483
13274
57085
3901
27952
49890
21041
52296
35013
61775
13262
48937
49345
14110
55212
27413
45187
62153
41465
32082
40574
47457
10157
35097
37662
44399
54619
30707
49623
44719
61184
8249
20654
43699
42399
38291
39407
47098
15215
13961
53814
51626
56500
1915
20104
35671
18675
1699
60964
9262
56370
26014
46223
53451
63570
20618
30525
41237
16031
25772
1657
43216
54463
47166
46965
42761
32117
7733
2103
55157
54957
7908
18211
34316
134
39184
42311
23209
48424
51398
22370
23900
40161
8031
18649
57836
33729
45225
6061
33530
57644
48456
42307
44436
21525
51004
39005
18593
53763
44542
341
3028
54746
38035
31672
1709
12881
28586
47755
22613
55215
12715
399
27539
65349
46883
38757
50088
5606
19391
45190
2194
5018
10582
2877
59848
20324
2841
65150
31276
64854
56976
59825
51515
26719
31037
4271
34987
34206
22322
41126
31325
21726
52647
34944
46708
15556
49563
56493
54862
65075
9707
22575
20510
51429
59649
34348
55442
54513
6665
5954
25594
43835
55836
18185
7667
18197
19231
20561
49414
19752
18034
8137
51500
6454
57124
53302
7345
8317
61530
12525
1668
19624
27414
48693
41522
6430
51503
50437
27461
57372
47400
7768
12655
46202
58576
7695
38238
38342
53166
28664
47482
44634
19192
37494
5300
40677
26281
57634
27439
12751
49114
37249
22966
1411
6545
18279
18485
22113
26199
10300
17943
21234
28975
15093
1272
38079
3633
46470
59889
57608
44336
39420
47484
28482
24699
45911
10714
24505
28600
19480
23137
25628
56235
43107
13585
3887
10460
62104
57210
17202
48247
34531
17334
29010
25381
12831
5313
38984
9062
39881
39503
14812
17135
17406
2423
52531
18689
10497
29040
19485
33979
31689
19808
57164
21163
64938
59969
7331
44747
21788
28442
8145
28632
37291
46779
18301
20881
49770
20829
20364
50959
61124
4540
49791
4419
57035
48178
12795
1050
28588
6804
23686
60955
27862
41247
888
29482
4297
50094
58013
52456
25859
34548
1168
2417
53370
33892
42930
1099
29041
18120
38936
58733
6602
11396
43676
18072
48778
50109
56597
62315
57787
7730
51760
46465
17436
37225
26999
13059
26689
31132
5960
58468
38592
53324
22653
50526
1406
23750
27037
57311
20172
63964
38858
10441
11650
28451
22937
43697
2835
64674
41531
24647
55676
26183
63887
16810
55546
65496
21142
35615
18276
41876
17617
23899
9450
14609
42090
25330
53389
37612
7762
49877
54389
3722
49733
1071
46025
47609
17908
54833
24548
52722
64736
47407
57626
1413
63279
25086
14330
49130
58268
29587
21999
12471
30914
33602
44604
50754
40420
54396
24689
44488
6305
27752
43843
13762
20749
37832
32162
52595
50259
41676
6044
55959
29912
2344
1331
61137
9365
64086
42459
14833
9356
39781
13571
48623
28871
6448
19553
43408
60105
38482
35518
31762
5651
7102
9422
61833
59544
53295
19145
17236
34535
5012
52932
5650
21867
12486
28472
39146
6167
15651
29052
52653
30577
49787
40856
53907
65324
35815
9379
33323
15640
30006
55016
41888
27188
27459
5919
19996
8604
24329
37448
51662
547
29769
19747
2661
32296
23500
32695
47948
35388
36144
63170
40862
44620
28592
1239
313
11726
42646
10159
41025
62264
45048
25445
40022
59783
24393
45531
37750
52423
61521
3803
38893
46670
24062
23372
13783
61688
35110
26775
24752
3166
61676
59136
35951
65119
39188
19413
54741
59573
33640
47993
1880
30369
20833
43325
32685
44726
5055
49146
13206
38843
30868
62268
24313
39228
29793
18113
16686
9981
3128
601
18394
45406
32048
1002
48124
64403
31671
18664
12029
40937
49734
39594
16949
54091
43425
21499
54161
50257
28644
36568
54378
39482
5945
25217
33093
33842
46394
6989
55955
1896
36974
61342
8609
58558
26448
41226
8818
44828
18216
3483
61005
20050
47183
8056
22637
14933
39093
22305
2539
34270
19112
1783
64387
363
26921
20735
20730
48042
21627
16298
43933
36439
54624
60422
58724
35190
40557
10056
32393
26651
46164
18201
61390
45724
51532
33518
53309
60365
33682
46954
52846
651
13324
41108
45718
1936
59031
62259
14897
38485
37892
53906
57621
27625
59027
1355
41345
48652
39762
21026
56667
44228
45057
26905
19782
43888
61583
65081
3415
10176
10439
41937
840
52574
14759
5224
44702
913
21357
16490
24563
10947
32113
28825
46641
11325
24724
30257
5219
65053
41713
42566
60289
31976
56907
33646
10727
4851
13745
52829
30204
47632
43961
44583
14862
17130
24130
17518
41162
