57125
36400
9827
16594
40496
54501
36915
42937
46670
53863
26513
41589
31060
12482
28840
18995
12017
25045
21656
59872
10803
62345
26560
55035
58688
735
60740
44583
4632
16931
60557
43370
53679
52296
44341
19738
18933
24325
21726
53667
44633
633
44699
42097
41654
47045
50291
48873
56831
9762
10401
58768
9390
55673
6515
55228
39868
6809
25111
40312
33427
20629
54317
51370
39529
55592
45673
36953
56722
12537
25358
24065
3299
57086
33945
27743
29004
568
60707
8329
37223
26702
16889
3046
14765
3960
20622
37424
55425
57077
55150
8757
16558
32953
28807
41479
56719
7320
7327
14071
12175
42843
15040
36654
29337
40366
42583
12291
16084
34121
24622
14074
45656
59893
30008
29065
34852
35009
16730
30827
18255
79
20433
29470
16498
20464
65161
14106
5569
26114
58992
9809
18366
32659
53250
6657
21167
22694
23202
40237
46181
38824
46166
34506
24639
18445
57700
51753
24199
17101
28487
54374
10111
62641
42657
36339
10685
53525
25418
19952
1550
65522
26863
45767
38942
33186
23299
46110
9433
63474
58564
52967
49542
14545
29251
37168
39439
44019
45331
11684
3420
59440
46895
55075
25471
41191
7525
32998
35021
47627
12818
13163
47512
9234
60168
34926
37121
26547
30965
46132
56260
3545
36110
34830
64617
15448
5272
20077
53296
38405
16656
47953
12582
63973
30263
4553
41779
511
27665
42182
25707
18065
53326
41216
9326
14222
6156
37958
56209
56146
57897
58509
470
18601
20327
12755
61381
56018
45642
19878
6236
3160
26205
42127
62728
14103
32689
1214
57469
58476
30458
15580
328
16221
15742
59456
23639
19445
6935
13033
34771
18839
60185
52425
42405
13991
17201
16583
17714
34664
41559
7105
34881
56450
38652
56327
16970
13459
47669
51102
36293
5847
57665
62657
19351
54473
54041
21959
28590
43877
19003
5218
15614
44142
28520
52639
60983
37140
4189
35089
51679
25684
41616
53223
15427
41324
44274
37413
46220
54509
29208
40779
1197
46778
8682
7831
10304
37262
16129
28565
15716
25352
31814
31665
45914
53298
24502
36750
61833
40253
10567
28187
61385
5329
34803
7508
57892
7162
21017
35091
61085
25851
47932
687
43842
48171
34262
19874
17502
52073
7239
24683
16150
60211
33264
3575
51693
54499
52971
13495
47088
59138
48491
23699
20089
4688
13919
10657
17725
22113
35612
34397
30364
22396
9778
50239
46369
27851
23739
28911
45830
11389
34608
59202
26953
56296
41136
18488
2955
41890
16331
6458
6490
63981
27753
38064
12256
60545
51016
7724
12372
35385
8649
52316
44910
7473
28764
15270
7830
4879
32639
31539
44730
24409
13740
27964
63062
34907
7402
56867
33106
29104
45620
60310
21035
4909
17633
34823
59306
4116
7108
36167
55574
61157
40421
33439
19235
56864
31505
3034
48581
60592
29274
30437
57843
48231
2566
16752
7947
42372
18807
4017
60942
31536
44580
53183
18439
4780
31805
10717
61026
61109
52850
5427
52642
59104
56157
16256
18324
63002
46886
922
36834
36363
31713
7664
33478
4746
41887
21397
30366
56137
40780
36358
4884
50396
2945
34916
23385
17751
9199
42189
26007
8774
16934
244
10355
46516
27011
29240
29820
35964
47653
22948
41802
61638
38221
1350
38373
38038
46953
34781
31828
34265
52684
26795
54986
54694
11081
11207
17594
60994
52932
35764
23169
59054
65211
1724
42808
26617
25972
54812
18295
56780
57097
8490
23834
22815
34880
24397
62459
6850
51916
16968
29304
35519
39388
20898
30478
25666
24929
7268
30727
20537
24171
23995
29374
14282
41664
40058
20795
60956
25166
19560
33785
35932
32440
28754
1837
12210
18819
37026
22537
35205
24118
35713
3516
5460
38968
32750
47027
37157
40405
28182
49383
31173
2930
49067
40725
10071
45326
3589
46171
48653
51592
41353
53741
23593
31520
40659
1271
21042
11563
51672
34156
4136
6455
509
8907
42567
14538
57519
5988
3799
42709
32700
32105
23715
5449
7315
24341
29512
60255
54935
7266
38600
61571
19608
31406
53639
1648
49671
38452
17721
9704
45765
46697
59353
47916
50229
34872
54973
61332
47307
56727
64766
1247
8157
19198
23179
65266
37063
57871
64342
60666
18233
60099
9302
19089
5878
60453
61372
43340
52205
8441
22444
45485
11812
4513
27038
37995
48710
27825
6005
30050
17428
13523
17433
27781
34231
21473
1058
8263
39537
18676
14736
43025
19664
39591
50297
52680
15066
31365
44742
42116
4532
52056
9157
54759
22121
19835
22467
36704
32697
33105
5604
36113
34200
32798
28067
8962
7804
17584
19682
64639
13678
12383
55814
63512
58018
40453
22502
14592
64502
45238
55429
61983
39362
54904
8648
2722
56973
31691
2296
48513
38244
13088
19733
51136
33529
29011
62089
43947
26783
50140
18257
49227
26000
61122
7773
1185
36948
147
18828
54329
5462
5807
10335
55033
54274
55451
27716
18697
25532
62158
49616
5801
6306
29430
27603
9429
12752
64931
47473
28179
30784
48905
16496
2326
27695
57870
53989
53887
50232
19294
8158
21082
11270
42903
55198
4969
49055
34035
9924
17375
8590
64788
16245
29266
30188
10293
1850
60619
12794
26023
20323
21346
52176
7988
50012
29794
52237
299
4737
41565
39089
33700
46477
13448
0
15672
49763
35748
11614
63818
3258
30405
34056
28731
39011
47480
36682
41551
1325
55729
24377
59386
12264
25502
23492
23952
340
8428
23592
61397
10578
40944
35412
15980
22480
42548
43499
32025
59634
63795
56637
52994
46785
54975
21807
56683
37701
5067
12144
16007
21465
29608
1216
19080
42060
62184
3027
5576
35477
44053
28190
46009
32747
37003
49859
23509
55926
11464
18904
13726
59161
31056
35518
42015
52631
60936
42506
51781
26170
10352
27177
56125
13786
8217
63893
58733
30472
40523
50143
39393
23176
18348
280
8000
19303
13970
9927
48275
49744
15500
62010
39092
46307
25406
54728
57752
31255
56298
23838
3540
63766
34734
24579
23136
42383
63425
52410
28042
48282
43636
15800
26362
25632
58413
23988
2756
43055
15715
39184
33556
28768
61151
30471
51025
18411
24372
11642
10607
47041
31646
24084
48100
34865
48605
18008
31731
22432
60941
52423
37411
62599
5702
1299
7488
17583
65001
27896
38632
63993
17654
3863
57509
58906
45302
5713
3637
798
61456
11527
30790
32874
24648
6692
1960
23344
55520
27331
11223
717
58944
9882
10662
48864
64392
33346
26425
29699
49676
31427
19541
9631
43245
25518
60988
46413
50380
40789
2093
40950
41365
14706
4944
10785
19727
48527
32533
48606
26304
42560
45646
25834
56744
59417
16031
1063
57595
21041
15264
6037
58262
40903
35776
12455
36303
50691
62732
52396
49003
57808
3337
47759
31283
5828
2883
21165
14050
1310
22962
61600
47310
47099
63217
54210
14088
26566
278
15734
23003
5264
56261
1915
58369
2077
4786
3883
14365
35679
64217
54664
11627
44894
11728
40318
45107
18081
38305
22488
20365
51331
48380
22283
26574
18060
65120
40676
17920
62965
1511
6272
51128
11553
16626
23599
60897
34438
21620
37423
42212
41544
9495
33802
19401
59499
3066
31599
27774
53751
22740
43689
63288
14548
54985
39932
37158
62303
10746
38956
50328
42099
51307
44524
6077
5825
54469
8106
41579
36709
49549
51626
12156
6675
49556
8019
61798
42382
20673
22086
43787
59219
63016
8330
61896
61914
23452
9554
34008
40977
1385
44175
54942
52387
22881
45987
48061
21964
25629
1970
15119
36664
27596
7510
56842
20745
65350
1180
12617
38366
10209
43973
1336
42073
55802
27688
29420
24900
35310
64384
30128
40023
22160
18159
18015
61831
36211
47181
32477
51647
15569
16714
20078
24398
39342
45684
44702
44568
44187
18459
13258
55788
24098
13946
30525
3609
2528
8598
42470
24924
50779
5072
42100
20937
26085
54931
25885
35784
26240
5671
6133
20215
9382
27000
47721
30469
55904
61820
52383
56764
51771
22483
31370
51706
6387
54690
39613
10391
60559
11483
53786
48140
38598
60479
954
54066
12593
25162
7258
18098
11064
46211
12319
32127
33019
18267
56710
25835
22243
62462
5376
8243
60160
23504
1828
41821
61202
5277
58803
50194
5095
23807
46553
52848
54879
41401
29041
55368
33086
5344
64282
48801
32777
27496
43247
56548
52201
36071
28059
21815
338
57320
61683
53839
29388
23347
56452
23114
50901
38748
41011
41791
51262
65282
62412
16460
9437
41533
16222
60370
18902
42232
7782
33884
42797
6619
9069
23990
3315
31308
1473
63922
33635
21023
24647
231
23139
12159
58241
3206
58806
55427
37113
44720
2933
11
28306
32862
28584
46514
40201
25398
21488
60786
11168
452
10654
37221
19634
23878
52256
11877
32342
39351
44907
47921
28097
37416
38752
36770
44592
11426
2474
42293
16686
9257
65339
48937
7775
65089
22059
43514
61461
57114
43717
49213
26354
41411
26534
53827
33476
21144
34666
33492
30038
38625
40365
21662
42688
4979
2210
33485
11517
28289
29458
23384
64538
14110
40140
6769
14659
55337
56249
29275
8033
53903
29674
20292
10011
11712
44975
34201
61547
30111
25404
2017
45418
31738
19385
24442
60968
38576
48277
2900
40705
48079
9501
43075
27588
17468
15366
20219
10321
51608
31936
56493
17944
39843
21932
7536
48366
58236
26377
57533
25026
856
64838
31325
18776
28580
38795
39292
18561
58819
11681
55981
27572
7503
13762
18186
63545
38078
50963
11173
27473
34100
30376
16235
17927
31729
35690
63628
64117
56659
58801
22367
17798
44931
7880
34448
54746
3239
28215
36027
32607
53896
1647
57515
15545
13733
61416
22376
28439
53603
3144
2039
48220
45036
31975
25854
37689
65491
20563
28246
18523
40272
5836
26456
56910
44513
16699
25929
22315
38785
33482
54015
37781
43144
60586
36509
46523
50087
14376
3043
46339
1018
11660
26164
64075
19808
41838
7963
20583
62358
60367
55606
60345
35461
10858
43307
57455
56626
35025
51527
20303
60950
40646
59193
40566
39423
3652
54164
53423
18492
17430
14249
7658
62200
18841
27829
894
40254
29946
7620
60049
18329
48257
46949
51126
30927
14502
19737
58428
31377
54575
8876
44670
37866
49738
2763
63817
16671
45430
62284
18774
4154
17630
39550
52542
61886
10159
29131
52896
16494
9434
31737
15725
58132
14479
44942
20124
53151
1620
20153
8452
25721
27472
11441
43519
8287
51842
3417
1591
42987
57953
33251
42173
58612
31137
5130
14239
38887
393
19797
54430
51605
14330
9497
54380
5501
39901
12779
42752
13969
64910
61830
50624
44243
56360
52711
35500
52224
58141
32592
62925
23521
7064
41790
54201
30089
12201
12685
60698
32713
23379
63708
1434
54264
586
59098
53942
1223
7425
23074
46439
50593
61539
19205
22819
31935
31686
65082
42036
47650
11737
36970
39741
30467
16976
54736
701
31854
60781
64734
49283
27113
42280
4920
41034
34710
12835
25240
15456
64050
46567
3853
63119
58456
3442
4923
57358
59244
10259
16527
5200
44643
7898
13428
1124
35651
8332
63116
50565
35410
64321
12882
64705
32654
42944
58198
26194
27629
29964
19360
25535
24504
39756
26754
44756
58697
28979
47333
34398
30647
49604
33232
21520
30708
50640
32012
8357
10032
31404
28573
2591
19830
1596
45689
42394
51007
46223
30967
38983
35343
54179
10441
65013
43094
44987
57140
22595
38773
40879
59122
48912
26997
26451
21272
37361
54445
57175
53740
28976
989
18237
53195
33703
7324
6018
18168
24451
64183
60034
22379
18476
16644
8887
21315
44773
31110
47077
50274
64403
28912
51838
57497
44113
35427
28427
57275
56462
59839
38015
64789
9716
34308
56128
59965
39214
25296
63180
53856
53280
34498
10154
10157
32123
40782
3055
36300
56111
16855
15205
3548
19512
47723
62532
57863
159
39693
29379
39453
210
14299
6748
22529
12433
40704
25773
7932
49996
56965
54249
57456
10764
19674
62220
55218
63875
2284
43429
51400
38712
27689
60223
60279
38850
7980
23071
39110
53221
1705
57490
8958
20676
43507
42966
62083
4732
38804
64411
41967
58152
55889
4332
12448
61138
38928
7061
38562
48201
39807
5214
57626
4090
11500
30116
60580
25376
19274
59977
20081
31524
12969
39240
6240
59172
21885
21424
65213
38563
19285
6882
33772
52070
18554
46723
19487
47196
35767
23197
35338
60861
28630
13636
29179
44766
21811
7734
49315
2856
45128
58295
39587
8692
17316
46905
48313
55824
26261
62856
1920
37067
53031
36180
60380
49621
38333
64204
60638
32182
54551
51019
15820
44381
40203
4510
32961
32542
39189
61331
13779
52673
44877
1163
24394
19405
6949
63463
63457
11404
21791
53951
34365
30058
51506
5751
19640
10141
60519
48197
26940
46788
34239
11931
60157
41139
44840
20431
43091
15029
12757
18824
21020
38304
24314
57779
3438
51474
19884
24936
33132
31873
38215
1675
3647
9774
36562
36075
23574
35830
6536
21019
46213
9079
39873
23797
13755
17265
7306
4204
13470
7044
14319
55177
65496
57992
30024
50487
39505
855
4442
11310
41563
55732
45789
33671
23944
47565
41939
60114
37255
8921
57235
62780
25415
7273
37030
11130
9626
37703
42662
36235
64006
57956
2637
9984
51889
10233
275
48318
43428
17100
16533
52331
23836
22885
19741
6082
16681
44461
58065
48236
18639
33597
62364
51547
42589
18714
49679
6738
9488
24161
29062
56361
47104
4818
19530
46358
16392
30608
38381
31462
39162
62218
60579
16323
50015
59459
10561
12734
30633
21884
44862
55689
5370
10740
33442
8922
24905
50247
38448
35962
13573
36171
2242
7715
11485
44370
4546
18868
24404
31217
4395
41923
17261
22109
60433
52725
29268
11221
3971
38814
61566
18044
844
31446
245
53267
1808
9479
17532
11244
30729
40073
22039
59469
23931
543
41752
20854
11805
28537
59915
26031
41041
29826
45322
55250
52153
15901
52984
58904
43217
22553
36198
26058
21169
61574
23050
47430
22531
64680
54405
60805
53514
52521
25565
59403
61485
50365
20471
35821
18068
11581
17418
19570
42569
40728
16399
42135
3080
12377
18409
18032
31078
16440
5620
58606
53079
33965
53166
22263
14770
29283
57353
20122
51667
7412
51090
33746
51591
59250
12531
26327
53592
40750
46561
52831
52134
21599
64984
26666
14477
64120
22229
9169
19673
14076
26976
153
53808
5951
27432
17832
25604
29682
19404
56455
55051
53045
34298
28394
43319
40351
27860
10841
33908
56226
19097
53418
49346
12431
6024
19308
47582
43907
48794
51296
53059
33191
46256
10089
51232
30801
63534
22991
45147
7933
33131
25542
60021
37417
21177
12423
31086
14190
22865
12110
6354
32769
38702
23269
11555
19915
63998
5546
60854
58484
39461
62340
20797
20236
19734
64010
23717
373
54186
46180
9552
47775
29564
35315
26092
43840
7293
12601
47604
35572
52649
62559
18417
30888
19508
42727
9094
63199
53872
12477
28165
47987
22447
8108
27681
37811
48357
54101
34374
55375
44168
15244
11513
62344
41603
6707
43608
11858
25903
62049
24254
3806
54809
7602
20741
112
54607
59238
45623
41424
55360
52280
33833
31806
50968
20737
27924
1519
56665
7889
26313
8855
46472
22555
16097
59971
55523
25403
27913
11618
36554
6710
28094
59396
24235
55528
9090
53859
24213
7400
11335
61943
27487
7240
55912
3436
8901
63581
44920
19662
28334
28111
49704
37179
19588
59849
1440
8147
22383
13619
37925
3018
51995
26428
39871
38489
52079
22258
43087
46683
35791
50905
26326
17219
28923
7629
62788
20260
17025
25217
44559
23567
64590
55819
8857
64176
23459
28523
22156
36796
41062
3000
30558
3676
43645
56929
27903
64319
22584
19422
15466
39878
3445
19866
17060
58694
41600
15128
5723
17396
37225
52634
24244
56914
209
40389
2941
2339
53340
35057
56366
9110
55894
31651
41064
58686
32081
39543
51293
20879
57767
30672
49761
16141
5353
18129
15881
13951
43136
60221
24009
15115
22495
23547
38370
11540
5593
5220
22025
44610
6437
6441
51618
23316
41536
22313
35623
38667
5819
12143
19026
42717
22942
49472
42793
25080
22498
62860
29176
21646
21723
31923
48651
48521
57085
6951
12682
5777
47408
55108
65510
42042
45850
62844
13884
6679
20142
36458
7784
47075
22332
17607
26111
46016
3336
22869
13878
4829
26531
61968
8293
11074
22419
39987
28169
1802
23464
19545
22008
206
46470
43667
50670
41615
46976
5659
52849
3252
23407
46533
41055
48713
10863
37997
25896
3748
58247
45933
46357
25125
52088
24885
10092
38451
47237
40716
3205
24052
48839
226
39768
32353
31238
20144
63391
44000
37477
8792
18309
51731
20853
51562
58820
24022
57608
30292
765
34399
56561
4682
32172
26286
12958
8816
19888
64295
7982
59076
22901
32865
49745
42031
31853
52890
48493
41606
19383
15210
24824
15566
55902
22849
2926
19731
27354
27950
41456
59150
13341
44375
25904
52038
38767
29450
27552
39914
381
5268
25417
11151
62660
19005
42400
42335
21730
44240
41241
42210
55373
25078
45849
21432
43934
18992
43497
10546
12857
42594
9286
45361
43556
14709
53039
23113
52981
32449
56392
65331
18998
16050
34731
62830
21733
3505
3079
9821
24613
42155
38506
57450
12657
30847
22459
25155
45716
43918
45637
15017
21621
12134
18033
18525
34382
27606
25087
20791
61135
5765
36552
64731
14862
34368
42105
52768
61428
54875
24026
35842
3826
25255
26661
45867
18268
55374
42312
3060
50404
17174
1886
50105
3489
62316
7551
59277
54355
8342
15325
12533
25914
23731
63135
28947
50428
29762
54389
38704
22368
1940
50258
36256
49731
63689
36143
4675
48048
33004
44111
49781
60154
54995
18989
31688
12933
38142
61716
45479
33241
32867
32801
35170
42566
13349
1577
57603
25086
56754
1479
7692
41383
34009
26762
22135
5658
18497
26282
62005
1824
61899
18365
22074
186
33158
28507
44495
56164
34514
21183
51847
47962
11215
16610
10325
35902
21938
39946
22443
52993
23304
414
29124
34
52925
36674
14214
49917
26519
29359
32530
40248
46836
40686
46276
16954
43389
42217
27920
44287
2878
19099
20131
43063
10273
10991
17362
43379
26915
64414
16389
15033
60291
52384
34136
8947
47471
54072
12022
4686
62224
60086
61524
22181
53207
16813
27696
28025
44598
61606
44587
60061
53358
20160
36701
62347
51012
18
33915
12098
44801
35428
20135
43736
32855
31175
48070
14467
6298
8376
50922
3464
12977
54825
32000
60536
5050
55411
10892
48411
25709
45633
55416
60075
24822
43314
15793
40461
58153
55551
6275
26117
19454
53226
54663
48452
19784
57848
65373
43629
64236
45545
53601
27217
54943
59788
13592
20870
27425
33277
51191
13600
29778
51250
14139
32377
7809
53468
8304
63870
3981
35592
41530
23244
36655
42054
45708
48743
30653
57374
39578
52495
8191
43584
58880
4869
47199
9911
63982
25029
26341
20558
35340
37132
31884
46714
2844
34226
1660
22285
47883
25530
47857
62115
35171
15777
58261
19934
32781
53867
37736
39701
21605
958
60752
190
64264
17666
43141
60010
49325
42246
63823
46205
47993
8995
9065
61373
9658
1740
57391
24880
54994
20480
43041
62216
55668
22213
47260
60481
7202
22005
39153
45665
65384
47266
64292
50418
34318
63055
9288
17815
57054
34315
47469
3860
54817
41238
47942
48175
41091
24288
17761
39456
55812
46481
48281
56972
4874
30530
65450
41820
55389
43474
18103
21388
1520
3191
23543
23237
53053
14963
65086
10939
62743
13689
9470
56904
35382
26869
45516
60250
57171
29415
17741
43464
63084
41157
54773
4451
48316
55439
32831
48480
61553
34668
36263
47235
13956
51049
25056
5035
26242
47179
38207
58183
54507
36478
29637
54971
38225
32248
17641
61823
26123
5996
47410
37002
21168
42685
50796
7912
62640
17257
62811
8526
60470
29417
63350
61990
65279
26883
5053
9031
12443
58086
9350
63156
29414
50221
12662
54593
18984
5619
63323
14435
42432
36154
3585
27648
12350
10824
64884
3969
4087
61460
64464
38533
39736
26489
64460
42208
51313
13352
57681
30070
54684
3222
29574
13676
29393
11510
14831
32574
48822
612
55795
32116
1636
15240
27826
31324
24489
22859
15135
54268
50960
40056
40869
29793
23426
30604
39907
58142
7117
30386
45880
62309
59435
11890
6662
37771
31150
60633
40886
42121
56067
27762
29774
53655
3731
45846
21344
13328
49070
22073
53354
21099
12642
37420
26131
16336
15199
41702
22043
46309
33339
41670
59083
20657
23755
28426
43623
29693
33219
20528
39642
57516
63990
55428
21194
52736
30759
49312
65008
61276
43003
19480
33922
16880
10888
51325
52717
16542
753
17275
24616
18674
51908
64244
15903
23528
30515
27893
48399
45706
55365
24469
8211
38447
32511
35233
29222
6705
40581
16569
28455
4627
36741
45578
2290
13875
48063
25842
16413
2681
28380
40875
52046
42209
40422
39823
21265
30317
8567
53724
36418
31526
18632
715
6140
50093
60631
22316
34787
30883
8295
2768
1839
24850
43750
7285
64584
1322
33737
14850
32625
28890
1884
41629
34585
49947
16556
8228
44364
64823
62839
59709
38276
39802
36972
50419
47442
27729
49905
43698
7409
57630
1630
32557
52919
33187
64623
8963
14665
50569
35730
25351
27788
8365
61698
16859
22132
54717
16128
60837
64631
37791
6805
33202
26608
47943
38921
52689
43089
8159
16895
51926
42661
33072
4393
19864
1496
33190
20248
25679
58516
5496
41800
62088
30640
57336
54993
2015
4447
55531
52374
24416
21416
13474
27811
27006
41059
60133
45097
52820
20667
14364
49669
37813
18243
27189
25458
30402
15874
61487
25865
11489
6318
18216
10782
43083
47939
35824
48012
16830
2342
45159
38645
2047
4143
48149
48137
49889
45572
3921
55508
9159
52645
41829
46572
16617
42728
20285
20966
44845
21715
62466
37588
50331
12167
53303
63476
27447
10374
36415
46058
51350
33567
62431
40798
17732
23888
1433
34188
34561
39086
18067
11567
20145
44661
35380
36576
16333
27464
34279
355
2125
21329
8163
14986
22910
8555
8173
43938
1064
6604
64970
39213
37920
61613
31152
60847
16051
45375
64161
44060
24818
18006
7272
19883
37773
1548
6926
63639
19978
22876
55525
17589
2179
49053
25449
55709
12263
58630
42262
737
16693
5135
54341
3145
36756
50774
15032
31515
4883
64572
28876
46719
57805
58993
60880
48238
41481
32997
25405
21778
122
43353
1131
12457
37905
50512
51014
1816
33038
44818
21581
44141
27795
58715
17730
17967
44247
53721
50142
20824
45436
3927
7883
51434
64755
42833
39305
3602
28368
21481
17916
34804
17214
52783
22248
33988
51328
61231
34316
30722
12652
30300
46292
43209
49551
7491
53777
30592
46038
38896
58338
37114
7263
22516
1820
38642
21630
58418
35059
61096
58575
17382
45459
34104
3388
1037
17399
1777
577
33511
15025
29335
5785
15351
29976
22773
14855
31934
2738
24868
34809
40836
17478
28393
21596
63996
41000
19507
43892
9621
10053
53828
29540
35163
229
23974
54081
36955
4798
59234
22913
23764
11133
24454
61214
40298
38309
59157
32489
23120
43232
36455
17923
60953
40087
7907
21659
10944
47252
17167
16484
18683
54008
4866
42211
64914
41918
56418
43100
59623
10940
57177
48178
24938
61755
3383
20390
61875
16984
31895
34893
31812
27136
55431
31343
6920
37894
61729
45498
4158
38941
41329
13685
42250
44144
59717
43020
39116
11060
59224
35015
2301
227
37667
19721
42419
37091
15913
34459
45160
59197
50547
10175
64106
38540
61340
41675
13610
57288
38585
35018
12698
60573
34206
9243
16602
53325
34903
62357
48211
20774
1833
25480
15634
17031
46749
36148
9584
5251
30077
38746
22530
31303
6606
56847
48545
32686
20254
48564
52719
18761
58098
2781
40853
30108
58475
61703
36205
51955
7451
57007
40657
34717
59599
35011
7978
53211
45655
51433
23488
23962
22716
2196
24246
63456
13136
16122
26311
28939
31841
55504
19806
1494
50891
64349
52310
64577
1109
65158
58240
35408
40848
1404
53832
40748
28799
27144
5487
47331
4961
5727
4244
29949
48102
41509
40131
51182
40544
18031
6605
53522
3175
20209
34883
5298
4317
23718
21997
13717
38660
36179
11813
15313
18575
33727
56127
35839
42699
41731
5499
17192
35267
18966
54591
40207
23809
57788
46302
56449
12492
54367
39284
11227
16910
24229
47508
8458
6463
27977
28318
7428
11186
33329
29484
47422
13299
61292
30655
5202
54934
10272
58568
14090
12051
14086
42762
35804
58443
26112
53139
33294
1989
57128
35940
9987
19243
26720
43146
11380
43233
20810
3704
62542
22241
52459
7494
42320
64035
53825
50787
54200
34097
64131
14381
8121
42323
50727
24116
27229
25813
11841
51431
18465
53496
12181
33109
23826
36227
16516
15257
25517
503
38764
55324
35459
62719
31052
43682
12436
36265
18249
57176
25747
44392
43322
23082
13996
56139
35533
21595
30622
45250
40038
44976
54908
25695
40648
29258
38938
16559
2413
29550
17069
5629
16475
58872
30093
59270
39882
11686
46044
61993
3555
34705
60937
17840
37851
35483
36447
2414
6900
64452
8777
55683
28614
34435
3889
56953
25682
44679
16408
40837
52626
58807
26268
63421
5182
28359
27700
43594
64253
2656
63368
32352
32080
59242
64468
43644
25266
16378
47496
25319
22951
39324
36722
59367
29828
20512
7890
32146
58667
28627
36537
9393
45874
26018
34736
53982
50205
17713
49516
18968
11308
50780
25179
55768
12071
7297
34366
49873
16748
17436
34725
43884
34768
36383
10142
32857
48593
48777
18110
57754
10511
54550
15278
45114
44688
59457
40751
1622
57790
8132
18385
9310
14123
47758
2578
60465
65503
25905
63921
10216
27709
26647
19413
2845
55930
1386
23882
17313
52145
36817
53367
25609
7419
58340
9070
62440
16521
28075
17104
26473
19155
26091
33390
20028
25772
32406
35479
52937
28615
62669
61175
22192
9217
34794
60622
56501
60116
37377
55163
7350
44057
50746
12971
9765
55682
60320
10901
5113
20459
59208
54403
30244
61139
56944
57111
54334
6446
18490
15434
59987
36325
53640
45748
64776
11189
8998
62504
40062
21074
32955
45653
55700
34386
44972
28817
55267
53963
9467
49399
4230
60327
17062
19219
22779
3008
13702
59292
41319
31654
8758
41345
12107
30765
5756
16049
45624
13545
49243
10225
34468
59490
57280
13081
19868
7645
57714
47833
50007
48958
30261
24779
42359
12035
58930
22698
59255
4130
63968
49694
57287
57772
37093
50781
30428
1964
1328
56093
31418
59958
46651
64129
26919
30053
59892
36957
27991
3265
25408
13692
57817
39812
26852
63727
55129
30573
12570
63942
24879
40980
6088
61682
62551
27401
1701
40121
26750
30048
9844
64720
1492
16270
43566
19329
5652
27118
62962
50608
54433
58237
32914
17861
54718
10426
41929
37956
46569
33583
43277
40563
61321
37607
42886
24703
36196
20812
28509
41077
22296
17747
2499
61780
1513
51463
4246
2118
63712
6996
48690
53628
46060
31760
33041
60542
28734
1474
2149
54203
65047
50342
50107
32623
38659
30216
26798
35968
45366
29626
62927
46951
49490
6777
52802
45908
54870
499
12109
61285
18151
33535
16750
36039
51175
63614
19040
23404
15719
36270
26512
10114
28232
30063
63784
55790
38286
64874
8642
14720
27308
32950
20403
9333
27269
38843
2651
9072
17227
22461
21572
29103
7119
50207
57832
64682
16386
13620
44102
59008
52300
38677
29133
1072
21451
14959
23476
56723
56090
57753
61327
15788
15346
61273
51813
31834
2126
52185
41748
22118
42703
32339
45381
60248
3198
53179
22743
36847
53596
52305
25702
37907
44070
53659
63669
29606
19777
17929
26386
57057
49886
52505
48026
6649
1862
63543
7588
35831
42907
8538
33034
33373
58158
65209
20690
6029
23760
44577
34444
23321
40252
56062
50378
8378
50461
51907
15143
91
57102
44770
1954
1196
1374
35270
4112
26959
34959
4050
8836
25874
63726
48991
26032
61425
35771
40369
37353
40568
4265
61787
9487
34256
55202
29927
63566
28278
15731
32318
57545
39488
38074
54792
7364
40920
18804
22353
56838
53686
42620
21575
22617
22702
29101
43437
10649
54677
9093
21373
23201
45798
29302
15595
31008
55387
20222
38875
60466
22439
12180
64887
62707
33055
54064
38705
64276
65481
31133
58878
52098
31098
46559
13669
58467
52482
13983
36625
13907
23687
12009
4715
204
64919
53102
45040
22482
54188
25229
64937
23030
46525
7352
15761
18282
32186
60005
47429
10195
21293
23801
32250
6539
24156
38618
13072
27656
36026
62136
2590
31583
61803
58493
57053
59009
4064
17572
1469
52144
16587
34400
29461
15435
52282
45106
52279
12249
57968
33312
34848
19748
32348
40034
36342
33520
13387
39360
25249
48029
60082
38299
22357
15706
47969
49414
2323
53483
56141
24298
30328
38039
36451
2901
27096
44887
18847
34721
46407
30446
41845
24279
32804
59113
12061
25739
52361
8280
6969
995
43019
36112
36298
20573
4181
48074
58011
7184
23267
45832
46164
4409
13602
54647
9818
3693
36945
50880
39766
37654
52040
41428
60187
11334
62997
42039
34334
9835
15600
39241
18679
42592
37962
12852
44945
48185
3515
24709
7353
38706
28343
29423
40611
17755
22588
61709
40744
10801
6530
49545
24135
56550
51751
47314
59011
57296
8220
54857
48549
13201
50920
40573
53016
45210
9459
40720
49944
1742
51769
5466
4936
63807
15419
41339
9518
59557
32803
28745
39081
27293
13093
19361
42257
60531
16335
43865
20038
1854
11253
48217
40703
31528
56284
54512
49015
51993
2798
44542
20259
23756
15556
29227
57205
30860
38734
12295
24356
4408
14264
889
59458
13193
60176
4935
59917
31310
35222
41369
56375
22559
11541
37672
16383
39783
21967
27873
2367
51148
52503
42559
13792
5538
20852
58799
474
31978
16429
51566
17349
26774
8747
31968
8215
17182
46006
37531
48182
28707
11085
30466
13659
53700
53052
47950
55853
24991
41447
2584
46210
17138
3342
53459
46311
24125
17885
14806
57375
16894
8860
22997
47336
42081
26324
64013
40372
32453
33643
30082
63080
20159
12002
64284
34749
36850
25652
25401
65157
61328
47154
22373
51146
32646
41831
5611
8848
16501
51931
20187
53109
42510
6815
52275
28670
36077
60462
48585
34938
19881
49634
55971
36569
16623
5865
17209
53188
4027
58104
36370
22737
44557
35556
17810
13113
23296
61243
11936
60678
13541
45425
34083
29585
22646
57637
43905
58624
62945
63379
236
56483
36511
63994
65235
22204
59712
19969
60724
15016
42427
10101
23835
40898
16800
53017
6420
11871
9751
4530
43048
46151
11575
26331
15938
29198
127
58265
37312
6535
36518
28015
62857
40582
50249
57744
53764
23898
1225
26040
30946
64111
8942
44336
35349
30552
36086
15603
22701
35972
46784
39401
64651
5981
37079
50025
32082
61498
15814
27502
10110
64039
15315
2918
55105
52360
7384
58485
55544
1267
18874
685
50798
20562
63034
11620
62745
11285
17889
59608
23458
21628
39690
36690
42140
14230
43890
11945
54898
58446
8279
54225
30005
12285
22250
44011
36070
62182
10825
9375
22597
44220
44209
55291
12820
25472
27490
25112
5191
5565
61772
46964
48361
745
42325
3247
41850
39064
58258
8905
60875
64852
41811
21387
38725
14367
55010
3855
10035
56329
60359
32524
725
48166
57422
51381
51095
26839
22980
64015
41744
33210
36842
18783
46780
9066
43065
64306
40771
45001
64951
16134
9861
7037
46946
37397
37683
59767
30147
4474
33661
1480
60209
38289
52142
1921
37012
37949
27451
30383
52565
423
23947
59855
25359
34820
4218
17427
4236
4402
16345
27200
40099
11593
31384
49449
52910
29725
38860
463
60711
5263
15392
51615
20437
9275
52437
58813
19630
64152
51957
56650
16173
39605
57929
14729
13608
18100
62354
10016
7820
11257
62215
26908
59687
47997
37918
39944
28792
47256
59840
36590
3316
20604
52133
2087
38265
53504
59090
42415
44322
19957
42556
4481
49175
27780
30793
62093
61542
42918
39864
2828
11293
38161
59389
63683
5036
13883
58981
35504
9011
64409
43883
2503
17808
23865
46029
60240
28599
17629
36407
10712
63423
62705
15505
49728
33596
49011
58107
64665
54147
24153
50943
10693
19288
16276
64337
42133
19084
8410
48298
38103
25704
15234
53432
6806
43708
32340
9014
65280
10370
65436
6187
36515
64159
5827
18443
57978
8975
29267
16279
35028
62353
24138
12184
38092
46157
33968
46489
13016
29923
37690
31186
22964
55909
10331
8835
670
18978
37829
35976
49452
63015
58587
18863
6787
24864
62432
23811
63681
40039
51777
41975
2536
14781
14802
41971
40439
23486
49594
24379
17122
8095
8302
16861
6681
26728
56971
8004
35865
62608
7294
24959
31598
18606
6147
34772
43413
16845
6013
11230
26029
54739
63769
4078
63353
47785
4593
27087
35268
46865
15796
7917
53713
25946
22758
27256
32854
10710
24505
57706
55196
10579
26504
51024
5998
12277
33197
64760
59681
14833
12905
46600
7991
32260
41250
11274
40908
32490
59675
29217
1703
22557
18936
57830
2513
41328
51075
6119
48598
35029
12122
17954
35046
63382
61386
14410
24657
46904
10619
36277
45577
29518
44634
16334
16727
30313
18023
44533
56991
49410
58288
17499
12614
18433
43385
9391
46464
45087
61705
21044
57935
20585
48697
3615
13933
2610
12673
59668
14571
45081
17640
12605
57734
31151
52664
40978
21680
54732
39093
25284
606
36989
44799
34145
14078
56416
62929
23728
58809
16299
22542
40841
12471
17615
40800
19821
50133
35135
32051
21912
60343
42228
42360
7575
13753
3323
53756
28502
54731
61626
54674
35524
53393
38212
46270
37289
30547
13410
59230
28531
19907
49682
1028
31830
16023
44922
19004
9869
26630
20616
16481
26822
60245
45671
50445
13359
20243
11297
61392
27334
11218
2742
8554
27340
38151
23729
45300
27933
27921
42281
42485
15367
41750
42784
23910
1213
57927
43762
63303
15984
23770
55247
15013
60136
36000
34084
45308
56531
2372
30623
40419
47474
46528
13126
19654
23576
33403
20202
10599
37453
48066
23157
37448
35242
35538
31192
52493
52213
4604
60122
13365
12561
8086
17131
64259
56724
53743
13577
26233
54890
53498
44749
9250
25214
48921
13532
27027
51419
25259
56076
62419
11458
26753
60522
49045
49307
46732
52767
55822
41427
61713
57973
19174
35452
4528
12930
6783
41223
24786
45941
35240
18529
38442
54649
52616
13115
48090
10592
30165
2595
26854
36427
8812
59530
45398
1646
35195
30660
65159
13218
52600
47205
44959
10173
38172
33484
44554
16908
2993
60982
55878
8640
49140
57047
1156
31740
7516
4951
5999
9665
22908
22256
44431
8759
10257
45024
17876
52819
51294
47697
3408
19929
24918
41911
58490
46152
55911
22764
35235
9685
28445
8861
3217
10312
39325
26733
1497
18905
48675
28138
59991
11454
17770
387
6412
61748
62183
9611
10243
26445
39058
32634
36804
7354
59836
39600
35463
1676
25775
5598
7028
21013
53637
62866
24289
18196
39408
52113
51950
56409
45561
45306
34930
64304
3755
1366
32894
49650
1635
26830
58767
25660
21198
51298
11851
30736
3234
19809
599
51770
51340
37740
7138
43983
27099
48209
57073
40165
63730
62186
28549
19046
8166
40013
20782
49645
52572
6100
18005
20902
35332
32506
11937
15069
21957
51082
30205
52528
4891
47137
29009
2311
21048
42540
53653
10280
62013
55249
50
8368
21956
33713
34311
61391
11083
50162
60501
42889
23906
54865
56792
6040
19863
44622
17081
49602
2142
4056
38217
38714
45279
15884
13521
10945
26837
21774
48927
45952
5688
17890
31982
16416
52790
25427
25589
5048
61140
18649
58488
14695
42375
24559
6752
17715
5677
13203
33998
58077
63645
2397
8451
11868
51763
33725
51258
2458
22302
38551
8805
23062
30717
13853
50944
3061
63986
45613
34683
44892
52129
16804
49202
21327
37917
6765
51050
41439
41760
38098
59337
23759
4449
51417
60292
54629
61978
53557
65302
60267
44400
17032
37317
47687
21995
51106
61811
2032
10047
30816
9362
14096
11410
32516
29665
32712
62734
1203
10176
62865
59518
2217
63688
29685
32523
65313
45810
48920
21125
50663
30562
28494
54492
37921
31615
31076
18193
37015
33336
23247
1135
31653
36811
58983
62188
15229
48863
52345
9756
51720
16947
30720
7209
7359
35319
11566
31484
33048
45408
9290
19483
44281
20233
20404
2896
35853
61352
25390
17617
20954
13797
49718
23096
10135
57629
49518
4854
36440
3949
39372
28660
54481
19240
2520
12155
8354
46140
947
46338
46539
31753
50788
52997
36592
35870
8638
39648
18530
14948
7289
33843
406
30155
33155
65152
39027
30520
46849
7284
34454
9351
11840
31294
36462
38878
18931
56900
27941
15784
21883
5741
37906
22975
29786
40330
5139
61687
2479
40462
51722
8944
41170
61611
62434
1358
29015
28620
33694
19485
50530
36471
45875
7242
57920
27952
30509
20076
19203
59748
19134
40833
29614
4750
15591
8605
9359
22358
20536
254
33256
59553
15360
52826
18641
19246
45654
9486
3056
53892
18298
61289
51524
29155
53450
42824
51636
44485
23333
51586
50831
61180
51231
23768
59671
6408
26888
2129
54321
392
16796
44960
21571
60745
44591
31564
16654
10193
19006
34451
25520
18568
2679
40832
50776
23625
39742
61291
39949
64701
2280
14377
22774
44841
41435
10743
59526
42147
55715
43846
896
41904
36231
38612
3435
58426
54240
48827
7572
26895
48792
43016
40588
27193
49688
19798
51599
41925
6304
49972
38614
4587
31414
55901
5842
30482
34022
16500
4388
38833
23116
25380
26880
16940
54790
40594
47499
23619
35433
24034
14315
65456
32472
35196
57349
55552
26083
35073
9740
15078
46762
51903
10570
4166
19906
42841
52043
55355
10083
14824
51499
3501
7753
32830
39442
62991
56027
22978
44828
21202
50241
36247
51104
8405
9303
49281
58038
53612
44460
28587
51540
48341
57707
16550
47645
11160
49579
26276
12646
52827
7464
33527
50728
52441
501
11179
62087
45566
31894
47623
52164
45792
12859
35840
63527
19498
19533
62753
34870
16696
36147
45533
25947
19499
29930
20282
8120
17601
61418
19723
29220
47378
2670
4876
29182
35248
60416
45142
26275
33335
49785
13554
12624
14300
40150
63406
14290
22186
56290
28984
59945
50268
4756
11533
5531
24499
5606
64598
31102
64263
15050
49672
49094
6071
49988
27726
42965
22842
25578
58259
64604
41810
33399
38901
22528
21891
55654
14041
19572
26627
23671
29296
22206
56219
58672
6742
25073
36074
30440
25961
59069
11058
12696
37116
36780
47973
38218
6723
26142
3866
41168
7331
4691
50032
11237
9082
54568
29671
44516
57182
17125
43012
13046
34377
46449
21942
43263
62446
47184
40033
15849
20421
29514
16744
32062
9526
32056
12659
13601
31821
6207
17378
19176
52196
59888
17937
44537
23579
3636
9710
49093
31220
15511
42667
57828
63063
12777
40245
22260
13722
25671
5780
35430
39992
51740
2361
3178
33467
30311
1795
51906
17793
42410
34125
58970
34671
64649
64219
10299
58036
19914
15622
38482
19510
50591
47594
60554
25015
27727
11546
17237
40157
54782
15011
39057
37912
54783
44549
1934
11963
60643
51046
8347
12849
25999
37383
41720
11391
59184
1978
35455
25564
7271
33895
45090
62673
58084
29792
31994
64356
20849
10556
53408
48187
26930
22418
56613
50294
44761
53574
56930
39813
30979
49031
61093
9722
24115
65059
26158
5270
22858
2433
60550
20169
1378
26162
30854
6149
26357
49318
50478
42740
7859
17159
44927
4511
3810
11490
43809
6362
28650
37294
52996
6427
17999
41221
25828
17698
62105
44280
25833
49006
19190
46671
7667
4817
60603
3503
52722
54412
59630
29061
53348
11430
47108
4843
37843
42672
50076
1575
63361
38035
9006
41575
29464
44015
18756
27402
9473
49921
25269
30529
50231
44986
33192
35023
41901
23138
24463
52052
58719
7976
14569
23761
38226
64186
40786
40486
51733
41688
32893
63622
19744
8184
20268
53810
47335
10274
51430
48503
18177
64674
11651
117
10278
33157
17915
43646
58327
29995
61813
5543
33013
50583
40927
8976
30751
35994
1167
41860
34405
31222
42388
14348
23358
42436
16510
50355
61528
57998
20413
31288
17414
20048
13165
64602
868
26134
59254
31786
61192
16017
16352
49924
23228
26262
41382
25324
8764
2734
53448
9539
33893
49966
60430
5956
51485
21531
56575
22281
3245
41973
25563
9742
43076
24025
54358
46576
60079
2922
55616
44967
3360
35065
56784
30456
10228
48302
17782
9555
35076
57889
17862
34695
65465
6938
2526
14756
53591
65354
47998
51120
16799
56749
17739
58875
12487
47036
63424
2820
24255
19760
35603
2740
17050
56205
56367
29360
8199
24154
48202
18420
12450
8859
19578
58628
3376
6634
33120
2954
26187
14019
65521
30686
47270
37228
42605
54729
8827
17097
18125
13343
12573
19677
3022
48815
61980
5452
16624
50420
52653
9879
42723
33699
4480
61901
50398
51572
56577
18715
53690
38321
59779
63900
58283
14801
56906
41612
2813
44755
7786
62850
5796
32880
37451
56216
47300
40549
52511
56656
29373
52339
6072
1383
24250
49337
62060
9062
3519
60422
160
24393
5570
51917
56049
61467
20565
63370
27252
64018
13700
5192
24702
36051
24286
527
18384
2446
60670
51407
28054
17377
17670
33385
14737
17886
31205
19539
14645
62815
19960
28689
18441
60597
63635
9530
32461
57857
31271
5851
61200
36404
40708
15493
30295
6820
62725
11269
61172
59483
62521
9432
53293
25176
41475
58604
34212
14900
30278
36038
38394
45033
29578
63890
35795
38803
9269
29982
28316
8994
22648
51361
38436
62098
56962
60506
30081
17151
45104
16850
63936
59686
58670
18670
33341
24256
23697
38495
48791
375
31374
62961
28163
43826
3353
34295
36078
8062
9369
64896
3019
24874
52000
64897
36958
56514
42266
28053
32974
25034
50602
2318
45254
14868
60660
48733
51970
1226
15020
29323
49089
53330
27474
52465
64019
63065
33509
63997
4108
21274
62000
34247
12765
24678
63325
24225
60930
39745
21716
60321
31662
28778
28672
6845
16492
1285
31790
15127
5885
40638
24636
52647
42162
57727
8415
39271
12833
35911
62453
39165
60697
12632
63897
41296
22310
58584
51558
62485
16272
59775
31795
37580
59823
32687
3231
58083
58915
2846
8851
62097
59978
20321
29026
56629
35788
57799
10201
11284
5676
1801
55847
34747
37707
13325
62003
2475
13027
65424
38902
29244
25204
26388
4309
47093
25031
46903
21918
25183
47802
52504
17912
588
59190
15482
21665
14092
11978
60556
34920
25925
50155
32948
31804
50260
14907
34513
34303
36015
23542
63889
37975
16469
25212
59701
14821
1463
58722
31001
34241
21512
1218
1812
35887
32976
40993
18141
24473
39308
59783
33340
57991
59821
37623
49880
22261
20278
30420
19309
17711
29604
49543
36237
30250
20237
27534
22691
56758
60885
9078
33973
60107
29961
57988
53669
2190
39730
52247
14005
12616
39468
33372
30037
50423
56283
10614
59601
32203
14408
22789
55224
7137
53849
18598
38219
59784
6114
34894
34653
48107
11120
43380
32370
4673
10028
28034
38269
12259
63018
1166
11429
52943
40518
11240
64158
43784
33059
61064
32677
5541
35191
10332
61696
33006
63344
8275
46563
34533
18418
64944
32621
26784
12554
22803
13118
220
4762
52498
46564
34643
14978
46225
22017
51189
33776
62294
50843
16211
64480
30055
45094
29166
54305
56912
43625
24673
60091
31354
38029
26670
21152
56976
61277
33530
6264
55110
50529
52881
45865
46046
46133
35859
7325
56569
55217
45000
17767
18524
15248
17244
20540
64650
33258
63974
48520
51737
32958
62680
28697
24946
5641
23107
42584
26515
12439
20900
35378
18651
22736
58727
49266
29079
53449
32918
596
17829
50749
62187
41368
3600
52775
6006
18759
48778
30778
4187
15470
55843
26606
12635
11235
1739
37244
3803
45998
47975
37699
41169
31237
62582
17748
46923
62590
44087
11468
59534
14226
34364
12173
23991
12177
36521
61603
11311
45975
60511
63980
43897
22445
5583
28929
13260
55955
58741
22033
2019
47631
40985
28830
55223
55240
37974
33039
2182
48804
29076
5172
29316
48276
36352
20376
16563
49804
40138
49059
45273
33003
48529
57138
24445
50183
23536
40135
32782
51319
10516
56763
17540
33043
18540
582
54462
38378
47996
19352
64967
31039
61751
20679
21886
26861
45557
59026
19488
64391
60146
52868
49798
34751
12796
38287
22163
25619
53021
24556
26638
1260
16609
5020
60672
61025
27828
39233
43547
24142
62946
36705
7076
64187
60311
38220
62078
26430
18003
58551
24540
32809
23230
26742
10250
28072
34934
53005
35901
37036
8524
31605
35569
49417
17578
33188
59489
32785
59158
34148
9832
34571
62910
8988
27443
39013
64255
17451
36806
20284
33020
1579
5696
62957
45153
40502
11422
7308
13208
4334
3793
34015
44079
39853
52844
57959
18136
63643
47439
23011
16612
10099
15428
61302
46966
30734
9888
34929
14301
7252
10104
32354
40356
61127
14516
43483
32957
8491
41900
13191
30505
52149
44432
2714
27836
19678
24389
50647
48735
11477
56322
34126
9902
31022
6577
56950
25381
58162
57975
56924
17334
19126
37078
28499
38056
32872
23413
5164
56643
4247
45895
25100
62937
36226
20240
8537
24011
61880
34944
52187
36548
62869
23051
41376
5651
60428
51279
51893
25451
11413
4283
65349
51762
24440
55781
46810
51833
34171
52531
49805
2320
6534
46033
24844
5563
48125
31595
42742
43866
19184
31321
25976
9308
46104
32268
203
39475
13159
7706
60056
60815
17738
32113
17022
53638
19522
911
27417
44506
59082
35334
51197
29181
24834
34096
49665
54039
26878
19887
15899
39391
35361
53682
38664
44442
61125
45962
31467
25557
200
17935
62914
28132
44714
32309
32817
8830
59291
7081
7681
32174
43979
9511
52669
15890
24587
19583
18911
60604
35510
10890
2868
53722
12165
33568
41031
60284
11164
708
51725
64783
63718
51803
23349
63606
31914
43165
37924
55117
17475
12875
5437
36377
57281
23145
6828
7554
3352
53772
61700
52739
24763
28771
24169
47803
25006
52760
53090
15655
61173
12784
24378
2443
22847
24488
21394
29400
6096
22259
60743
32678
16768
28230
42130
34277
29805
5107
58395
48130
45802
28535
37439
49172
25655
39232
298
3752
14326
18862
40059
20973
50782
11497
27712
6602
54287
32046
6519
7207
31409
24852
59860
61961
12615
37058
28954
19898
64648
10636
57568
6266
40046
10421
8572
35263
24507
57023
58508
9570
36088
16906
61212
1552
30674
16690
23684
28577
51841
10833
6521
59043
64218
38390
2168
1750
33788
41571
44763
17982
19403
58775
57539
36454
4070
10551
58385
14423
408
23500
20002
45827
43261
7531
59703
51754
48506
14130
27471
4509
11711
27897
16901
18834
34322
50066
44514
61982
21222
44262
25588
54479
54918
57511
44297
55600
30932
49330
1413
65511
9277
25928
6616
44512
39777
11246
7100
50932
33007
33659
56188
59108
49559
37115
16321
2571
3951
27791
32935
17955
41768
25409
8583
47090
35223
19471
58179
5219
17968
13384
44100
28965
3040
19642
2802
49601
37961
24333
15085
29738
11975
9009
48747
57547
26019
59348
52434
23380
41044
24149
57364
6810
6518
48176
14951
751
58370
57816
46161
53467
17272
14694
21146
35132
47302
34351
27758
25479
17126
12282
25598
13014
37558
8308
20364
29195
17764
9018
5530
44944
1718
23919
9219
10856
21009
37622
2434
28964
44917
43200
19644
33000
48243
35283
46933
17749
3126
20766
24534
42618
25137
19661
24961
17538
1283
20771
2467
8268
4572
27982
53714
17992
43306
9795
46023
16450
27163
21464
26181
22425
24388
24278
61870
57932
4614
5964
52475
56573
16665
45940
10912
18351
55701
39163
43487
61786
29761
52348
39251
21835
16873
31139
42940
46025
59586
25399
63031
23793
49778
38040
47741
57931
16719
17281
34950
3319
45954
63575
44764
42582
62801
27492
36200
43328
60598
42438
22655
13351
42673
47160
19071
28705
17042
61003
13053
13697
24335
40967
17298
20379
15312
18912
20490
7533
17432
64359
12088
8594
49492
35069
469
43086
28488
42277
36819
5542
44312
25241
42669
28715
9038
50212
13829
46562
50264
60403
4066
52709
31480
158
50196
29083
51704
63253
6203
20912
32073
45587
21558
19833
9590
31286
39514
29985
27668
18025
5485
52314
4032
40501
4106
5122
42179
54990
25923
56702
57939
27
971
2240
30858
61050
13266
47688
55895
9207
47894
50253
48602
20893
46856
46680
56136
31290
27760
58103
13638
53708
36838
14055
1251
64196
63631
35785
51133
59311
18727
61699
51598
63168
1054
2805
33224
18618
43980
2436
12260
5684
42128
14894
30334
6928
61261
44379
58287
23940
43922
18570
54311
49820
4722
40867
38517
44807
22153
51978
21263
24208
9542
21157
9873
40613
24167
19224
58823
180
44458
18944
45214
2133
50552
51585
55300
46015
56581
4861
32033
49001
63697
44497
51168
3635
19376
63703
9711
59312
59181
52577
19230
48347
19473
9872
50251
65178
10489
57933
25953
42068
48371
57340
7376
46840
19517
22035
38477
41422
13898
4766
16812
7399
2677
1150
57139
55630
8573
33899
41066
15213
54606
43754
52740
36746
57687
25040
17221
58500
4125
2540
8982
47420
53067
8015
36461
13709
25208
12829
20283
27898
21208
59139
50308
17779
14513
58980
23315
33500
17626
16548
28064
867
12559
61280
11506
39201
43807
9992
461
32570
31387
23156
13764
39129
27420
28407
38770
7792
21156
59412
49298
54756
57018
12510
30447
35984
50784
13469
29390
35126
40858
19709
1092
43185
4489
14017
51875
23897
33975
21220
32343
56079
57786
15009
54952
57451
30011
31130
26740
30673
58042
60161
54936
28846
29159
56051
2919
34807
30375
50930
58876
22168
18520
48636
59596
42424
52771
36603
46733
31569
24228
2471
62048
1293
13417
6953
54304
37793
49042
29407
39683
12334
49116
52234
9976
64224
12775
57382
3017
65077
47367
50438
32409
52226
50450
10565
48935
41991
13868
55182
52203
62931
1292
38187
43709
27419
9374
24412
24498
64108
41193
15522
46695
12483
40554
1351
25
28296
22772
57297
22082
20630
48897
3827
62711
30497
15682
58119
6658
20672
9723
23386
31810
31114
23830
58902
43166
38603
24842
24774
61101
53918
53392
43845
14033
3532
28253
17105
2982
52413
57377
60835
21768
12756
20730
31113
49505
29099
38386
26530
2238
25177
27330
14462
10298
15096
20784
6501
43621
35716
49474
40851
38966
12812
39320
8264
46243
46623
40810
44600
48587
4357
43391
37939
35930
22277
42014
27536
2822
29718
56648
15745
7220
29711
27422
41284
3474
47377
16115
63357
23503
11272
27410
43768
39197
38314
64963
10536
10423
6759
26206
63794
2213
43861
23539
4418
3700
35275
21840
29555
38137
1798
56982
47689
48976
23053
7535
3
42862
54148
16189
37061
46008
44251
39363
22713
21425
28741
39389
65259
49071
4040
21999
62042
32551
64272
45734
13094
48459
37930
6543
33231
2952
7283
4169
31891
32983
29767
32153
43190
20625
21266
21836
1056
48145
57067
29986
13042
33389
5912
34563
43633
14811
60012
14341
51981
20363
35758
29285
43553
40251
14416
42444
29254
28475
5024
41604
1753
22337
51741
65285
28161
11378
31368
34652
29364
8656
30692
31050
29690
39612
63367
10326
54351
6506
62976
47421
6836
52238
34473
24887
13519
42943
58699
1625
40142
60165
52442
1001
39416
46556
43084
3718
44368
65237
14769
42029
56267
38379
37419
42871
31025
20231
11653
18916
49642
58653
21452
59669
47958
42964
28619
36729
43310
1679
65304
61434
58503
31207
853
48610
1671
45772
50371
39018
21966
41086
7571
18929
15064
16402
43949
32637
8136
53
5669
43635
40158
15215
47999
19213
43720
65138
222
39655
34866
64173
65044
48526
22214
4327
37709
22497
1198
43280
43614
50014
14826
31727
31500
29034
9086
33297
16269
13175
58481
13553
40477
24988
26567
14634
56184
39908
62731
51383
65404
41999
57510
39319
31819
56865
53922
55447
18353
23083
1601
52854
63315
47212
64084
23334
1397
52917
2810
47672
59538
30197
59462
55254
48
7250
62955
22462
25840
24651
17043
55015
27442
44777
17222
56742
57251
29188
11211
48926
14823
34943
21341
43525
17959
43367
8017
41033
29625
43126
20193
13197
28818
34509
29487
28690
10913
38882
31287
3934
53098
20173
46382
15147
31956
27812
35707
27854
9959
23275
65240
43045
25463
44036
16096
51620
9732
25070
63338
60142
38971
26278
17189
1500
37839
1356
37446
38176
32917
8657
7550
42379
49192
22090
34441
28941
39974
28804
13644
36951
12934
63224
12950
45548
19753
27350
31900
12324
14386
32002
40741
8266
44035
31534
10070
49657
42420
20050
975
30221
27654
16514
50597
16900
21063
61297
31351
12523
56255
20837
23487
21092
64990
26274
19127
1561
41213
34552
36903
22421
22753
5398
18322
35182
34078
28467
50422
32670
7992
41359
57436
14633
51932
50745
309
554
59002
52671
64526
13432
18239
8138
20328
62071
63608
47761
11991
10652
42001
62574
31726
14735
62064
63720
23546
4279
51910
23627
54363
30695
60507
3067
46096
15807
26349
42815
4099
18054
6608
44463
62983
23880
27173
64822
59765
28448
61376
55860
144
34057
6638
20405
64986
17736
64283
15863
65257
48354
7436
48143
8074
15674
41515
41453
53940
39482
31299
27210
56120
13539
44731
62072
26367
31995
52281
53094
58135
40190
20482
32954
18538
21921
10359
48536
24813
9231
21356
43774
22732
15288
28262
11606
15538
30598
98
19762
54266
33576
43249
27407
19215
54948
294
7475
58988
13427
42722
14575
4281
38122
8824
33869
41469
47905
38089
17173
29190
17878
10474
33070
15826
42334
62989
613
20208
24572
50191
27187
12137
926
25320
17337
41171
55885
41964
40416
62192
49570
23298
33299
60039
52241
15902
46287
11556
63232
53617
35482
16459
38637
39317
21268
2261
44029
4098
8637
42377
25431
31075
12664
27149
30408
50800
47299
10405
11526
40052
12242
54902
57858
37180
26330
13544
57443
49861
10457
43569
49329
65253
45790
49625
47870
36429
8133
20519
48638
60965
62656
60363
677
30293
40918
19867
52641
41349
21775
62974
28493
45928
16287
49191
44094
65204
4805
1736
23102
49260
5788
54920
36194
5506
43959
14352
62225
5508
28199
22687
40959
5833
30238
16797
53332
39546
41932
23409
12101
32478
28121
65461
23585
1235
15174
55908
46650
3094
27205
28004
46297
1020
18939
7767
12618
15086
22220
50983
58857
19375
43393
40968
43964
6913
9883
8427
49401
51759
27033
33441
54683
15679
23242
44673
19812
37346
40373
36446
22638
42234
43655
64658
47549
42839
47731
31436
28171
36863
16783
8047
38693
27465
62932
50622
33525
40770
21319
47289
61922
60358
9354
17444
29485
20156
55734
43204
54514
21638
22629
22681
63455
6185
14031
9912
3192
25583
11469
53232
65040
53538
12472
51424
50560
28953
2452
11987
22729
49121
48755
17586
8587
18653
42301
7926
51678
34198
56986
2483
22576
19628
34370
41698
45508
52663
15930
58344
21857
17557
56546
50368
13747
56154
35777
34048
6916
39626
59142
59649
57400
32501
34914
64749
51581
28069
30210
33311
28578
27493
35183
64072
483
13420
50320
25093
6453
17029
40538
11044
65189
11053
1781
7118
36412
43375
44018
38097
52953
9156
52420
51493
6549
39631
38991
43406
36287
35179
14389
29533
13168
2659
21221
36869
51894
53038
42530
51578
27517
35999
23571
61642
23862
35173
21787
42597
58881
19752
55661
55770
49080
36649
28625
51972
19168
41788
61201
27234
40032
24239
60827
43812
18744
49789
7160
22072
9485
22146
46957
56193
55761
1048
17260
31600
26165
64370
61912
12065
27262
12572
61342
60986
30350
21647
6377
17585
11561
50460
7847
6630
51697
60196
34953
56672
26655
17477
3393
43558
42849
42349
8101
6933
16950
38229
54051
1945
28347
13029
17452
61441
9107
11491
35970
9289
61730
49998
35359
42491
26640
39493
15386
39637
21904
19457
5918
13476
11961
49527
18035
61087
42300
14194
34307
63479
26873
30526
39142
65012
5280
29594
46497
41072
41658
10030
42290
43920
58860
64241
9870
5234
33979
47698
4888
37
46786
34748
17194
19146
32498
8424
55156
53238
7967
62122
3021
58763
50507
11313
6741
20571
23467
23872
49876
16531
33265
20950
11094
52520
14837
26130
60482
28342
14109
28916
41867
24913
51490
19692
33676
64645
50978
31385
46787
49338
63690
52292
5381
31607
29755
46240
42034
32201
13670
46830
16019
53187
19441
37635
31736
51656
18043
62650
26160
6823
51480
58263
57708
32162
8972
39322
2535
19506
51475
62787
29432
26215
65031
13498
19735
14974
32561
4989
28870
25627
23239
19611
65017
24950
1040
32180
54528
43112
26771
18956
10172
48274
44627
17720
14881
54404
49791
14062
55896
20899
19667
30748
44061
53943
29970
55017
35815
4550
24838
18836
39532
972
19273
64089
52845
20947
36775
63988
33961
52772
34110
35991
19602
57143
47273
18953
44606
36426
44415
45878
19332
5390
35496
59956
49870
32933
41572
16765
18410
1272
39936
18688
49087
42050
34625
8708
53352
24733
32729
49133
48289
45152
26100
65048
62510
10470
64752
61090
16756
60070
10475
40273
46647
24401
11148
27075
6797
28634
17702
1455
34285
18014
52945
59201
48484
13943
60823
17857
14887
11508
45724
37989
42269
38940
28197
36185
55964
39051
1751
52750
6020
50209
39046
56897
35252
17827
53842
19912
35161
47796
8068
32719
21193
3567
27058
12176
47597
32008
34320
15798
13551
28418
1650
59439
44118
45428
8083
3898
1599
24960
62259
803
52751
27796
24830
65427
9646
63226
63467
8005
38939
1246
31769
3992
61069
36532
58074
494
6170
60816
47376
24526
19141
39047
32952
15035
36137
10639
45215
9909
39029
10893
15905
61194
58388
8178
13080
41234
5935
29532
65376
35927
62580
4898
13368
18861
48805
10588
29698
59794
54590
23937
19423
7691
13063
23005
36605
27739
39176
56156
3163
41448
31399
38880
5599
50925
44311
53785
14755
20230
63090
41297
22793
57717
51288
13809
61179
39385
29542
49461
3400
27125
16275
13107
33963
50056
33009
39055
35282
53135
39636
14415
35536
22821
19197
4254
42242
64346
45597
63433
39203
6251
5144
3238
22195
52929
34593
44219
37027
63699
53074
33705
38518
44797
13730
9379
16064
15048
133
59080
34889
6234
49582
5601
10220
28806
10610
65391
51260
47006
50860
61063
33984
26544
40284
23847
40887
48759
50504
60600
4009
6887
53901
39227
54451
40994
25867
15843
49436
31846
20069
43581
43460
50982
29973
44484
3876
30283
16713
14089
755
2948
5476
48442
215
569
10638
18768
3586
59352
7735
61354
51134
49180
18432
65528
53644
32317
20611
34706
16451
64924
2921
23172
56171
59679
62251
2632
53370
13481
44947
32691
54835
45076
8165
58291
42361
61051
30698
9087
44338
42704
25279
13199
34690
20734
46608
48168
47457
51210
3608
50013
21965
53587
42655
16326
37723
4002
11493
41503
54534
26373
21108
57735
42696
64310
62605
65079
46061
64554
32609
2152
57813
3220
10097
8413
65448
2718
32598
5866
7415
50997
47535
4903
40580
81
27151
22996
24061
59283
38909
46681
5875
62110
60801
64524
10906
45525
2848
25638
27582
37579
1619
56849
55637
57575
37194
26382
2437
14158
42477
37425
58033
30766
32458
48669
55477
24520
53658
2211
52796
63186
623
52995
2481
29058
47384
21134
8145
2553
6927
51387
61627
49246
16663
40114
31272
62395
2283
32013
61658
14757
30774
50397
58737
21085
60429
29341
47747
17077
32402
56673
31011
7424
63087
17083
4924
63173
34481
53206
3483
5310
34797
35043
51990
58920
17596
63553
12042
4221
9455
22940
27549
9068
62854
895
6893
45866
20095
55406
56251
42927
40057
15789
65076
56535
21391
8470
374
39782
56990
41045
39383
18937
24653
17120
22804
40113
8750
61790
26351
43674
288
3301
58718
14612
4610
47668
48348
49258
12049
5850
64261
26603
27248
4865
10345
59232
33717
10165
40683
32909
40408
55164
49392
27940
18596
8647
64056
4266
42812
47828
58585
5900
52636
29781
17342
37146
49277
8888
5761
26975
31592
47780
39963
34957
47467
42174
56551
37873
7617
19837
19923
4079
14884
20992
60150
41247
44328
19847
62902
44200
11794
48376
58504
7
16685
6745
41679
39718
16538
48775
18545
43692
38348
51028
25673
15564
39348
55251
49455
65101
14691
51181
58887
5994
17631
65382
52152
63746
56536
12823
35643
43465
7094
12509
21681
64252
58671
60069
29292
59409
25644
46342
10642
50097
42504
44112
26558
31027
15362
50158
3173
50408
37638
14983
40334
722
21145
6581
63006
33766
14292
57331
64485
48339
5665
55568
50742
2759
61170
41120
3772
38053
35293
38374
9395
8492
49533
39486
10998
62479
33697
62591
58404
923
37601
2660
17668
49890
59763
12543
44937
44026
57528
46354
62803
5631
20932
39309
39716
8531
51674
5479
13812
174
40998
20653
43193
27225
33125
5089
7243
31194
17661
38923
39069
32265
19446
47229
25091
50819
45937
64685
8370
33807
2577
64508
23469
27645
52978
4701
45836
18594
35298
10186
47652
38091
60503
62492
5440
37586
61223
60699
32178
39106
23089
6191
41042
54564
3196
41134
26665
7790
52524
632
37363
61227
54236
35026
1146
52989
56238
55317
39410
27859
37714
46783
6991
64031
8061
10509
5733
55225
26850
17773
23584
17111
63589
28398
58316
25411
55811
55209
32715
37569
47258
39417
64481
1681
48434
52159
30151
62763
63241
35435
50186
6899
52341
52852
14057
57780
29893
22465
35836
11205
49522
48135
45084
27692
9227
44500
42251
61001
17525
14514
8465
20517
37968
64305
54029
49681
56628
59419
13766
3361
26364
65216
25258
20905
35629
49052
188
54134
35654
35906
959
38779
34062
16381
34283
2538
34244
45848
37777
34623
55540
41438
51817
5291
49117
24257
7515
31318
57393
18070
23707
58535
23950
64381
6361
1642
27153
31430
4555
7460
19340
51576
18991
31226
65348
30587
64214
23537
13247
53648
8154
34152
24435
51344
49216
50303
46506
23516
46337
43869
53440
61035
13671
2023
36826
18798
29897
50816
7549
54127
52125
17549
38565
53302
14363
41312
50134
62512
10547
46376
53220
13771
11545
41709
32843
31573
15611
19023
45559
18612
50352
55966
64454
58349
15860
51575
17534
2470
3840
55923
14402
35706
44860
3536
44194
54151
9529
56050
53497
5408
50511
22513
26620
56091
39421
12231
35825
56836
60383
14145
668
60316
14611
26065
19747
58282
50029
11587
23024
40714
4832
26093
2164
46294
16773
47729
47799
6547
29814
53830
4448
56169
45733
39531
39534
53866
20857
35339
24020
50656
5254
25529
52286
23982
34735
33424
47563
8207
29077
15721
18475
20171
55644
15787
51631
25334
18550
777
50484
19287
21797
50950
16016
24574
55386
42585
49486
57566
11768
40539
37095
47369
21838
3447
19159
63238
53625
63377
25172
48445
55106
43565
61808
64816
34728
31550
27866
53981
49787
25288
23055
7478
10797
50116
30201
8262
53790
54016
15136
49832
13543
45075
64237
25931
54295
32236
6607
38809
45450
6753
44873
19170
40010
13759
44292
53958
14121
50410
4618
6957
32311
22426
23149
18717
9810
21094
1870
60657
27543
49955
24497
36201
41342
14133
62406
62400
22799
46129
3134
6582
12037
1147
36978
56786
34130
10148
40100
38543
37280
11761
27486
24600
14508
17844
52998
56947
43357
61052
24718
15834
40565
51718
2936
2454
11785
60362
6613
13485
12072
48124
49262
49835
41639
41553
46208
23794
15478
30099
49913
2004
4841
1087
3047
978
48330
46184
15337
13915
27371
28221
25322
58595
42224
37733
38168
9416
21915
2504
62895
38526
6243
57162
33400
20599
61158
53036
24797
27858
20989
28592
58989
1503
25749
47866
11899
42012
17178
63109
63174
39350
3358
39955
36987
46729
36610
14242
36114
43452
34023
54059
38025
29167
207
4051
31613
17690
38308
34066
17801
2489
140
10372
35806
49678
6888
1832
10269
6632
9428
39528
398
54535
6802
31138
52707
28452
20226
9842
33683
45995
19226
12006
25126
38044
62050
57239
22423
5080
26727
34708
45293
49568
25265
47532
43785
44429
49160
47419
63067
8515
47228
36182
15958
