26018
43208
48245
23647
39427
32029
13409
36145
62677
52742
45405
14376
21953
59178
61998
605
51888
49331
25441
14121
60960
49579
24081
9472
12519
17100
17020
17783
29971
3344
49352
60284
42986
6570
45865
39369
43233
15207
39738
15388
14151
44967
7194
9931
53570
15745
65227
23926
18764
54736
24096
28985
33066
35860
14047
12218
18427
32633
31052
702
9488
2726
46848
35295
5195
26135
41777
28331
21286
48530
1550
32380
37764
51094
21418
51933
31685
11228
53584
9086
24312
4651
39489
11453
45374
60403
45426
59983
63966
22168
42463
29937
12937
24356
59049
34362
65376
46066
43186
53612
10791
53084
10560
55404
16931
63453
42758
3279
58319
1551
21780
33662
23982
61679
28197
2464
51928
9839
43098
13323
30127
35735
37936
51213
27466
51424
47496
57812
43180
51401
8748
3378
65298
44161
41831
61105
62941
6546
5621
39863
56361
21024
52293
63258
2436
14704
2228
63404
66
27810
35505
45322
30221
27960
27012
10996
45439
7640
60015
64721
34197
60129
58875
52018
50845
40977
55766
26897
62388
63365
48494
11361
64596
48172
49286
63188
8904
53664
44345
1540
60019
44076
47226
17507
63773
45603
17475
52986
57255
21782
26425
2790
2611
50412
49775
61176
38461
19548
9919
3744
21389
182
61357
59563
60952
21217
7360
60442
3627
60704
39689
52481
31350
21765
34790
8751
26852
6557
31371
26310
55992
62178
12849
44736
31282
674
47225
30261
21396
24
32553
47810
55724
45653
23930
1740
3952
47416
4458
23325
37619
59969
19678
39675
50535
4056
25423
33707
31869
3276
1930
15141
47999
33155
64350
42422
42268
16791
4727
29841
40693
54536
48349
63939
13237
5711
12645
28937
42707
9708
4522
30754
58849
49696
9480
13459
9461
32417
64501
44380
60965
42862
7128
41397
29152
51590
55882
17441
65211
47612
58311
8603
26460
854
57237
30149
5269
20160
48242
61192
25176
16011
39119
30974
63366
11821
43752
51996
55452
10649
60893
43801
45698
38787
49539
45227
50484
21512
24498
53143
52412
7615
10094
42393
55160
21624
44770
19565
20982
10252
18390
810
61569
7665
56669
28213
24564
45440
808
45495
61946
29061
52488
45176
56918
13288
42234
30410
54739
10312
48837
61948
23643
46989
48345
45708
32142
60337
37968
57775
35481
26363
36961
9952
45469
38172
11546
40526
21458
6998
33871
39024
10534
36459
37860
41184
11367
50074
46562
50988
36045
3568
35739
33174
7140
58290
48129
39209
63048
25338
4371
51421
63161
32386
57640
12258
48387
10921
58580
36999
62641
45265
10083
48557
62954
26293
31881
63934
42895
52629
5159
9791
57226
62314
26946
58885
23542
43824
2264
45845
47501
794
49920
39868
26517
34410
11286
8041
54553
9360
4679
21746
39009
27556
15187
54851
51078
51876
18140
55645
42940
51268
52618
36881
51064
5638
7638
2919
17334
9868
22789
25763
41812
45956
42418
12155
15799
48661
614
47404
11691
53000
21288
21748
586
54330
34722
30494
60995
54940
49779
6881
36277
8855
60757
21462
21456
26925
52408
8181
33865
5719
47344
1396
22153
19365
37946
4699
57477
9252
11036
17315
25588
11559
23797
15910
61899
42235
5798
11487
49823
11511
52499
22015
19025
6166
59422
9643
38380
7078
2465
64961
23798
26581
33360
24923
59671
36066
45445
49322
63452
59086
34821
1120
15093
47087
17366
47971
39820
341
24869
56523
32958
37213
20071
49860
29905
63304
20285
11829
12695
33895
40682
38713
32066
65283
861
553
62634
25526
38064
36669
38630
10371
8969
8760
63951
34596
47362
50006
34173
14258
43122
48745
17491
31140
43341
37464
43549
15936
1215
64808
49339
42373
64389
63923
6510
56870
2289
12950
2455
8441
45037
60286
737
20792
22901
53217
44735
20512
56923
58837
18053
23961
49042
40178
20145
57559
3993
55635
18973
23426
20148
26610
16453
11257
12795
18422
37759
11713
25562
28477
38529
7083
57653
23914
16488
53086
60910
43166
19835
54429
28239
24376
28646
47586
4754
32693
38266
4853
40636
43967
18521
3731
59059
62966
6149
49578
40895
45638
44152
175
16466
28855
49043
31615
60653
15516
64431
39000
50307
63719
61230
2739
11805
32475
39125
31200
11826
29335
38238
19897
26688
56484
65134
47859
5790
46705
48710
43959
30816
39633
23427
60670
60292
51516
65512
59140
2466
64731
58133
59905
50995
56268
327
48535
51062
58752
45998
7531
51321
42016
44609
58048
31464
42632
41704
15329
11908
23803
63100
53953
28306
51941
43151
53139
48529
29676
4940
59604
13985
20112
43185
19684
50762
40567
30700
16229
53558
37613
2889
38983
56545
2550
59812
19954
61408
19957
22009
57638
48157
7068
16357
39279
6440
13297
8082
56554
713
25205
21829
35370
40018
32161
17505
44254
8321
18062
26569
48897
8340
20075
19058
15639
10434
30146
26594
13848
4995
44792
6195
64733
30604
50549
62458
5565
3187
43768
19609
17357
60871
56032
62432
59210
18845
27907
63196
11664
52552
47059
23559
47203
26687
30959
1102
39695
45396
60096
43395
38516
61934
43365
15733
4336
15904
30653
8960
31779
31278
52465
24670
41255
33277
28120
41898
9660
4162
36533
50468
31955
64763
15558
3274
35019
5856
1893
3329
26641
27664
21349
44781
13549
22677
64058
13427
5171
32997
37859
27629
34281
29507
1117
44569
1644
39129
47109
48147
48968
36980
25883
15153
6381
47099
38799
26756
27772
264
63028
4765
20703
21950
56510
793
60045
36103
22810
13627
9937
906
13543
28282
57116
5831
11607
48342
17909
2071
63905
34243
54053
22945
1192
34833
44693
17594
50689
8860
37624
28970
30466
9991
2351
8906
46897
36613
58245
10933
44936
53060
9411
50045
44450
64151
5047
49027
3158
6717
21049
20254
40509
53285
9027
1255
22994
14037
21338
15335
981
28518
30995
15164
56826
26174
53646
31191
1294
21731
23518
63803
3974
3558
12911
24997
12078
36538
52127
54857
26372
11687
15732
1270
5286
49119
43741
44545
37753
55007
58863
36295
62331
36373
30246
47
11701
31416
488
63959
6649
50566
37839
20163
44601
15987
44304
50477
53012
30688
62468
40921
44649
30866
11303
28241
1454
6408
49608
29411
56681
6736
34688
8649
63908
15092
48039
3890
30669
45712
53099
22163
13805
9002
43560
22736
4636
58402
10362
53821
54058
43876
44546
34869
56373
53383
29779
12267
64774
32466
62241
32596
41829
5404
50526
62987
59956
51664
46476
23438
25681
16640
8498
17703
36525
53269
20647
19688
10759
42457
7123
64760
25302
65461
8383
62194
1308
61687
34923
21945
63888
62814
21440
34913
20685
47178
16914
23625
13608
53504
53801
927
36931
14336
17484
30538
48592
38882
14271
45404
52311
22184
63967
44897
21926
22404
12837
34214
58381
33701
20340
58451
54504
2782
16828
9143
58351
26694
1123
23078
58205
21750
1371
43646
59209
2582
7675
14268
21481
25064
53365
2682
28451
33816
62250
60240
32875
15554
6545
47642
40808
18938
20859
26962
57633
49326
23852
35299
40385
3829
50872
27864
57011
54437
51799
57312
52484
2662
39887
12431
45905
7628
60591
13096
35237
17429
1978
10755
14837
24292
42329
40683
51406
32424
55061
40872
53663
60806
15746
36411
20986
48816
43425
57029
40218
64218
12284
65262
60813
63653
51382
840
28107
10428
56320
19307
44718
23143
23872
11616
25544
64201
62235
60520
19248
19765
26548
5600
62347
21647
63026
23775
20847
28295
23157
21256
42922
62595
58684
30634
50960
64062
49439
42033
19509
62449
9205
14507
19035
7496
48589
65195
3868
12916
45045
46808
16394
52084
40109
16586
64927
50952
51962
53843
19803
31134
9900
14726
53400
35519
13083
2825
51671
18556
49628
63530
23128
9716
58823
28696
37323
36345
53226
6458
60886
20676
2256
27593
24230
59302
59953
29427
12460
58159
29923
16275
47918
60804
13648
47293
13474
62984
64951
16107
18856
52383
31568
27273
33932
47260
48368
58072
12158
37675
32508
23806
1097
10224
17745
25673
14309
3527
4492
7236
1359
16012
1564
5149
28825
52776
20509
16927
63910
17145
36259
18854
14682
28584
25487
32870
388
60156
62373
43947
59679
54692
23878
49965
15934
53340
37412
51655
2345
64949
12888
28308
47537
60877
16608
7386
44726
55185
40434
29263
53589
11631
49451
33900
31629
45731
44341
48173
36823
47975
28034
5001
29451
28817
35175
14238
22073
11728
10772
2665
56244
50936
57188
12719
52439
39646
28779
8537
27744
61932
34715
50060
19742
61278
52909
57305
50263
41696
27003
13782
35494
7736
53862
36412
38797
63456
48564
34966
35648
11160
59978
25094
37577
20033
9938
59748
23973
10908
40354
6387
43640
58913
36227
23530
4395
49626
7209
7448
44198
17396
10010
25448
59313
58977
8006
29291
8214
63313
31727
54977
62366
56367
31980
12968
16992
52891
5666
11043
24615
17482
56411
26899
29557
55331
60899
22581
48796
36699
31240
15348
28995
20659
57197
24034
4624
11278
26304
60486
10830
21115
27745
25575
18189
9944
11785
57299
36618
65377
60229
2995
2633
24454
25133
9456
50252
47319
46528
26710
51770
9320
64799
38276
11268
29036
1616
2893
35062
36867
57905
54816
22898
51782
44850
37112
47311
34015
61649
6911
55632
28335
44112
58897
2837
26915
60698
22079
29683
2348
9893
14193
55306
24289
37978
61845
45153
62619
9377
24730
13972
46036
53071
24976
37628
28967
9681
63040
22050
44358
13413
45287
50643
24934
55877
45830
33081
48272
1866
53352
32404
65316
34635
41663
24360
20885
4018
7955
65427
24190
28988
64323
34598
49978
61517
37211
26744
4685
40174
48036
60959
11426
27732
51788
13846
58162
26563
20913
37152
48528
31950
34774
39040
35261
35662
26833
27399
27352
52721
44822
34799
306
52318
27901
2531
58270
53909
36811
49938
44213
29202
5108
17537
64448
39995
1076
29392
20551
4392
22630
21364
4633
12201
29245
55485
9824
55470
7968
20556
28763
5815
48766
32443
61853
52427
20472
10522
32683
34287
18942
40143
50143
56643
56851
64659
52832
11369
27663
39952
54152
9175
30713
54251
9517
33771
48491
63058
63152
9528
45645
26019
30482
51289
8936
8736
38215
4836
4855
8780
22140
65219
14057
47872
20008
35726
51224
33743
64555
13192
46878
40718
22085
36714
2503
32930
6582
24119
25421
21891
32432
17444
4671
53832
29423
35859
21675
18276
17343
42713
56961
14113
21266
6909
27865
12873
40686
8743
10648
17958
28099
11399
44811
40856
39941
56028
60774
38870
20279
1367
45674
60791
18037
12680
55664
52234
20839
39215
22904
24153
7629
37561
37981
30024
34851
3195
15788
20330
40296
17915
53568
4071
50410
41681
14802
9288
10543
16413
26873
53382
11124
38693
26612
14965
32391
16819
43556
54544
44684
52678
8313
14978
59054
47768
28691
53592
16517
19369
38155
22236
49948
65304
30053
22865
45454
9923
60142
64369
14016
32362
59088
39347
63985
10508
52415
12712
40389
24085
20224
1895
19000
20426
62932
37525
47412
42152
27129
12766
24603
34318
55251
42187
63111
28564
64455
19329
48488
37627
15047
49867
15429
58608
45508
41844
27081
16510
13446
51847
40514
11852
39909
53527
27819
16816
46105
18041
46883
50399
8176
64049
47569
62469
5111
58268
20213
25337
1524
36302
43279
40747
23680
45180
10638
13174
15026
19876
25236
24814
15680
54944
17928
8219
62376
10384
49665
634
42455
29176
17767
9651
16585
43469
26692
14487
6235
44682
9927
6206
29374
27611
55450
9619
50978
64390
26185
31468
48784
17511
26048
48895
57361
38552
28626
35351
55998
58106
62096
20563
16693
27792
43366
13864
27443
9587
49067
42227
25589
8137
57122
13524
28539
24462
8512
48907
33313
52818
25634
10883
4332
5326
49950
30224
49655
37027
24061
57495
27653
54042
42627
57358
43668
44050
25345
56684
51130
59880
38384
1783
43971
22611
3806
28206
58392
44667
57396
1598
26824
49563
43548
18388
19505
9654
65240
9875
55937
56088
32800
158
54635
9599
31305
49865
8195
4441
17055
52593
10420
48508
46108
17626
28815
57990
37017
30848
42213
50312
53916
15831
8973
61746
25552
43526
64865
27014
22563
30349
32986
38302
29201
28134
42675
611
19826
29377
13400
41190
60861
30112
10535
10915
32532
9023
61502
57758
2892
54366
16972
10832
28418
54201
50614
25596
35303
20258
46030
16567
7042
26047
40556
41118
4594
47442
55399
27728
56490
10538
3610
18005
28505
3265
26197
35709
18610
35282
26392
49392
7745
14352
13932
51284
52935
7841
64373
50105
49757
36725
9600
55042
64539
36040
51448
37126
52869
49638
8475
20227
36055
10637
43491
10833
36700
19326
60261
41072
12001
7004
14496
37127
53777
27797
1301
7674
42367
16121
19159
23276
19544
14070
53125
26722
31168
61950
26803
27671
10907
47547
5144
28589
6645
50077
57509
45147
49427
27132
50586
53754
55097
48289
46607
62263
4537
61474
8715
8705
12347
13316
23328
2747
41615
51187
52725
26271
11774
48960
43575
59657
54338
11928
16526
15013
24296
33991
44779
43573
25670
27840
16830
24050
63271
4193
5846
22707
30815
33181
18587
61420
48588
43040
61551
12358
38955
15418
59384
33979
16713
24727
19157
53117
20553
61612
4183
55211
37108
46074
5337
27592
40085
47045
45403
28752
21690
59664
39285
51358
41941
42710
43962
27876
62062
7746
19554
26528
61882
45560
44725
30564
50434
51527
592
2397
23767
14318
55154
65052
41589
62240
20203
30936
44785
33501
47549
39222
5508
10650
97
44585
18176
5154
59296
44919
43124
30230
21859
33557
38469
53653
52195
34533
38653
41771
47101
52419
49267
53850
42318
25124
49838
19627
39763
1841
61642
16277
6953
39439
24955
46938
16010
26414
53845
24174
3463
61799
37694
46388
45054
52771
43636
5849
56796
40147
64969
11849
48116
57566
49946
60445
26647
42083
39669
57761
39146
36909
25936
37848
36458
11274
50496
50359
42319
26095
33091
21535
27062
64159
52732
51918
54161
39086
50886
12877
4795
52370
1217
60198
8877
11128
25255
28119
8128
20101
34017
48190
61459
7501
60212
58600
10235
64134
32279
9736
25004
46205
44549
183
42067
38231
51838
39183
28201
541
50603
38025
38026
60184
35177
64165
58991
45310
46876
28026
53232
39538
9749
39777
52377
44503
7661
44165
22235
56665
20565
57520
48577
36887
2173
41268
46564
60264
49283
39877
1528
27633
31385
14896
46412
26869
46740
19997
11686
1823
17200
27821
65101
55070
58627
40986
27644
51129
8907
1679
17739
55550
59487
17830
56401
46608
30551
4773
52426
49607
17395
9388
30275
33704
61162
27827
18198
53719
61182
44655
55200
56507
32018
58480
41446
1273
35363
52834
9783
1855
55077
54248
58769
31376
8761
45781
21638
14033
50609
32254
21925
31593
15100
61841
23070
28289
36208
2661
35409
6893
19976
18832
41241
2596
5025
52531
50102
20793
16225
14799
62738
45442
25200
48518
23601
34166
16568
29437
42027
17824
31477
2231
34708
22564
16960
9151
64264
15460
43207
9031
44665
36871
21668
58005
23384
63681
51098
15940
12855
51113
49270
1901
65233
52820
59276
29198
27171
11135
35866
34284
62548
214
90
3665
9000
13877
42273
6198
6696
43283
40605
37390
13865
16998
4908
37318
19259
5367
47854
51326
33478
42362
3104
43904
60458
15993
52769
32577
40236
110
42576
18086
10730
57897
2731
3706
39008
1116
44024
32394
39613
31023
15463
10682
35241
34487
13455
18849
20996
10240
4641
31834
34249
5773
46913
60127
44674
49685
16942
41548
2241
51535
38853
32973
34771
55034
10651
39383
23548
16493
55104
43822
58254
802
48559
31051
57933
7650
6682
62846
13616
16787
17569
46752
62094
60901
61939
20840
40475
60187
43156
17643
2863
28064
63107
10584
6919
37987
51594
19809
54367
24848
36744
44632
28320
34843
35468
64104
38578
60784
46106
280
55329
36019
1536
23836
27324
62321
10750
25538
43402
52235
1703
14122
44073
16416
38761
56156
33113
55030
30999
39795
725
25291
7593
44314
30302
3597
12125
55216
14387
53800
4559
13656
17992
4236
7436
28888
42143
27836
29708
17213
41070
50655
29687
2229
50725
47453
1373
23704
42667
11896
11396
19111
62535
35463
761
20129
29060
52565
26134
34955
48732
44595
13363
41622
44786
9585
18864
29167
44256
7814
64224
38574
56967
50007
54260
45474
716
33665
62866
29106
6729
44887
8572
15631
22636
35562
57094
64987
24546
41987
42932
30012
3535
34470
49890
61596
4047
8699
25173
12556
55342
42998
11419
42903
53432
44402
14269
50236
17077
4224
48716
9229
2771
51602
49334
14426
61918
40998
54809
22523
13623
39204
62591
54700
364
10169
50958
36418
51921
37644
22493
14438
53327
61788
22303
21983
60763
1827
20206
26983
55911
50568
25002
53350
33983
19502
40108
37781
23014
18177
21537
31322
51329
3292
32032
47557
5869
38344
14561
61125
6373
29316
63128
44362
5291
17634
64740
24359
20423
19099
8777
2975
59015
6359
60855
7728
4385
13357
28575
45121
15548
62099
17407
24555
43426
1567
32336
934
6471
55132
65274
14000
15407
40252
54796
10852
31688
7950
36731
9470
9200
45205
43133
36046
22598
19299
54863
44972
7255
35655
13964
61992
595
30729
32935
41148
28096
21502
38160
7954
2382
3383
22491
30552
63496
38182
62374
22105
47943
2380
50830
10952
41530
25194
32303
5509
41369
36715
61919
46216
45261
1680
24956
43925
55928
47452
35064
41023
39432
48502
43340
45038
6116
35110
52731
60863
31597
49741
23813
64907
21237
36617
39255
62192
42101
17305
19795
7872
15699
58306
45089
50705
5207
51455
21301
11368
40691
62698
2614
24395
49033
28546
38800
23447
60963
50882
40288
59811
24760
24438
24098
37164
29225
10028
31292
42812
35868
39797
63881
21968
41797
23897
806
31787
55779
14915
56613
56453
35779
63303
56262
41922
45290
23817
21218
43063
16610
36943
8485
36026
34464
42605
58910
35371
1559
53337
63576
12428
41734
30215
50792
40553
54684
22164
4965
5245
22918
64716
53770
36523
18079
42081
25864
34876
47868
58617
34886
64754
46245
61380
16432
65368
19309
55870
15118
43804
9874
20766
2659
10585
56816
3833
60392
34123
41440
14267
21689
47120
27698
48302
33355
25721
33801
1801
50956
27927
25468
31792
31590
30283
37067
17485
2008
41948
46695
9215
14804
50037
11622
16345
57149
1552
9052
15439
40836
20241
24258
18233
9962
41873
4110
12202
34269
61997
21552
34147
17465
45083
63388
47690
21392
2623
62462
42057
11021
28461
51412
47219
36189
42967
58925
36131
35290
49514
51153
65063
50409
46515
48733
50267
56697
22257
13849
19725
14450
26231
31982
32367
39250
36224
40879
6331
45234
17878
40393
32782
59154
52123
61576
60731
38417
64885
18126
9697
22232
38420
45390
56940
28111
21212
15105
25750
3783
27150
60524
16428
14813
57298
16369
16339
10718
25216
33247
34354
1914
4555
7161
36994
37306
1921
53758
32242
60443
5502
48835
57622
65267
59278
4374
57588
50421
27457
15400
19907
20262
4146
2488
48662
20272
29319
33257
18414
55355
40261
22350
39951
49777
36987
30311
56783
1216
49355
57034
6722
48372
26219
17769
9332
58706
49072
522
6001
11377
14623
12670
59231
8773
60771
35286
50460
59099
1751
7756
59056
44056
52115
35963
43290
27349
49163
6323
47149
62117
63431
61978
63649
20935
61154
16965
32933
52359
19356
26856
48827
1919
4545
45142
3486
23679
1920
61439
47991
60433
18622
10860
57626
17394
43704
4378
47915
24986
18763
12615
49068
1797
55090
14853
31998
20299
20194
17205
43823
19726
58879
11814
56487
57886
48261
25466
14449
21154
61385
4862
65162
23904
61457
65212
25498
62419
4527
39979
57712
28860
46982
16483
41054
30933
61659
43056
41699
5835
27750
45501
60912
48540
32616
55969
52262
33375
61251
35016
31914
47636
30784
48329
62867
24998
9347
17117
37724
39754
26244
30624
3465
65521
18434
46694
24259
18453
42566
40712
37423
31933
5832
44421
32130
62991
35252
8739
55377
15774
26999
42703
36339
4844
52580
11835
61553
50854
8269
7454
5150
39582
52379
9706
12011
4964
29162
47347
48958
54742
61683
59707
1696
37347
27459
14624
22914
57652
55930
5715
59283
41059
52142
42661
50806
8781
11965
17003
16744
52093
14674
5355
25615
28326
43928
2607
29403
54356
62266
13246
34587
1950
63974
15527
56562
980
2957
31437
21409
24610
44011
49794
54469
60862
8028
60631
16366
24579
17782
35989
13900
40097
56495
547
28396
37690
53655
796
9145
22174
44540
50581
43221
4880
18287
18825
37837
18199
11802
41930
41897
9593
56313
51232
54649
3959
59659
36853
928
1437
48930
52286
60620
10444
2992
46448
13116
56073
52916
31717
50398
17019
61028
41724
39962
11291
39392
74
47482
49856
17382
9673
39267
4124
51198
58144
33774
6370
25659
46794
16619
49232
26608
15452
37727
50360
60340
8463
38434
3126
57288
25059
1160
21393
24144
54411
43138
24830
15184
48078
19828
28613
11058
55367
30266
37794
8582
56555
8587
62817
823
45888
581
7517
40869
22434
51089
47086
7130
58198
8900
6575
35148
57675
345
32172
14120
14299
36654
6877
32748
16957
6344
2781
25157
29961
57827
61954
17123
44860
50938
15672
18536
1744
57451
63467
64352
57291
33620
11371
37725
57179
19109
8508
15179
13352
57115
19652
8436
39736
8469
20138
50626
41592
41360
62119
41391
10547
28720
5425
61534
56622
44414
23094
11611
6421
33657
27943
13601
9771
29349
39706
14699
26340
35170
27570
19879
57826
48028
27823
3566
27219
25343
22454
33089
39549
63676
4666
46525
49148
14205
878
13111
16019
49311
24819
3615
27374
58248
6935
6940
58108
58970
2866
5924
9670
59225
17198
23646
22151
45071
5631
50948
45517
47189
34422
20581
58318
44584
5890
45659
25107
23784
20544
21107
30935
43662
17963
21591
63204
28357
52729
42195
53924
24743
21587
42587
26383
60464
24991
45157
35377
17923
49409
9916
9254
32
2179
26998
13064
9259
61333
18730
24701
24679
8550
24001
63286
53749
43269
48754
7945
9464
35943
14812
26661
20409
30622
36214
10829
13003
44191
55218
47458
57480
2712
29955
19963
27264
23375
38268
29363
59776
21640
49694
31470
46763
57954
20098
9311
58201
48896
25349
55255
64324
55351
24586
35314
36663
44413
32949
10142
24384
50763
24117
63944
60439
8557
4703
44761
31175
39659
22996
15432
57935
65171
31190
36546
1649
46154
891
2591
5189
42372
620
8396
27253
13557
11146
8992
38219
13458
14027
54023
34413
61793
47759
60881
8951
36578
42832
5452
45525
4244
40883
54939
525
52503
1775
32131
37715
30544
5295
24849
37630
55454
15402
39031
34042
4807
39648
21046
18684
3543
31428
33937
60077
33334
26640
63508
48120
28496
14159
60272
55555
6712
41946
35610
49061
312
58780
46817
31274
23322
28716
15682
26664
227
26506
52615
15282
5199
28137
19396
45207
2997
15517
59624
49002
11724
7605
23139
32385
15077
38051
29083
48400
4318
30274
51591
53911
39206
9324
28101
11577
49613
41476
15486
57251
39467
54952
46929
50548
61465
52893
12032
6721
54230
12427
10838
38412
30258
5516
41665
27208
40482
45311
16607
40744
37803
23532
11503
11859
31163
21350
5010
40013
1573
34544
16891
27712
56329
32293
5864
23715
7663
35865
52469
62079
10500
658
12126
26334
33949
6631
30225
10963
14314
9637
35621
16101
60186
57695
26638
53634
36570
45417
36438
14472
5451
30170
11675
61658
9847
41141
15315
56604
59187
13842
11334
22748
19053
26303
10815
10610
8559
23122
41326
39958
29804
42959
16524
3008
14015
21789
45658
56186
64259
48394
3088
62504
14556
12944
54400
46917
7077
39831
8963
52635
3976
31643
57808
2610
5035
46231
13300
6180
62518
51614
40563
22706
34377
26673
36118
1299
33750
13870
37942
34256
18879
15509
20065
58022
58820
40073
17219
28555
24741
18919
26483
287
50321
44349
18132
59060
16190
27480
40898
48266
49594
2918
49279
10108
50934
31394
34217
53557
62674
40262
42518
39075
50476
57928
9091
51597
54244
44151
41205
38426
31493
8619
48434
29034
64360
4813
53967
63848
57647
6026
24989
40745
49699
40953
8953
63446
42176
8958
39727
30962
51
58336
61022
57500
9131
11865
19487
16222
65257
51714
57629
31810
57058
57851
48208
21997
55490
48401
52107
15556
60380
1660
15932
5718
52163
39386
5321
36993
11031
24841
38633
2925
26070
47167
39683
17564
5027
5157
32031
3262
142
47106
12993
45755
25292
52663
31967
8882
11974
63087
20020
15933
44137
43512
56098
59930
61208
35800
35690
9999
38470
40093
47546
24845
17633
7797
44871
49152
17483
16560
61943
31637
1804
26150
32315
19283
52541
47037
11857
29336
40042
47805
6223
31566
43308
17933
61682
28250
50613
52494
60141
52816
10087
5493
12113
14231
62202
30282
28315
25807
19408
3896
26780
12770
42540
32309
65054
1891
56194
28401
48433
15984
2136
2859
2349
17057
38586
50660
12550
50947
62014
23036
32982
4010
3500
8547
60351
8554
40287
1860
6520
36986
59751
48974
11890
29042
16648
37116
62341
51631
60480
48673
11553
7664
6771
8445
35819
54890
40901
55863
13482
30110
24386
31325
55173
49830
13839
18214
30673
12463
10897
31463
52581
41099
38687
50245
46179
11130
38476
56589
64807
14257
14161
5332
429
51571
45130
59406
64562
56886
40461
3124
40589
34202
15807
55033
12227
35542
59442
43719
7671
55547
38082
20304
30960
17526
35193
37119
33827
61673
38424
40119
25934
52407
51854
30104
11940
52853
52104
17621
28063
23327
34371
5370
49941
40311
51816
43323
5676
15398
50330
41824
9303
65153
10091
61445
57846
35518
43301
46495
24862
52145
63067
53053
15247
36337
50890
426
15089
15143
7085
15945
33293
49846
56189
29584
46306
27309
11013
10819
8812
44278
61710
45024
24815
25935
63488
15684
14178
12726
43024
2148
30967
25142
10298
62042
10297
16388
8698
12906
42878
65163
64761
28838
54946
29777
22482
7893
22578
12592
35510
46166
39189
62386
12162
45057
54117
12423
64406
63515
16039
45219
21198
5943
118
22137
37453
43311
16794
8726
63148
34332
58080
11692
35495
61217
61391
57465
1448
46635
48013
1398
6989
26281
34527
18507
35812
360
52677
58689
8420
2249
40782
21821
46736
41427
31646
26161
63838
39325
22047
50939
3750
9123
57732
31093
30922
7474
56582
14620
40610
623
21787
14075
20950
26751
27339
11319
26994
8118
30122
27376
35068
40545
1452
13863
24731
11311
18502
3269
64906
5099
3199
6119
4906
23818
35312
39680
43052
58544
14844
52236
17318
6159
60756
18514
33128
14320
60937
55784
46860
54893
54685
55263
25160
19007
58413
49956
21671
26605
55658
61876
49668
17875
18249
29726
31843
54139
14165
62003
38463
48634
8599
63693
43158
9506
61656
52013
1358
929
30983
54889
55710
63023
65364
53192
3444
31610
53227
21818
44553
21770
60205
13264
41309
9187
38871
30796
5534
740
28364
51117
57885
1144
62564
16309
60643
42909
42814
15394
51861
1
16248
14315
16258
51280
31115
39823
25801
1089
31686
38936
30325
49989
57205
46008
15673
21969
18342
41358
5888
23868
10597
12802
40624
46084
22562
33777
14611
51721
61108
37055
42109
34490
12805
12353
32892
39885
11668
14698
62219
13899
29626
41132
62899
59365
11568
265
30393
32234
32830
21457
62815
29987
44742
45780
629
4016
30099
37714
14545
19801
62781
19630
7187
32584
24686
25430
44933
17201
63557
27702
12140
40015
36490
22065
54813
16519
51905
995
17012
36534
55149
12724
53677
38389
61715
30703
7071
64521
14960
56017
999
29628
23045
64826
37887
54792
62744
2640
15775
39416
63883
28799
21650
23164
48543
8249
55390
57730
62384
17506
26549
50838
47993
344
4246
40499
46807
14750
64636
1652
53051
31284
62471
57055
2346
55934
29501
13884
51539
61619
21007
37993
54436
18294
61925
17080
43508
22950
51413
100
11832
58395
40795
40862
41687
14055
31335
7435
4351
16689
57018
62706
24951
43893
22906
58227
55678
64128
49829
47154
37066
54720
7430
44939
28693
51288
38959
2409
3003
24629
37202
28500
50914
35862
43035
43227
19095
42567
65188
26520
16230
5317
55419
4303
16723
10375
34213
50502
10320
26980
38329
2365
40925
47660
22601
22566
13024
8583
12510
9475
35342
52422
42224
58438
51132
50824
11828
29727
49679
7706
25253
22436
52838
56164
54982
19856
6076
35894
56426
41574
29751
17678
14625
58484
32407
10295
31898
27534
7700
27678
24518
30310
60201
61187
45152
23312
8627
20900
37948
32064
11813
10153
32690
40587
17865
37431
63206
45662
64724
22876
58577
2569
57472
3001
7846
37522
2905
24503
10342
65439
29647
15542
55346
19530
30458
42840
56116
42569
31958
64671
38321
29215
34508
6456
33686
49827
61179
3850
21496
22258
18457
64832
64020
56472
1103
26978
65018
23361
16775
54309
6993
28141
38788
15445
12704
1173
50713
62220
26362
12114
15817
45167
12762
44557
44192
57177
7894
13481
6405
4009
50445
17712
13290
2186
19617
5750
23175
13468
45533
60043
30420
65000
26083
49196
21334
22944
49537
59873
5899
46130
22538
27433
3343
23664
27817
14361
52492
25457
24796
36685
7112
11838
26546
52122
18106
36291
28661
4760
43778
32062
24058
56872
60761
55256
28674
65372
4037
40854
84
9418
49421
17665
55460
16082
31951
45608
18351
55805
9799
49420
45069
15755
8567
31018
12424
64790
34977
64648
27649
10225
18601
26465
44130
2159
11688
63987
22210
33765
48395
16783
21799
17684
17442
14380
6134
14558
19798
6101
52049
61577
15990
32815
18305
32965
10117
36675
28573
29026
44815
64538
63075
51647
17023
56297
13555
6247
58835
7017
55348
44679
38859
33182
44767
52792
51046
24773
2483
46300
365
5174
51536
38846
26964
55529
63732
53737
39974
34459
43249
62500
45901
14312
10262
25724
41717
19934
50757
56716
65098
2131
16153
54135
10894
57141
1168
64995
31635
59389
5984
48388
62842
63633
9256
57303
61104
14612
5078
59909
61071
55603
28204
17596
16246
23944
64851
40198
828
28058
15088
34632
12168
30341
54033
44938
15060
64015
42603
58358
20087
26435
13417
64246
20381
58598
17408
35461
20623
31985
3370
38269
32483
31501
39457
54345
44982
7723
37003
3637
4013
698
10903
16799
18153
777
48823
23064
34816
34196
25169
57302
52053
29091
18866
44963
33836
56431
27498
56287
44475
17947
54573
26325
57838
15232
22069
31063
15499
33726
12248
33011
53205
47186
58185
20377
48729
53771
1064
43871
39791
11643
10472
36755
48254
17803
48892
36408
42304
23620
21523
57093
56443
63135
7826
7777
44344
25543
17017
23352
4613
511
6837
47891
62531
1915
45794
6209
1641
7787
11565
29795
59045
2783
18131
61639
38567
26721
3967
25568
17896
50056
18920
6140
608
4310
61933
21728
2420
27503
26550
37530
54990
65291
53573
34600
34885
32304
5953
55641
47206
2235
30921
61066
38906
40480
3042
58134
29481
64559
19819
13668
31679
28562
23945
33121
19750
15882
31791
50481
34499
28131
17097
10145
26323
4073
45163
36796
17292
35612
13919
24486
49184
36997
43985
12132
33083
48171
46814
17490
24224
10353
13747
38579
16518
54130
2057
4780
24894
37182
20504
22004
5792
1663
64160
45199
14090
39579
60031
19843
9536
31718
6903
10967
46615
51233
57944
21982
62055
24205
15359
38033
63585
21676
32027
11513
34330
35742
62187
41207
39088
44275
65447
38831
54528
30739
47119
43735
59722
8474
8222
37927
54764
51696
7245
44037
27332
17884
20326
47011
29127
54420
267
38487
15265
9559
35937
480
36894
44961
40369
45097
46139
57915
11760
41024
60054
29310
13574
4402
36434
53185
65183
51887
59017
12204
38928
45285
36132
48386
25582
58292
17658
15835
14425
56505
60865
57902
39766
23633
9766
35718
21232
44669
45986
13315
57867
30572
33235
52936
11523
34960
6501
64356
2967
11115
37246
58147
10606
11957
10022
20287
15602
16443
10139
45784
32999
55666
43667
58267
60622
14706
13912
49973
53951
17574
58890
36419
60874
42539
62955
49649
47637
49698
19594
63697
57578
57991
25490
49573
3536
12628
9825
43945
48578
62821
5356
31656
25005
38375
22637
9870
40743
58698
36514
19608
33555
25657
60288
39559
14519
32672
18818
20673
26979
4979
955
64903
12948
35885
49672
60384
25262
1227
46800
36179
55568
44065
37080
1431
5412
64911
4287
33016
31269
23292
38035
52212
41345
44204
52164
43939
9628
41031
33075
21040
27584
54477
4508
23678
34295
64120
26247
54381
16937
11674
51560
49440
46898
52477
15059
46833
8602
44670
13831
50832
57214
21383
59938
55909
59011
53617
64325
40249
36336
35921
2684
11109
55826
28052
47852
1378
45168
1689
61338
15975
29210
56739
27954
57365
57514
48181
12720
23788
55308
18850
35994
19006
62185
48607
815
11298
39990
54108
22296
43759
21810
23475
21677
59612
61591
21556
17222
47118
24226
27072
37143
24126
34038
10041
22217
18782
46696
48296
36197
37367
62423
39276
23216
42383
47271
6600
41178
12791
55671
44426
17771
13295
59834
46110
39503
41236
61013
9523
38834
35547
26227
65114
10937
37316
21760
63344
64478
49673
64195
12344
15166
28319
8008
23145
36724
58585
24341
2555
28662
23108
47160
6416
24090
50291
38839
46290
39660
59450
40228
62274
36885
27657
65363
64255
29957
2951
7446
4946
38537
36095
13292
21865
21092
40189
53680
15087
17513
36547
54874
23933
50163
4153
49913
61470
64210
46634
63301
35485
64649
38252
47670
21001
19367
62049
8859
18795
34719
50028
39333
33748
4825
28771
34251
13236
60242
11045
31420
22825
33002
58219
5785
55394
19110
21053
4083
62789
36116
47751
59197
59413
1996
13544
28444
54335
59875
38377
55796
1946
26609
4842
37786
40885
43580
8172
34602
63121
19857
48965
37110
20709
61771
46595
38990
35703
59786
61852
4566
21606
225
10426
2374
58047
1375
8151
65111
1354
9589
26702
59783
16825
39611
45633
9417
4790
59860
10062
62446
35236
37014
14876
62824
59360
14835
52537
60909
29632
49589
60718
31525
13180
62059
55145
61087
58394
23703
43953
17857
43193
35424
52871
44567
6437
62125
33424
39282
64480
63021
39623
38431
14980
15797
33844
26232
6562
21566
23978
9817
23849
5275
5871
42845
6804
40488
10572
22932
22946
36770
13279
23520
59052
7242
42489
60798
11259
45756
10437
48853
10949
24177
60435
39261
41526
52906
36329
57325
16899
40804
3844
6834
22138
4693
26349
57757
41975
12455
57504
44321
21516
19065
41564
37995
33980
26995
43565
60162
41764
1098
16695
15264
37244
20073
41760
24307
45336
54876
47015
19398
8418
191
8967
54489
42823
34940
64841
4858
3144
17072
50829
45969
3723
48160
28165
19458
9367
24352
21686
45110
11391
45250
19269
28955
27734
40317
52138
40918
12137
49229
39735
27737
4070
55650
45561
57911
54110
51628
27996
45047
52578
49713
16855
5873
40273
51697
19119
22315
4749
56945
49237
41676
56396
29601
53619
65108
2153
57824
29246
19524
50649
52716
33204
59709
10383
5554
22588
32444
41487
55307
42500
5029
34346
224
14587
27407
19785
32268
4174
33358
10752
42972
3638
41007
36736
25381
53622
53328
65049
2807
40003
59878
52143
34235
25265
65472
35597
58222
52216
36702
42625
54600
20252
64139
1154
24734
41442
50607
19293
30074
53166
49238
30429
40931
12022
16751
24071
49733
42146
41104
41323
37640
4672
47419
37980
28244
12616
44732
34519
35106
17805
2539
53930
25904
50507
16463
58378
41277
25905
45505
18092
64831
31853
40698
64643
17858
1787
63863
14633
65043
33608
41474
6507
25844
9682
53988
5537
22685
32154
30717
30374
37008
14454
36916
50849
64052
27022
12662
35458
59009
15736
39741
46313
57284
29470
35119
57113
55986
22902
35442
52273
20447
9768
33286
50273
10430
64206
59621
59447
58331
55094
33540
58129
8080
21424
15621
1284
35536
12957
21439
41224
65039
30303
2870
18330
13943
21122
33295
31529
57261
64065
65035
29886
18161
30616
15271
15983
47457
19422
17730
58510
58483
41733
12449
23246
62166
19723
49959
45778
48593
49448
11222
9582
6424
35604
25829
17676
21187
20375
37191
60493
62612
60989
12663
38991
23962
6846
50474
5288
46182
62387
37896
16716
25106
4391
5678
7059
28097
46924
29986
38517
17616
19382
10866
52345
6668
27921
38802
47129
5532
35898
55430
41986
49407
27511
33589
46295
33168
34593
62484
42637
55865
12238
57971
19244
27846
31259
19019
30456
50703
17387
57781
38331
32296
39959
16888
40056
4354
24859
42156
12619
54138
26413
30966
50877
10931
65206
12643
9564
28872
1423
38381
59051
52845
43951
24487
20899
4572
28587
18906
35881
7383
6882
24535
43732
45349
26827
19146
16181
18221
5349
5062
666
24425
22848
29574
38404
52137
23185
52517
21995
2890
15393
35749
51420
60420
21806
28175
23957
55276
34773
3487
44823
39847
61782
46183
52556
19015
19903
17164
38227
14695
16232
60312
45877
57016
34820
24762
37520
54206
54830
34740
41867
36486
32773
44636
57089
55729
56616
58635
1183
36645
19432
51286
10242
6957
52022
31425
19986
54418
37641
64322
16848
58545
43831
55284
19148
26665
25140
8233
6868
19042
51425
59863
64623
19664
59336
60217
54496
8539
1828
61038
15863
56258
31740
41124
58160
54395
10140
12571
32043
16166
47349
19756
2288
11261
35955
44946
47529
9885
57168
13015
49960
13670
45485
4190
5900
13441
1198
12655
40004
57129
63406
34366
48597
4163
36989
50030
16542
6787
52672
19199
25261
41475
34365
43760
60030
31865
40870
22606
57988
34755
55551
15444
13272
63526
22547
65038
4079
34152
45545
36897
33283
10285
20302
23953
47576
34898
10795
24255
36652
19012
47680
24064
26109
32239
33129
51543
36057
1974
5026
37005
29562
36054
49900
31110
44035
63074
11939
59237
58333
52759
18844
64281
6242
34232
63817
29922
60350
31537
32746
49654
41931
44069
41018
61787
15012
62296
9105
23649
58857
38060
21490
23709
14578
54337
47295
62041
26893
39114
15728
51137
45926
9341
23425
25797
38820
43561
19494
43225
39526
6141
48016
14857
47932
31770
53615
55178
4584
36608
22064
37875
55092
36720
22387
36367
41884
7953
35765
15563
43536
20836
25149
55071
32331
36352
29453
40769
28332
28548
33727
38856
46454
15042
29345
28960
16156
27125
53676
2041
49662
32635
53258
4063
48328
28005
12844
2609
48202
7718
60172
18641
36178
16484
64878
35587
45675
61476
22622
37438
51260
57427
8217
39227
48048
56804
30988
6916
48379
13202
39358
22370
40689
27731
52090
2956
55772
64211
35315
34299
58006
49646
55977
34736
3925
64451
51822
7758
57984
31607
52950
37093
33812
1412
11847
22831
44361
14807
34025
38939
8562
42794
55273
16306
54452
18745
51747
56359
63391
53405
50203
20953
25974
25726
35164
48220
45339
21248
19086
15397
39936
36052
56988
17415
4669
16821
21263
26570
50043
48653
23202
6299
60894
18047
49923
59977
6638
25309
15281
30725
18134
16090
17810
22012
57446
16732
33822
55599
10842
39530
52404
36794
51812
22929
34568
24261
57832
18185
12827
47719
19901
20665
26800
23652
5458
64849
34326
33124
53572
35144
33712
56980
23657
38522
10195
28218
50848
47784
56200
64814
21442
5109
39811
55152
13548
32114
62788
17790
14192
7915
58339
49695
34061
21020
40800
49157
23187
60828
23321
61461
44507
51555
17300
10765
20796
36451
33838
52410
40996
13303
39671
5076
56841
30277
28557
51868
4832
21594
530
49085
26720
19881
3106
37634
10289
9683
52280
29798
43799
1041
44231
28445
61585
21804
20645
49942
62169
8387
39058
29354
40990
63192
5680
19701
18591
9015
49123
3529
53369
64497
9124
57764
47424
30930
54860
52514
10553
48871
49260
38634
163
17381
6401
10850
50777
53537
50156
35172
42871
9319
65425
20652
10300
62910
3540
25320
16916
64467
37604
21160
27863
27280
1513
5395
37582
65008
33479
8570
9666
3259
61423
23512
12190
53465
8354
3939
6309
10914
4824
1594
16399
860
54463
50467
58767
2267
7544
42124
51767
58994
21848
38453
2183
32033
58699
17764
7353
35699
35474
28784
50975
47460
41743
26648
57662
6532
1584
1293
41971
63572
61334
19898
28643
46246
64290
42277
46305
18155
17009
51779
16505
49408
2339
23545
39514
27902
17373
17470
41614
51052
40208
49623
16209
14916
1112
27133
41965
4428
42149
13723
7257
28214
39838
40339
58329
53259
31399
61583
62729
35264
38072
34507
33391
65239
6592
11073
42060
24399
46219
6781
28709
51340
7788
3405
10546
11709
47254
16263
48200
11370
41545
29475
38406
61721
25810
47821
13516
5182
17946
65013
12498
47270
9813
21679
38218
50673
56354
30135
43697
30916
53903
60755
48715
55518
35540
22341
12212
8893
45090
13764
25665
40581
26736
47223
2355
29144
17844
2105
40584
1313
2985
23061
22271
2001
37934
59555
43970
17089
49185
24768
45377
41161
38584
45411
49555
56868
7556
11359
22987
63851
50798
6064
24080
39050
29318
1760
20506
41583
14144
25276
13795
21612
44505
30064
17143
11547
59605
8455
57538
14928
4352
60744
26165
17148
9122
41670
9314
6098
44916
11002
41116
61818
60807
11626
52474
1007
36964
28807
5658
37268
52770
28808
62367
9735
24416
64185
14239
58379
40368
12120
61009
2003
24127
28066
5673
57950
21565
30648
22317
7168
65337
2454
5918
12595
38708
42512
27131
45407
52304
15747
58081
54887
8014
33770
41509
33552
41945
25537
54721
7463
11583
6975
61884
7349
37372
18345
20501
45016
45350
43386
48558
3897
56053
31059
8610
29123
24428
6157
53180
18077
43216
39710
10640
12843
51974
5567
11429
16354
40080
22783
22126
19672
32291
1820
2641
16601
56499
22600
54521
65256
52270
9831
3222
1447
41937
53892
20471
49467
16216
5588
30749
14950
50293
56524
11723
34233
42045
3686
28436
6189
4921
39534
8107
10081
33562
18751
52272
34981
14929
47841
38110
49632
30943
18392
6317
29673
62690
10217
31088
64017
13591
5112
35719
79
18105
12440
3349
30655
12810
24366
39587
6062
26887
53055
5563
14907
5939
59443
47036
27037
4093
18455
62238
47942
48855
14994
47616
8156
19769
54904
43717
58906
6633
7903
29910
44704
3826
6880
48805
13404
38491
5823
10249
27098
41478
41366
54062
52676
32219
3275
43071
52697
52607
12309
62158
12395
2204
59524
13895
29404
20742
16844
55691
59404
64707
42501
20763
59005
39056
22732
17136
16152
40400
15713
58996
54369
64886
1388
13157
20617
21554
30189
20126
24228
18213
53762
12668
17948
37259
7308
19209
36053
59893
39839
6748
25990
5023
64492
21444
60708
45985
57148
32903
2996
29596
14500
10827
46640
53914
14887
35395
4627
60107
30695
19076
22623
14103
45080
13560
26283
2237
39935
64412
23692
12111
23435
5754
4763
8096
7784
13438
54694
9159
47904
49717
4616
51435
23136
37385
27703
36922
6929
38852
8706
17028
26022
2308
41785
14358
30832
59867
44298
3522
51935
14723
49128
566
1716
25849
16755
63305
24781
54837
44766
31495
21119
29918
20712
6491
44033
37579
35544
33976
63039
61227
27651
16943
6445
51542
65347
55862
30727
61774
15926
49261
39137
53962
22097
53046
49678
13823
38127
30899
15824
62951
49170
37544
51694
52699
57343
54144
9775
48861
14544
50172
47279
34069
52650
16254
44184
27071
63522
44144
10616
26171
17870
29103
43837
8081
17750
21519
44109
5865
34324
63567
12707
54923
44081
22714
10863
50672
424
23857
25856
52448
24409
65033
57576
24639
10352
10773
49189
62188
35077
31131
64364
30520
62244
57483
63051
15119
63017
64225
3674
63257
3471
64516
27652
55728
24313
62213
15491
47111
23436
27222
65025
32639
2876
60922
5381
34072
17859
51304
48625
40577
14927
42999
236
50432
10529
65456
42495
56950
42306
39387
44656
55601
3389
3528
50230
26258
45427
33883
16558
19535
18805
9902
24406
29029
51227
55563
61960
5469
61173
61266
57456
34889
48119
21737
10859
23941
53675
37497
36297
18944
47202
6114
50155
27396
54293
35636
37906
61142
14586
36785
57864
722
5071
50482
22090
28431
59287
21513
58692
7046
59618
63744
42647
12727
37580
46523
15214
58233
3464
9533
1832
37900
59312
5156
41181
7082
64311
36463
2875
9381
35780
62004
13095
47046
33697
17586
40183
46820
21661
62175
40114
23223
23228
43501
29862
54871
44959
3483
24160
44956
59188
53583
42468
3994
16057
37673
42288
30176
18785
16996
33233
37124
29132
27660
29582
38148
57922
8281
60814
62170
45225
2977
37501
50161
62229
24875
8532
45915
32572
35152
31145
4757
49812
30594
45982
17325
20190
5880
1527
58759
36482
58405
29813
12410
25035
278
65251
9928
33408
38320
9476
5202
24137
20158
17425
19775
40630
43376
15307
19962
38061
36212
55029
55979
51755
59557
16714
9273
64922
18262
8167
57063
17358
52047
9201
3916
44942
31102
47338
30886
56120
57201
7458
8691
59852
52043
51409
47322
41322
57604
55494
19125
34094
65341
44869
46757
27185
62434
8881
48365
27360
9521
11549
8171
41206
33519
58176
30545
28826
51859
53302
28343
5531
53483
19764
39687
52284
28227
51707
39307
50475
38943
22196
52351
46457
45700
29659
47192
48177
29944
14829
10432
38408
19752
57856
51691
47521
60090
31840
26027
39836
22869
52109
51328
43420
25897
9351
60199
50657
51630
47741
28491
5485
59855
27551
33384
26404
1881
39197
6451
11217
14245
51964
6508
21208
6596
24168
17214
7143
52932
46451
20175
29348
52571
62288
29301
23293
57267
48479
7724
45504
30063
27709
39907
21878
35082
10462
18621
17867
51915
44009
1614
53280
41188
42154
40652
2324
51372
48953
37851
39072
36543
57459
65148
65216
24079
61039
62165
27798
43694
65202
16984
59921
61135
25911
5540
35602
58563
51087
50382
7322
16195
37271
5363
32322
45491
28060
40456
37967
59877
19817
6902
60325
60048
983
26276
49464
19080
15007
12604
18127
12777
49968
51217
28733
61776
40982
41306
49918
59628
26876
27192
24621
53799
40530
10746
41394
30685
58532
39485
25927
45
31735
64167
45913
39788
38690
56521
20424
23439
27330
25988
7657
31414
16805
14226
4295
39176
41270
45112
35248
35869
1885
33529
4759
12389
35434
55847
10598
36648
15185
56425
64059
24700
33998
32668
45556
29277
39231
29784
4902
37874
17736
32281
34978
13729
47895
13741
57511
28925
21492
62741
15083
26424
39905
44355
24202
15345
61290
62829
45068
44928
36209
7596
29550
34425
3087
19911
30483
4869
23024
56714
28894
30915
60906
37153
26034
16741
44309
57050
31357
11977
42671
12368
26206
49438
33242
16178
46099
49230
12611
44429
39320
48047
64168
35506
3741
63501
26008
65486
46619
31639
13563
28796
5840
40524
31913
32792
3879
10893
64550
47151
53817
7912
55885
33918
34131
35744
32890
34257
48104
35766
12804
3809
10715
35874
56479
2395
12443
20588
10607
14805
44332
35143
64494
3108
62424
60739
6657
47651
45226
21500
7507
49963
40052
22818
49708
41477
26262
16396
41493
31671
36601
55851
62249
39906
9650
11580
6872
16474
41226
49186
5433
62199
9711
49707
12430
17422
41249
3956
17016
24437
44221
51231
17052
52544
63105
9133
63571
30567
64335
12286
52276
61561
45372
49060
49586
26918
29157
29248
50195
42962
52855
53541
49308
53041
36129
40922
54835
60640
14026
42030
63609
26497
61826
1636
10991
24237
18258
26495
24434
31598
65089
53418
39878
25269
35021
9156
20834
14797
34909
55280
7649
35557
34642
34845
17945
61005
32969
12318
17975
32833
37291
32349
23260
46698
5348
36200
42446
19295
57499
60137
53856
45385
27427
2765
35581
61083
4707
83
15462
10065
12772
52548
34244
51093
7836
26793
38569
41155
26314
28346
32261
31781
949
3354
5303
11365
63734
38615
46912
7260
33264
46662
37768
46880
15899
30858
45544
32081
52694
20948
45025
17332
54655
13439
22882
28540
48455
9567
14363
45539
57995
33339
13049
48468
8457
13994
30583
23579
8959
60737
21658
28794
48546
63971
33353
31928
32473
17320
44977
45570
33473
47051
31091
2711
6495
4606
50760
26080
25351
29446
46016
1936
21233
47090
36564
50393
29722
19385
8109
17899
31628
56404
32839
26829
17377
10391
43184
37956
33320
6955
35232
11134
44486
2323
4361
8813
50408
23295
15663
31516
26327
59971
51704
63345
7647
21360
20638
49807
48840
5102
14942
6551
39102
48825
44002
6972
57401
44030
58207
40058
2643
54782
45316
6167
11097
59198
48017
6172
16390
47164
25109
48113
37756
47381
20225
51930
8690
6434
54025
60452
14872
46438
31579
46056
56743
10323
45379
44996
1704
1640
58676
48617
40727
26400
16930
39264
6368
24544
40997
41738
25725
28703
19894
24334
48689
62953
17924
13581
55926
47828
38211
14869
32002
33149
6105
41514
48622
28919
36837
6106
24864
20317
8040
7755
54453
25379
46187
40791
20028
63746
32275
51668
19237
4436
57287
61239
42904
18162
5345
29805
6559
37741
30397
57219
6580
42598
6238
42119
63179
28600
31653
9172
19945
32452
26351
38125
25334
30931
22738
1229
20867
34160
30656
13568
29265
26058
34253
20335
16663
19844
40184
35484
32516
43375
41999
54228
29975
48391
43481
4405
38157
54114
27554
18905
59823
3345
15280
23417
6728
57942
62615
56134
2871
16982
42762
37713
56817
46103
37170
62204
10273
44025
1385
7300
45288
46085
5214
60746
47977
864
7789
5697
6901
11136
31021
50991
40523
10628
9926
3067
50238
3090
38549
41324
52454
23397
54312
13476
57791
9207
51151
62025
34807
26775
36226
36225
44363
20308
5819
6822
26762
27912
9739
30427
23925
51454
23781
36934
45421
20663
52391
52720
7040
46561
49371
59323
43057
3347
59494
35861
63112
60358
16767
64560
16905
43065
47456
40763
18946
39455
2429
51898
5120
15
26051
12268
5685
16331
5055
52196
61575
36088
64957
12287
55126
55075
5932
25604
46654
6233
13785
47979
47383
59685
35747
53521
40790
5276
26069
40449
6395
23346
38134
46632
37146
35797
43265
28533
6227
11003
2250
65532
26298
18042
52898
55804
9253
4890
41269
28553
20824
14757
33890
2425
11979
64971
50232
36549
60686
32647
61269
57651
21033
2891
39630
56286
33590
43749
24279
3507
59479
55832
36444
31300
44286
24068
7601
53620
59480
24123
35916
26062
14351
51057
60715
23761
40334
41579
5204
18618
20615
57264
58455
1927
44473
42768
56139
42624
40494
5040
34310
11720
38599
11866
11942
11949
65191
64705
11446
25791
34087
15237
24204
23782
56692
36128
4953
126
64001
6231
64772
13259
7447
43827
2509
8695
57102
23493
44230
28983
14641
41135
18481
33576
15145
33317
60716
16168
16875
55573
43025
34379
7301
51773
11988
38785
40214
49758
56427
16326
56827
64481
14615
24451
40896
34036
1506
12156
49516
9575
62988
59725
57862
7725
61007
41343
30944
11062
20341
24347
22969
63643
32193
56673
12294
43802
6757
15466
65029
3288
207
48547
18279
52239
16667
28590
37557
24909
49788
33203
49615
48579
56896
19232
22469
62391
58604
43882
27673
8406
22485
43869
38698
42790
35831
1637
19404
80
10947
45158
27182
20568
58880
11226
21590
37849
32567
63700
34205
24412
17239
44274
23406
1105
44970
42300
19167
60270
46214
7580
62702
61293
53672
42400
35820
39644
50885
11157
20762
62532
4464
52662
5364
39947
41365
5218
61274
19407
44465
2144
38216
21151
51758
49809
31742
2624
49182
24504
25218
20537
23448
52355
34965
27659
19450
64827
38360
31012
64919
12747
34045
24270
60973
12860
58720
23370
65172
35056
59592
19426
41415
21344
35734
63412
1521
33962
13241
10347
54365
15588
39147
9221
26186
1224
45209
51027
37635
25679
30474
39515
30350
50815
12280
17129
53292
22974
3100
44743
4830
28472
50921
20819
5330
64228
53152
22639
37273
33724
62921
65502
52091
63195
16447
65060
61006
52913
19447
57976
61598
10754
30870
31684
29749
8661
64003
1008
38895
57418
65499
60251
48170
58253
55360
22800
16272
52911
30964
43002
26055
5460
36676
61090
20085
61535
65149
62074
35978
16672
42459
39899
21960
13123
37169
42136
33653
50582
2730
1204
50851
50927
51520
55187
30617
33997
52506
46228
471
51751
10449
12721
17068
57450
14985
17330
12439
49263
49551
7938
53918
48656
8459
29173
60059
1903
49596
24664
9540
18553
55495
33458
43463
940
4008
35867
46961
21740
41433
28806
30920
52643
24013
33517
52441
51185
60150
54488
62610
23300
40984
5881
43085
67
6264
20313
32856
41211
4713
30531
35067
39592
10418
42799
31778
48627
57363
53446
22965
9457
7384
34779
62686
56653
30425
63502
6706
47241
4165
64475
65457
58573
11619
26644
1874
60626
65398
40280
59467
61277
39234
14101
52117
28621
29102
37457
62036
57340
58597
23369
11323
12825
60012
40194
28070
39308
35816
29990
10187
53957
40144
57899
41485
56319
12848
47519
14163
12476
52968
23197
37844
44156
11281
50040
31114
5504
16824
40759
44658
59658
30191
20875
95
5505
52139
51118
19675
18407
57534
22863
25054
58324
59780
25112
2857
17157
60034
54081
21954
43405
2297
29038
30391
58834
36461
3122
55817
60623
59903
56144
30753
7572
63866
11439
12152
17013
30562
56356
32919
21709
60369
51480
30330
12710
37371
27871
16127
40302
7624
32231
39444
53275
60832
50773
53955
42508
54619
17006
39207
54712
28677
56719
8158
31213
59845
29168
29022
23701
48672
29142
54947
748
24288
54493
29232
12399
19008
29860
17832
52336
24565
62271
63233
35974
52036
59115
44852
57940
21851
59974
61568
25285
57032
4534
5585
42750
38683
15344
16969
14890
3007
42505
59803
45136
38152
18416
43244
58391
11804
1277
58330
65402
24449
32325
27289
60657
8337
38944
16598
62070
21394
47825
57117
12717
42301
20054
2280
28655
38283
43790
41604
54276
5203
55581
3193
46481
26534
2983
43129
58057
64948
29379
54287
6699
22502
54457
44676
13528
29823
59616
2214
60125
64245
29577
63882
61927
20529
3710
65106
29054
57364
13588
13638
15893
19197
321
25981
8279
35967
22392
26339
46224
9493
10520
54899
20193
39366
38701
5019
9090
23552
24763
45035
42955
6747
52471
57816
21828
24876
25096
39667
35796
16112
49323
64332
17084
48487
57960
2218
31164
734
62398
26932
10940
62402
8048
42664
62679
33199
41902
7563
8231
56380
2769
18261
18563
24249
41742
53972
3036
63368
49384
36273
3497
8674
7299
13653
36334
61327
4743
48572
54323
23630
50258
1427
39639
62456
24122
4810
33073
34456
41502
34903
58326
53659
65362
9719
6136
31631
13104
63394
63173
63413
60857
49302
34749
17494
4204
34047
30903
51360
23464
2075
15897
30495
37368
27979
46312
4199
5669
65032
38068
47298
48414
1348
50843
29942
2203
37807
34122
46407
29619
33250
55120
44241
64595
33834
23746
37508
50114
25744
49691
6084
660
30649
54643
44183
25391
62259
348
24293
46516
56705
1726
46319
36424
60661
10082
34292
40305
15675
51478
36218
37648
53780
45300
44456
21908
47281
52500
28728
30088
58186
53571
19909
37393
38299
43782
52608
7920
25346
62221
35872
4164
18015
54951
4175
1186
44818
52641
30934
25093
4647
18208
51141
51906
55183
5097
5641
41153
50138
17043
62153
39016
21834
5369
56848
6692
32754
36884
6365
7553
39922
12522
33776
47625
8287
61602
41234
28585
10736
62663
35011
54014
63224
1342
39855
1517
35697
46383
49040
18065
24483
574
46146
16089
26397
27622
13690
56430
15667
27180
21066
51317
1392
47140
32168
3448
50168
28717
57586
61396
23621
7639
56871
2707
28692
20870
30435
28232
49176
23874
11239
4739
30413
22689
39827
16184
43958
24472
32722
63415
46404
56448
27428
15700
22435
35059
65078
50448
51984
43677
56959
46987
20319
54505
55815
60438
32662
54606
49465
45547
56074
223
21772
59028
63212
23842
33995
46420
2263
31001
30646
1432
48127
35269
13043
21868
33215
30521
14941
23412
4723
26183
5209
21195
25275
21369
37928
46892
56930
19845
15974
41495
23577
56311
3387
58493
43173
47523
729
22586
22251
42211
32905
60196
48940
47367
54757
32724
11001
64793
46265
1484
10620
33329
3775
10287
9726
62749
19669
34563
60429
28193
61987
18133
51929
37251
5636
23120
32956
15163
11437
56403
6226
41196
63241
31332
22462
25268
141
37686
41488
47883
43500
61737
3587
15750
18891
26402
58637
14830
5760
38699
35350
58552
54185
57512
23214
45772
61254
57567
18410
65203
26854
59661
1648
13253
4129
51040
34634
4111
23685
6697
32415
12676
28228
21314
8711
55018
54703
35926
24377
1343
59280
17617
25030
65186
30403
20187
47845
2619
59730
21913
24508
48448
24901
22333
64816
20025
16908
48737
11497
2197
34321
53981
15887
18387
5764
32985
10509
36206
14532
1414
53104
36037
20662
32307
25111
59753
64978
1426
51931
57608
20457
6566
7033
36498
45444
34834
25357
21430
14422
20784
41628
39860
31201
16271
42229
17787
9199
15590
887
36162
34883
46226
52665
65483
42861
12809
32854
36829
47534
23800
11502
35320
52388
8535
29915
3582
47889
54901
49977
34540
61842
29803
46178
20263
21557
35656
54475
27938
24915
55165
39760
26004
12
50888
12481
37517
34308
21155
8247
59359
3162
31214
12159
38259
23153
54747
26919
13776
35627
14591
24028
44403
351
26156
26449
38865
52510
47463
51662
52376
30371
57138
49324
4888
1651
10482
54039
37973
49780
38857
29183
13810
21262
26347
62986
37230
61387
6614
65288
52804
26264
51798
59306
62309
12211
270
22040
15694
6208
39448
39306
195
28126
21378
9391
20488
53141
23065
11748
38128
38908
61400
49215
24806
35659
52110
58757
27577
43841
5267
64679
41838
36690
39186
61589
52373
6417
18686
36000
40225
6096
39742
12528
893
1151
37642
11428
20027
28011
19869
30355
29528
15111
43219
51378
59698
46928
11848
60258
33
30132
32469
24770
14560
40285
31879
17893
51218
41264
55533
34709
50199
49
40602
30300
11475
6626
16539
14516
61464
34372
64435
34411
10382
53291
27672
36101
45721
23793
53756
26757
50957
33127
45611
22389
52440
10745
41375
56764
37637
19275
54674
60829
14253
29064
4776
26036
48475
27355
9539
26090
46132
45233
51953
50940
49590
32427
55041
37403
12461
17834
58802
39434
31835
63782
53028
27028
12188
56846
37020
43260
63008
23794
25595
61745
23910
43127
31666
40227
17906
12025
55447
51808
64148
7520
21876
44404
29119
6862
47477
60743
18570
5428
38396
44078
16968
40376
37917
38764
19657
53392
19483
53096
35098
24481
21283
45330
51345
35298
13262
58388
26781
3245
6210
27990
49458
26728
32426
40258
53339
18108
30060
45600
59469
64105
23470
28740
9688
9089
34305
56698
35168
20990
23314
44740
32531
693
32071
43577
53470
28841
14589
52178
55939
59958
6775
43533
12385
47916
32717
44351
32298
45578
22204
64858
42572
15113
12797
40908
7528
41256
7802
37123
1705
36117
53068
22638
591
35814
7049
57755
11401
4761
38597
19707
29479
18757
48111
8921
6333
23582
10201
50142
9830
2495
19702
28980
39174
58426
62246
5079
10881
4724
557
53973
51877
56385
60021
47308
50002
48725
59070
40588
17910
22062
57993
29602
52523
30051
1339
28718
44310
38383
64446
60225
46675
19789
31403
17901
37280
39851
38191
38766
53408
58876
1351
965
34498
42005
58028
34471
27531
4159
33109
52315
48152
57952
31833
27362
59821
18039
2410
25962
49306
55431
65491
21241
47360
49482
16570
39666
25879
15406
7887
11864
48084
21498
28846
62418
20699
47844
41839
48616
50620
62643
38045
37293
45702
64895
51285
505
5228
21140
47026
40847
31081
6587
58860
43600
56626
55022
5511
28992
40516
38359
64316
5663
3058
43703
37216
33595
58683
52897
24339
58471
17440
21447
34467
27805
20752
48419
57836
5013
24316
58896
5699
32420
7922
48142
49598
7815
47803
40116
41817
25994
18229
11093
9445
46341
25016
19358
5176
28800
58661
62380
53354
33604
62486
23500
19736
10321
62803
39631
61258
25164
61563
24031
45742
29126
39846
23081
49815
65392
41518
8108
25503
63296
64791
57568
11878
6879
19624
8435
52670
53271
29306
37242
63357
37696
55065
13338
59660
38861
10233
2683
23482
49187
24200
61120
29819
53513
14289
28886
49970
49082
37136
3477
3828
30705
65365
2602
32488
38974
15929
21830
33798
2399
51164
14078
44066
51745
29544
32478
13731
52576
17976
32449
51754
26196
30030
55828
32503
45948
30890
28719
43856
40325
38575
39999
27940
57397
769
43572
3221
48800
4886
34183
31160
63424
12688
42730
30390
39944
2970
20289
7293
18980
58911
51667
5226
39005
35625
55652
64738
47432
41413
48949
35854
46209
36213
34676
37375
45420
61571
30639
2043
15741
21255
44240
4179
35407
8504
52363
36042
159
15419
12414
5021
52777
10302
55966
24744
43123
57123
12744
57655
45434
4031
54794
2878
30559
58588
60305
3038
59046
11861
2836
63528
25707
32688
35115
18515
49474
50628
2210
58447
31188
26059
5223
48264
5802
38151
47248
39850
41444
25009
12422
14581
60847
59437
32190
5061
27714
2900
10058
31720
19155
27918
17986
82
60218
8568
8563
26652
47673
59894
28172
25637
53726
17663
50066
20523
2453
43131
43289
58548
39156
63656
20261
49755
55679
29701
6411
24141
17814
16729
46009
25587
28253
5094
43030
43413
5608
57295
20265
36032
18470
26991
29019
31148
56577
7889
10044
30949
40224
17587
38080
58258
22511
40233
24017
37901
4565
21547
18846
51909
14554
54641
20186
3508
62476
60821
18111
55514
48380
52237
33705
13215
56687
57943
33625
45963
54749
15353
2618
24015
12951
52668
2122
11995
57275
27831
24592
18707
6204
48304
32583
27870
3050
44018
9233
45543
19462
14356
24784
37039
9483
35322
18927
36879
51271
21732
48350
9613
25605
46798
62654
63766
8920
55512
13934
48649
22406
3612
55810
39565
26619
18978
38031
48284
18289
39555
40876
7084
42337
30472
24268
8428
8204
5411
5768
8029
11610
38850
11739
60370
20376
19411
63260
28866
47921
9947
61077
48674
46086
25074
4482
35991
50181
42869
29911
33596
150
3639
42071
45451
16735
37356
39730
20910
40031
40266
35503
8332
12006
9797
33641
31007
40711
55896
60089
53199
63991
18385
30073
1630
27862
5506
36765
18599
53523
27543
54274
43380
36170
2104
33092
47907
5155
54681
55181
54459
25796
58161
55048
60181
7162
14377
27485
19064
63891
27579
31391
26960
57585
7106
22873
55486
54616
10747
19441
25709
2077
63658
61539
62668
55086
20716
28484
56541
46327
22625
32511
41795
40741
60961
57475
57423
20800
7133
59643
17281
50021
34994
60223
23606
10394
23350
54673
49450
12994
22798
425
27164
5498
3709
11672
45605
12758
51320
64314
34032
53736
22954
28277
60858
55540
14324
32433
9846
4607
26559
46542
35529
59127
26801
51255
13186
48308
5580
57376
60207
27875
11103
6818
53816
55971
50118
1011
4039
27770
18301
47709
35551
12896
53721
63144
56972
53132
37693
58419
422
23543
4491
12233
16109
33119
55309
10959
60432
62683
64840
55245
5163
63915
37551
30029
60455
6783
55607
54524
56055
20103
3281
57338
58842
60582
7334
57319
21967
45855
20056
63648
37326
56709
60726
46233
46498
28689
62667
710
59438
55726
56077
22768
55914
18603
58718
9050
6581
3346
700
2416
56629
15374
5736
32886
17141
39042
61928
55493
38927
35283
288
55457
61832
3749
2697
114
31683
4121
63543
23418
16501
17662
59233
15582
13013
55763
21529
64393
40920
21711
40350
34916
39517
23006
20511
36636
35521
13709
20967
38826
25426
10532
40309
5405
59617
4003
64524
59109
60722
60677
33209
14658
16392
29787
16675
681
24651
49309
47985
17144
35556
54165
32376
4688
10494
36292
27583
38910
45178
33660
36049
57025
38416
6261
17734
9730
37426
21116
35507
58786
19062
42586
20701
60842
55905
9777
23090
64868
42382
13502
12130
41888
11340
35959
5710
39043
27414
766
46055
12285
38862
57144
44663
63599
7376
