13069
5837
9585
30426
23628
34071
37489
34360
9998
14353
8816
40136
38221
61589
38656
17113
59184
36271
43683
39146
38198
64847
3053
33619
19834
28481
46073
16545
65354
47814
31442
29054
34686
11201
29124
57086
13175
1338
13343
56697
16990
60585
45030
53724
84
52991
22065
15695
11415
29971
34869
41486
47288
34093
65373
31588
34728
50299
58998
51208
38977
7763
14495
25519
52634
17244
41659
2975
57316
60946
35578
28494
45096
30716
27379
30735
43080
12136
20086
16462
39754
9924
48841
57595
8196
865
1203
63952
30576
9087
37497
6979
39924
62763
35
60285
47064
57681
62442
35100
10736
932
3100
42960
14664
52452
31732
64078
30053
12943
30989
33394
18432
24562
13303
29525
46541
8240
52089
22883
58413
44822
27534
24006
62648
17927
17504
14178
25640
17672
37889
21373
8863
28221
51064
49255
20335
7963
14064
15245
29136
23998
30872
50366
18505
30920
37701
2013
23140
3252
32391
33505
35701
48178
18416
10412
54177
13179
62177
7042
24881
16772
31539
36051
5902
38908
20789
18277
32965
51318
19537
20668
15949
1301
18593
48033
53513
42899
57352
51349
18708
13789
56489
12439
39823
52362
15026
37834
12763
58969
25621
56836
57232
54201
25442
46859
7080
31595
33920
53291
33888
4393
1612
60944
315
50158
34103
59228
41190
2849
32298
37854
55791
14534
64465
52984
47746
1089
36914
58686
41374
41491
3320
62090
32135
62403
16607
50890
12154
63672
3265
32930
37941
32943
59718
58532
40309
2896
31551
14401
3155
60706
9407
5895
3622
34854
6504
14993
13381
59941
9893
55126
20656
53550
49877
64709
47642
37229
17266
9192
23778
31007
9758
2018
14779
30905
18241
61475
15648
17223
27316
63619
54563
55292
23388
26566
41863
15446
28048
25574
43671
59439
40995
15467
8085
29947
33960
6204
45192
12113
4605
6838
29688
53188
20325
15434
42163
50087
23050
17231
17051
32872
13130
25407
15907
1504
16955
6429
2804
54687
13983
15436
64637
21273
54500
40688
45018
61533
37517
13733
64094
6184
9113
43878
20134
61189
23386
57063
63235
6912
56385
43598
40387
9504
62452
55310
34013
24377
17637
136
22937
154
40393
20613
53785
49086
3406
64786
33497
5283
30992
30587
30605
14791
19693
55169
35601
45200
51277
15457
44519
27720
45273
39611
7201
17659
15358
13434
41277
60897
26917
30394
58921
25085
36795
36163
43473
64010
5830
26960
34609
17402
55710
23830
64085
25984
4808
2288
47178
29319
57121
53194
16660
12410
21259
1363
7524
30571
51053
15370
5049
39207
6536
22749
48754
29473
7952
10142
34464
3877
20409
14504
30035
64434
3832
63056
49909
5393
38617
353
18824
761
62620
54145
25331
63783
53555
57312
62782
38673
58649
61534
35051
52762
6037
46185
32981
36329
26534
32187
16508
3687
21679
16887
18481
13494
40054
11340
48840
36982
53798
15285
53629
46822
63810
43121
58493
20842
28618
37309
42038
29670
6520
64692
26620
10284
10875
29522
23974
46501
20297
56734
49568
542
42926
55518
1285
44343
4197
38006
43873
24439
43190
18984
52620
19558
43448
28606
34314
34095
8707
51525
14420
816
11708
29426
31302
26872
31059
48465
23380
3298
7392
43264
58925
11026
16160
2224
20558
37146
45965
15698
53166
22590
58651
18219
48675
23644
42747
47837
34254
16269
42543
62497
50469
58075
37554
56070
27256
8417
39213
36775
54783
62080
47611
20968
40046
64612
63801
37383
22628
741
25165
14010
34245
48235
57907
14991
23633
13480
35006
1016
34574
47569
45737
30900
41627
16570
17974
7720
5321
7004
42562
13815
53872
23763
46694
3980
6292
60919
19961
15362
8278
1686
39259
51892
35232
52133
50694
9798
42485
33274
29296
28143
63536
17182
61497
3685
15220
64626
53720
17398
30942
48236
29534
13121
60197
23682
60382
40571
37228
11422
50
6372
32687
62748
14724
10726
10879
6733
4642
41527
24867
62762
63426
41248
25735
14849
1397
49738
56661
61332
44381
12854
11042
27237
47370
52856
10063
60370
312
44214
6465
10368
51581
55868
62413
977
62605
31244
51599
36198
61359
42855
14384
17457
53641
18475
54799
8850
35337
48829
17976
59817
37346
29461
21271
11733
36995
41440
57151
24633
17115
3422
19566
8054
17053
37622
4083
12819
57783
16780
31269
32332
11704
34065
4644
9213
38969
36336
42666
15717
50486
8353
6793
7140
32199
17754
22646
59920
50402
59362
19618
19212
15152
32877
13469
35969
16022
7335
32472
20870
4549
63613
27693
167
21541
36270
40907
21300
31190
20971
55823
34449
19697
61518
52031
23455
34704
46591
41452
16864
42551
50675
39920
13682
57602
18944
23369
7510
38533
23039
13159
14466
63949
23029
25903
61756
50812
41062
4740
42388
16045
12638
16674
50533
1526
36428
40084
13614
25890
20709
49406
11752
29957
65150
7249
17364
56056
34759
48099
33088
60213
41660
23379
58274
28823
13237
58418
17979
62751
23147
12977
45173
25766
7451
30155
62501
65282
9860
46715
23071
41205
44362
60043
59102
52799
8730
35902
40530
50057
8080
10242
34761
54013
25328
9238
8194
25059
1248
31949
21233
55578
64888
25527
116
1582
15416
21290
6566
21238
61767
22309
32300
47580
65081
36754
20741
47730
50678
53173
60873
35180
26202
60314
18269
30080
23949
426
14635
15911
23258
5507
44334
2902
59828
57523
32070
52916
10541
31126
60952
62458
55597
34391
38120
17267
11269
7114
30460
2150
48587
14237
26347
60656
16537
49209
43885
58340
26966
3935
50517
43142
38053
4309
60444
14135
60956
31937
19736
28852
18111
26544
38101
47126
50695
24794
49666
19391
45493
27142
10589
60384
52126
54410
31491
8579
21121
47794
65327
6234
4532
52735
19489
18085
9864
31654
3757
47739
54043
19252
35700
61828
461
46718
13341
8384
41258
32574
62696
46116
28985
54661
4556
47803
62478
26880
6173
35153
40327
60390
13856
65170
30954
36530
62766
61354
32299
37345
41328
46903
25323
50109
32158
14405
25751
9016
39585
19307
14894
16223
22906
5775
63637
62074
63122
10480
48832
14951
44154
14150
59638
50414
5441
64795
25883
41506
58153
41519
55879
62654
23353
4305
45804
3951
13092
25987
30599
35382
15800
40224
31316
52410
25357
13846
32385
57186
47900
5150
31852
32275
32701
14361
19432
29616
33949
47898
41600
29761
5058
19305
58663
14528
51595
29808
15296
7890
43500
48862
18391
48910
65057
34089
36393
3513
29625
13552
46350
10356
10043
59268
46338
41061
9749
42365
38737
64750
22027
15591
43665
52113
48640
43302
53552
34276
38978
58246
18120
61268
22742
32615
61931
49714
39391
41734
33490
14078
16096
45930
38808
33979
37112
2908
321
17283
14079
32138
58756
3309
45991
56438
36904
21328
40654
37329
28512
36448
59259
64727
31942
38341
2362
50421
18476
3098
8182
53277
43318
35323
32239
47049
55526
14101
60025
45427
33039
15854
53988
24842
17194
58269
6063
52254
33836
64785
34968
62552
9402
49780
26465
52662
40516
28168
4129
36471
23611
61950
61301
55192
53572
36993
57498
27765
52666
29909
13140
42639
64371
60675
38069
36435
57567
56370
52669
62903
65048
65119
57594
51485
44106
51321
47121
28902
6691
44639
42124
9611
18911
2922
9450
47120
63084
8483
22393
50514
49819
53243
40717
48307
55760
59272
59545
63969
62185
58593
58384
48289
19465
30556
54380
31875
15401
43170
50419
60313
12338
59171
5773
62699
38258
46712
58992
55115
51486
9773
16684
49788
51479
54406
60440
47806
7972
14244
48723
65314
11474
47800
34461
60867
56930
50635
14728
57184
34785
50854
50304
728
13180
35630
61902
57274
8675
2906
34509
31090
42138
56439
29217
3705
42629
44541
9190
40839
58636
48129
41513
469
30953
40628
34068
50224
52222
475
18874
31343
58646
63819
59734
2503
63721
49643
53326
33193
43280
35379
45942
61525
28129
39674
49990
46869
24675
6165
60439
2924
51236
51535
60766
20743
41289
60653
37634
57629
1093
65379
17032
62316
7105
32420
17290
53581
46713
448
53314
52249
33670
3273
54419
45633
17292
24535
21186
61018
53832
18092
7286
5904
26826
23061
2814
29459
48944
59223
2010
11819
58875
60691
43909
46077
5422
10394
58015
15707
18657
13050
61545
62981
30161
58764
1260
38420
53328
63675
28149
35848
13369
40118
41866
14253
52281
53289
11699
25521
39665
64988
46841
53497
63842
25718
10466
7837
4525
160
43300
22933
8963
2416
23384
928
49955
4732
9067
37735
26218
55233
15230
45724
53052
50371
13966
44540
3001
62386
3829
5276
39623
7861
47561
56678
25837
7284
20679
58527
26069
27792
11380
31628
9795
64035
33509
62504
24659
26390
20489
30126
4358
44505
26049
33616
19562
47599
26286
22516
30648
46780
64746
1179
11133
20310
40813
12095
60238
32165
2530
45759
19685
18286
12005
57740
35291
58506
16046
34502
42093
9002
40815
55482
44825
12519
21049
41744
51635
27428
22849
58689
55079
27931
30195
49363
37733
46551
48899
29478
26431
64720
54516
36690
6964
50066
49005
2811
38748
6350
9748
31066
41570
7476
1044
57054
20328
9559
21143
32377
41987
10348
58918
34263
56552
29727
58140
47751
1170
4537
63951
18334
3571
40289
60162
64252
1652
27757
56803
48042
20067
8426
7759
51873
6489
22586
12161
9465
65280
17234
15639
33200
26054
14161
17199
10622
19542
7816
14609
17909
27967
59517
35853
36067
1033
5053
52531
48108
535
26287
21420
42521
39057
7702
32478
20443
14138
34161
31968
43434
61913
31692
30090
60716
39184
58708
57381
9710
63361
39606
34576
23356
61636
15130
31232
43584
40706
47565
27203
20367
24343
44295
55670
24263
5337
33112
52001
27943
64110
38104
46767
33729
46155
27945
23815
41837
38256
23871
17110
63125
34671
31084
38300
14732
31543
30570
37435
30493
30033
32314
6027
23292
4332
50519
32268
33555
9275
11022
29770
18941
12769
34680
53890
49342
59214
1608
1755
51124
44242
64950
29396
38355
25038
17157
63963
2248
50308
55194
29035
26265
34779
39596
33703
5415
1253
51368
24790
18499
28312
5650
11974
22183
61807
224
38567
34889
16179
64987
30363
42997
15122
54314
46041
39826
62626
27049
18906
45465
61912
41480
11569
20621
10506
19055
52628
48014
34716
25162
59208
23382
15257
17964
53616
25371
58799
23385
2860
8717
35195
51085
42621
19488
33333
32939
55270
59426
24298
59349
40738
16219
26666
38919
54805
24600
33303
31931
46330
57114
36590
21747
51423
18386
24245
24255
39044
56913
53232
53208
21044
34331
21726
2293
19667
9629
38114
40062
28416
73
29632
45945
61360
7012
3566
29565
58438
12997
15488
51445
27895
27315
38601
5411
27994
16947
51346
54054
2046
60184
36137
57528
40521
51557
19677
19536
32022
46418
15365
57715
16257
32575
60496
9095
40677
48492
46940
42966
10035
25210
27676
27491
31430
56115
47259
18716
14389
33523
34079
21542
19671
20383
57331
20249
14859
11036
2636
32764
13045
57434
5816
6620
24489
62857
46245
50479
38274
26607
51649
41920
10050
37407
61909
50843
36668
14586
58399
20158
56805
24468
31647
3045
63929
11256
58862
4339
42663
39867
55279
18264
62138
62960
64304
47294
39646
24340
48062
39705
40457
54703
22931
17647
44764
44928
8671
46729
24178
39490
58233
27781
26031
19595
46989
53774
32783
40225
37865
7858
5638
31167
61663
29380
36693
23483
35635
51864
41448
42317
52557
47448
507
27266
31289
13461
26671
60740
23903
30495
46530
59917
37148
38903
7294
28218
59672
28584
15902
41701
17893
59320
13204
135
43375
57598
17827
32879
53769
10338
64166
51005
24170
59554
26190
48798
30925
64180
48164
58359
56941
26171
57045
21075
38050
45063
59330
10386
43333
42604
44168
44613
41482
52186
32367
10129
4850
41949
2443
19349
39870
58537
38291
34732
21999
44560
61402
54833
33951
36257
18382
44905
64594
18714
26722
39284
31569
23478
21769
25338
11078
25629
6363
3339
51102
37398
20714
8201
11753
34359
17376
22196
44553
2393
64445
34083
17404
1572
6746
30375
61194
3858
7957
4034
1136
9680
27996
50613
23325
14152
45333
24314
7797
7967
56729
11951
18554
50616
46611
45336
45281
25716
22757
50079
5255
64298
3788
45176
20635
43283
43709
39135
55712
48499
42056
60080
41562
5313
10201
22943
41771
41117
18885
53930
50550
51610
25620
26356
24803
45594
58368
7361
14291
48361
19018
18719
41191
22139
51311
53320
23561
59913
62330
33644
40122
58010
21877
52561
42215
51032
52975
27308
44051
56764
23060
44714
25784
56213
59215
60320
23728
23605
7802
39759
38723
28174
36760
58945
44052
61586
820
9661
4534
65172
51537
6256
22726
63661
6722
35976
20963
23616
41497
46266
14574
6320
19395
34255
31580
33397
43537
3776
28250
36469
51898
64333
25875
19136
27299
11735
22660
46993
45331
38675
10763
35424
30662
38273
55886
38178
58343
60265
4382
25830
20843
1651
43834
44524
62398
48088
19148
36263
21543
35713
16070
57787
33642
32841
11886
33370
45447
11043
19719
24718
64401
53467
52532
42894
13954
12477
43746
3988
43037
21307
1072
56488
30583
56629
63405
26742
65318
65158
31350
31317
47165
65121
57365
30865
44454
22947
21912
58466
61408
35896
20157
42105
473
20672
31698
45119
12614
7141
33863
19624
30476
53996
16054
4374
40071
10848
30233
49010
20775
63014
52389
19594
38041
21762
25477
39829
42017
12727
50797
28123
36420
14679
4791
8391
4235
59572
21712
29786
19313
46691
40351
33776
41565
7370
23930
30504
35497
29237
23394
51524
28106
62247
43578
45032
11442
618
37783
51823
38284
11037
37754
22273
32613
49915
15066
49303
3661
22777
6795
11016
25950
45412
33128
33156
47047
25517
3739
57663
26598
47040
24457
13189
46514
19501
51042
63651
55309
33984
1059
50437
26940
18553
48633
55107
33506
49777
751
14624
45850
7616
56076
7469
42872
44414
40802
7969
57997
51264
14105
38615
53116
585
34160
24451
24709
25647
51923
16391
23659
46823
63293
45266
21954
4576
9912
3915
25561
31944
24629
67
42847
39277
34240
35841
1963
19895
21623
1975
3243
1226
30176
44010
12251
5368
47291
22136
41425
34550
23056
42027
14391
48682
20623
5457
43801
21323
52472
54258
23594
24141
1685
4591
25857
50478
40903
58715
8718
23715
49813
41151
39806
7398
10696
21654
157
38518
21619
1371
30484
60339
14865
51828
36429
54965
35991
29798
55617
7020
27866
19479
22506
22917
7256
55976
28703
59871
60853
42830
18810
13667
49932
2142
15569
53136
4916
39376
39285
26508
15817
30010
25723
46695
34223
47667
22282
60702
38089
22800
36418
44700
17485
3311
26540
11241
6035
15173
18194
56030
17587
7764
22334
13673
3474
47582
46681
35777
15627
2620
30185
47400
21138
42468
59657
9989
10749
36610
3165
47819
18729
25974
1490
4051
26804
27566
28482
23613
12218
30523
63909
46071
33861
57762
18680
53677
40209
8557
26824
58354
57847
30596
912
30603
64150
11844
45666
34983
57705
40498
51429
14529
61574
38843
57773
6051
1262
42361
58757
27612
34517
26452
24113
13810
54355
29255
20388
4568
47146
20129
20882
24118
48626
46042
51771
34758
17202
7453
54058
680
22483
44599
30549
37163
11300
17073
7089
42377
54060
30023
23104
48285
42259
43589
32399
6313
21771
29868
60118
12612
59574
41443
54251
60525
45469
55277
38526
54817
23298
33828
30151
10983
27133
38229
18172
47300
2453
37021
51065
773
58045
27820
2508
39977
61805
44645
45790
5100
25708
4555
39113
29611
4686
40912
8110
39696
5378
58288
5318
58544
43661
47377
57572
10174
60
29452
6792
4395
58231
37850
17303
58516
7279
52467
27184
56713
37139
52600
1110
58469
61176
56679
57460
34311
40562
32150
1974
52915
29405
51066
38014
1249
50832
21522
21560
46631
20569
8938
8465
19715
64576
18970
51440
41563
21640
11420
57489
608
41451
45042
8975
61460
56126
54548
2753
16512
6279
22643
6715
5519
35973
34724
44465
5667
9298
12252
13155
64812
44644
38132
7677
46616
62394
30454
8690
58259
26107
6843
210
49434
54621
45285
4798
21040
49393
61389
14116
37706
546
32439
44252
8070
26535
27642
17236
21015
60032
54982
57742
65097
65188
62793
46487
29059
61803
32594
22836
62791
65095
13068
19402
54387
60333
26053
33631
55718
34346
62040
43714
8877
58272
23178
62349
43336
3512
28037
6033
59964
26426
45332
17203
36623
30807
34490
40702
4503
13230
49447
42308
1114
51376
55183
49374
60750
52731
30021
17811
38463
62401
304
26542
7158
55665
55630
34531
47856
28440
51509
65439
35880
30727
52814
25873
39653
53278
449
4654
50567
78
732
43384
28762
14026
53440
11877
2372
9597
25401
40474
7350
36700
23545
51820
44529
50802
40059
62598
64906
47459
18732
49806
1412
7128
29168
40064
24121
63135
23474
24251
62526
42065
29829
6627
44731
44681
57016
20277
36936
31192
3648
17680
53267
55645
13899
62860
7867
17822
16603
59837
41304
61384
4663
22954
40685
42327
43668
17540
34412
25764
26225
40542
22089
13250
2062
26528
44892
26870
22163
19690
17036
5373
33187
63221
60758
2328
46880
49609
7407
20830
47257
49600
47792
29419
6768
37068
25005
48470
6549
13412
5345
12822
18290
31718
37746
12163
58707
6352
47947
7347
38797
42250
18512
16617
56224
31091
28311
51518
31699
60795
36841
691
43465
33070
54957
57574
33209
42943
59882
28451
11387
43615
41700
55062
50576
28978
46296
31193
14749
37401
37641
12268
41661
49617
10858
25463
63468
46314
21249
28020
40835
40662
8334
14458
21241
32077
42549
51238
4896
65141
9497
21457
55447
20405
41780
50372
24997
65099
48686
4228
61691
43293
34323
52111
46543
19601
39449
60668
63452
9404
23354
42007
39264
27818
59749
23652
3808
23000
42195
13794
30825
9976
52571
33571
40644
33170
42443
48301
32522
53319
24543
35637
28071
45640
31375
4921
23738
26035
42178
21940
8443
42819
60996
17568
63045
21387
64415
60371
6540
45847
50227
60972
24355
20371
63737
31043
7075
15575
52794
36081
57966
61630
48084
34840
32741
14612
4089
57452
4232
48134
16455
885
24574
16868
43102
36056
46252
49198
3843
43254
13842
16289
36143
14198
39567
44860
10189
61471
10903
60494
50800
2931
7068
53721
39309
2916
22881
43592
41896
40223
1167
3079
54627
8705
16946
58758
29075
42936
12632
56796
29203
51664
25506
43143
12213
35184
28620
28475
24510
30785
64505
31
29222
34593
26211
63725
57175
4652
82
37614
33663
46811
11455
45276
10709
50510
8290
20315
42660
58545
40388
31565
58285
48752
13690
59321
49802
48777
15518
13406
57936
18791
33879
30737
15866
21291
25675
12178
1418
41609
37552
50545
12130
22346
56392
2921
6747
59276
6422
4551
29289
60645
45527
11582
38279
1581
45317
56171
36379
5483
52792
53
55963
8627
12016
18397
10880
2189
61105
23364
25227
53571
29739
14392
63320
52307
17890
13361
16444
18730
51520
47212
1374
36891
22627
25077
3792
58423
40937
25851
34650
52494
25643
14533
11591
48871
36061
39210
19079
44837
47150
19012
38123
41830
13279
36981
16644
7394
4473
2640
18181
55176
27302
60986
9481
16321
61145
7287
4710
34318
24797
10718
7736
36984
41825
59043
33226
29248
63911
10282
53090
25183
24172
58244
52245
11724
4367
52709
41259
36019
25788
3360
945
60978
52578
11486
34136
33467
55563
52791
59861
64534
52014
22256
32097
4792
44250
60810
18365
5479
14867
16502
25276
47840
46414
62911
16643
52948
32140
57926
46066
53455
61474
63833
5380
59516
52588
32407
62289
29732
63903
60062
14577
31538
9110
41149
4749
32488
32582
58502
19707
65008
56143
36540
13431
59034
48839
60269
52044
14645
28220
8217
7973
53921
18583
54432
43303
14197
26684
26307
28406
57585
6069
39716
62916
56479
28401
6107
21174
25936
62796
713
61625
53699
22830
64049
56842
27407
63049
62262
54651
7024
56844
2258
7430
49192
6624
52862
34898
34721
45875
60899
56998
59743
48431
9704
30930
22831
56993
61038
58879
40947
55958
24042
1192
45585
8104
54090
6258
30622
51182
29658
17994
30438
25340
30073
40655
38928
2111
24126
43764
60589
30086
2012
6790
53011
62739
59478
17792
59863
62963
49074
4629
24237
30657
56131
47269
58887
16979
48155
12751
51802
63003
19257
59722
43645
24316
58319
60263
41473
32517
12152
47636
53216
27514
15046
55627
57736
1938
53041
35398
44445
55108
46256
27278
50623
10884
17561
63923
53760
13098
29815
59164
33892
7368
62150
63568
60106
53932
62691
6998
33685
5664
32935
27506
31754
1655
47867
47483
29889
46975
2270
6456
60016
56643
13287
45973
44006
5911
62239
13955
55030
64719
46430
1237
32905
38261
65512
19803
2610
44716
44590
41107
50609
29466
30759
16409
58533
52958
37000
17700
30392
52638
51011
32258
51992
9716
40319
2310
26476
27807
48973
53685
41641
7364
9266
41035
8439
24828
13029
30193
10934
44356
62949
64843
39968
60290
23319
5210
43442
30286
60268
36644
24529
41533
46677
11104
36073
65524
3887
48159
18177
52087
18134
33967
30418
23482
26025
34180
16872
7709
37545
19326
27108
62772
33722
51570
9023
55962
35254
26228
57001
31581
16104
61204
35543
58876
30128
20458
16369
56788
15021
61099
32151
16824
12713
13892
30787
53709
28425
11515
20598
46779
12151
11876
39918
33939
63970
2237
21849
17007
572
53466
49717
12100
9427
19230
49210
32557
61480
12627
16006
30922
1073
4748
51174
5795
57969
34274
35129
61779
29916
6099
4888
19598
31517
24561
53167
32040
43429
43923
61956
41872
58737
33608
44145
28670
33834
60566
54854
20906
7404
28137
21482
60928
21359
25409
31158
16778
33591
3780
39154
2149
26081
51481
25287
1318
54909
57534
9666
62332
9742
30277
55440
20491
20601
36630
54794
34804
41375
24166
29718
21268
5404
50131
59407
42108
37040
40174
62261
47412
48140
57943
3000
31092
37508
24154
46468
11727
15811
43029
27880
17635
48609
42122
64992
38500
45845
15613
28906
28550
12704
8279
60640
18567
51472
36935
27671
7975
7442
8728
54702
23703
6904
23255
50122
27306
21394
31029
57125
31534
31162
5578
6570
62879
52591
6046
3917
9522
63433
24870
63115
42496
23059
49820
65531
5050
26720
30097
23707
44929
62716
22772
50416
63756
38267
24135
52079
61917
24556
36896
53159
63881
16496
39850
22689
45077
4019
42732
23602
38666
10746
44289
55750
8114
34177
15827
14071
11013
45489
26580
58428
38350
4899
36380
51979
22481
27769
64006
45492
29706
56801
54265
13528
12861
56951
8197
7926
34171
55900
6989
2531
8016
33470
3584
405
1339
52766
40404
30295
52073
1725
16719
53115
42823
23223
27459
62118
26552
40768
53106
10686
56733
41940
59176
30384
56068
34147
32857
52145
57573
18399
36135
55927
29530
60722
54232
60710
57665
64632
31231
3397
120
31297
2266
41334
39604
42148
9744
844
29151
60108
56880
32536
30559
43536
17480
32803
16551
24733
38643
8082
15239
32262
33916
51701
35341
59990
59143
17041
58099
26105
49507
21513
48125
1116
26834
30987
28407
41698
46051
7808
61679
7049
1069
25897
26421
13830
2532
46143
30794
26691
40529
46854
7715
38278
17539
62621
10288
22498
63742
18098
2141
1392
17329
39524
17116
371
4883
58873
7146
2086
62923
3330
20209
60713
14067
27742
18038
45825
23673
27992
38392
19720
44120
23370
11418
54726
41047
41079
9147
3117
42154
22215
38883
46997
23350
27127
14449
42319
30760
7441
21047
28717
39632
38448
29734
63621
63138
1980
61673
10363
30081
15243
245
26471
37474
53687
16215
552
8524
6760
31093
62446
16910
18573
20889
31563
12352
22376
49477
35126
56427
49612
45055
46304
14500
31550
8591
24337
2758
21247
294
48191
7344
13332
11563
8864
49270
37823
28046
30063
11748
26463
49566
31416
30261
52298
33089
23925
42475
59911
55070
55581
25493
27124
47258
48394
1546
30294
2287
48972
17014
41435
23635
4144
40412
57670
62445
12145
15823
29238
56664
47674
47705
14373
32190
12321
4182
6436
33248
24777
58404
14588
9373
14227
30337
5826
42856
4530
46428
11548
59789
4802
37868
24342
42723
35019
61620
20727
39476
16185
59066
31940
45225
13391
44483
37857
36492
41604
3934
56140
30313
7032
15178
60523
17835
22910
10873
3280
22318
63717
33989
55281
51413
49219
24325
31424
16163
6412
51051
57079
25715
61742
11880
56873
6108
54569
64325
13968
50541
28409
1264
6106
34679
58137
45277
46079
49659
21952
26313
32460
18279
31744
4656
27559
63500
20262
36164
4224
33519
1187
15380
2967
3861
60869
48556
27145
48572
17734
21561
22128
27492
52847
18571
17270
1793
1595
23376
41862
46101
15289
48955
27643
11885
26818
27938
39445
319
62510
45346
58985
12841
7928
39373
19818
51503
5858
40762
24724
2113
47278
56495
24665
43750
39840
33296
46840
35552
62765
5968
3029
7321
64496
41989
24824
56635
7034
501
9351
27944
5511
21181
32967
50566
6729
25422
38813
17097
7059
42009
52911
266
50085
3449
16723
64855
46528
35443
38839
42287
9200
55590
50103
13626
27716
41564
3751
8208
15163
46227
13833
42650
17247
12948
1296
16227
3888
21087
51910
44636
25651
21699
24323
9505
44937
39187
42405
50016
17636
22784
26723
14605
7685
6070
52093
2053
47215
1586
5657
57501
40820
29107
4507
14955
24033
44279
51676
35996
29653
26519
17518
32496
15988
14886
18902
60693
62454
15101
17876
39370
8997
46535
55288
45946
58128
18076
38602
10978
8204
16281
2634
45545
26823
13930
4496
60212
54743
63744
11347
62850
42463
47450
13509
26950
63798
53042
33972
5686
13188
25508
14143
6093
49249
41977
38073
22778
30413
27799
26906
3118
49313
54565
27013
28372
58736
22541
31558
46624
64974
23156
61453
17280
52092
30334
9777
22100
23598
28308
27811
33353
33649
44479
39441
38861
22699
35238
45719
6766
22821
21618
48366
54675
21460
27517
2646
47313
52552
25810
61451
4590
22891
44262
50251
18049
50827
27234
47366
56430
60479
23745
13987
57368
49847
34606
7341
2115
42087
24818
24657
62222
54273
61227
45765
46359
12288
59419
4746
63120
27922
40215
6804
9445
10182
24916
6190
13583
554
33495
46721
35860
21459
12867
51170
23124
45780
19575
58301
60586
58019
1940
20216
47675
24839
35271
40556
38016
6652
33853
10705
33355
54230
48940
7241
23638
45510
13865
9396
15324
34224
3516
4723
18037
45689
32116
33503
29438
16605
65080
49403
56369
44979
53214
40360
35568
19976
31370
39134
14615
11215
29501
3148
13082
2886
25326
26197
39454
53830
30685
32845
62301
15856
62156
47381
30975
43526
50839
55505
53193
7711
3335
16277
49253
40602
64375
18370
15515
882
30262
18975
55661
19110
60516
64884
36553
39
27236
54367
53199
9854
14203
11444
15908
14646
17771
19147
34144
51627
61172
40278
27255
21173
11542
52110
27069
34410
13960
62579
20122
1475
1035
39663
22645
35287
44824
1679
46299
32043
10571
12929
28483
7238
34291
62206
17046
52296
38531
55366
43398
14677
21096
5462
40572
18893
13320
59088
36259
62304
52854
9059
18482
26799
37275
20211
21022
38825
37801
12436
34998
45758
5399
55512
50655
31790
14386
35516
58568
11953
40869
5728
46435
22068
25395
5500
45632
29883
33482
48498
20846
34865
42884
57973
21461
38508
48063
29513
58801
23767
41082
25067
54046
38786
35772
58020
53923
26486
37124
36025
37318
31639
2988
14968
58434
19653
35110
21066
32871
6102
409
19767
11665
32234
11822
36483
11575
52115
62729
17892
62608
31802
12011
15225
18150
64045
12566
34806
12027
29181
17415
29375
14558
52482
15562
11164
30427
16429
36832
44767
53307
37765
61769
21934
43601
30236
25096
18852
52877
50985
20496
44805
37778
6339
7728
3187
30686
57328
31260
58868
54706
23734
62611
33094
51863
54526
1124
19478
50282
62622
47465
13750
10235
33242
33712
9496
1932
36
15067
65455
17923
2735
64195
47982
24938
29085
47748
42602
64610
16750
32621
12795
35310
61730
58230
12037
53050
21462
45642
48697
15435
8351
62272
38941
62325
25361
44786
20062
23710
38346
17502
19237
39809
30827
28748
36401
3556
30171
915
24804
13712
60696
28982
57084
47682
34041
32389
38280
57944
58400
37663
21362
58968
3033
49398
58199
7240
33800
7853
10531
11602
22598
9492
34251
20654
29038
18960
9454
6278
60185
38090
31819
9651
62820
43541
57697
63118
54494
29377
63246
32487
19894
59713
55450
58098
1908
51281
32117
7164
598
64096
20534
40760
27207
59456
25399
30290
4854
65183
18305
6028
27218
24171
49868
54338
33630
18625
33285
49857
15118
29938
7084
51805
32772
48080
44654
52672
6185
32335
56547
22899
45798
13838
62933
62675
49348
43224
23469
23760
15582
42062
24400
28426
47349
12994
53491
40261
17420
16703
65169
49862
39638
18743
53448
25299
9847
15247
34479
8292
23800
45670
58334
54027
28751
58818
27991
2198
47275
24792
29282
31299
42425
14541
12344
47234
4086
9168
64636
29147
3242
45996
41969
47455
24750
26798
17864
22946
53898
34496
40661
15356
19221
15372
38304
10874
59979
37310
44501
18990
64512
13358
1107
43241
18796
53904
36296
46572
40475
42333
10305
49187
15531
2315
27151
26861
60654
604
10526
1866
56237
11424
15167
26708
15075
13061
39708
1876
34973
20103
40116
15643
18881
20485
43288
57708
37181
3069
29264
58716
64498
42824
63875
17109
23055
61059
20084
27221
30043
43606
22416
37089
2928
24373
64451
19073
55144
16312
48971
53569
27447
14752
47878
34553
16346
35975
19382
5459
29024
44348
48112
25695
31681
17887
60970
8168
16168
36039
19253
42228
64466
23784
42883
13547
18637
33406
6655
29146
47904
14279
51754
18252
36165
39598
24383
61272
43630
35658
22015
47383
51840
64672
10785
43191
15538
56514
31178
49251
30891
41363
60774
62553
43520
32276
52547
16131
65388
56494
57020
64427
56317
45
64663
59579
57864
46589
35144
13874
65215
48591
48765
5062
53846
12465
50960
60103
47052
61775
48523
8694
34950
60664
34839
14471
14086
46007
4586
60289
5597
5451
53335
45583
54178
63090
34823
6681
29019
61055
46987
56761
51665
1265
32756
63726
35490
27887
58146
41716
16891
40443
22834
27743
50634
59612
28017
21409
58004
2200
4456
26857
46157
17021
64933
48604
36541
41066
40601
36714
203
54014
15523
12808
58067
62103
28661
51457
10654
38822
38383
29529
36249
29150
28433
38153
12314
42817
38358
41307
45682
1306
3144
14159
53843
13074
53391
56536
13922
35495
36346
52789
14892
38483
59233
18314
36043
62388
62404
48975
20633
45809
20839
18823
28615
29199
9887
20818
26582
50592
50744
48496
15653
32870
8939
21761
7173
42005
6503
23606
22809
29316
59860
48876
30775
19400
61623
31287
40202
23675
21823
39944
44723
16799
39020
25071
2829
18311
15810
112
39630
29219
22102
45649
54109
19207
2004
9277
23626
15622
52834
48811
43935
49811
18602
19137
19740
48715
58361
19996
59815
29832
669
24481
2862
38935
46548
23808
15133
64902
32902
57320
55827
171
22486
3214
47678
25016
3396
38257
33458
43131
57675
34218
22148
38507
33610
23320
31142
5884
58738
5406
64278
40665
64037
3427
51766
17682
13646
39980
6359
11779
10666
10245
57957
56686
30520
11565
24650
60726
44631
34043
18820
20222
9814
19857
63884
35489
8325
16529
36968
63535
3146
51526
37031
39107
49977
37642
60538
41202
65216
35028
14134
65405
60354
63548
11258
46204
27162
34227
53750
21599
31728
34364
58810
39921
50818
55417
50462
46016
48872
50938
20528
5403
33579
6009
58304
22611
33430
27460
48346
35731
52841
63571
12146
26405
61319
59681
6052
62919
7915
38272
33184
55228
14625
23990
26436
17642
56353
18393
56345
20678
50154
13643
25229
15385
53520
29779
27550
12560
58699
29499
57624
49180
10610
17787
30279
46258
62580
6933
23926
34350
55295
60119
24906
27001
9325
47218
45949
51262
55967
2263
25934
59511
15340
55613
36391
60537
54160
27161
33982
11242
55101
3759
36852
35298
35351
25068
35537
48851
52626
62749
6856
49080
32638
46516
48856
49083
50433
33409
9365
61845
1482
58520
11287
65515
47429
62248
31821
49093
57192
22177
58655
15939
34352
55065
38108
32378
31510
44283
61669
835
30168
16683
54942
27810
17336
63447
24516
31484
61445
40339
29368
54772
58234
17886
45920
16365
20734
20190
32413
508
15223
32770
40983
25536
62450
17969
25504
9305
12507
34232
11847
59017
64919
36536
30732
20368
58026
60778
37902
61983
36582
28090
26999
11545
10872
17742
31749
33871
11920
60316
63546
62003
49164
31271
44041
21786
32731
39315
49388
30546
59402
12267
12067
42140
53782
55430
39737
10009
59668
3039
21899
12752
61752
42149
58847
35579
17216
7492
49769
61989
1790
19780
37204
28263
58138
23546
40977
18251
1949
10829
62011
35384
29137
42273
40863
15564
28057
20978
30980
43493
30524
8626
10618
18102
14661
18968
32053
63352
63211
22630
5484
21178
7285
51335
26765
60318
41027
42326
47303
62872
59293
55566
47222
33945
26725
17172
61864
39130
25704
39712
63659
46199
21846
54425
26894
29710
35404
43266
62008
4095
16491
7987
21756
19119
20699
28654
3733
62423
20111
53075
25852
8473
43193
29573
38818
29600
57250
54977
58406
21415
59700
49883
24150
25916
34700
49365
15831
12561
37959
40962
5190
17632
16446
48595
56169
53086
6598
23236
2841
13587
9639
57753
20482
20313
19153
25316
65281
50013
13191
4127
27229
63228
40690
30239
53290
46426
22808
12524
50015
19033
45108
13814
47994
7575
57406
48947
25705
34905
50174
27156
43723
47993
35160
2763
15944
33936
51600
55714
15661
46270
31017
33796
46879
12342
8865
25965
57580
38311
9634
28538
39961
47317
35517
50719
64893
49589
16353
1718
18257
43924
21557
1273
46297
12888
20645
51418
32767
20154
16485
34207
39778
59383
61439
29746
56278
60427
9355
29331
25799
11975
62875
56810
40687
15203
56240
43056
17127
37954
30674
10203
25994
62310
21447
55465
16285
15350
14267
38773
29681
31399
50942
53410
8965
23237
51592
43994
34587
41777
39381
28248
15570
3067
55405
41705
24738
46096
43990
43278
1358
15552
53741
33146
12259
9271
24372
10621
37493
15706
61687
4688
41944
54975
18103
63501
13900
27167
60771
26363
40258
24405
8631
13719
54865
47912
1740
43169
2874
57465
56138
2451
22841
63814
48002
10493
48121
9612
28808
38973
33541
43651
33449
50867
35563
52011
9039
7262
32313
58542
61003
64738
39149
43492
36496
36577
35639
38294
37985
58412
24878
36854
45702
64670
58115
8288
61967
36947
33315
52438
42858
51482
30350
54517
31132
33038
11494
43372
15441
24817
33055
39036
48474
58364
39727
38255
28548
48138
2895
4221
40633
36688
8376
11720
34272
32159
21468
27758
62538
32913
9201
54792
24776
45693
28116
17399
50674
38174
62915
26499
7265
38917
1446
62200
22673
4541
36840
52340
9685
28469
26166
20329
47092
48842
6949
11781
9767
8952
64452
34086
45634
30899
58871
6657
7072
62211
5716
23741
61264
45878
53040
52032
59787
15644
34264
10834
11530
30257
60034
29149
19699
40451
19387
42661
13450
3026
64524
51417
10797
40135
42950
36484
1484
46600
49876
21485
51652
47109
64604
53967
18916
65504
41229
16702
23566
27012
6708
15119
11532
573
28645
63245
6149
22033
43618
46491
18152
52865
11143
1584
25479
29824
10519
64400
7259
8419
9564
6169
46067
6594
13356
3043
1106
18576
60845
51002
23069
35809
50598
37485
62840
38931
24130
10435
38005
33319
10316
58126
61854
35202
13131
31615
13053
39936
20796
64236
8796
45568
34310
35954
30423
36696
1534
23123
10569
60793
6713
505
25607
61698
16737
12389
14747
16526
34918
22471
58911
30904
57046
12804
55837
4669
6679
58905
31605
36495
2974
15520
18066
2366
60985
19676
62882
11012
60204
48925
62461
12012
34210
30165
57384
11144
36923
48401
56177
49213
901
50715
44013
1356
51205
38824
42236
26949
25203
59744
15933
52155
33976
22916
63754
65135
39312
61713
16128
35653
61230
55862
35413
32549
44658
5833
12258
56631
64993
6161
39690
5468
24485
6785
49888
7156
65237
60581
60550
18931
60495
4558
152
14864
26374
34855
25717
17083
62865
16122
6196
19017
42158
64228
26409
56851
29693
49606
29369
31163
26903
34090
24089
8992
44602
28711
49548
40845
34225
35845
44300
43267
792
16085
26915
49798
31519
11463
4662
63955
16451
54076
37320
25192
39820
31191
38756
48561
6709
27767
34628
10185
29729
13969
33814
62205
27782
2091
29801
57745
31143
16307
1154
50855
37037
57417
31959
33261
1994
16432
7893
13740
17385
348
30336
8320
25628
1990
52518
33216
54660
25309
54908
13761
44533
20580
59834
32662
9994
11541
34458
20091
13344
5940
18957
35873
12300
9075
37033
16479
49132
22782
6333
48445
10965
20197
59423
41294
47030
26024
31378
27454
61631
57724
61082
16695
55139
21480
22658
26633
38854
48706
41613
5590
58860
16841
38858
9195
62688
16245
28095
13535
25044
55208
63655
60536
26427
24703
144
54158
32204
8646
7804
27296
5360
14258
63990
7170
56675
57641
14239
56069
35044
43545
30342
10922
18428
54885
15524
64759
21231
52972
23884
51776
33401
53270
17804
29852
34181
28450
18028
60038
61652
45612
36321
21094
32886
21925
8923
49472
54239
56519
16621
65201
33690
30182
19094
56521
54056
20044
26400
10503
1632
23672
59246
45838
19724
11466
2471
60575
11312
8468
39750
20046
41456
45038
23509
17780
27280
16300
34976
29942
32114
64567
114
26187
51744
54284
24869
56199
26285
2818
54788
7835
10333
12901
37609
60430
60115
58626
43057
44904
18258
2322
59428
37180
21314
20270
60872
25358
64300
60380
65174
44830
40172
46092
23212
43608
51243
4059
57587
3752
62051
42554
62893
4768
15517
58277
50267
49162
44607
26150
34365
20283
8401
65324
21714
54427
14200
3623
50925
41302
54322
41318
30902
13184
33418
32956
27849
33899
34016
10137
4818
45954
21697
61409
58711
19472
6874
22126
63428
65106
3547
62265
47388
17363
23152
19925
38612
40643
32881
16029
34965
31764
61206
19902
1332
23078
61837
18118
22038
34789
2776
42491
11524
24467
4778
41235
24276
14056
41094
8843
45783
58957
56304
8162
38693
22448
58025
4183
47529
18524
43039
42380
32249
59806
28340
22080
49149
45422
57466
33281
40997
18552
41556
27458
65395
32801
34300
32842
7923
16166
23508
58854
63001
33733
47028
9904
15034
27481
1279
34004
61052
17368
61607
58086
53730
16775
4795
51181
52744
12657
37504
60912
27378
9930
42161
387
9541
25762
40971
42458
54005
31089
47950
39886
34426
24885
46588
28502
59915
50718
28443
39636
52369
4887
9166
21827
44452
53450
41738
25619
60924
53233
5592
39954
4410
61054
39756
12483
33441
14587
63335
24593
63038
50612
21304
12967
61244
43828
53758
31396
59900
55532
20874
59006
62554
7225
13705
3218
4390
62096
28228
17401
35522
62317
19010
30752
41797
53793
58913
11414
47050
54424
43735
557
7875
24179
34315
16093
38484
61498
24206
40192
41108
32370
54386
15638
29386
53969
3530
36032
9958
17716
19945
12740
24197
12093
48637
8616
49021
16411
55184
11225
61100
4960
57935
2658
43117
62544
56287
4479
22707
2216
5779
34929
5530
22600
2027
64306
31994
55057
8750
45158
38865
53876
18691
48977
29759
33139
19523
24580
10436
5358
19723
64671
30691
61276
92
34802
60927
51588
47891
35515
58644
189
59235
39673
23818
41293
61485
11658
18128
52665
46769
23506
25470
30280
49174
62836
3356
57180
12232
35674
60891
27926
41794
57364
16938
23116
15148
49320
54699
17456
21928
62888
18556
64201
26254
15415
43775
53398
53877
61211
9579
19215
39466
36045
51492
7449
26931
56263
26294
53457
43173
10631
34
10001
62067
65366
30346
21048
50847
64651
38427
42803
37283
6780
36221
45934
41180
10748
23820
63227
20293
4295
14856
19791
24221
14809
10712
62588
39282
36127
28074
31906
15396
28662
32149
52667
16547
65412
6153
31274
872
63631
6426
3703
53511
47199
54008
63797
44307
46507
41831
61222
59934
9383
52
64869
13564
31241
62681
61158
59529
50859
15901
10551
14502
8264
52914
7784
36806
53828
397
49699
49314
28016
31448
52801
54625
16602
21421
22991
37523
49407
35967
20474
18230
35786
31185
41218
44875
38591
30772
36347
50226
44167
8218
32878
46156
48755
53395
16722
22402
39939
7289
14052
56694
54544
56563
8252
6821
45571
18190
47091
12059
1442
42356
56540
39281
14292
19921
30365
42515
44594
14087
28892
64778
29408
34408
23458
62432
33065
36210
52250
10026
27249
3546
28986
15739
53324
43449
37054
41341
43065
1697
57513
24341
64934
50138
42506
57553
57058
55386
65478
23053
45070
7597
25211
29966
60751
45091
36001
44484
35671
26594
58632
62045
18597
62425
62237
59639
62561
13594
43042
28087
42622
36975
39233
49154
41355
58944
62487
16183
25555
7708
6482
50643
47990
45618
38572
30535
21175
40306
12497
59134
42578
21264
4988
23099
22452
17627
23218
9194
39201
42836
20420
16007
62134
49193
25054
5929
48993
51593
32936
56338
62966
61188
33583
11181
27564
61482
53962
50161
64941
30866
23521
28668
46874
18442
42269
21090
62282
44679
15544
55371
60616
32746
17370
49588
45950
40128
45380
13531
22540
242
59167
43226
11028
20888
42600
33508
26991
17531
2812
46131
47658
60327
6468
10738
16469
50993
6481
10751
59697
30011
13992
48418
17082
49897
8117
40605
18531
23957
22488
41352
61338
5828
54088
9942
58774
5035
47996
7233
1593
50901
3841
28477
49110
54347
18191
44891
27872
64038
64940
34668
13901
19759
39501
25926
22727
8434
54522
12735
13041
49272
33172
35211
53142
36521
40150
48568
47622
62889
36513
363
40603
37772
17594
356
1195
48913
9443
38307
64518
44848
15642
56276
37397
35851
4194
2602
61719
35716
35596
52678
27208
40394
27726
1638
20969
53302
2633
22103
32723
12160
19384
27437
187
42805
43897
45506
14532
54105
27577
7412
27393
32189
17384
21297
63239
13229
55150
43260
17685
63794
13650
36912
22826
62157
31743
3614
13271
32631
51931
51519
34187
58154
4705
35709
30568
2458
50408
42264
3292
41045
23687
8048
2553
48740
18020
49305
50747
2428
8848
28190
6045
20722
33463
60210
15241
59289
24534
28492
8458
17413
35823
61152
26302
1950
2400
37277
40695
58814
27246
30177
14282
54462
55213
35070
59298
58333
8901
51504
9970
39021
61584
27040
60458
43653
7346
19426
57839
52024
34198
60865
1684
7971
15012
4547
37994
63676
32474
27128
370
2001
57033
43854
5772
18659
38397
46298
59047
31449
47727
20962
34033
58880
29362
57350
19835
45554
39289
35056
63244
63123
43291
61697
40334
47718
3906
31151
5267
11685
39884
52688
22844
53638
22058
9527
25667
51217
9838
14215
59193
42297
40137
32742
48406
9025
13460
5835
46194
12090
12174
47789
45635
40138
51846
62223
61868
44843
35017
29337
53139
48481
26794
28700
24120
55370
36893
58036
46534
56255
40951
21029
39234
26115
7406
48799
8984
53608
14235
8261
10151
41717
49914
12781
14201
64835
39629
30020
5281
4699
53839
56340
35899
34954
65530
52787
36787
38315
51231
43791
63499
9876
19459
52771
12051
33132
17133
11554
55599
43939
35707
45140
61722
54491
16418
37156
61971
15272
176
37808
50101
23244
52169
40790
58220
48926
48742
47999
27969
42866
24647
50055
31541
20576
17168
25125
17826
33384
12269
36750
28089
26953
12934
52979
20403
59380
62094
11946
11941
64938
30540
25318
15737
9218
21401
41464
7599
55472
45149
15927
46739
48487
17462
38391
58366
6266
36622
34821
36474
10343
15363
63362
61233
57766
54875
56598
44355
29424
51266
13136
36881
61461
32455
25242
28522
31872
2534
53343
63422
65248
14770
29743
37853
42316
29948
34431
16628
41542
52104
52867
9008
56594
59938
49789
55855
12147
56990
2943
18555
7731
60217
14696
8723
55363
58747
32221
64937
6851
54450
18140
16069
61601
47470
25127
14278
36169
60874
65418
22509
63179
10219
9473
19969
782
47446
32951
36755
44254
64114
14904
9115
49881
37636
43446
17800
39691
15788
57235
19532
30312
48494
54481
550
34833
60388
20400
38498
37115
30062
58105
41100
21429
35063
37904
39831
29825
17914
11707
13137
21191
17129
61179
47335
47232
30110
57904
48162
13802
47266
34003
11310
6589
23296
11377
60170
35649
50511
14932
55454
64475
53294
58279
18910
4823
24526
41720
21309
34184
22690
5469
54318
647
37757
3173
4355
12451
63199
17753
7403
40352
42517
34512
4681
43099
62017
16984
28660
51196
8414
65305
37254
29685
18564
2022
29141
18614
10588
26756
5141
7880
17111
48303
33827
45375
2081
5442
22665
33455
41511
22986
5879
22835
52181
2286
39045
60808
7055
3950
11499
12020
62980
21856
22390
6055
28820
5641
49792
58252
48370
22659
32338
56249
23609
40320
29099
56282
31065
58083
62444
853
53867
60389
33074
13964
45727
20686
35037
974
8270
26198
59603
60342
45322
47997
7768
64991
52892
26986
2803
58360
50132
34044
44310
44280
54115
17980
41616
19506
17144
61046
61737
23470
22197
53944
54678
46241
1788
34601
6156
37712
6181
4761
21810
54538
21301
55409
37830
22619
53169
35889
40535
45876
53422
39224
17044
9310
40856
13913
63841
50186
19650
1520
29343
38046
15428
52405
4937
62730
24732
35038
39549
5969
60114
2745
29105
61254
63424
21612
59506
64808
7855
36218
41672
35612
35624
11913
10771
32296
5108
55357
8329
54615
56215
60449
7744
42772
28834
27549
31330
48868
40928
25321
10010
17604
15061
43881
12028
36399
10508
12883
39108
14760
8574
61245
13222
40594
55554
12720
61443
11715
60321
15752
30857
27422
61960
4619
48450
31779
53346
26882
17310
15708
41574
54327
6952
37991
55915
7735
25410
12728
61456
17785
64057
54006
40792
6526
21924
27265
45269
17339
28775
61002
63813
44459
48007
46910
38902
58796
64102
16155
21677
45246
22236
22156
48722
10555
64446
28076
23285
8287
29489
18940
56979
40946
50529
64780
1097
49945
62375
52828
46278
61420
35664
43852
10515
3643
51213
18841
212
49211
58090
3466
1673
19056
24279
27840
3078
61362
62158
13007
45166
60549
2867
61170
934
46148
27267
59885
37900
36810
3486
56456
6007
4690
27185
64213
33627
37150
352
62377
45552
10945
12279
50534
59354
11929
55297
36078
13544
48794
18521
3354
20280
50611
37248
62329
4910
13261
43855
13754
43954
34480
14194
52682
2551
61610
13138
14758
38098
43952
44305
4179
34549
757
47646
19642
57098
24826
65066
21449
46282
36737
27784
27846
33640
55864
37300
30388
56426
21708
47027
25832
23075
44072
28231
27485
57801
42670
49019
55699
57982
32497
46456
2694
65411
20910
21493
43961
33955
52403
43054
18105
46368
56639
2233
62106
35003
62267
5012
61583
28403
49079
56269
587
54618
29683
35652
25792
9153
36193
8909
22316
25783
9133
19784
41773
56386
38918
65472
30819
30307
36103
28249
55902
36976
32169
22076
13726
27625
60714
15330
43690
48684
30201
12461
802
37484
20503
58669
33964
8739
36774
41410
62068
27213
50073
19436
7536
34924
60303
31955
15694
38085
5682
54469
40117
46015
44388
14106
2985
56545
55413
49534
50406
52978
46080
56474
54142
18997
28663
38271
35504
43120
33033
56526
5418
43164
27333
12547
65436
41883
45503
2663
23849
11799
61981
62345
64580
56771
56936
48878
37979
33965
63317
9903
26681
26641
50874
35010
33771
60648
259
42397
60101
42771
55899
2856
18859
4028
64894
20518
56413
23986
30164
43075
50672
35897
8093
10776
2797
49872
1611
8033
18379
56102
33998
23723
26191
63650
40253
593
54814
18683
27469
1650
30645
29524
36925
30186
12879
34032
48998
24646
46603
62970
60762
32303
30838
37491
4627
15088
30188
48933
44556
23501
40015
64162
11669
18045
46649
23489
27164
18434
31038
2313
22786
65522
51351
28993
35412
49641
23689
31967
29519
49560
21035
35131
49919
51252
61900
17362
15136
64473
44270
9602
9548
56512
10832
10844
27683
1699
3527
34788
42867
57578
43356
23440
31094
35520
42679
26893
55319
14559
1473
51451
51312
29572
11344
23445
46324
43207
576
11356
33372
48787
62469
43831
16336
48254
6524
44500
16783
15259
4338
20484
868
1372
39555
49586
60514
39463
7302
43205
33052
64537
13
38164
5776
60407
9335
16016
21397
22593
9996
1360
27042
34294
59830
36548
36485
22270
18452
24478
37464
47831
61860
8935
38238
42013
36059
56668
33738
35641
9673
38139
57867
27415
48956
6260
61975
56166
11504
64990
16627
27886
53991
20486
12303
14963
58712
37766
57687
64008
36394
35029
16193
30045
57100
36246
30488
60292
117
62507
38953
11391
17614
61689
51242
59267
45616
34358
22223
15896
55527
56151
42516
15487
49395
49538
47822
55852
21357
31098
61090
11456
47118
32869
3057
24778
18535
40923
51325
50579
52346
30325
22798
12398
45763
5456
32859
63829
53989
22035
23678
16159
10741
17150
8931
60484
40789
41895
47943
43521
49176
36505
40262
40858
24866
13173
22039
15903
48959
15837
48297
63712
63085
57993
58497
54050
13289
37945
25264
17261
21547
64087
36552
27382
40895
28104
11986
39083
34819
35728
59305
62540
20925
62227
4198
18961
27190
61936
10659
19933
59401
15360
54769
21333
34815
13208
60132
24973
59740
63767
34766
38130
52167
52051
32381
30496
5608
62384
5952
20099
30984
40794
2781
39326
29738
58634
51348
20845
64068
32898
47186
11680
10385
17037
26242
6986
29187
23211
23620
13302
57066
57449
15183
10817
56859
61317
34925
14822
7101
30002
6600
8801
4957
24753
15783
32854
13510
25215
4279
51012
57524
16265
23404
13555
53534
26570
61857
32315
3583
32305
20663
38147
30093
52940
39350
3823
55604
35879
7904
36310
60167
63449
22142
30835
7232
64206
28516
46457
24022
52173
16895
26445
40134
38942
55725
13203
20358
45497
60319
63103
13389
51651
45676
26097
7138
15062
4292
6519
6552
13008
29299
38844
24417
34986
12830
45393
5363
18280
37081
20964
32766
7258
37984
52885
57083
8422
50494
43397
9395
37540
36036
30230
40588
46420
1623
33431
40960
3613
55702
24919
32653
29546
33387
34102
34703
19337
61464
49823
38316
35974
14977
44596
52654
51687
25819
63185
22220
1726
50848
29295
44884
10675
32610
47221
54127
20922
61181
36030
48216
28972
41826
53518
8947
5958
19277
64752
36648
5733
610
57292
49152
55148
59822
51470
44774
2425
516
40208
5481
43936
17099
27169
11186
22475
37526
13989
64289
62573
17756
25353
49741
38875
39521
48689
47351
39700
1334
35753
59127
38627
53351
20115
35478
52023
25881
35218
51106
7931
17958
30936
5627
3472
41534
16095
55458
4203
15796
38083
5341
8887
59976
27803
1346
48157
34316
34152
30420
61572
14038
50793
26791
35562
58919
23835
9578
23803
4613
47475
64800
21688
4935
10477
64532
28680
57401
38606
16522
54259
60677
39348
32175
45152
56605
25303
44464
11479
62231
32336
11995
46284
47615
17802
13037
57122
35086
33655
4506
40980
45923
55254
2868
7842
5945
52824
28970
13984
49229
26853
58040
35244
45289
40731
58691
54540
26979
49288
55362
54397
42471
8205
63028
62489
7955
64939
34383
3559
21265
29108
54735
59857
9988
21063
45799
34939
29063
57850
51
49091
8617
14607
42191
4422
2480
40747
46483
6406
735
19102
37668
39619
28932
48124
40016
61980
57527
38121
9990
31505
38018
10667
41468
24611
61725
11894
14650
60328
47014
27788
45909
33890
7628
20
49208
53586
62230
59183
58926
41319
13674
43933
8536
12443
51735
39940
37604
20282
31041
22743
4251
40828
51158
21137
58425
14922
42820
37461
35290
51624
9185
65449
6467
19689
47410
58547
36341
64617
33212
41942
43225
14924
36961
14107
45771
57475
52927
24094
41950
30859
53177
39470
56691
55426
19568
10121
64531
6621
21479
13685
10527
60662
57011
42339
42338
43432
15155
24026
44492
34534
20404
59677
63484
62568
1569
37599
46701
53625
51234
43812
34476
59116
29574
12633
53925
58874
837
49122
15482
18745
8272
61977
971
13102
21349
12554
63470
59468
21710
17562
21000
3502
23197
65038
12337
48027
43314
59853
10052
31549
48520
51881
16465
3177
27777
11058
58836
43165
62583
9670
15990
64765
18775
63566
65444
62287
23283
13696
3230
8830
6011
33123
23554
15473
37452
24942
28110
7358
32703
33399
12987
48345
40290
22192
7266
51373
64060
52382
35910
64239
43655
40009
60734
45296
59136
37355
18465
40969
10523
55196
23533
51117
4567
1904
26065
51658
18830
33178
25415
18318
41578
53825
50333
15433
36411
22030
64220
21347
65050
55866
22
64413
11007
42427
30610
1382
58416
3341
8810
55423
2881
37556
63997
61462
4675
35375
52695
53260
61423
39917
28893
36375
3010
46967
53032
61466
12419
48909
20338
28922
35477
36320
59013
24236
60783
6397
19035
57442
36077
39168
33363
33231
25427
47575
19347
64575
42838
2479
54636
43482
50492
22500
5948
5514
50090
12249
60967
5796
28259
25882
30788
18350
51848
60942
50288
63694
5722
33137
47937
59648
47712
51176
29427
3388
42360
29378
6693
22795
20049
51966
47616
42758
1871
42232
49706
17307
10369
63353
63496
30075
3295
54820
62787
46394
4349
64887
2076
34162
10308
25697
27680
51401
39609
101
65473
55249
18589
52385
28100
17492
38061
33805
59719
36535
44936
45280
20945
36416
3375
46860
55158
5231
50978
48597
16976
40801
29443
59633
5746
16225
30117
43428
2772
57897
25701
34934
3931
811
52162
50302
10107
40830
20952
18804
20695
41966
35091
13011
59447
19336
39434
44908
26933
14446
45262
64381
2078
21257
9889
23209
21655
44678
60883
55589
18192
60888
15677
9070
5866
32183
24672
39930
51155
11027
6640
17473
2321
59436
64438
5065
56724
1341
28595
23664
44817
61208
42808
47154
9656
45304
31827
20147
30663
27387
26525
50030
46021
19984
8327
47417
25150
46998
46018
11214
54714
37250
19829
47719
24521
42678
2230
50555
49321
48435
45556
453
21055
12333
41908
13570
52064
30237
8513
62821
14076
16368
10690
33304
1825
46061
9328
191
55197
34615
2799
26398
34164
14656
684
28577
19398
46289
28183
26637
11892
16326
54477
51603
24669
17081
32897
43004
35814
14463
48781
3281
63918
48278
57655
32663
51971
61976
57812
48644
52750
46529
22097
12986
52196
13627
60526
22459
408
54874
9055
57394
4936
967
11102
5129
36359
40866
15629
8406
36711
36616
14334
470
38201
42682
44853
6959
27499
16875
57674
1579
31622
12278
3476
45377
44363
5720
18222
64614
5644
17820
10826
9848
26621
11788
24463
20940
49256
18514
62829
60190
26349
8878
62191
35409
9621
39361
59998
36443
49282
60373
63620
52777
48610
47001
58924
57971
40167
34028
11858
30211
24450
24195
64171
34949
6730
43095
49809
3656
27529
2217
48731
45211
9875
18507
33256
61798
35962
48594
37119
20073
26757
49533
39669
46088
41955
47830
24370
27301
3501
24503
935
31318
4362
23268
26956
50346
21180
7386
13532
48819
7943
2932
12408
2121
54674
26392
39709
31506
60588
58013
31270
58939
61736
65419
45762
46017
20072
35607
19471
18231
52356
49838
63474
2304
12678
19686
17900
52593
14754
25990
7661
59036
33083
3225
32567
62046
48104
43759
55157
55571
12241
16199
22615
28128
34261
29154
21337
51791
55504
5211
20074
45229
30220
33111
902
23496
64583
11296
35344
8782
60067
53559
43604
17728
14155
65059
40114
14885
47299
24511
44697
45287
31236
58982
31924
61646
61676
27581
32529
57485
38506
36128
51772
44785
35840
61330
26934
19242
49539
60176
5712
31688
4498
15947
56582
27438
35423
7200
13443
39460
63236
39966
63993
32442
12158
58695
38590
18238
60812
62281
59693
23471
35274
41124
63289
20987
10427
39821
41252
41178
37258
3142
25537
650
44899
17863
36813
57411
27138
65492
29123
46212
36612
10211
54350
10321
51301
35084
37770
17205
54953
9357
63418
12663
58014
64472
23177
1031
51421
44197
15994
15976
34710
16527
37528
43003
23301
19429
63326
63786
32350
59397
64428
14297
15986
35605
46531
5587
26428
12401
21532
63792
37192
515
42312
9152
11195
28027
25790
53322
7428
64112
675
63625
34763
56592
32605
3722
61161
47530
64986
15880
27283
64053
39852
7932
59776
13276
22191
57693
7970
45016
9791
53272
45432
9502
8302
6375
59432
52683
58338
23826
3355
30994
59283
54843
43282
3898
1895
26665
9024
45256
35800
22886
12757
57284
62353
45019
33082
39891
49827
20063
22239
17513
64297
28385
49384
38877
38690
3702
33600
37370
38432
44067
11271
36837
43255
42184
19271
25051
46291
16018
15059
62744
54474
37443
28734
15494
32302
64059
35166
45962
15295
42922
42743
38881
15571
9477
3970
36267
33174
42452
61492
55880
42557
52084
32185
43364
25534
41547
40063
3746
44969
3153
10892
22543
54929
64598
127
22046
60705
7214
3720
6798
51749
49594
14128
25251
20853
8441
17913
64574
8498
8953
6251
33999
2034
45213
55274
7086
26629
41953
19340
36444
27303
3550
13254
30653
43238
60055
56996
14578
31240
11070
18658
19243
60462
59577
19415
12143
57097
14950
19682
58817
56414
30094
15928
18377
27596
42987
29241
55530
8069
53059
24546
14459
5448
58675
21567
51443
33233
42451
33962
21582
21550
2789
61881
54926
56939
31450
24683
31053
54557
2005
9410
56093
30369
20698
3105
32272
18127
7056
62842
50994
31114
24260
48581
29016
9117
39228
10942
35699
42369
10525
53207
27548
38596
6086
58846
21746
44781
12421
56371
19705
46153
31607
11613
40311
36863
64218
31421
6880
27589
39413
23676
57614
14952
55728
55503
42421
12557
32865
5042
19318
39214
3195
59285
30675
51929
15733
12006
63000
18100
23336
43717
49293
49749
9931
34322
6079
64653
11709
1948
27102
20999
31720
64586
19755
26120
60838
54581
58168
44107
63699
42779
21540
6586
62066
2069
40920
55023
48369
6125
59322
37319
36079
46685
57721
35276
1841
2073
52383
45251
11574
45754
14231
52165
44199
8818
26061
39034
22391
57257
36437
13101
58243
47482
33897
58965
46161
31929
23006
61553
3112
22174
35292
5279
17276
2155
15224
47541
64697
2196
51295
58328
46570
59836
59992
7463
3570
56210
11930
13931
2244
40317
3011
44417
5763
10459
12231
15389
54021
1776
7697
1462
21724
10825
20015
13330
31136
2054
65178
64717
60262
52770
49467
25980
61733
17698
41221
31893
39458
35905
55507
52436
41005
49642
61704
36404
38488
37892
41735
12186
33262
37805
55939
23306
30411
29341
61647
60977
47621
13942
7026
8812
58673
44239
20330
56459
62961
34130
41681
23836
3013
35224
37105
59551
5237
16145
3023
25533
12340
45526
33054
5045
22568
41906
52702
14553
18795
31409
20256
64234
38116
29223
12285
52171
52541
17861
64130
18688
7978
20005
39498
30670
56357
58886
64153
45515
30396
12017
30321
52530
31239
9221
23895
57722
54149
54252
41441
12448
36617
18976
2409
7182
37137
10455
20786
4298
31633
23873
42999
65136
3343
32421
51192
44461
53078
21875
45553
35096
64908
7343
64388
22305
14736
38850
44050
47538
43160
15202
62823
17079
13329
33133
31926
28666
34886
60966
42753
8824
9863
16252
17281
55833
38332
47110
6890
15859
14259
49304
54139
30525
37220
54642
30315
376
64350
57214
33877
40422
9569
41824
56721
10981
54489
18042
2836
23872
952
9243
31723
60426
46367
17409
9440
22794
4625
61816
54511
9997
28080
61000
16305
11963
40881
45461
28178
32362
21005
19281
8180
2021
48744
8235
43964
36724
4670
10486
57297
52351
44946
5068
42832
12582
139
51402
51282
33903
3636
45750
15688
53424
30478
25771
65347
29003
56601
56159
14472
26272
57816
29468
2703
47136
46942
7043
56104
13351
32960
22994
35281
51404
20629
9255
10617
52756
27585
10377
51386
18889
38399
34778
13028
27077
15198
45120
41546
50279
42258
2171
65497
47981
62898
63390
37880
15618
32700
3134
48158
55372
51730
48038
60998
53045
42791
21017
4817
36847
27597
45508
51928
17747
62481
58943
31930
21130
25828
7198
9430
58426
20399
38144
19038
19183
64474
55626
22578
34559
37449
23889
12717
17844
60488
10294
15204
44238
20339
30327
8505
27976
23297
44227
45846
34558
49908
31816
46918
62360
37268
4000
6656
16473
22237
24447
27856
62072
14636
9584
8222
37227
27587
10220
49697
27609
20850
20673
24982
3946
14965
44109
41046
5923
39774
35418
61327
8185
62402
43084
36461
59800
16108
33385
13649
25105
60220
8053
38252
22049
34400
55368
26192
60214
40618
37532
64377
26260
54920
65234
37898
28696
13198
46008
65266
62101
10335
33789
59870
159
58798
27727
12381
23307
6674
21834
22426
35295
44966
21205
54281
15058
40157
56775
12709
6072
39048
39486
31475
5307
51073
10789
12797
25180
20235
22556
41457
62676
43489
45859
35724
49764
5620
14853
1965
25759
3711
60625
12958
61814
8378
7345
29984
54884
34750
51219
10145
3533
11765
30868
46838
41312
31248
5325
56758
14671
3504
8466
23241
43718
1149
12131
30771
60634
23326
20543
40144
56445
21113
43988
4742
40822
51626
42444
10344
11067
23866
19766
36326
29497
44746
5913
20539
7223
5882
51941
8066
13005
52350
20857
49994
57378
7860
61539
64568
51630
193
22194
60646
5304
44542
28434
40544
1762
9703
9040
50343
42097
7748
48315
52980
21861
18638
15726
38022
9757
59100
60227
24624
3607
29358
42865
7572
46326
44569
719
9803
12941
15771
54721
4683
22724
26795
36057
39290
36217
60113
51396
38576
30428
18854
41586
59078
1470
984
3611
3828
60451
1384
36525
40783
65228
5907
33229
328
12026
48974
10595
64432
1083
35134
9901
14771
43894
63127
21535
13174
19495
54240
56293
8023
59924
42539
39736
34810
10732
51988
46287
30715
11115
32735
22640
3821
18424
43551
44231
32944
10055
22141
13274
18761
21593
28097
8126
28359
42582
55969
13248
10636
57554
2109
19788
62291
43041
57564
2068
28674
62335
16195
54482
58647
33823
42525
49807
19393
24271
3602
26438
25560
27241
63439
24601
7035
4281
2835
33247
10374
36620
61869
63941
40759
15923
52413
56223
5688
63193
39103
56779
33326
64215
18026
22408
17819
43115
13958
33402
22533
43114
41323
40952
33536
16668
2011
43116
10062
41494
1931
15038
4071
2448
2516
16393
24016
39504
26786
9223
53642
63681
16296
50077
11879
58210
25190
25740
61988
56505
55984
22424
4225
9072
55993
29006
41909
40152
56297
32038
16314
30486
8967
34029
58059
41919
9162
62142
34566
36166
43642
41930
58894
12172
25364
59772
43631
24953
40550
59340
59352
9974
18383
14005
47362
7008
18756
65067
44964
39399
63382
7052
40692
40143
9885
36482
12890
10138
37360
44978
4258
26597
1282
51233
38745
44780
61738
347
47539
8285
15665
57260
29838
16691
11628
24093
32241
2438
55909
61444
10
35467
23617
17342
34762
42664
27350
9908
33850
55997
263
64440
48185
10171
55990
54197
14261
5572
17178
41417
45530
20769
12088
33294
33302
34651
35816
31436
55316
27223
14912
19238
32918
14317
35669
9533
1982
26645
35156
14741
30196
30415
41350
1513
5187
36415
46437
16995
21867
46802
30519
40343
46476
54842
42364
55815
1851
2281
23541
11168
3892
2577
29535
26003
2309
45257
55975
16275
35530
55218
12432
44327
44827
13297
37311
18035
41095
26319
63053
52673
39538
6941
47352
571
2356
26909
39341
9151
50297
26729
7713
57427
8461
58461
1395
35892
43890
21108
3592
39109
31645
31535
18700
51696
32342
11464
23493
29286
59338
48758
34712
32515
28710
42903
5617
60790
49385
21980
37762
59334
49672
12923
31922
53293
43309
19782
49963
23929
5076
16140
63080
50775
41816
61735
40413
8871
672
49107
670
55701
25599
3635
21709
9367
44491
35801
38516
11260
45378
57030
15099
47696
