[425, 8751, 56545, 65522, 19341, 17476, 33487]
[58452, 29823, 36728, 46284, 24309, 41519, 12838]
[43567, 13941, 45999, 41021, 37575, 15519, 57118]
[24409, 39081, 19425, 28008, 43729, 37505, 35816]
[65376, 20029, 24477, 3859, 20137, 57176, 61301]
[21954, 43249, 36655, 50992, 52054, 44529, 43392]
[19407, 44608, 33186, 56157, 2726, 50905, 42078]
[62530, 53692, 24329, 5257, 58966, 27119, 10320]
[27313, 16036, 3844, 61951, 394, 64417, 40080]
[28020, 3905, 37545, 4781, 21419, 51764, 55000]
[40722, 20384, 36555, 19810, 6755, 15519, 1780]
[54181, 47148, 53554, 40469, 63717, 55374, 31251]
[55301, 46832, 52917, 43224, 16997, 11854, 60402]
[6, 26573, 17207, 14099, 23020, 22839, 40162]
[51920, 36474, 45023, 26492, 11993, 64099, 60563]
[1122, 15311, 24935, 1175, 33547, 6052, 5980]
[63492, 23127, 29190, 61854, 48937, 32945, 10087]
[8921, 19326, 28710, 13954, 49332, 29593, 52481]
[47467, 35663, 61672, 31548, 25125, 36574, 38152]
[62478, 46752, 1384, 53468, 21177, 13032, 583]
[14625, 7512, 28637, 36805, 60870, 25174, 3174]
[36983, 24802, 39528, 10950, 25924, 51598, 56253]
[60473, 62816, 7846, 44952, 62646, 34024, 12082]
[62437, 14313, 20903, 21516, 28879, 24623, 47338]
[17541, 15637, 61151, 5014, 2120, 41969, 27476]
[6029, 38187, 33517, 13185, 58028, 30606, 36871]
[65499, 59235, 29792, 30409, 16888, 48477, 21824]
[50754, 14170, 13011, 58540, 7509, 4301, 51423]
[12972, 51631, 13457, 41991, 41853, 9256, 20771]
[26124, 11974, 5961, 33357, 2109, 14992, 54243]