27427
50417
58019
7507
11484
49289
48690
55788
8764
53708
18147
25120
26535
60451
49484
28078
56457
20029
6128
13060
55504
19416
17208
16708
15881
6897
56785
53636
55556
19529
20445
53769
19632
51704
12825
64759
7592
14130
46386
61375
62382
32860
6050
12259
32339
54640
12712
16976
28275
62040
61130
29946
9696
48617
48485
60112
11872
31488
29578
24944
45515
58746
49820
48660
25721
52587
32009
9579
9101
14428
51352
58034
9469
30914
12011
5407
46526
59865
52704
46277
20668
17703
11837
21900
12737
61761
17452
11192
51537
9048
22284
16320
51431
12253
64672
24145
54643
20076
53356
15213
13695
5098
5226
18800
17091
13517
14048
55984
7104
8086
17900
57027
9094
62295
36259
50611
17426
49756
63724
36274
51653
33557
61983
11755
10603
33759
13399
9462
12214
50487
36559
63823
4775
49420
51596
57015
62882
14530
25772
16571
18523
59580
14087
11862
21648
14481
19952
41778
33387
26985
55781
6275
22619
4851
58418
3471
3582
18816
63590
37979
23948
14827
17142
39136
33847
62097
13030
19851
37687
18939
21072
33616
21403
18566
63840
24056
26409
52791
54479
10296
18102
13836
50049
59268
19798
58628
8408
6911
26948
56047
49360
25250
10720
51288
9418
51803
19998
54354
25426
34444
51220
35830
16743
29571
29939
35193
12904
11616
55737
17517
53597
14366
13241
20200
17768
6033
15642
56408
16052
53940
6340
6800
17389
7625
51056
17192
9308
47444
34728
64761
5410
12170
22008
32314
12628
20719
3668
10940
63142
49767
55843
17468
7158
12336
55628
20362
7738
17705
13487
17056
57305
54656
55040
17987
19164
54435
46576
1809
27329
29954
30080
60527
1396
24927
30464
27071
30594
46882
53833
5201
668
56391
7480
4301
49921
13591
14569
4839
7367
50431
16064
51532
12946
25660
27356
15668
6381
26120
57960
57955
38936
10270
32627
34680
34152
36883
8294
44950
32376
1891
1395
11886
35987
3096
47632
41224
42663
6308
7388
59823
43486
41993
4268
41801
4820
46194
5306
28935
332
6843
49100
2843
44059
5799
5853
59920
43707
42944
4525
44912
4567
46961
6070
28875
2992
57208
25952
25186
2753
59758
35567
20330
26773
1126
58463
2678
33182
28315
4221
58449
63385
7287
4551
31660
63947
31288
35148
29908
29604
45408
9222
27373
57633
25801
25465
13335
31452
26135
57799
32089
22987
34407
10896
58517
58197
40221
33117
21360
11163
285
1725
9239
59881
42695
53847
53849
62743
20331
7289
14229
54629
65130
18272
63613
4213
45677
48253
16994
15593
48327
42662
3572
48904
14392
54563
9206
21281
45731
56883
47315
12840
44366
60751
55208
44323
58945
43536
1109
26119
54069
55689
29546
914
45485
7481
46813
54309
43899
60272
53511
42137
60091
45884
45255
44808
31425
29670
54624
48247
41532
31686
44252
29921
46113
53580
32312
48864
54993
57768
60723
21409
33700
9766
33832
33592
44022
35836
1580
11598
1187
979
11688
59683
1544
4296
28957
51224
10699
33712
29111
30231
49692
36125
62902
33911
26572
28540
16065
30397
27672
43110
44654
3243
34299
35882
12054
39064
2042
58106
1354
34635
41118
32371
58107
37011
32632
4663
30668
50599
60513
34207
30692
30148
51113
33308
48160
34676
26425
26073
13042
30188
27655
61103
34576
36885
2818
37390
56675
35641
50376
535
38130
52072
53702
29936
241
8758
28778
7004
32013
49602
26808
62117
9646
30923
26241
28107
52404
63822
32561
36034
24631
17427
33033
11551
1307
42183
55986
13278
63057
2562
38760
54648
43790
20359
10237
4099
65042
22542
5120
61337
9990
20644
47902
41661
34346
15203
21642
41480
50270
2890
59789
54358
20601
11453
57599
60042
15126
49614
2120
3405
32891
36776
36042
48408
23774
59421
59365
60478
20954
34381
53587
36605
39591
48641
29296
14782
21894
40048
21374
31047
46039
33491
33640
13831
24229
51544
12300
36794
32428
51982
26533
28284
31306
4371
65001
28065
65074
24954
9097
19807
49331
30832
32771
5446
25537
41496
7644
25536
44736
43228
31005
6359
25979
28337
5195
31000
42054
32007
29357
8874
2311
44296
53948
18642
39135
1456
62837
55735
41915
19935
10526
4875
37406
62404
7686
19165
24481
42184
55998
2064
33077
51806
45123
59457
165
2570
16163
33018
25821
32791
8646
16198
51912
3755
58070
2317
22477
23766
54189
55736
888
699
15179
34328
48710
33035
32941
54467
35584
37282
2231
52510
35064
36807
3208
3335
40050
22606
58638
31842
45400
15718
29177
4928
2056
28183
8146
47302
31490
26308
41283
54232
42782
26313
7235
30634
44400
61131
32028
9945
5142
61442
26952
25725
29307
30120
20431
25259
63188
5398
8370
12036
64441
31053
19407
9302
40731
46247
31298
34884
47454
39666
20731
30843
45060
15080
61178
12351
38094
22769
12704
57398
29376
50974
27589
64932
16742
31498
65031
25281
50258
63483
19916
33849
47928
11951
34586
59380
58399
60449
24071
20863
59520
57344
50015
353
13233
24201
56657
46785
23727
60063
1444
19406
28733
8075
28651
37043
11198
30296
64478
41048
7046
20426
36867
44934
65290
12250
26200
33054
33811
56475
22353
45693
60633
34608
21855
49685
34225
1983
33330
21767
52250
59766
2664
57874
5130
31979
52904
45344
57308
53414
21248
24891
33611
52956
60167
1707
3168
55625
42437
60674
56995
58923
46635
45196
56786
54181
231
45304
57501
54832
3785
2170
1584
55519
933
30706
8944
31783
39284
41536
8561
10593
37236
37538
29084
31004
41327
43391
40105
11328
42402
30551
7152
8081
38056
41440
18646
17062
62413
43879
18811
40406
11531
39339
27740
6784
44903
55089
19983
30337
37810
21727
13522
17154
487
40196
31712
35273
45360
26240
2620
13791
28465
34562
33289
60641
50610
700
58545
35268
51122
21188
55264
54720
20943
2796
23759
58832
3127
7589
15856
54823
51000
64842
5423
53811
62892
52642
13784
63276
6049
48136
26365
17197
45986
4772
12854
56456
51669
62031
17447
14651
24871
49678
53645
18857
25769
47578
27900
17708
46350
56148
60937
55009
1761
20697
60388
58308
20692
55
57484
34511
63
2271
50895
61321
46020
53755
15626
59115
39729
21626
15500
16444
22796
24005
9169
20876
12801
63489
2669
14666
46651
31547
6134
6811
43675
43910
7051
6907
24808
41464
6038
30301
41053
44189
26205
8070
43771
31598
11622
30360
38903
44406
11305
29433
38393
40222
9543
42825
29431
44199
38419
9846
41758
9988
29020
6785
40648
63417
10378
11789
63546
26455
18651
40675
19806
62408
64015
10943
44081
54369
59296
14705
3111
21033
59170
58786
49524
21159
53660
36009
45423
47487
51567
58656
47633
11838
11718
17368
62903
65258
9444
10689
62596
65227
17628
17753
37439
38364
62259
9187
38920
33525
34813
34168
21886
1907
57931
34213
22398
22376
59286
58646
22442
3117
21859
60490
21931
57767
5894
10715
27784
49740
53828
5390
295
61960
29069
56572
1193
43482
22944
56396
43531
57543
56237
34939
63963
52688
53575
6667
21111
52651
8893
14752
1808
44221
22720
54992
3867
29793
29807
10609
38552
41343
11166
29550
40350
37217
11638
30227
44390
42614
39279
10911
43537
9223
20140
17271
42529
38108
6017
8177
25063
40353
7056
31292
41264
42528
63936
17884
37799
13319
19248
9143
22251
20960
12587
13883
21627
39767
36285
35437
50349
50141
22976
14976
62215
33876
33116
13751
52379
47033
57726
35432
49813
51031
12925
56346
21603
22902
50521
60095
22977
4264
57087
14401
51268
61478
20008
14577
24616
49393
53292
18595
28323
47183
63654
6179
49057
4519
54330
14811
50727
61728
7461
54258
64843
49467
15680
18173
27565
46656
63904
6441
47627
60977
60364
35025
22897
24047
58513
59921
21028
24001
33356
35183
764
3148
22591
58348
3841
12968
12342
33752
21470
20774
12878
14350
296
23352
60294
35235
47094
49030
22950
15398
51208
11979
17581
17784
37751
40381
17623
17319
62129
37915
20092
10688
37568
39024
63686
17373
38171
32507
32506
10315
38981
41034
8267
10491
36933
37115
28717
30893
41210
43082
39162
12074
44971
17492
8704
17879
44257
37615
10194
31799
63442
37569
6016
11471
61903
27372
62777
9609
63937
45223
49506
58621
10759
7535
62859
51831
54222
8505
60149
17249
47170
26261
56262
25141
28011
6924
16467
17007
56340
15350
5108
19540
13217
53455
18542
19000
54792
54632
13318
5363
53852
32367
51813
57775
25469
53239
51341
51837
9678
26133
59809
51273
10337
10753
10070
47157
8511
48528
63285
56662
17937
9769
19149
64731
60293
19311
54878
11079
54889
48930
58253
61930
48887
45798
52222
32316
12276
11418
19539
64142
61163
10227
59448
8338
55404
45857
30944
49299
46136
48741
19604
19258
23706
43060
56623
16531
29540
23634
18994
2179
26085
23186
29795
55694
23378
54253
16633
16121
5387
6842
19319
20391
15218
5898
16290
5307
56293
57141
13209
18073
56893
10906
63028
53274
46671
55246
49235
50819
29109
47630
7365
45087
11154
20322
59002
16468
18282
4714
52308
60361
28531
51768
45955
52371
19547
27668
59922
50732
6242
10834
12397
25396
11098
37251
16162
8441
50870
35637
52087
12352
16449
50782
12199
23309
10758
40120
20271
50793
38750
23450
14990
8547
24451
8274
49300
15151
19234
40756
9828
20570
10842
64741
18986
52307
49253
45320
49236
57936
11346
29427
27022
52372
61192
8282
58731
30964
46657
26776
28684
48638
25185
9775
53045
30659
47168
56082
52173
53213
29912
49058
30152
48400
11073
12049
31443
15189
8303
6380
16883
13363
6670
57203
16532
18164
16020
56227
13300
6078
57064
54072
13795
19603
7484
41566
18069
18239
23117
45918
15904
19325
10487
23285
19457
50150
38376
23105
32505
55330
20980
53261
16729
19818
55575
18237
18679
19143
57335
53529
17941
17669
55301
55909
16032
7929
54381
6622
354
44114
7734
32031
24
3377
27160
4409
41787
30637
57163
54247
43172
25285
56468
26021
31539
50882
34498
57446
5397
30293
46630
35599
53183
57195
26947
28643
49147
29203
26197
47301
33053
38421
29103
15897
32351
33087
21960
32029
39412
34646
44993
2353
48999
15965
2661
27731
26453
45044
29437
5673
3366
3688
29947
31599
26984
5414
45933
55339
28770
41450
6798
46698
110
27246
31342
7203
58986
49045
42858
30714
44067
4389
45214
56099
29173
2851
57125
58814
37281
48180
14855
11824
50667
39543
41919
14092
47753
9041
53946
29081
43010
21080
31268
4196
4201
64014
36451
10938
31014
29286
15717
18378
51445
33571
5227
26107
18382
30361
26356
31540
8396
23758
54731
59862
11191
20423
20938
58054
52410
58555
43865
28649
33038
9948
44884
43204
33036
39588
30999
33475
18519
35527
48365
29868
39545
13765
26809
2793
3160
11868
2612
1641
49175
1630
8249
14045
20867
22366
7729
35782
43063
20367
2358
58856
56117
23408
57234
2611
22472
44850
9921
20444
35533
52411
27449
8192
42735
19415
485
55274
4148
20950
60654
55365
2868
42549
5685
29354
47221
1762
42307
4147
45034
31006
56643
53487
26910
3614
55010
60245
12493
53010
59331
58224
9871
8287
33854
56848
21854
60115
32049
43089
35602
34493
48981
4453
30563
53157
16149
34371
29077
7269
49171
32787
50755
35701
26467
27171
15125
31267
27893
55410
39707
47861
14143
36182
606
37364
44807
12717
46385
32313
60600
31009
974
52839
30357
25508
29017
52244
36159
5981
30486
32054
51371
33049
50002
36374
27819
25435
27192
7705
27732
27336
54012
35106
52292
37387
29957
56564
4582
49908
33097
44171
27059
2601
18872
30477
2551
38312
19770
18670
39394
61979
8977
18738
19788
40277
17135
63607
38988
38377
18760
9238
38997
22539
55203
35118
2376
20568
34821
54696
57574
430
33091
22718
3981
52291
35000
32829
50686
29755
29245
18926
40149
62083
6030
31797
37333
37429
16819
19459
41274
27363
39226
5510
26968
61035
60774
34862
39406
52522
5259
31064
37605
23918
8835
18746
41565
42374
22634
54061
2296
2760
16889
18722
26181
20824
58212
18165
36220
24994
19754
22161
1660
25389
35256
58451
27127
11762
12025
18466
40820
40239
16452
12194
64370
40548
16457
9903
39849
63103
62313
18479
62308
19762
31695
18658
49077
43961
56277
59086
24037
24770
16106
59082
52538
21475
37721
5849
37716
37825
53513
35298
2677
61527
34392
55973
16061
450
33946
53227
21430
51498
18615
11100
51506
57073
33017
34850
2119
45135
12353
36775
49220
162
32841
55468
45311
3881
51455
16175
2295
54331
33107
35310
1652
45530
15138
34404
52514
462
36255
54953
48624
924
51514
14986
2392
4008
56624
35042
51490
23832
31432
55799
8918
52530
33433
39352
44246
1424
34888
60182
2135
15934
57354
35054
2232
3027
57048
59403
23518
206
32947
58118
49155
24538
21299
57299
22581
8805
9315
18734
63634
38042
19746
9060
65172
62053
19759
9065
40553
38959
62819
18730
38398
4007
16627
18478
26696
20727
35063
20392
57376
24750
16451
22594
2121
28451
34887
61177
26872
62225
16959
18914
39636
40465
32759
19460
4128
37940
16825
44945
26268
39641
18503
11936
39218
7387
1265
43319
7220
28832
42430
2596
25471
4668
43657
30882
4826
53657
26129
42952
55703
27304
32093
51284
35170
15901
7959
31063
63958
36185
50591
17867
26188
26092
50088
5917
26712
4040
33267
37886
29608
32876
34904
35496
3996
31651
38467
34836
2227
2595
22545
61011
2552
26973
41560
25441
32754
6188
31283
44270
44025
32496
26271
4132
25061
6026
32247
42118
5515
47206
48747
42488
29537
6445
31069
26091
44640
29798
43052
7463
25320
5254
29291
3485
54056
56507
37218
47415
15093
32095
47250
38549
1718
12601
47405
58206
53360
32157
42689
45653
31127
7527
32364
62773
11470
10627
31524
32612
61898
8787
64730
8670
27497
28457
17493
29484
26871
32087
16473
50517
57106
60090
35813
16213
23913
55242
51353
60274
3421
47341
33877
9961
26711
28615
33113
39266
30229
14173
55381
35429
51312
28953
37786
16231
49085
2461
50635
7769
2391
1020
20580
2107
36619
16259
34476
24433
45107
32826
3978
12504
2852
57503
56888
23343
59537
2397
51029
41809
34398
18057
34409
53138
48445
11103
998
15237
3479
56976
7479
20970
54763
54856
3415
43099
6455
28950
27835
2455
44876
7485
42464
30225
4566
53916
44200
45083
55521
60728
32851
22628
59409
58959
35800
36808
23471
57375
24447
60737
2867
4067
36340
34435
2136
4712
4717
50174
17749
33690
32151
6247
62035
15978
63875
9445
28268
25388
15982
31133
27128
61297
39934
46584
15528
60986
22673
38472
2266
14323
48163
34875
61055
31523
3851
3684
29480
28583
29756
51554
35492
8902
30740
31284
27789
34047
51833
31832
26697
27369
62731
28700
26967
56092
33273
40437
2375
61784
18776
35495
46737
418
38469
63934
54036
30453
52497
5203
32253
11788
28874
49748
27828
61944
12273
31938
50136
24782
50590
63009
34824
34149
64769
10230
33369
8432
2725
41220
54397
16267
50099
2381
39028
55925
43473
16090
10402
5377
36961
50776
5903
58144
16723
52580
27064
41434
8667
19144
34473
25038
50804
30989
60194
54884
23849
10890
56684
58861
33011
21054
44254
122
10213
11326
34921
174
22564
31946
61079
59633
21226
36762
57910
60771
40034
47874
28794
35976
2095
40858
39656
31858
47682
32812
31070
15090
23400
1342
15161
33674
6943
52789
26695
27513
32071
4881
14026
24738
53205
4880
35797
14030
52714
30281
15699
6730
44804
26389
56275
28623
202
4051
30233
5844
28530
45246
6978
30228
41338
28866
28947
8550
3266
43973
55155
18049
24454
3194
65431
56500
43698
15238
9825
6658
63339
40753
6922
19587
50788
42757
56700
1705
23456
50812
5382
54900
42459
3399
18392
11275
26579
35826
10042
13866
23614
2846
57423
3274
20585
24367
6666
60638
43710
114
16773
10846
47946
34645
35683
59142
32857
37474
3186
20728
30014
35938
22593
194
39061
40072
61345
30827
21000
61171
29280
8015
46798
40980
57053
46794
3341
46006
29612
57301
43121
48571
7745
30887
43855
60165
28841
10473
30627
64820
26180
26483
28786
32676
14419
25006
50062
7967
36581
34878
65263
31866
11839
29242
38645
47012
32077
13969
50076
38477
38357
30277
46401
15743
9531
15521
38715
45924
14335
15814
28937
50277
27063
61687
17172
30983
49035
25026
51829
63554
54872
35493
52747
19308
34042
47871
45586
42244
28685
31471
3820
193
7512
29903
26312
30861
47152
57303
30516
47001
55620
4149
32451
48951
57175
36799
4325
6341
51983
57436
46732
12466
27443
25555
12290
32739
26629
55141
12909
28523
10092
6269
36079
57951
8804
19994
38161
31871
57937
3265
16405
15485
46357
46367
42181
43026
6054
6617
3036
2984
31499
7593
43691
8150
46784
54907
29378
1145
5566
46025
3502
43429
6565
6355
58313
885
44746
4771
42362
7637
48820
56947
32005
3551
54133
44143
37473
1282
35153
36048
19472
62871
351
33328
2495
33201
26514
4729
59186
38780
30068
4804
32025
27736
36262
60048
30422
29094
15815
29021
49947
33756
7115
27163
55137
31161
26644
58372
11580
2616
35269
10575
34023
9047
41312
33795
2797
9330
1225
41913
29169
35212
41732
59220
33372
44129
17682
30076
14263
13655
63257
8735
27792
4727
46937
46521
10004
36028
1476
41754
23911
45829
7743
14637
42031
1086
55041
15677
28417
54671
43692
60120
54437
40349
58226
43439
21560
26628
17207
13708
10592
23019
46089
20028
25561
13447
42098
58554
53764
37932
59870
48953
3780
25550
29646
32650
57177
47282
41011
32266
43219
31726
48004
56799
7006
239
55506
58389
36189
1639
33078
9082
59791
32063
9377
36121
22792
10796
57601
42497
31595
35229
965
7621
29859
46699
58987
59020
32181
30997
45148
60406
49046
60391
28355
25971
56151
29651
26901
28522
65131
2334
57913
35446
38815
41572
57911
33894
3079
35977
42348
31857
57710
61565
6261
4404
4809
47857
36556
15481
30950
28870
15922
55136
51207
35055
7739
28427
12708
7401
26884
28205
45810
53526
18769
19183
15520
50471
53662
5215
55582
16817
8186
26693
55702
50985
24747
55692
7475
17580
15089
55007
16772
6452
19758
15164
17320
53572
54312
55976
18735
18051
53516
11503
46581
34668
63562
4261
51117
50477
57969
65531
34068
28333
10161
9553
60543
14325
29279
27517
25685
60173
9207
31113
14688
63979
58437
32249
58117
9351
4890
45938
59981
46233
47895
26492
48750
28864
30818
30954
54639
26094
59259
29290
61387
29410
7958
49009
60592
48879
47048
49385
6436
32083
1315
34612
64302
7459
8676
1332
31060
22515
15465
46482
9955
64255
48722
55933
7529
15632
18885
14992
17639
17255
7067
16733
54887
13426
54389
54213
17277
6633
56269
29674
26708
35693
53148
18273
45667
47331
33175
52312
10843
61542
29922
29538
34528
53844
29802
20458
47412
12368
63014
4516
49651
47395
55154
64241
15463
27555
18402
5458
57273
12596
7770
1071
54162
7935
21389
58613
64923
15760
17025
821
18673
21757
35324
39304
5519
25450
42046
3561
54766
5370
2282
57938
28318
56991
5250
43090
5106
618
59753
43493
5002
25967
3429
25644
48436
59148
30004
12163
15103
47396
57896
32307
60584
10116
5110
26184
58764
52111
24993
31119
45909
8502
50041
19307
50285
50157
33860
50791
10510
64794
9345
9201
35372
54373
32255
56508
4707
12998
19544
16364
4836
6244
20088
12390
14353
14225
55160
57288
17788
6371
4300
22431
6181
29241
51606
12654
61515
20013
10199
47470
9527
49430
35868
21905
11401
65530
612
54573
4665
20141
13730
56393
18391
17719
16453
14320
8187
53831
55077
54693
18474
19593
55213
42254
53753
35954
52788
41304
57517
56892
13176
49570
33666
24235
46616
823
31880
29891
3170
27240
16387
18101
38581
42856
31336
17925
4390
39694
16563
27803
44070
40890
7211
30717
38405
1624
54445
35445
260
52933
8240
55055
10417
1051
35204
36945
38919
50484
57323
36291
51877
30549
29011
11486
24309
61914
55334
61181
21498
37326
13214
52771
60923
45928
40138
6794
44094
60405
57594
13950
22142
49219
56101
58990
20597
20645
32835
13994
106
3875
22186
57123
46702
1285
18348
19524
26951
20997
35160
19111
57830
25249
16713
22974
2483
27177
60555
33341
27892
8210
11039
17988
37486
39801
17699
8954
63850
61458
17701
37923
9461
63854
65311
17993
40868
16388
32256
12212
26807
44508
7639
29633
39858
44737
16569
29632
64265
38591
38415
6364
40706
44855
53772
35540
2487
40644
9156
55559
4320
1025
33209
63666
42732
51929
32737
11785
52228
56306
35612
34420
1797
48448
15491
34618
50483
3345
34181
47059
53816
1339
50857
13888
1636
55102
34573
36053
2488
45782
12763
35528
49621
523
33203
55565
45370
2787
52227
15574
3125
45854
53311
34514
50898
251
58142
54834
57382
49156
32953
1688
2115
4073
54936
61098
1586
15109
60870
16309
41156
3517
8159
28681
37695
48843
10468
43999
20020
38962
22218
54237
22222
8613
10154
19525
64629
37187
16709
10782
63358
38686
16707
10778
38682
40003
64026
19523
64030
788
19373
17989
26532
23828
57914
18431
34267
28075
17700
22331
3083
26097
59025
36204
26357
45041
16649
19636
40254
24679
8877
20019
17739
37314
17381
37400
63768
37685
5665
31596
40130
32547
33532
41208
52049
588
14063
56671
62623
21156
62481
48063
6556
4380
36931
35916
32419
15039
19907
46903
62430
28381
32472
10254
14863
65029
47745
4870
34772
60465
51161
5046
53596
31164
21934
62146
15495
47526
53700
51793
41139
14670
36952
48137
32730
8253
25264
58024
9423
30842
8797
103
23547
21113
58249
60922
37952
37573
21515
23424
31296
57613
41117
34192
60953
31049
36349
315
22645
24025
36583
34923
31840
23973
3307
35017
29298
58821
41248
33664
58378
36816
63841
24066
8783
26908
38828
38188
58316
18804
21428
41537
35761
33617
3792
16657
36400
60573
11801
45144
61803
62143
9869
8701
50352
65044
64967
64493
35280
11520
46998
9657
57437
18643
37634
38062
20159
51657
21193
39097
9162
17330
39285
49844
19925
18853
40403
33794
17059
30941
51652
40654
13535
46336
524
21983
6349
13778
63669
46289
32184
9166
44726
54465
11786
14624
22631
62469
35467
38938
29938
2357
49292
34930
49400
39664
55439
57075
50249
11883
17469
14476
22843
52910
33466
39337
37472
21997
13065
35285
49989
37490
15751
13307
52959
9463
16118
6815
15708
24929
22740
48572
32977
34865
11439
52676
44065
59404
30500
30116
61823
14012
5151
18905
22725
40210
18151
50451
33079
38455
39814
14526
37368
51792
20358
18422
38073
33301
19881
60032
9386
27479
62846
64954
11957
9493
56412
62485
28641
18627
59367
32599
45536
9178
31536
35452
39160
21524
19089
43174
16740
26980
217
10318
20535
27167
36745
60985
1148
8360
33900
35907
8719
45560
61499
25820
5811
19286
49801
62468
49671
24794
14831
13516
49475
30172
59382
5014
54383
64792
51572
45439
12657
14689
17939
49505
26264
55580
7070
4894
64915
15007
6934
34191
8246
50177
64129
27603
30676
11313
14835
64312
51528
6671
33326
34216
50319
32723
33292
31961
51816
38737
12874
48298
46102
51571
30156
15403
38324
45643
29399
9474
42943
53534
10032
30285
29754
23975
39381
20768
33831
10555
30461
37179
1575
35241
32069
58274
40269
59689
60320
31856
61034
21195
40171
20704
58002
30037
10269
20587
22647
35936
28795
61207
37488
59625
59341
34543
42484
23377
8230
44207
37107
43043
59935
11297
23185
41038
33172
59748
3007
10228
60767
35149
11248
52683
62322
61920
9426
9122
55917
64359
46827
18889
57643
58939
50301
10880
36109
18061
40791
37227
12518
52316
22381
24557
10832
20449
38551
51096
16775
18167
39917
34647
16893
30387
23601
61531
12582
47631
1955
23590
7369
14977
64743
45390
29108
10833
24762
59140
11094
54575
1010
63288
36169
38653
40445
21280
13743
34343
62942
40261
12833
17720
50988
32245
4659
54153
1365
52219
32912
40032
44650
2201
15088
36075
64139
37019
54306
6453
52096
29282
56826
29996
60991
37537
23585
223
34596
58868
10483
20529
38984
60591
32296
32680
37423
36751
30636
19596
22075
39921
15802
51821
21674
21466
10511
14059
37700
50293
17108
18596
37260
33275
16636
34224
10093
65217
65425
61670
10215
12135
13590
63336
51384
19548
33403
35019
49852
12269
11968
35881
25454
22519
19827
26131
64278
62358
58784
18072
21826
28024
34631
34295
1865
19310
58105
14739
16732
49835
62930
26585
5297
18884
15530
63287
48171
5376
12670
55912
49706
6847
13334
48548
50961
59242
11066
12028
48885
52050
7116
10176
58416
5219
46859
25703
60931
62520
24686
7689
19405
16665
55489
16042
18936
20424
55864
56768
19476
13230
4868
56404
55101
17149
53593
20064
52248
58384
27154
50084
26674
51794
32870
26648
60175
52283
29283
11059
17098
49976
8640
45215
61704
57395
16739
12144
52122
49397
29568
8364
7516
10794
46317
45627
61418
63414
48116
45546
49323
7007
11432
10829
16150
50760
28898
16662
32564
10107
56403
47758
30345
52093
46901
24168
19063
16390
23728
62289
13446
18300
10600
23047
17931
39052
51355
22199
8957
13707
23297
57315
19372
15279
53418
5558
19098
18426
14826
5126
12858
54906
5088
7728
16255
20348
56115
10822
65287
60950
47574
54475
61644
63196
60795
46347
55323
45766
8571
19483
58182
19399
10006
8806
51911
60684
25980
50437
62348
52412
14357
26903
58311
51667
17771
9931
36371
63543
11014
37309
13889
11036
63060
32971
51802
15493
19491
24328
10234
11058
23331
20590
17984
53020
63435
23366
15579
10157
40924
11015
51128
12758
16715
63169
10776
37056
34333
53115
19526
51917
20504
45573
52167
57657
12235
17510
49960
53169
30724
11021
60498
9720
47582
27796
7631
52987
24930
9840
50696
4813
48133
56849
19282
65330
58947
45985
57363
53701
10787
10083
31165
12488
16400
5865
18349
14090
54184
54141
18296
19112
14270
57005
14862
56952
4324
5684
15034
19069
4153
62043
20344
16640
23090
22584
54661
19090
29434
23579
16435
25428
3694
23348
11628
13089
20759
56579
18380
16403
56265
17411
4858
19290
12813
53788
17513
12541
4096
54352
56316
19964
55139
43468
60456
62914
50439
12718
51551
14769
28878
47864
40792
12850
44810
12171
4807
23715
10676
2252
7207
10379
58079
47711
61764
4396
39864
55732
11750
1924
48823
16057
40717
64681
34996
49487
56471
41476
32731
43615
22623
34993
28134
31156
27592
43069
52873
52743
42895
52249
45553
63753
61419
37650
62407
55144
22784
9175
11064
48984
39672
13511
65334
19496
9410
3181
17218
63491
30343
39342
28652
53591
2023
28896
40394
26199
39290
46940
64981
17482
11534
2608
17742
64435
32651
4157
28653
8398
39870
31718
19422
44888
5688
61642
12035
44936
20442
40714
27480
22809
57233
17191
30423
1306
63760
14779
26675
59573
5422
2560
22076
34344
63792
28518
10677
48096
58920
42149
5194
26627
3047
60317
30922
5454
42357
28117
57180
49048
44506
1596
47979
49369
61409
28110
32179
44858
49330
53472
32563
30933
43230
44014
13839
46721
27619
24527
45111
42976
5671
4204
39336
29015
63494
17736
17341
42599
17437
11528
40413
38059
7404
27184
41063
43917
7208
4461
43677
31544
27531
4397
4328
43768
7272
43869
32605
44187
5869
28470
41467
43021
56033
39118
47756
14082
22484
59276
28365
48183
63674
49423
44472
11699
32456
51919
10453
47004
31467
44562
7240
26889
21260
33608
43997
4930
41387
28422
52656
52507
41657
2656
26456
21263
56043
17704
32441
2313
26513
55270
64907
29650
17453
690
23986
36218
63542
27232
33614
38879
31457
4412
39112
18370
38970
10459
18570
27735
19981
11870
64995
64968
19167
39631
42801
46352
5672
10721
55985
3315
62969
17735
40762
58702
30853
47452
4047
36833
39628
63139
13682
21034
35883
33302
21875
59166
587
33354
34686
23656
60520
534
36010
3115
34195
3242
21163
62105
19607
449
58515
23135
24693
16541
59750
59876
2680
20894
18538
63611
1260
27673
61975
24650
15399
46190
17644
64095
45639
12873
14870
6628
51608
61873
6317
63557
49555
48297
61691
49734
16264
36102
21459
33272
49742
16083
57640
22072
58936
21667
56566
49032
35142
52470
52744
50384
18055
11712
22253
33111
49451
15245
33915
38487
33739
20845
14765
50139
35248
51760
64775
2015
12168
12604
64140
6926
42964
10124
53582
63032
15096
24847
60579
23592
56031
44803
22321
40262
34337
45064
16006
46579
40270
36175
54691
55438
47326
49704
30454
1569
46918
38646
23969
63388
16280
44626
32409
43098
51089
18406
58730
30101
2277
41698
20326
53137
745
53084
51032
24911
13953
564
29327
40755
45380
12588
36083
30862
1326
38788
5795
63016
22415
46607
61937
20781
9767
15197
62329
16727
38098
11593
13429
63079
13253
62665
35242
21461
15005
39472
23355
22496
11419
16476
65436
16472
38887
8336
14232
64616
16216
63324
35949
24555
15596
40797
36951
21743
35553
12992
52381
55234
382
33174
12949
52311
13595
46874
35171
22904
13801
2767
21697
64413
19179
3381
11552
43321
50290
17594
35325
29474
21387
38023
17178
50034
1066
51808
52071
38000
35563
27399
56714
47417
39835
35728
55981
4994
46811
46117
8989
21367
45520
39520
21707
45427
19169
14333
62937
5890
25777
17599
53835
64567
13733
25088
55574
51582
56394
27343
49512
40595
12184
1963
33325
23802
44664
11891
60666
58661
1349
22347
12051
44952
557
44819
40472
18583
56478
23063
26983
45988
8151
55783
2158
28526
22068
48139
30110
9870
62811
54238
10935
34859
31266
47105
40057
47704
58067
30617
21363
39586
46032
3206
36246
15312
22693
55742
16337
41486
55842
34585
51252
43608
61259
55425
15638
51874
36153
22699
47896
3383
30518
31166
1890
38416
54926
64715
46395
53348
25424
6279
35838
46836
24430
54363
39667
11422
8651
48979
20343
39590
8066
24344
47747
53589
24804
7055
23325
48181
53117
46931
37243
18301
35752
26201
11384
25253
30350
56153
1769
2078
4730
31722
54190
1588
57172
47226
26958
28654
57002
30078
27477
64013
61220
43464
51550
32786
2365
55784
53422
24484
4005
33845
53235
36645
5131
3945
10936
2858
61221
15123
22131
12462
47909
60307
32885
24485
36782
52138
61290
3886
34378
49139
47982
48414
57220
35593
50905
4091
60787
56201
61432
52996
36802
1686
2126
4066
56166
59461
2866
24735
8082
4403
2152
29013
43510
30104
54173
27733
57085
60920
25757
25339
7395
42601
27636
24986
31902
53498
49050
60414
41365
6042
53406
3950
55038
2922
7267
27182
54938
43763
26613
9624
56034
22017
27807
46341
7647
55279
51357
27234
22192
47571
17053
11197
22632
6354
9944
42986
31470
9987
22773
16645
47350
59435
33578
39630
15715
16126
3373
48488
11450
27194
42814
53158
56046
2219
23763
33029
2021
59267
48557
51918
886
22474
52043
35702
57000
2618
36683
28068
31458
55151
817
26053
31864
29576
53421
2658
56656
3864
26539
27995
5123
6258
26452
10728
32661
47527
39410
4081
55992
31015
24571
40725
48900
51656
59429
16260
39374
59460
14919
47002
13723
7706
42340
16411
23647
58852
30108
63595
30492
10084
748
1985
8090
52253
45589
42793
9511
30704
39295
29351
37233
9372
8564
38306
31329
42012
31343
43380
11337
40096
41634
36934
34081
11939
50769
58017
50783
54244
6783
21924
16748
56260
61855
25700
30790
23724
40696
1146
33771
60697
2366
11627
2367
29572
31308
21351
57606
29940
476
43777
29562
22893
3525
1247
9089
58371
23021
9457
21735
11744
29810
22840
59845
37984
59849
41906
31055
22844
44292
51152
18571
17136
50060
12295
64472
19846
16705
51255
18929
51980
14860
51585
19520
65293
49719
27978
13095
56304
52280
19877
26111
54670
17740
50082
12806
18417
26444
46856
5677
62461
48546
37920
33579
33802
22650
36098
24295
36509
8818
21413
34245
24265
9568
21995
10569
21296
21563
61820
13281
17439
22751
56769
20689
36492
29249
50116
9636
3596
11436
38177
6524
50892
62561
49814
18577
15980
45925
12897
25434
6549
6553
62808
54362
56658
46313
27986
18582
62812
52824
50400
18843
13405
51350
15703
65256
17046
17041
50027
13656
52828
13660
63713
18832
62301
64855
2031
34273
29215
62864
10001
51127
13024
6034
38241
5394
63248
56409
46514
31903
23756
708
40605
9707
36377
22267
33298
825
58149
10784
38341
33085
35639
42025
1077
10362
21856
24167
25167
13704
55094
51674
17060
62503
13453
4391
50446
55867
62633
6569
47573
7212
62972
45582
49478
18817
19958
47154
12705
65338
6277
19497
51697
4857
12338
51081
45618
17990
64012
50424
43923
9112
31590
40183
32024
40185
29986
9513
37662
8864
30626
41504
42919
9843
38422
44318
662
58782
28694
39062
8302
22392
33430
28830
43118
30750
36886
60515
1406
30870
23651
1816
42140
31124
9244
38550
28948
39838
32147
11678
39521
8984
43795
29542
42616
10655
39535
41233
64403
55700
19302
51583
53524
49521
13468
7544
51809
17182
46108
17942
62360
5747
51823
28014
326
58254
60332
21292
32254
21544
36230
32078
1012
58276
40438
59811
990
30278
2547
2824
432
29666
57805
921
29794
1173
60906
31611
2389
58903
44394
59933
1723
31344
2393
43975
49551
5006
5375
47407
15156
61828
5263
19246
45876
5118
49663
15091
47406
18991
63027
46132
24646
55332
16044
51279
16632
65064
15916
4136
53233
57329
65187
6307
47172
18502
26867
45217
41625
59541
34653
40173
32855
658
29418
8347
24427
36711
22368
30826
2194
11408
2137
597
38703
59524
10236
23596
57348
22308
57903
28750
24369
12280
1967
12275
43054
31823
24383
41716
46234
5010
56681
63981
54370
62695
19856
19867
26965
13159
50272
14701
50155
5018
26969
48469
45807
5534
53843
26083
56916
25316
7839
7838
47214
55396
45679
54627
47342
5535
26707
28244
45792
54754
5904
26778
18274
51093
53914
7835
25954
7963
61546
54637
48251
5520
52313
47047
44330
31109
35824
39386
33271
21543
9357
11589
39483
33698
21673
9213
21287
9773
2553
3570
24896
55685
13325
50720
16887
27941
56617
19787
51771
13223
64509
5805
46663
18752
27129
45323
50986
5506
7930
50464
14322
63447
17024
16459
46578
18683
51104
15533
50475
20266
64569
45813
44589
30757
11949
38986
28837
36939
11821
8261
40955
32763
44717
32762
43077
10282
40954
41131
12071
35109
43524
51834
51211
56294
33098
39039
51557
43484
49037
11849
4828
40801
13240
7380
16283
17812
18053
58013
32721
15692
20115
32159
58855
16777
57558
18413
57721
31134
14808
59058
61963
35108
42039
6031
32583
30694
33103
25460
5505
43650
32329
27787
51826
27409
9656
50274
28591
13294
44820
53210
15701
23509
15283
44460
51253
43132
52170
28225
32320
31652
21306
32578
27306
10372
27669
50051
20052
24293
36483
43801
62260
28537
52819
27458
31615
28949
39001
31358
37544
17285
20051
39401
62747
11644
17545
17313
37717
17748
63600
38977
38370
17574
10616
40533
43523
14370
12066
56291
829
52082
12361
61505
54248
8256
2949
42200
29366
65535
50025
31934
52883
14485
41720
32156
27133
38117
17130
30816
31128
43041
27943
17747
63886
41629
21354
52734
52648
33762
44635
5248
31352
17085
33945
44865
5003
42471
31612
63960
50580
42920
14459
52820
40233
10274
20217
40831
11764
61508
8265
19314
39012
20386
39855
9897
63092
17305
63743
64868
37530
10654
17651
63641
9317
64802
11679
20116
62821
17396
40297
10345
38948
17811
63994
37630
10904
34274
42693
50579
62209
36566
33434
65424
50516
43705
50134
11164
4569
64619
10449
5845
62698
9710
28001
28713
26876
37342
10163
30457
30759
26260
24612
19146
64725
44320
39219
62005
1562
14734
10910
61062
43088
52884
15663
64290
30849
11167
3819
41397
6074
64250
50515
57205
64785
17796
17497
39647
38929
28704
18399
8183
39220
19138
44956
26257
39634
20128
10311
37938
11496
17301
19588
57642
54968
53280
19322
11808
59691
18396
56755
8883
58444
30754
14407
59972
2904
55627
33050
2564
51397
12167
56532
11980
2331
33855
40785
40455
49716
53341
33726
49573
1880
31041
46900
12752
10375
12986
29808
41908
15569
47746
11756
48363
39538
44546
34238
37284
52644
54641
22299
9861
10273
16171
54962
27988
11447
20786
6558
51003
24850
24120
18910
28184
52186
58296
12490
44996
60875
28431
32722
9103
47307
11871
31492
65167
40498
34490
45837
23502
61663
30935
8399
26800
32001
28119
32188
11186
43201
20418
44480
17929
38580
9951
26636
36866
64964
29659
54464
26806
62885
8771
32445
17156
25547
54721
63811
39124
1463
19977
18814
1031
23417
55415
2910
12162
50701
2563
60606
28300
34488
44599
65343
21635
21086
48010
784
49170
46269
55371
64449
10054
39597
48760
56646
12224
19064
40913
38779
54726
47576
39888
45853
45579
49669
54199
20743
8381
18840
15683
57020
39041
9947
23735
8742
51678
25969
64849
14405
25623
3773
30785
56582
27813
7697
43690
6782
5817
25505
4105
4373
43993
27588
55478
43024
3592
44496
6520
7680
26950
5147
41595
29254
7857
26027
4865
25110
30912
43217
5040
43437
28097
41015
54737
33039
2480
39108
11711
54480
8023
2305
35522
63673
42721
51922
28764
10450
50948
48764
6616
20488
19102
40720
46618
57157
39817
12097
64340
39674
45498
46853
20669
26054
48545
20947
58808
41010
11196
65292
1211
53949
5689
12247
42724
64471
35530
52405
24719
2310
22478
24078
30135
53782
26309
62372
19096
30421
16432
26049
53705
64763
64337
258
15619
10308
539
45159
29563
45557
15492
33768
36072
31300
40967
14923
45617
30850
21192
38132
3534
14450
39701
200
35374
32246
38470
2148
36582
33094
59412
38654
30462
22684
2238
2606
57372
59630
1272
456
18978
17657
26186
23128
60831
19242
33553
27298
17397
22172
1649
25387
33990
59886
25847
48484
35362
31658
2368
64088
17638
33088
13076
2722
29611
63923
50065
38475
15212
6638
39925
3462
36846
61036
24444
35828
23512
32950
60196
24420
61284
23468
58931
4078
58156
22067
3672
44512
20450
53853
53145
33109
23525
12522
60823
52309
55399
23401
58205
47339
59885
38489
28247
27956
20462
18287
52383
46078
7471
18415
54260
53076
20334
27011
45966
52382
54323
6446
51028
48684
36642
36601
2112
53412
49217
32832
12356
4002
36770
48812
57343
3874
14383
53247
3831
22506
36654
59139
44243
57365
38885
10115
57458
4014
61348
42954
36713
24356
60602
24426
22334
574
36834
30489
3193
24568
29315
34713
36849
4034
32533
40070
2084
40853
34614
59438
38754
52202
20258
12537
64733
16725
64375
16448
15223
64565
16295
61901
14029
53211
13977
63081
49205
61679
18990
12595
64131
12398
61588
19247
12436
50942
14068
63315
16211
50830
15587
64611
64308
24775
35554
29792
38554
46421
57066
33178
57111
39522
29547
47257
49083
2459
55245
6370
1111
23337
19182
56095
27062
28933
37339
16822
60743
27342
54033
41997
34464
50801
58953
39482
52068
46221
35566
33875
1663
53509
52002
35743
15650
2766
33636
48041
54256
913
14730
51770
1112
48693
19170
19306
51824
25909
20000
16816
14583
51810
17947
62861
51339
51835
57081
6178
49509
167
20270
20211
26694
24567
36384
16454
61431
28590
20398
22601
2114
28462
36512
59426
28408
24075
56398
34035
2374
24408
36570
53830
61272
2734
35502
22707
3979
52302
36550
36747
49918
49867
31346
46135
12586
29668
12432
31610
1720
14978
47403
60899
51319
37781
43969
15595
37986
49399
55922
20981
8656
5012
17114
54384
50152
10882
23115
19868
51266
25467
48478
19595
27413
52867
61397
36435
2230
60174
48856
61149
35806
4046
36814
3334
16131
24533
33667
48899
24117
64905
30388
20057
49082
31682
48085
60339
36325
28610
14421
3018
13114
21486
9193
26121
40276
36913
32693
55247
27839
64248
8236
30649
13880
28622
56350
63020
24456
3189
19260
11304
1986
23855
61300
3643
32989
53043
3393
61052
57139
36741
3973
49368
34479
24436
48774
1711
24164
47027
54862
36916
8239
40042
26558
4563
36698
11310
24462
37010
57119
46660
37097
48915
45326
49464
57268
22354
10217
29998
16774
55167
2190
12261
23701
32303
50721
28542
44596
13864
26388
3034
5748
53258
26688
6930
44359
7548
56763
28578
55307
27920
58125
46008
54970
42665
48078
41145
31822
6927
26191
5918
41074
28751
53438
27310
54798
24607
61386
4062
8127
44058
40964
40385
56018
33881
2682
65367
35814
53578
14539
2754
35173
53229
21432
51493
20160
9953
50226
47993
7381
52062
19324
38649
25787
4829
34317
18068
50872
39751
54032
47175
23434
27338
45218
21738
56501
44369
35811
63033
2930
53369
54077
9956
1000
52101
33641
51346
28032
2762
49749
52056
31442
53530
27056
65527
19839
29904
14341
27330
55579
63561
50110
2379
12349
18065
421
24081
30286
45816
14150
59525
36479
32070
2261
15406
48174
36493
3985
38478
11
36753
40446
30868
55707
23284
26266
49063
57050
53658
38374
25451
23116
47177
11932
8668
42334
57307
10884
58270
30103
46594
39066
21768
57420
32413
39654
38242
47689
22604
29923
12585
22120
60632
13954
25032
54561
34041
52303
38155
29402
55087
6744
50676
35490
44173
27070
2594
17606
31963
1271
38655
55435
40030
48937
56679
48101
53386
37126
47351
40118
47977
39745
8316
8510
45917
12180
39530
4993
53093
45868
53848
48872
56710
37210
47416
64746
48748
39826
16537
35685
26716
19605
25000
29675
56924
2448
48923
4208
29920
6664
855
54625
27837
26177
26081
56230
7291
28248
64563
54161
44037
50815
36338
2850
56223
25094
50020
42461
23465
63448
10205
5902
1008
11397
3741
58264
36595
39395
15861
25739
29926
8933
21358
9534
62522
30045
42376
34970
46077
3832
168
54151
36441
51497
21272
29110
54304
9480
49970
34146
39350
44248
1431
36518
59000
3671
28048
30865
4669
44259
29752
43812
28831
4581
42328
7221
41267
5737
28450
6637
41980
28407
25238
5531
56822
26093
60779
44439
7824
4840
47211
6456
42077
6252
25377
55446
43373
25848
5525
54753
22098
26774
47624
56278
53910
26090
25953
23193
46668
7833
8681
47205
5841
9957
42125
30091
17491
40154
16958
26510
30602
8661
38197
19150
63235
31290
27374
10634
25910
25688
50938
58760
1566
22575
33365
3735
60972
24842
21822
43699
24169
61829
8675
56229
1373
34462
24743
31105
54368
2607
44232
32383
29071
5381
2545
55906
42419
26690
27362
5901
32625
25687
30085
29483
48292
38474
49937
56703
31530
38362
37877
46412
46748
8845
14156
39995
54897
15396
20851
35198
55149
23633
53787
3081
35975
34287
50453
33484
59332
21129
20999
15482
2326
360
38783
9588
514
34028
23552
25207
17017
59999
34183
2484
20913
19481
27799
1929
42268
42849
27974
14660
21240
5102
39948
48905
16263
49647
9601
46164
63059
26441
63479
22342
47532
64942
45357
13269
60253
38449
33813
52284
20353
35292
21445
11532
33073
49884
65025
60061
51626
47931
46988
18644
31548
37817
33796
50386
19929
57831
37636
30295
21705
55856
26247
60044
50447
24625
46268
17342
12809
62419
7691
44760
11987
54481
63493
14596
27910
58636
21972
54736
25542
50372
43933
33650
48389
6276
51709
39676
35464
47068
13195
24577
46399
37964
21512
46154
37658
2919
62585
13173
40247
8861
37693
52916
15987
34128
10539
39143
40683
17695
50622
21632
50121
50373
25152
14546
50257
11910
63174
48593
15839
35852
17384
21889
37080
6572
63812
49596
47104
62114
21114
10354
16067
64107
17092
38461
10795
15072
63508
19280
19291
20864
39735
13683
38345
24261
21721
10565
19913
62835
19909
40629
8826
12980
63765
18628
65219
34249
39090
14777
37642
40194
22489
34258
59228
50617
58049
1201
33983
14258
21956
56407
45760
35535
2785
36031
1280
1847
65139
17854
24155
31013
38224
50768
13979
1161
10391
44338
41786
61840
49499
21149
50463
52756
41260
35294
28164
19840
50492
38002
33978
55561
18561
25554
50311
31328
2795
45791
39343
312
582
9684
13475
65339
5121
26307
18152
56537
63748
14128
4101
45503
49489
55622
42252
21166
61562
18549
1054
58754
23062
44063
11409
640
35224
1799
23609
37535
37393
403
26653
24683
44041
14712
40017
48173
13045
49534
53654
41676
50603
38335
51114
41687
8921
30660
51555
11399
49097
18753
29678
59206
1340
64814
19782
37348
60625
29935
552
46962
14224
38483
63999
16359
49705
34161
25025
29401
42288
22388
59292
6751
31959
27060
42882
15529
48167
25836
21871
49831
64572
33755
38641
46829
13339
299
60301
37903
50123
37711
45421
62164
20047
8497
22957
20257
63037
10423
39531
51382
12993
21115
36541
37200
63681
38544
49686
61831
19232
11099
21952
18987
40579
9144
19718
62896
20053
38116
9404
17540
63691
18689
62041
9535
38353
17283
37715
40456
23292
13175
6180
60890
2733
27547
56208
62081
59099
20012
1093
21572
9427
25919
62237
10888
52924
33659
42779
6976
26125
21623
9405
31936
6731
44919
25047
13596
62904
41149
21440
52760
52623
14519
40968
29116
41814
49810
12912
30012
30392
44241
42209
14847
51521
44678
51289
52481
38096
18497
19728
42540
9217
26497
4140
4583
37793
5735
41276
31280
42535
18864
62732
40359
40637
18763
16918
37744
11723
62679
19776
17073
39195
18449
38080
9664
39031
18614
62221
37403
42691
34257
65371
51526
13364
21038
33350
26569
51457
64736
50419
41396
8684
4293
21823
9960
50288
10712
43943
7759
27660
289
29062
30985
8001
41794
25300
55904
27371
41424
22956
62667
22096
13752
6437
57533
3264
65144
15996
25730
32695
7465
1915
20887
8685
25402
62748
34459
62703
9687
16896
44268
8788
38866
30592
18386
38337
7223
38863
19151
27361
17801
38201
62657
3103
18507
30082
54387
47462
61509
4141
38871
55928
8832
45470
625
33407
39993
63738
35985
48837
35451
31594
39668
51303
30948
35460
59334
38427
29948
1374
41153
1073
56857
14571
357
517
19521
18351
26944
21765
34022
16704
59992
26017
19106
22963
2494
27170
59197
34187
26612
24305
35959
32285
1538
38158
54174
34434
12630
1303
29097
50792
46174
37362
36527
9608
36891
3050
16315
53353
23646
35607
38463
12260
59782
53015
57942
33086
44428
44625
59033
22221
45141
43919
12209
59219
52413
33032
39863
16560
57829
23752
56405
20941
30297
28642
60035
38412
41044
65079
18107
16656
53180
51451
17446
16566
14648
50887
19473
49958
62337
52401
12861
17707
49607
47913
34417
35615
3077
56743
52275
35973
13699
785
33338
55054
45702
571
13897
50848
2916
20957
13944
54470
2118
60843
20603
32838
58043
45848
58632
3613
36045
23768
59869
22189
49608
50264
34519
29856
2224
49950
36390
32944
34062
775
29975
22595
21896
40055
13507
13208
37287
49334
17985
15276
53237
18376
64106
19493
15082
64008
14138
15205
64489
61490
16252
65308
51976
64432
19531
14093
50758
15131
63352
16710
14264
53163
14856
49174
20428
63185
15037
64029
61447
44740
35537
29183
39536
21848
20192
33200
54725
39585
31330
50669
26802
2786
58051
10465
308
20592
11480
61100
46622
29387
22266
13982
60122
42248
53699
60325
20874
49502
59504
40141
20641
46979
36059
34570
2486
53768
49627
33206
12757
1291
35534
46093
55866
2798
15571
52230
1845
52536
19633
16406
50770
63800
5413
18149
53818
52241
16745
47349
28210
49490
15868
17185
50968
3348
17995
19370
27812
21268
58757
19492
33293
25515
17151
23611
1803
25329
60268
33681
27637
64704
55630
50535
27815
7166
46384
56535
32852
25518
2132
4855
40787
30958
14103
47859
17895
24320
6516
22530
44076
16660
42788
29263
3532
27233
21439
38831
23473
36332
60935
27247
34951
1839
59764
59388
22535
33044
2096
61399
13295
2657
15820
36402
48620
48065
35919
2671
676
39248
55486
39259
47819
7710
47808
5815
60724
47124
1022
4375
41779
31022
33895
46355
9111
37686
5042
21496
46515
5138
45748
7871
23888
47557
21405
25119
40427
9373
36145
47561
10536
24714
30910
56841
47289
57428
24805
7866
56196
2244
54020
45145
5683
25566
57225
44883
28165
51696
59506
63749
22795
28779
43680
60123
12337
3943
53240
9383
47167
55342
13474
43034
18827
3545
55374
60413
46637
53297
48594
56650
57575
49144
61291
47920
59593
2165
59008
47119
3493
48111
59602
56156
1772
32770
3044
60863
32980
3895
61233
23503
61247
2260
14015
3897
48580
25279
29554
4803
1704
58386
42502
31304
54960
43461
56093
60161
27581
24859
54655
43465
28180
28090
31054
56602
890
60676
44469
29818
57012
942
55326
3529
6339
25982
54201
41731
25621
40902
54738
22609
26959
6130
45444
54495
49344
26018
51424
25087
61627
20205
32961
48185
10472
633
6613
30557
51368
53751
48908
57160
33744
27195
36269
15873
3024
2987
60560
47529
41669
51260
59861
51374
3309
29175
41586
58042
52489
2619
49994
42848
52615
15661
15876
43433
14376
24975
5554
54447
4033
55138
43094
32696
55424
46354
53248
61009
28301
24587
55855
27737
25604
23068
30798
22804
63761
8366
26988
6769
57346
45048
24375
17508
24377
59522
58385
45043
35217
40031
56395
1380
26698
7931
46885
53834
22300
28587
21916
24826
38833
8940
34660
46589
30180
22111
31809
22097
38982
8948
44584
28742
287
38305
23196
40691
20884
58527
60356
42492
58340
46236
60487
13340
3104
33522
1826
57929
12660
21927
55905
22441
55919
47476
14751
1520
45329
43327
54971
43326
45945
6939
46197
56762
21756
46615
39302
27930
38017
11564
58612
47645
29476
41818
8113
869
49020
5905
46968
53430
1129
48328
43498
24598
42210
32153
60754
48332
31125
28038
8123
56076
48240
56919
25319
6064
54305
49095
55969
45664
6460
27345
54156
26717
27400
46591
58951
64568
1568
11691
44357
60745
49839
21415
62931
44029
49697
17030
14321
42669
5518
176
54859
36381
63965
15623
45383
4573
33399
50091
9675
50336
60432
44219
34992
46592
27
3724
59057
36364
22908
36180
1169
57724
33316
21441
34209
21615
58876
3137
34959
860
1
25008
30273
4557
43475
57761
42196
32079
54386
43528
6597
1199
6601
25458
55920
43532
27415
24758
31355
53270
43709
60359
41399
31600
55153
1563
7368
272
7372
28529
57276
42701
26392
65370
56017
47186
26182
5361
46120
53574
51049
27297
46489
28150
63458
4841
12370
47420
6373
320
7384
9229
27782
12961
45636
4819
57639
62728
31291
47100
59817
43477
35136
48300
41227
45881
60603
50939
22640
8727
41083
57456
49648
21963
64141
40477
46114
5258
15159
44048
54053
25216
31921
55200
1407
57953
42980
29375
55074
3089
54690
1903
7225
26066
54560
42332
26375
23801
5752
23799
26262
19822
27550
7539
672
62232
21833
64275
22343
33312
59298
25446
58658
9076
35957
43463
51538
46648
17329
35202
40040
52254
42510
63495
11307
8158
63506
61320
6615
34942
19058
20440
59369
5044
53638
18303
9366
60034
19421
32479
15994
60848
9515
56459
58321
24888
35442
42834
6280
29556
34936
33668
24856
6786
44347
31819
52907
52562
44708
7403
50964
25504
36830
26647
63538
12494
37689
17380
29102
50702
44062
19794
27811
31813
32023
24522
29553
26022
18100
42264
63199
19394
37042
8415
42013
65282
25981
61647
25675
29814
29864
38409
30027
24936
20446
19402
38586
44136
29078
19418
6904
38414
20430
27805
44072
40885
6141
31787
39685
43469
13892
9841
5089
3930
51546
13701
64755
61326
11301
41776
1699
61310
63136
53023
5563
52090
36734
24942
29075
27891
23413
12410
31850
31781
44078
24869
16147
50766
41258
22179
49317
45307
34516
43829
7050
30021
53405
35769
42318
8078
45029
29811
46632
53172
25630
61336
52162
36985
9844
19375
38254
11026
62963
9509
18842
65298
17146
9470
37930
62574
20351
63145
37028
37194
11333
18346
64634
8622
61765
8563
18302
39966
19118
37146
11290
40014
19066
64675
61726
9541
35538
41736
52415
28471
28812
34745
62842
51906
41917
26252
9331
7645
38174
5857
6360
63411
19637
41204
29995
26361
21491
34974
42029
30356
25704
26102
52634
52981
41113
39626
61710
934
15573
11339
28815
42553
51134
12755
61771
5860
8566
41186
3451
56957
64678
51914
59512
41201
19154
18383
37694
28519
9547
18574
17069
39618
19802
38168
62488
40245
7164
30353
38850
17845
20350
19159
59783
59614
13787
18834
29989
60565
20366
5809
36760
59092
9105
54817
59767
46568
14067
32385
8257
11365
64696
18950
61269
10030
57486
12055
49044
55039
30807
53150
55606
56918
17967
13103
53317
6083
19045
18213
14677
6867
12933
54805
4951
7815
15983
16495
54150
10853
64319
53365
48556
48307
53174
51974
31179
45315
4795
47228
9751
16503
58901
65519
18325
26913
54079
59345
8833
12094
51777
14844
60670
32398
57934
11265
26158
5027
58673
50820
6828
28152
46127
60486
7662
10047
53122
55353
55633
30095
53681
18014
25895
7328
58102
49652
27462
37205
50943
9887
64351
24405
12778
51077
19710
32830
10021
38537
22062
36707
19449
16276
63466
55601
7566
17473
13380
54788
18945
17537
18094
15233
6952
55713
56062
54350
18932
17982
53713
18265
54526
15504
63472
26286
52361
45625
61380
19448
32993
27721
12126
32494
55065
51966
5609
11113
15166
7354
46858
48916
63209
61497
59054
56228
57470
47802
11006
10142
29130
53086
20377
53218
25636
32238
21238
23695
19270
64808
10945
575
9441
23622
52343
13664
9822
16687
55385
51042
25587
31215
46175
23806
18217
25122
12085
58110
32389
51951
24548
59487
8543
17966
45721
48737
61827
59526
16798
8297
50837
16378
29495
12079
7649
10997
47595
54589
61021
63326
48428
20309
46143
12519
64931
27215
51782
50422
54551
61948
12914
25414
19655
17127
57282
51855
7909
54518
6543
17222
12423
53679
20277
7813
17906
14892
16967
57090
54583
55255
19955
16703
55878
22165
49550
8606
20486
40937
12412
52033
18087
36927
11121
24509
39611
19661
19189
14307
16234
6225
16686
13454
5336
57118
20241
19265
16148
56142
15172
5576
57182
56206
13662
19566
7553
56218
61283
24931
31379
7422
2917
45210
44133
30501
30718
4602
57246
46835
43562
1582
45093
25488
32401
62010
11443
10558
31743
32671
64197
8942
18181
8451
26210
4338
63978
29681
28400
42639
8369
22467
54717
59656
11200
20400
23237
58040
14277
58573
42578
4178
23251
9729
41055
53385
59599
28099
29619
32565
45138
48825
44862
32469
32270
31571
54916
45839
26339
4068
48850
53792
60444
25036
30169
30007
1892
639
27220
30679
5316
30521
56354
46505
27116
1425
46919
60716
36719
3645
36829
16190
23457
20604
48958
32901
57397
12294
58916
3951
47238
22052
3729
28554
32446
45104
57312
36804
4186
6330
50692
57569
56113
12489
26174
7438
53209
32606
28170
1430
58014
40470
10355
32542
34582
34198
40734
8344
28776
32278
3182
57886
39059
35950
1814
902
33006
24175
59516
59044
35590
36790
22180
57460
32788
60844
1598
57438
21295
34366
3670
30623
9580
521
35308
35847
63255
62096
2644
33415
58564
33228
7314
25881
3209
40049
41588
32406
30819
1965
34093
36085
36888
40598
3317
57893
58021
34733
32670
43027
1325
40862
41080
5357
30038
28012
32553
6385
41278
42979
42738
32295
7012
4351
6885
27706
41760
43400
25227
3311
33505
42860
17785
29969
14272
13792
64530
8820
5991
4624
48210
53954
40063
36033
719
25984
30641
49824
60572
34148
30559
30143
52386
33393
55287
34591
27698
4610
50473
30033
26368
57731
36038
41017
9916
20225
20939
51133
26162
8407
31572
19200
60133
48218
28559
23256
2030
27290
30622
49322
16250
34478
29034
7322
53022
32894
15278
35610
27758
4606
50810
31486
26618
29335
61077
34253
9674
61385
34679
8939
12058
36717
61280
58640
28821
61042
9577
32994
59323
34202
12176
52918
19053
26559
31701
8491
14681
61596
17344
5834
33922
11735
49811
31929
35005
7125
36944
10861
52926
47028
541
24266
31168
61665
8985
45688
5335
19778
30410
1993
16683
59352
59474
38263
21874
36854
8840
34151
61436
24551
44955
9475
60996
30741
34054
60974
31767
61260
57961
40475
22151
38790
56734
58162
14790
22375
39239
13926
53688
31399
24140
30083
28701
14889
61026
61837
20875
44826
37369
1082
57103
24416
16374
41282
12420
56878
45385
8293
6538
11985
12123
50609
62900
19190
11844
9666
54838
65512
48280
17327
57480
60523
17164
10024
34247
9884
23659
37207
12768
50742
64348
23168
11366
15512
38536
61575
10027
20280
61584
32824
16688
6873
32859
39824
64487
48147
265
39728
30211
53078
10998
45490
4318
18216
41401
59157
17952
60830
42393
50823
11898
22408
24316
39069
10691
10128
51522
24132
9448
14839
34406
563
54066
31203
43109
49655
8480
24572
46163
43305
36861
12187
53121
49640
60965
55348
37350
61172
54521
30877
30186
24176
34557
1913
35714
60709
10745
38893
35085
58889
29735
57819
40602
35993
61296
8600
23776
38635
12915
64385
24067
21882
18457
14316
39346
52702
11636
18690
19565
36924
17979
35030
10064
49688
63211
64300
16792
9787
18432
63313
51639
19709
19889
35079
52694
12076
33309
15234
602
14077
24178
42866
36893
24160
55712
22507
18698
44667
12615
17547
54793
38761
56613
33506
10139
18636
18463
8131
29367
11890
15379
19558
57174
5580
34677
57579
13663
28853
11959
2205
60824
24110
10947
49957
6709
29166
10170
33635
38878
64213
44266
42803
36506
54267
3830
39010
9119
62463
9571
40290
17918
8741
17562
65177
61989
39214
39210
62563
18580
19961
12020
62345
31668
65250
55501
42674
54027
60856
35770
8137
49333
955
50906
23491
11753
5634
40287
2188
60337
24273
60012
21476
60004
58484
34639
33740
1825
23156
3119
687
36495
58193
12
1521
60028
21932
34816
21604
59447
57559
15855
21628
52657
22658
46060
48076
34084
58476
59297
46071
34463
21359
60426
48034
15422
34693
12931
2943
21125
48350
46470
573
13090
15353
60769
39043
11704
64984
7248
63717
10948
29153
16863
18637
24961
64690
40159
42812
19843
9054
40454
22894
35478
50461
35932
46869
60418
34695
33519
51101
21169
3252
21897
20992
13717
57619
33816
49973
59059
51290
32719
3013
7940
28882
11663
45242
40676
42708
63631
40505
33765
56074
36190
43420
29844
38001
8979
43636
9752
11672
11123
10860
43928
41848
42643
44307
9375
10852
41244
41832
29587
37654
11504
43806
11506
29218
8745
39830
37447
44098
42272
42912
9118
11107
31512
42331
31206
38195
35066
62517
55544
60971
36138
38115
52638
51246
813
48486
9701
5181
29240
23023
33249
49847
13594
48306
59672
33918
14202
15440
47003
46459
23155
358
13033
60100
21708
38196
10684
63756
10438
62034
10293
11995
20106
62128
65243
39150
62435
64966
18820
9311
8705
47501
33262
21742
58140
47829
13991
35697
15177
60099
23412
45895
46633
2927
13450
14901
1110
38298
9374
62510
20249
39317
18082
11124
16511
17770
64324
38514
40825
37039
17043
18933
37619
1578
57381
52094
23411
53070
56314
59027
36725
36778
24483
52133
3941
57598
35658
57342
47971
37673
11810
65058
36991
37668
16559
12105
18034
10351
65449
39844
38562
19220
19865
18676
64879
65503
32471
37044
28336
41937
7424
29628
9906
30924
65481
44487
62978
11204
11231
6145
36873
46831
61138
48097
3052
24530
60255
58303
36820
61232
3900
23492
3892
60932
15295
61234
48591
47516
59207
50289
1824
21794
59385
58697
14964
34208
47724
22434
47716
54292
13471
58871
45340
47148
32802
24098
3648
48964
12460
36672
16196
61353
24489
48801
49140
57586
15919
16372
3824
63155
28811
24715
24813
40894
11203
30438
18142
32598
26166
61637
40718
28728
16602
12037
27478
21802
34603
21112
21107
3198
58029
34122
35966
35942
3174
536
23717
59387
33427
60581
21165
51331
57557
24302
3766
1758
56838
59613
34526
61379
24515
3336
53006
32773
36227
57102
24122
44073
8743
42791
38015
42311
8476
10652
10868
9641
43628
42001
43620
29716
10057
11431
41641
43053
32293
40523
40522
44869
8365
10285
12101
12285
45053
44715
45045
32421
11818
12277
41133
43405
29323
62702
38874
62862
5939
31882
10965
9530
64195
63246
43573
4446
9354
5432
25686
23769
33490
2017
49849
1457
58572
35263
15538
34255
48208
45767
23236
57681
34751
58631
1840
63983
8919
62167
42988
38372
9993
31872
19666
9676
27696
38852
64196
4433
17033
9522
62668
48259
34779
22485
1206
46552
12557
35510
15061
58637
23235
46091
47669
57694
14291
15368
1850
39498
10053
63301
63354
39502
16810
10867
19582
11283
64163
37141
39957
10158
16762
19630
61715
6761
13165
32210
9629
11227
49340
52886
60649
9259
30905
12221
26527
45747
57730
14016
55754
54427
7570
15735
18874
53618
19120
17296
18042
16875
54928
55664
55962
54202
19861
16866
56251
11224
64848
36174
13006
25616
14273
20049
58288
50378
33658
4625
9917
10653
60881
49600
9256
54538
50151
59650
11869
17560
52518
52817
30943
9019
58057
9510
46291
25108
7604
14589
26994
57248
47506
60075
9264
7572
62093
50279
54195
31026
58538
17308
48713
27925
56248
5434
26235
35583
48530
7716
36155
20986
63005
50016
19676
3386
18476
33195
20812
38022
18308
64405
31027
7890
17243
6759
16079
15941
18726
20054
55942
13250
5996
13123
5087
53967
55179
16939
55746
32404
47514
35569
62229
49392
15931
51563
9651
63133
33967
16034
10396
9276
10216
48698
31028
8580
48474
8584
15634
27418
12571
15707
59724
52064
10707
7451
10972
9004
57668
49514
32036
34918
17552
18488
21847
64860
51510
17809
10646
22912
19773
11825
52893
23895
8747
49803
21377
30035
7578
5428
23035
48467
51440
17307
10272
2346
16956
15704
37606
21745
32290
48674
2340
4973
6490
60379
8992
8578
49520
62701
59946
32034
58330
10960
27546
48505
58411
14953
54800
8856
51680
33540
62740
49674
19761
50513
14458
63865
36297
13326
17821
11613
36478
65072
9016
53467
6482
17179
13337
18315
18464
17488
57120
14951
7021
17882
55514
54298
15943
7714
55835
34316
50411
16936
11863
20736
64540
50518
18141
40240
18733
34759
23472
23965
16600
61815
33782
53730
17563
53739
14451
56759
20406
17814
19583
15733
56550
55484
56559
6335
16754
19387
7602
48865
58909
42781
7490
7563
60009
31178
42841
4427
44569
4482
46996
25278
44637
58192
45176
4689
30320
17096
36168
35225
32136
29000
52569
10685
52509
36228
27997
24861
12900
31200
4113
1104
32226
21709
36210
29042
33147
36331
39706
33259
2912
32123
362
3530
37993
33250
43968
47944
1719
44989
6402
29048
5578
2418
44719
5643
42425
32116
25822
53887
42918
57117
53436
27142
279
44231
7944
30332
61206
1745
24854
4352
42717
30539
45131
56240
28833
26557
56433
41837
3481
56075
7812
14890
11007
59699
45628
54154
24588
14212
42017
472
54523
39834
1552
24998
30411
51388
60007
15995
7794
31170
24886
33735
48284
6123
28079
26047
52646
6011
28598
53451
58474
37659
10993
16272
32484
59700
21190
11117
39244
34792
41164
2780
15895
55530
2587
58475
58346
36119
33160
30330
33156
32132
38143
34448
21510
28996
1084
43788
11621
35482
60363
47035
43410
47824
14843
32228
14432
37787
3523
55602
47434
36328
48754
32122
43980
54618
29040
48912
44389
47787
54580
58339
58707
43300
40960
54522
48348
32386
1976
29004
60360
48793
30331
46444
41405
28695
5960
6528
58172
59046
44349
5696
41389
7816
48615
47995
29271
1168
27846
24768
59730
39280
8981
14315
16107
35179
45152
10855
42653
15986
48842
2426
49869
7906
2736
7073
29120
50449
33537
17853
30584
30216
52909
33808
50096
36472
26541
26301
17416
8048
27841
42135
59738
27392
15755
12674
9757
33632
45562
7554
48394
12619
43925
3442
46128
10857
443
28246
29051
52758
29163
36322
29154
32114
50975
36219
26454
33138
26463
28191
52831
32235
26390
2873
56910
2859
47917
16143
54921
54090
24521
57334
3949
52185
57426
60949
23506
53380
3498
