16881
38036
27807
29081
29812
17808
11506
42260
8841
25280
39580
18831
31881
24975
26896
63303
12958
21150
39160
11763
11854
35219
14846
63624
12931
40339
23027
35214
17285
65102
37765
21123
14180
22372
62734
8659
10174
35129
35135
38382
33513
37941
23248
35364
10579
63422
39461
49897
41926
62004
12054
5328
4644
32378
17679
27060
17641
40829
63792
28109
5552
11206
19325
30891
41779
49812
6537
14086
13038
7462
36081
21848
33408
26898
52380
44509
35930
29936
29713
4926
16066
23471
65282
11735
11055
14489
34545
37727
36224
65033
21415
16244
9815
65202
65465
49228
38409
52136
9145
56234
15757
32188
14077
45848
15747
38578
50090
43778
54915
32012
31668
29444
16856
61800
27096
9222
17645
17717
10510
27064
17635
25301
39525
19502
31157
62557
62806
62547
2615
39844
31018
12393
35620
58044
18580
21332
11657
42427
65481
1794
14569
28986
30699
59857
43417
50232
9497
53555
54312
29212
15373
46520
13027
39954
51770
42178
56547
9417
8562
30196
16395
40248
40177
8695
9359
10291
17979
63876
19797
37616
38458
18670
19084
63298
62793
36954
22256
63438
29520
16070
12414
60695
19611
51278
16965
41761
62918
3057
16198
11056
31569
58367
19921
39780
26175
31596
11746
17200
9730
41908
11753
28112
37740
17967
30441
27425
62295
64343
43526
49364
10934
15671
15954
5306
13119
47140
15961
64189
50896
24845
54048
29029
4536
31083
19960
64920
26824
32197
7544
17301
10494
43128
11843
28101
37781
18574
30741
27928
26645
65091
2474
23870
4886
16905
9300
53786
34872
39407
36323
26653
51205
715
9552
32170
32379
55723
12910
63426
45632
25395
28125
36058
9647
7866
10007
54727
62921
15547
6152
54527
55569
21027
15325
51115
24541
14278
33051
13926
15565
23165
12662
23402
51882
16171
35866
49339
22054
49338
7087
47060
65474
55145
57636
20396
15057
23074
14124
39852
47824
7956
15548
24692
42521
64279
29919
38754
24149
870
48493
5584
19154
61114
18215
34819
39639
30132
59611
36110
13288
25641
57748
20930
47860
33952
33041
58793
34212
51730
34588
46249
22985
59764
14617
399
2320
1929
5373
48047
62926
56988
53364
19114
13231
53106
15127
63430
46071
6680
14457
25163
27765
62483
60333
2984
37190
39573
41371
58275
33704
29814
35610
10645
1018
33677
31134
9419
10878
2947
53348
41438
27927
47671
46898
34524
19563
53804
8486
6316
27749
58916
55761
7153
8066
49340
11666
27599
41903
31648
28788
5056
9922
40818
19319
44745
42697
17217
9751
40321
38988
44409
57656
20957
22412
2457
1218
55765
14814
57884
12582
34297
22995
59688
58868
33170
35140
45397
13487
64477
21935
20069
16571
15559
18536
40749
16570
22439
62419
14865
10275
49780
52348
49776
29131
41422
43768
29946
28952
31173
10702
39453
8566
42147
43414
10571
10515
41245
39306
41285
56987
24676
25731
50928
48113
16326
18532
56599
16572
6570
26636
57214
54271
16888
6797
52853
36145
100
40265
42652
27537
59497
34513
7543
32956
17296
1744
35042
29634
11204
18047
3360
18274
39851
48826
47530
45739
10855
12205
54390
11130
54118
65478
10786
54733
56797
55339
38695
60782
52077
46046
35802
32955
59491
36827
53037
32954
48851
22118
54200
13862
3368
2229
3621
30625
62706
12433
39126
37086
30767
26169
24308
28116
14415
27308
9601
24572
20077
20408
28735
12957
21149
559
13558
12941
55732
1497
53807
623
2480
22006
14667
54489
21133
22858
53871
49895
33511
49739
14684
50513
13707
22934
33355
50333
22918
34098
14604
34042
21809
21511
13565
26277
37889
1500
53091
52078
63453
2256
64916
3439
609
38199
24744
63632
3318
1949
64214
43062
49809
15785
59303
33409
20642
27795
29208
25288
15122
48327
41182
30707
7478
6958
22697
45175
36492
24763
54812
50050
17245
42598
11613
40203
63718
61346
14487
31706
4001
24311
7133
4914
36490
38405
17869
18291
41391
48230
49583
49675
43787
61357
6953
51623
36852
57484
43511
37466
16986
12712
36052
34736
9099
37882
49608
40603
15390
18747
10506
23237
51120
14953
20123
60628
19788
57763
10375
37697
45512
49978
36187
52795
59262
18577
59312
15878
55849
48175
2757
27132
21053
2297
50631
51151
64466
4083
62104
3752
3746
3290
24996
64666
40757
41019
62425
4205
40507
143
7126
19803
55423
4089
56596
3748
2064
45014
18669
56313
41005
39002
53407
59634
16970
32058
31770
38285
43886
47783
12866
50417
31528
7373
57369
55244
54156
46612
41734
40999
19804
19933
34978
32793
17730
43687
39790
38129
17960
5842
10295
37734
52855
16320
6082
6878
36327
2710
20431
19321
41166
62732
49374
37938
45469
34865
5923
50899
60466
59367
42659
12029
65277
12815
23717
22472
31160
27093
21007
25304
14820
62454
9037
21817
14280
14974
29400
3237
52491
12764
36410
36333
22369
26816
32127
28100
14113
51210
1992
32416
53669
55064
23772
59885
43258
6478
64270
52371
36575
40303
46336
38355
7839
42129
29233
48532
14916
12296
33656
56587
26213
40319
58522
31587
16843
51561
35783
50892
37245
47510
53700
33888
3565
383
19908
27980
54980
3419
59879
58992
55204
46582
31701
28629
276
55554
24949
58614
41873
43720
56891
6097
48339
8337
24323
3223
57000
51408
42442
53162
8856
25911
12861
43152
36461
34767
53311
60529
2102
27779
53889
56630
28916
37576
19881
39081
27524
657
57563
16920
48151
47915
31816
6550
54529
2444
833
58711
56637
28219
53910
47610
48875
56652
28231
32091
42138
43249
54658
57258
54066
14705
10051
12276
29137
523
22021
43319
36203
56970
47916
49567
9674
40476
60603
3559
30319
12350
14852
54930
57822
41974
28470
43689
55282
30989
2931
52469
64329
24902
29746
41079
31944
187
6279
7187
13457
45834
59337
47808
21058
30865
37450
60934
28577
62973
56173
56365
26940
11341
22431
24373
56116
52904
43257
50137
8434
45629
4562
41624
34161
36571
57224
55618
46490
39283
32237
58106
20175
52676
33488
50528
40479
27915
56845
36223
2375
3677
18814
31946
30962
3196
25997
5004
60267
46225
60730
774
2861
29258
40988
57922
26538
26274
55921
58266
30013
15492
15177
15375
4610
42226
51955
26774
15160
32231
3671
61502
19093
61504
59739
45095
57256
15725
12191
31901
33291
42252
47767
3173
12751
55345
52874
50691
40567
38771
30562
29697
43712
7572
51861
26118
35789
39267
46028
38503
5323
41882
57704
47369
15118
53650
36207
57453
3264
24719
56890
55200
29384
39104
18346
40138
25112
2058
33425
20128
45101
49793
28831
18802
39078
26345
30577
28838
18189
36865
30517
39990
26600
37569
20173
28911
27260
24701
18146
33997
65491
37357
20138
18336
36255
52279
20016
51440
40431
50602
11112
18234
40317
37247
33025
21687
16303
40219
17706
20256
11230
21958
10185
40805
37140
13777
23408
11974
39277
38511
33963
40851
51813
8803
4460
13318
43111
50700
56773
50069
8295
63852
44183
56073
32410
30656
42243
61496
22746
7775
33981
8919
47417
37277
32823
40951
5173
21697
51957
35661
18319
19445
48895
33735
14802
39196
63521
18726
13003
40555
11690
22954
65147
15895
21031
8818
40295
38365
9003
8416
14433
5185
46715
57271
38549
49883
4567
63959
32150
15734
11326
55083
43233
30038
61855
62646
12143
24603
31930
10471
18340
62410
17559
64192
62082
9581
64441
7114
27243
62210
20139
15423
10952
8341
33719
34419
44806
21462
33237
23209
30620
9153
57329
9436
19539
8023
23701
38815
62823
11967
53691
5991
42293
52123
53248
52999
8917
50283
40949
56142
29249
32502
44559
9149
51622
38631
16913
19878
34609
49393
16694
51772
38749
65245
33453
16465
39287
40477
34369
12416
10401
10052
21373
34855
23283
21666
17004
51302
11251
9338
14900
33835
65375
19029
36878
17260
9691
27676
44977
31782
19885
62657
31686
37830
27421
11959
62138
4465
27500
27757
17682
11272
14030
7578
54972
13126
27287
62940
12854
52437
4544
13154
32513
6108
30186
32688
63123
19915
40128
25070
28874
8855
19716
39946
32352
38912
28084
39114
16836
30467
27515
62530
16651
52467
23232
4659
9319
33123
47271
38551
36243
39315
7895
21354
28474
35591
16627
6135
46384
54622
25587
50277
16916
19875
25312
5193
18547
6296
62831
25332
5183
63860
50469
62511
55557
60734
41942
43279
32245
29868
1143
59800
31095
29549
2413
2549
58530
29507
42068
1067
3555
11252
1788
820
8501
31548
42006
59700
29484
58274
939
23097
29179
31061
23380
2955
44425
16641
47466
44047
17504
12650
21219
29967
36026
58733
1384
26880
13320
9648
25071
46264
38887
35906
819
51002
58094
29744
52054
53888
6489
54078
64050
660
35645
46424
23782
37201
15607
10894
52233
3573
11092
18181
28233
60809
5605
54532
47108
23540
16532
41812
22149
49380
31221
13181
22025
48019
56653
60684
23532
56643
33721
58116
1540
52120
36194
50040
46714
2994
13978
12340
28476
51412
4662
4313
48662
5438
20268
6354
53163
64565
53499
17701
48722
45086
48729
11970
44182
24322
32777
57494
37445
30868
59510
30155
22686
40857
10190
59625
24242
20606
36940
15085
43273
1795
13496
9321
38748
58083
9513
30004
44084
46088
8450
21944
47843
41444
35850
59780
46485
1027
29828
7829
3667
32227
30851
58872
42303
44350
56846
43343
2389
25316
59792
9595
38640
20630
32846
35632
39815
29253
58192
29695
22065
38814
11681
2126
22646
23841
11414
16270
64051
52901
7762
5178
48464
7769
18723
6456
50143
61492
15167
63524
47238
48465
55541
15713
46746
46607
56583
56259
52547
54031
13946
54221
46024
50688
15304
13232
48049
52557
52199
4660
26028
63844
20133
18348
46262
5022
19068
6594
51819
26869
53979
17269
61988
50987
25833
32779
1484
64561
29193
57958
49792
55352
54570
54689
50488
2053
33428
5456
38882
21230
49242
31364
42739
17926
64269
23190
41091
6016
36091
5886
51018
42900
4254
8426
20315
12797
31376
55294
25443
2712
59285
32357
28085
60568
6179
30824
41832
47763
7902
56451
398
44334
45381
55250
50071
2612
59244
36508
48665
55823
59513
54223
932
47719
16114
60649
290
23938
46937
39109
2517
58776
53046
50681
19617
31247
14740
59752
30829
43577
40140
13835
47507
25450
18600
64872
46643
63528
57732
53253
34222
53577
61267
57096
14613
47092
22981
2639
11966
33955
11955
57106
2668
3065
57458
57815
45392
56128
59984
59908
48132
48065
53713
3908
1564
47026
57337
44546
49004
56640
62123
62375
10712
60293
18161
57092
59652
2987
43322
18310
52127
23049
11961
29147
38924
51036
51559
50880
44329
31758
13215
30820
52873
44134
11570
14849
13010
12452
41301
47367
62966
34233
31660
9462
14017
8180
30997
5550
36732
28588
46784
30345
57868
57545
14703
37572
27657
32483
51186
50746
17326
57827
16141
31807
58878
318
37795
12620
27912
2453
16912
8030
2709
43779
28910
57843
46915
28899
55941
60670
3320
27400
53752
28504
42581
46926
5637
48529
26279
22644
28955
4300
35172
6021
8009
5887
35104
26539
2316
43662
60994
58423
15728
30242
43738
16380
52673
22892
26597
28905
35330
31288
49495
41058
5995
15175
14354
13521
30265
42246
21494
55567
63660
64677
12130
58932
17918
58286
54209
1756
44905
20466
51712
46743
9582
31742
42441
49478
51866
62211
42096
8184
10248
5551
64997
44949
29860
35997
14331
20030
43843
51651
46505
13587
60213
58537
12141
54798
59760
55748
20266
48949
63082
59107
33477
8294
34248
17089
38820
24815
30636
8834
18671
40764
32292
40500
26800
38316
19583
28729
26481
62791
16385
34728
51112
37464
19365
16408
35311
51513
16984
49727
39395
51877
35448
17461
36888
38515
33343
22304
14112
61566
18981
64552
35358
23203
8318
22478
38421
15060
35424
11171
40152
37219
14286
45046
61796
10198
16903
17634
41581
51200
56756
52484
10173
64608
41117
56928
28837
28792
42454
63029
22447
7481
33498
34600
48546
40186
36488
37624
7458
21927
27451
33018
16889
4482
46073
24087
15129
62066
17196
63012
20414
37850
8479
39896
64633
13218
36768
9383
39121
37072
20075
12084
12403
29852
57210
51277
41362
51674
13405
49624
29044
14541
28764
53722
30812
44836
39577
63411
10163
64909
9558
38381
20254
38597
19789
64456
63622
11486
19045
11670
62733
62470
19368
55858
11120
31738
36640
22207
1947
53093
8484
23518
28747
12207
55127
18281
6742
27741
2810
40185
51048
11993
55146
13037
44754
53146
56952
52888
8226
50538
42994
53395
29436
30484
43065
11997
64478
36945
17580
16660
34959
50940
19796
52724
38992
62422
12072
19260
37393
39952
33009
14068
10003
8688
34842
24344
43837
50636
14270
51140
29057
9645
56204
12902
18009
26194
38451
65207
8233
24849
32556
38994
18975
39372
9282
37316
63879
10450
20320
29132
28513
65031
17569
31803
15289
31685
14567
50146
27549
64208
16978
63444
7032
16239
30698
17463
31781
44216
42646
16584
37064
25272
12022
11853
18926
38197
29368
37384
27061
40869
18046
29397
65101
62278
16904
47862
23400
5334
10192
8639
45777
39152
36335
40351
4653
24531
47101
36400
7158
4237
47580
57917
42927
4760
65283
24589
36637
39120
48833
37073
5501
42487
60456
47248
14239
56385
36520
53352
45518
36881
59299
57720
18034
52327
33201
49506
38519
48323
54974
34775
40
1715
16577
24688
53689
45246
60448
2751
57134
47779
57630
47022
1573
56431
5833
55237
44975
43968
56280
17458
26591
12020
3894
13
55343
50908
44737
49361
10319
27353
17745
43180
32990
36792
56788
59298
1956
24974
54524
53524
29982
38309
16667
38827
26901
1532
34178
17573
45330
51596
30718
25162
53360
45634
59527
3871
55839
25402
4286
27608
48249
55441
7363
7686
42493
42915
54513
47894
56085
33986
11518
30598
35165
2362
402
472
35444
54267
13302
23193
37398
11429
57821
32
29107
56125
56321
53740
31268
28613
47099
43950
57179
31960
58976
47866
24647
5788
5988
40588
28784
23901
5657
28447
13293
1637
57534
47976
22758
32676
10391
60371
62450
65271
36107
53723
45534
10235
23801
2034
54046
50085
41643
52139
9614
47414
14683
42485
33442
35860
56318
53905
24680
37400
32314
28712
19581
51392
32785
49345
39962
26634
56447
36512
641
3088
17096
42774
30485
273
6534
27166
35138
2460
57631
452
22919
30203
9718
58615
27307
62710
57794
3722
28704
12799
16287
53319
56510
26012
27453
26564
55937
30769
61347
63027
63299
7322
53771
52572
53280
35694
32754
28743
9698
43728
47885
42852
14008
54996
14391
1542
36889
12224
9265
30687
43976
7873
48282
45467
34481
40154
46178
37229
4978
44963
31423
46439
53261
55019
32977
36411
104
27924
56277
53288
30847
40876
16401
37057
26640
4053
35053
19372
52571
51290
32420
31345
26278
13890
40557
21926
30520
24639
23612
27189
14081
26529
28845
20625
17339
13005
30447
53707
38922
495
55210
20026
56772
3072
56992
2240
3455
3274
19723
55088
381
40429
53508
45500
34961
283
56359
14471
20027
47818
11782
62218
40283
60513
52556
59334
2657
21393
55211
26874
22794
1280
50022
51913
65495
1536
63893
963
2247
43623
27808
63132
23699
44810
62931
44557
49002
15903
57713
57562
21977
24990
28912
28560
13529
45506
1526
29000
7773
54518
24271
54988
60626
42534
48913
55852
53677
27501
57770
2758
46971
57463
47031
28859
3015
3281
7979
7767
61393
64264
17526
18625
41978
475
50138
27756
23189
60282
6459
49826
32832
35892
41618
41402
18481
12971
34145
36815
9458
44998
63075
38300
16606
7389
40423
51658
50364
52089
31659
58625
18843
58006
30327
10570
26211
49110
34044
50684
28773
5826
61391
60374
54615
57104
47514
25329
44247
3743
50370
51306
63957
2968
65431
3888
1337
365
25590
61851
36872
23797
65247
5819
3238
1600
4141
53670
55055
159
53561
3129
1887
41069
55245
53391
42682
1821
54852
60999
8129
32491
43645
32535
2454
47010
53350
46810
58618
4470
58674
57618
47233
55644
27917
30311
6875
18475
36471
34258
4299
42946
22982
42666
13485
4135
42794
64877
13260
49847
31250
5437
33693
51859
17346
19150
44233
43740
52393
22838
26122
58977
8159
51414
35855
61329
43158
31693
62967
12546
21962
40803
32111
27699
22672
26832
15764
28586
9361
23559
13515
19310
28936
1434
51612
13008
60266
33943
24519
26265
29891
27077
12455
46694
44899
31632
54010
4307
21856
15086
65427
50037
5186
7834
56847
27908
16995
25859
52927
61844
18191
19892
47590
25313
54094
35592
42506
3567
11155
29079
29901
2304
32103
967
3453
23187
57745
29699
37359
493
32159
39744
59025
37204
10979
30439
57842
23285
29180
42550
347
35343
41290
11253
22031
1693
35646
8801
3082
239
29191
59235
36504
2048
32970
2250
3704
39936
34664
36448
42929
21229
32769
13585
50741
53130
14168
16697
19442
25336
56633
25593
52050
51199
15835
56968
50474
62498
19597
10899
35903
23125
38639
11347
12302
39742
16533
52373
63460
35648
36992
8580
23443
24383
35460
35018
36660
47802
2125
59484
9314
49416
29708
39433
41394
32835
24108
54509
202
4050
14781
52201
5634
25170
6630
5817
55099
65525
6057
27900
46894
18958
47942
7926
45826
46798
18228
65047
7421
37554
16208
57226
34756
24325
59142
3228
22462
20479
63251
9993
51409
53160
36459
34237
39993
3907
58093
29244
32818
3736
36569
2105
84
22280
8914
36472
3258
42786
36685
35407
23795
835
8527
8435
32511
3487
29235
1328
3679
39688
32824
32239
23267
38751
31048
17834
18164
21942
53128
13913
36317
22420
8496
22067
37921
18307
64796
34798
52906
50130
34162
13973
19464
46422
25570
5610
16703
63476
7674
63219
25681
19433
49376
4738
48534
47105
15454
24247
61341
25009
59623
61299
12648
64000
53603
47626
50413
36623
20595
5127
3937
22685
17505
16644
27292
52660
7574
4553
56779
26885
19308
25452
52091
63125
53515
17509
25826
45502
56580
16093
48375
49233
18224
55098
17144
26864
57002
26026
52872
53043
14255
56880
61985
50984
16625
19586
38550
24985
4431
31637
61514
10055
32645
12283
28568
61841
19453
44111
27785
27528
19100
33275
38917
38557
8342
8857
40419
15613
17792
18488
39327
23702
11582
20362
39819
38020
20810
34002
24521
39483
8806
8297
23945
35842
10473
34964
37684
21868
35748
11494
37931
39716
20828
25491
50485
10355
5945
53973
30145
18946
55733
14606
11383
64572
27079
6889
19907
16839
30872
44558
52998
25999
33115
18188
55806
33095
11351
36669
4997
20978
2547
23277
29252
32243
7763
33554
22999
39740
11954
9434
51180
32844
10842
35377
64523
24258
12898
40930
37676
62139
34556
64271
50135
62399
53275
56279
30990
12422
54864
13873
10677
52907
39429
49038
7649
29702
7648
17115
63072
27710
4458
19719
65113
18957
5040
17167
26836
63850
16596
6883
26411
65106
63318
23561
39589
30181
36316
35749
59586
9970
33669
10750
30908
37804
3996
34396
9989
28684
58628
25759
64055
38271
55134
4400
30974
12774
7392
19457
10261
51003
41877
47854
17535
11717
29248
9819
23290
37271
10050
11258
22410
16474
18054
15099
40957
36875
14235
64641
39564
61515
9738
20628
63692
43236
36123
15980
59711
8582
16364
20370
31059
38059
23088
22155
8420
8499
61001
18466
39270
24633
7089
29030
61786
19431
31461
10763
27192
64865
17629
26351
28460
24877
20284
64003
53157
18867
53468
16118
4961
16178
55317
14590
18103
51420
26119
57177
5130
7008
6408
16635
63888
26270
7059
5312
62537
12189
30064
9631
27076
63130
17140
32579
24718
25108
64326
1429
23033
6275
8508
33845
6365
34317
35299
35231
5399
22070
43110
10983
32405
29388
54776
6036
42159
61674
38406
40206
30112
6900
11861
5145
18435
43760
5492
12091
19261
17240
42880
54440
46280
1448
58531
57982
55749
58798
46360
57971
1219
2501
54558
55573
45694
2325
45683
13361
50177
46436
33847
33506
54745
59748
1460
54448
1241
22796
13650
59680
49890
22876
46112
38570
42196
58795
49971
52798
16410
30175
15845
29872
57978
25961
37067
14344
2502
46285
18091
37733
46255
17189
55193
53876
8230
56479
1311
53872
63019
47856
39787
60544
11731
11053
10462
56225
23954
49044
60327
36225
54176
59028
799
60793
48841
1740
13185
59008
45170
51276
48000
41783
52891
58260
63914
61864
11047
57246
17539
56949
60796
49094
43999
19197
22169
2962
9183
16907
37387
50256
23145
49519
31189
31192
13536
29365
13625
39226
10587
35076
12767
15396
25269
2665
65266
35367
20124
11650
12727
5039
41748
7705
23730
62455
45423
6265
57808
59316
35426
39328
45678
30782
51959
50431
16668
60472
12864
57891
32294
48133
37281
15505
41733
44395
18852
6968
44398
44856
31539
32040
6243
32574
25390
32293
44755
42501
4904
5717
24814
26805
24803
924
62717
33552
6086
16971
35708
6904
25982
5139
22033
27306
3012
7237
60919
60191
33732
4194
40241
52103
21452
23492
6249
30271
36169
32032
13296
42711
18658
34450
15777
13855
24809
43731
23858
59746
63136
61604
10166
55396
20105
60713
54455
51212
42862
17407
2572
45313
10973
7886
44750
49731
22933
50328
29635
5038
33347
7699
14741
41891
29470
34302
13560
13710
44563
23238
48862
14870
56933
60718
34682
55400
952
56757
52253
46035
49613
59427
33194
34683
36011
14088
26513
52856
4759
6015
55421
26624
16561
28257
53114
64656
56557
20064
45805
48307
56984
57405
413
3617
28922
31565
29553
1495
29885
1121
951
3322
59117
29402
42833
43751
32417
41095
57831
26594
31834
43757
58971
48278
31627
507
43612
60465
30359
4246
3889
2823
53259
10196
42753
3620
30681
30655
35055
2268
32945
3681
2224
44092
11455
32988
37458
38375
36404
13474
45554
52107
12597
53595
18830
27125
56603
25771
50053
51961
14868
56821
50219
51749
16891
38787
57479
51182
12112
44881
56386
65285
5954
24587
48358
36863
31994
18329
24568
250
14228
24086
57478
443
59526
3870
35518
23045
57790
267
23014
36862
36773
58374
4011
24310
33899
45287
4582
24879
7347
27326
7250
26362
4126
24827
27689
7181
54796
7075
49007
47977
4401
64281
4231
37167
54876
48977
36798
1594
30690
11
40121
5874
20384
28983
50900
49360
35800
33499
1851
142
57910
59182
34958
2293
32795
3755
2069
23605
35886
36517
1835
21846
33019
34815
41021
3720
10224
30593
29981
2288
32289
3745
2074
40755
60545
32304
22360
3162
29432
62486
4486
21549
13957
46731
35359
23280
57693
497
23075
19198
19109
33075
50091
52133
33953
49219
4327
46173
6375
28607
55901
64240
4383
25073
47651
20239
57242
5367
47261
45251
12600
20521
57575
38114
61225
4031
19135
43532
4543
24833
63975
61234
36704
29033
22578
24071
8548
5889
27547
49329
4291
7038
54194
25962
16827
25707
50876
28570
6882
18282
26559
27321
56929
15326
45117
52564
4412
5969
18575
25516
56865
28321
51280
46646
16168
56796
61732
64544
19956
54328
25761
50536
17568
16657
54634
5535
64625
4727
51050
27120
55597
17776
50216
51754
45795
56939
1195
42449
7878
32027
58218
58797
41853
58490
42087
46534
58155
30746
25266
43308
3626
4242
306
47202
5894
29019
29612
54626
43307
58412
3548
48140
30338
5558
45282
1628
28284
9220
25697
42452
8556
16817
9472
30162
40113
29367
41568
43372
18927
11308
42164
27056
37465
33265
1185
51771
58419
58413
14841
55796
47403
54300
50229
2544
35215
55637
20829
22867
49548
18334
45202
47262
16393
4322
5574
55444
26802
56956
48838
53145
7243
6377
49230
48966
25157
36299
2971
1694
60822
60286
33685
58270
22139
60790
3525
22165
34430
33653
2939
21318
23366
56113
26427
50897
4563
5934
55516
6621
64555
4646
49372
27194
57170
18986
47919
48937
48423
11183
41106
21311
60215
57570
10393
29601
2226
32380
24073
42743
12148
58151
23343
24505
40320
33035
1131
3134
33893
33211
34101
58686
23595
57894
725
2309
35310
34085
494
2485
22358
53908
28267
1336
4761
4722
58791
30776
42257
32298
730
26629
54642
30080
45806
46518
640
9389
41469
22269
35827
60301
10739
31224
797
29722
24051
39667
10776
58243
23837
22035
37258
15352
27441
50088
7479
6959
54186
4927
63009
7463
52138
63024
54925
17184
48525
46611
48515
35684
47873
868
60265
56255
13056
58210
50865
56759
48480
1548
14015
34492
24034
50151
24041
5329
28331
64609
19370
16411
6508
6349
63099
7542
61804
25514
5410
20346
61729
64556
25271
36152
3691
63796
29911
29362
14387
54235
25889
56874
62000
986
35054
6444
37983
38377
52565
35118
63685
55705
28222
47603
37408
9328
54680
10408
48867
38052
16996
7653
54660
56632
35171
16094
65494
21352
33957
11222
49532
14798
9914
18027
23233
50597
14242
35187
23854
20754
52661
7922
49065
37796
58428
60329
63254
13780
34332
16290
39595
46396
6062
35113
44418
41246
65049
30468
23654
20714
45827
47559
45603
17887
58817
15581
21056
38249
57966
59400
15117
13471
26448
55887
21349
47088
33396
36307
85
33392
13093
35038
46654
50383
60174
50463
3145
2904
60560
5515
47415
38053
60802
53772
64784
15897
13753
14815
63684
48882
7665
21268
43398
28226
17829
61307
823
19098
61848
38553
2896
36469
29588
33759
39756
3739
60369
5187
18813
11714
61333
60722
42713
28297
52281
49148
23318
10718
55458
9938
25110
43318
60334
54580
16628
6139
23849
7105
27331
44948
32412
30661
25715
17359
11382
19149
42446
25495
17565
10361
41074
37451
27456
60654
39376
35991
46239
773
24921
12835
59454
18900
20566
21102
28991
57920
14913
35595
56371
13588
51619
21696
11566
12997
52915
19893
34067
13768
22744
65246
15832
37816
22809
52926
14793
6781
41884
42901
29259
32247
43849
17523
8976
9156
42751
25757
31682
38270
44150
43793
6803
58251
25862
5621
49396
51760
52921
11561
55615
17774
28032
44338
56834
56969
19598
19455
33701
57442
4037
64327
63120
27290
3701
34916
6605
36811
62531
2060
36507
5023
19905
16840
233
9428
39596
48613
46581
26838
20922
9160
4971
10945
46204
37797
33243
55710
56894
53922
38064
56072
51911
48952
36453
34764
624
34920
15383
36033
46511
50019
54479
14371
238
628
227
48261
6915
60051
1950
44805
26126
3144
7992
32739
44003
53576
24670
55171
60046
31550
45461
64135
9369
7312
41364
43465
62879
40066
30116
9609
25200
8514
62607
30601
6799
5295
63383
62247
11113
5680
43874
37644
62271
38626
29540
9193
27936
11698
64303
31721
5665
19761
64311
11710
54432
19749
46996
46537
12070
48207
58799
54640
18139
53647
11110
59264
40408
38618
38958
7496
14134
11891
26420
48181
30016
64226
55822
15078
9679
18258
5264
4585
64968
63936
43080
62758
19815
7221
24941
26215
65330
64237
5647
18151
24665
17597
65058
4579
7211
4306
63286
54497
6054
33465
43938
43686
13168
28548
31486
7301
35012
4114
56727
31625
514
2204
51647
46615
36252
57241
2977
21495
45999
1604
58287
58233
48761
60274
52609
60288
57202
16018
48112
11236
15267
11705
48045
50170
29628
50829
54184
13187
9826
15645
31500
56195
44290
42601
41956
13432
55289
12819
2878
2809
10419
46830
60063
55881
18648
53342
19811
60387
21198
39013
21880
65414
16791
5781
27544
27280
64146
40781
31903
11335
24905
19277
63362
28739
8078
6132
64406
16872
16038
17587
45266
49062
5088
53074
57342
16262
17263
15906
19200
53337
25613
25351
27112
48172
56263
59961
1890
4044
49140
47855
61332
54848
2953
53681
45074
59369
59938
60322
46905
60738
17658
36112
26571
62870
34428
27272
5582
6419
34465
4381
60361
5957
3569
1696
21364
26195
32101
32563
43832
41939
26728
44894
5086
30757
44579
31726
27944
6997
8174
7790
24579
29764
13363
8729
45368
47571
29980
52461
54632
13795
11426
12637
29900
55267
38084
39628
42372
853
32053
37984
11550
9385
2463
2376
10608
29667
22888
58510
1156
37752
39209
21550
3331
54766
26060
45712
7512
7642
554
29312
6330
30113
46529
25236
53867
26856
47488
46097
58675
16206
28428
25843
15247
56311
48758
7913
54039
6242
27053
61444
53403
45967
64131
24973
55445
23175
58535
45365
33832
33242
51700
47492
14886
55580
47582
58511
21647
51502
2643
1064
49660
11490
1285
20490
56808
54416
51034
4688
58688
54584
23697
41476
34571
2280
50922
49473
19511
34388
38457
28409
14164
12537
3461
29781
55433
29492
26110
37182
35838
46420
65417
63374
58169
39036
10133
9
61154
61078
40091
43076
34933
30021
3998
8260
37499
22708
4028
123
37020
64581
53404
52933
7906
4201
26059
47172
20412
55420
53195
12356
26443
63668
47174
45182
25237
33565
1786
37270
8526
29078
23939
60803
31094
58285
39326
23544
35752
43342
39286
37246
34554
24550
58009
26416
8884
33381
52465
47192
13603
54656
48184
61166
22338
62767
44265
2030
49210
31060
43513
48389
53902
7733
1251
32067
5093
31135
47508
44542
58430
47438
47189
45700
30976
34994
24469
64407
19279
16787
20550
61161
6467
59550
64157
20484
36555
25423
62327
62589
36620
38537
35833
24025
29787
32060
43518
2388
9001
58249
21422
33108
37262
39214
860
3467
44537
39194
29178
3059
60813
60323
39416
43400
34330
31002
936
8584
37144
21272
1562
23949
37370
46409
7782
21203
17012
18380
1441
43096
11287
30762
23773
7918
45682
38175
50613
51131
752
35421
2522
22524
58436
58572
50261
54357
58652
55771
22004
1080
33848
1412
23116
21572
14902
22906
20186
43747
4125
6055
23361
14161
4144
12535
44015
12829
40381
5976
42618
41329
23271
9489
64169
53063
11819
8405
11839
64306
36601
62265
52815
62626
10159
32898
63674
61624
12113
10455
18132
62250
22546
36633
18372
38049
11109
39584
64296
19756
36896
11707
52935
53199
17778
19294
34720
19748
59181
33338
56748
10125
61091
8947
19420
33297
6966
57480
5250
4521
56708
61688
22890
58095
15803
13516
26672
23297
16790
22170
61072
37985
64752
19266
34632
8195
25144
10602
18641
50454
21937
34935
9378
40651
19818
38348
65067
16938
40375
13437
50284
50114
8987
52319
10618
32331
1713
59002
8197
36139
57814
33964
29340
37745
16256
28962
25949
6231
34638
24231
13849
27772
26146
17244
61630
11565
9463
11219
62018
49938
24495
28945
41175
38961
63670
19289
36776
11246
62845
19571
43767
49771
12704
52325
31494
36378
5682
13329
24452
61324
37375
14216
33991
16936
29105
57706
57072
11073
60307
8602
20176
36285
16435
60399
7821
4855
53855
9085
62887
51948
33405
11882
11009
63293
32919
65335
52034
65197
9409
34785
51574
64955
10989
18259
33741
12616
62322
18806
40089
38098
12972
22998
19203
36279
20287
15915
23791
36672
37022
21607
14359
42518
27693
7975
40235
33403
30668
11878
41234
50465
21441
28795
41322
42593
22806
50820
11283
29825
3869
34954
31546
12914
12806
14281
29088
38173
54924
55227
25426
5673
11096
38954
19413
44880
4370
17660
24207
15234
7641
15865
44591
19755
36904
6996
44055
37505
24455
61940
23763
61060
12913
14272
25564
20733
17043
22771
61100
21213
27388
18253
8286
28726
27956
3930
57754
24359
28696
31683
44401
57889
8554
58471
23473
59277
3053
10029
44064
41407
43031
60141
37112
26998
7147
14152
59487
44385
53999
41528
26688
41361
11359
56690
47692
53219
58237
59034
10067
48268
46658
52463
19684
41458
12680
61598
50771
31719
36656
4187
24982
61584
59995
52240
15198
47123
55080
5202
63116
4637
15652
7556
46681
55169
49958
12317
50522
27180
62851
18980
27703
39049
57435
57354
15935
48594
32455
47319
40527
24882
18399
32274
24357
20664
13140
61239
31245
46682
48353
56044
28978
24731
55286
42742
45147
30554
3047
53645
24727
26258
7394
64425
8071
39255
46628
57120
20670
60253
30569
57350
37602
26242
65455
28975
52540
51249
22051
41370
23647
2597
42687
42333
53221
31579
7755
14158
26092
1601
37104
28948
3011
3639
2700
16291
15193
51824
44109
40836
10529
1803
35822
37183
21430
53386
13276
53569
38851
40620
36030
50725
53306
45865
4388
6096
65167
7442
12503
7847
48687
56155
49192
15138
63836
62033
62345
31825
42650
26743
55117
53654
60769
41693
54380
43370
28018
41213
28929
53937
49130
48107
59425
14041
57137
22197
44930
32583
10084
41265
56074
44044
52152
56156
49184
60395
37033
40911
10799
41207
60135
27833
44072
31411
2907
55115
31653
57846
41252
3153
42641
4222
208
1647
49126
63395
63108
21990
48920
45906
21290
59202
29777
35672
43559
27789
64940
59326
52986
48092
23673
2631
34696
22138
29055
32397
43136
60785
8744
57951
22560
31725
24403
11185
2739
42327
43386
15400
61748
38211
59201
32862
13906
48813
32388
48436
40844
46909
18722
29309
23664
22566
14472
50506
33434
58671
50427
50682
46260
57892
46544
57952
58479
33419
50251
46292
34189
33949
46512
64121
11803
5044
37521
41131
64746
12015
42814
10075
7400
10111
63610
44655
18754
8061
62441
64361
38187
17794
12007
30502
62234
16767
43979
11643
5661
40895
62058
62609
17164
7274
64537
28856
53437
49313
21649
221
33316
5246
41215
4175
50388
13378
57995
42184
24792
46331
32881
28811
16745
38875
61953
63756
29290
16111
45929
15625
40042
18367
28826
48751
41134
44995
29227
63331
11443
17293
8790
9485
61470
11134
62362
19395
20219
39982
64110
40347
17674
62694
62995
3108
17228
424
11911
9105
53699
15709
21302
15926
3269
63553
60592
52747
53545
56543
57726
52636
3106
9051
16007
53548
47642
19949
429
57723
56443
22593
46951
40459
33687
60631
63574
45025
51377
25039
15686
53431
11086
14126
25041
17441
44443
50814
40030
49723
28848
29270
4417
59166
15622
49618
24125
21258
34663
7807
41920
7625
52439
16109
59331
44719
45486
48291
34594
65395
8387
5560
40699
39066
62702
8798
42339
8707
5230
8222
64382
41694
18509
19867
62947
44123
14009
43982
16103
13058
7066
16687
62780
18393
26307
53183
31978
62513
30501
31848
31563
49671
34279
13643
13404
13617
49803
33867
21910
13466
34043
21842
51458
21757
34103
21735
51594
3967
28529
41070
9290
28695
58443
12930
45163
56109
1277
63819
1362
21746
53264
54364
7096
62438
59163
58239
65085
45483
48352
61055
45364
59220
60511
12013
48250
48815
9197
60445
45945
30529
17073
36961
50187
26465
29278
15694
45071
12513
37598
12734
8334
48590
42959
44795
32433
50730
14246
36826
51147
23206
50795
52349
35533
14966
23482
12573
49195
34586
16315
35803
49258
46374
7560
14950
63394
64936
25088
26994
20083
26696
17760
4626
26960
16764
15403
18735
46182
49030
16728
16294
24788
25661
48432
26658
17443
26968
13264
4178
50768
16428
57118
54097
48806
47472
36286
54688
22466
24024
53
23665
15653
22574
54837
12657
1765
14103
58740
58968
704
39401
5223
30169
37218
64103
38159
42274
11361
30135
41648
29874
62703
10028
31156
5231
37433
46679
5942
14039
25048
27861
47314
26925
19675
5414
49196
4445
45138
16682
54831
53460
48599
37708
7104
29600
43951
45001
25551
38514
12226
18039
44665
31604
64833
11031
9089
11922
44489
27669
54353
10918
2980
45570
64928
53010
12985
51503
18633
53268
25479
35612
31262
6210
63398
50803
35812
54211
48072
3330
23308
45949
36281
996
58889
56141
21436
15226
13133
59058
52627
949
15210
54229
23517
24422
2152
24363
16349
36794
48675
35771
48568
15142
58152
61038
3797
26919
7846
19559
64429
65446
26978
26749
18123
4982
61884
7453
25122
16506
18977
18386
25191
22201
56071
58217
2916
46688
49935
946
13921
54199
48560
60386
52159
35772
33762
15617
23817
26128
55257
20428
46948
2777
65442
51745
35538
15404
39708
53551
24596
14268
8052
31652
64423
63818
32066
30149
42958
44529
43929
64125
11536
37748
30448
4472
42620
10102
9547
30225
25795
52252
13336
35527
39899
49870
52835
63163
33299
50552
35027
16427
49955
11194
35346
14526
49612
51683
29924
58723
49517
37988
38716
1469
8745
42324
31801
54461
39660
34746
55736
31460
20995
50501
33429
44707
32024
32453
22936
51598
6163
13699
41928
33928
21646
25374
26741
44318
21235
10628
39933
64773
19944
33099
12282
17024
23691
19334
51098
37524
20299
39144
63573
51850
10640
9764
38109
52985
15231
33970
19462
12009
23266
8538
49463
36964
17851
49999
53017
51495
9017
32443
12523
64529
58414
6116
47502
22863
44127
24413
62238
33924
58504
2488
10098
11544
26669
44461
39225
1307
15704
15925
6317
8784
13285
10511
58746
61956
43206
51432
58491
54474
7446
19646
40037
50224
33204
12640
37973
9299
14816
9486
50484
37336
8670
23012
51744
50980
17669
57681
11177
39469
16098
36156
58812
63556
58153
9097
11446
16500
59148
47284
28968
30565
2337
22041
33825
44505
12002
28973
50956
22596
43608
23121
26373
32884
50620
43188
37724
27830
24057
40962
52834
45937
18206
19729
29779
36229
63105
12524
2532
23470
37176
62862
56129
33252
32444
58397
36149
63003
4788
29913
54554
22616
31152
33763
20250
16110
58054
42287
11037
8390
47387
18510
39061
49811
33870
13459
40259
19845
34115
18680
51614
40440
11774
21902
51587
49806
10483
41277
22233
2482
19231
16553
30059
16105
18569
33588
55735
49252
44038
62351
57826
53511
29738
52409
34665
25189
9309
8710
22836
22879
30133
34281
43486
33071
20772
43304
62950
37979
49673
57410
20082
40882
36235
53426
2399
39310
49124
65346
39208
8478
33119
798
28852
29789
2162
37717
33165
42176
29300
31624
22522
63576
26254
51851
41203
12014
52294
25887
43289
28485
40195
41666
63234
43197
12932
15197
7557
34019
53229
10071
1422
21566
44536
51524
7613
58446
4631
47734
28778
60143
47021
28634
47940
59375
49136
57488
60319
59261
27579
46911
60029
31597
47849
62839
10153
8175
42914
38396
65263
8274
43225
11833
7791
8722
63359
41012
7281
17041
65511
65127
12073
6673
28716
10290
61727
9330
39324
8649
17649
38946
65391
41410
8039
65255
63767
32347
12951
52644
1953
22007
32940
5960
42403
4803
50860
55153
28885
43000
27963
26325
36372
8264
13414
37480
24930
47718
32256
15330
46741
15254
39008
17586
10128
47876
44701
42391
29416
62566
10423
7963
30650
32609
61970
19837
27335
17607
6050
38333
62306
27597
6758
27580
63510
1505
6774
667
31607
31437
7434
53291
2732
55212
43014
26226
59463
3035
53847
55537
54349
45255
34956
8123
56092
13298
64861
31675
37690
11526
19979
3858
51345
43997
61351
24199
26154
40788
16243
42130
53370
14493
29084
13357
51514
12755
43721
51325
32604
45533
32348
32724
8516
57933
53708
49887
2925
2759
36544
6980
43667
4501
51360
56251
32266
43935
45821
26682
33471
62326
8903
6894
41165
44231
64482
10221
44800
8199
6916
11901
62578
42760
5755
4546
64230
40168
13174
28061
56252
54987
16784
16930
48342
13014
27031
50098
12256
26578
29418
30721
19272
45420
61303
59931
55079
57249
24619
53629
44902
7018
31707
3249
46786
1995
60007
2935
48150
2178
17738
44349
30490
9725
31589
53521
50588
13559
42707
27773
61209
47042
56716
54948
32235
28602
11830
61327
27611
62262
48767
57476
45993
61097
61103
28715
65261
48116
32557
11837
48960
10116
14179
40660
46957
50442
32476
12365
47299
16019
40924
12989
30716
45208
41714
44201
32340
22243
11011
21424
32077
29847
42056
58607
11616
60816
23928
33096
20815
9400
43495
1261
41792
35928
44279
25923
16616
4106
61101
44607
57031
43223
25213
38911
59197
56911
52288
46913
59528
36851
32561
51840
53071
57159
55051
63380
6970
27804
45441
8272
138
19288
63379
27805
15598
51484
53756
46725
54363
53717
62606
5262
15270
5286
48414
12676
49428
15646
47654
50267
64134
17697
52275
40775
33000
34704
12541
48703
29331
47347
38733
63295
13021
32335
22714
21105
16209
34304
9743
53077
51940
13897
33086
39934
16437
39673
51076
8675
23363
14222
64409
64158
10836
65191
19587
44220
47185
55434
21106
33006
57862
34713
1979
65423
62893
29410
45271
49069
22710
38899
61319
46566
43089
32544
46914
16622
6089
4102
47038
24463
44285
4674
3834
4008
52297
13222
55035
22908
40078
31878
33240
20792
57756
2618
20852
15237
51989
33092
37542
40110
35117
51242
14320
48976
4689
53818
63373
7823
16035
4851
45192
12376
49681
15919
27687
46893
65415
10991
39568
25417
12622
19205
60824
41992
56729
41728
25678
39832
33032
54500
50917
49476
58351
14551
16376
50106
40783
11331
33387
38660
12688
23557
50289
12368
52762
15336
40647
38349
9650
39824
34368
43356
43501
29671
20868
33166
29948
11061
1115
23279
39576
32139
3335
925
22101
62630
6790
2602
45963
54805
20767
33167
57811
57847
21597
64142
64174
58461
48038
50171
22807
23680
28730
22547
29313
30624
41501
61071
8407
61095
20509
8280
1921
11823
1370
1832
42371
14635
47670
40070
34692
59388
15870
48638
29350
45990
37518
49470
12766
29326
21788
22292
13963
23571
14243
42275
19851
20218
21743
13396
4819
12848
42168
12574
20856
5166
39050
40269
21840
10879
64939
49993
8376
33307
11357
65087
34642
61755
52455
63407
10269
36431
63157
50554
9199
9824
17446
65317
24447
21794
18555
38852
33915
40365
51482
16416
9690
19384
52169
49767
10772
4189
36397
16417
34029
30497
54356
9288
57439
8321
17454
33151
12686
60792
5919
7563
56849
27643
39520
57890
12472
15205
26074
24127
19865
21248
57959
38879
28666
20047
59275
59290
25819
11475
19672
51731
23588
36016
11182
39848
12739
40901
50974
16677
37299
33150
51040
51812
20350
47698
9840
31512
22609
33767
59286
12478
9276
35797
28869
40735
56407
17122
27182
7203
57741
23488
51490
39308
63569
27179
50550
8382
31517
33821
28534
53023
21207
8770
40199
42970
38437
4183
36391
7149
64126
63601
39928
20958
15661
62050
33102
35699
16725
14100
3905
23636
42898
53643
35683
16683
8785
9223
53975
11919
60768
11664
18394
32808
55290
60975
6942
4259
54306
12056
65443
50656
34590
34755
9224
62526
33280
62771
50404
64430
11208
33364
52339
49534
9560
4438
34415
57675
65407
18041
44950
63332
12501
39641
53658
32800
7229
15144
3154
60647
44029
22480
15392
63558
63835
17754
20766
33048
11926
34757
40331
51748
23151
11661
37434
39181
52341
49025
38929
30580
21325
3873
33160
33044
6066
16059
32141
39544
51796
33883
28463
26971
28907
38579
13339
41904
17025
6939
23639
16015
4446
12626
44115
16424
21786
7727
39239
44826
21312
26609
37585
61041
12660
16061
25662
23960
16449
20529
57940
20840
64510
17486
28909
34702
28369
49075
53701
12049
1960
2755
64370
14257
23143
12652
11201
55160
48062
22481
61224
60264
65399
47846
16456
13947
25028
28317
47328
7602
62056
4840
14527
4418
64736
64354
55998
5601
45942
48022
64744
56366
7097
4842
64080
6018
28157
19336
6481
26338
49152
26532
54981
55303
48214
21831
61019
5400
47023
48443
44937
10109
64932
11796
5764
59263
3878
63405
13697
54827
42355
39977
30471
59428
42964
44128
24303
60962
24423
61031
61039
30546
38847
20690
9554
8705
22617
45063
6886
6703
6067
6766
26450
7053
28581
4342
6100
27885
46594
27560
57184
48057
27223
40700
32624
33629
6937
8111
52717
60350
3941
56163
36363
44820
39057
3032
17404
65159
21478
25029
46561
59924
60272
57943
45914
4142
45723
54413
55531
46708
28311
43998
31427
30967
48153
20675
24404
14829
57459
61020
39356
53741
41986
8676
31410
3917
24284
45416
34970
61404
51891
22614
57443
4884
48094
49107
44671
8210
65447
8391
7855
57390
24301
64418
13147
15933
43033
27879
7062
16305
24776
26309
48562
4797
64102
5222
15202
4173
25058
63341
7359
4452
47287
20697
61415
10722
57385
61295
61887
29154
27232
4359
17409
3922
24431
41316
34876
24295
39609
24768
55993
57278
59168
60015
45102
53528
2725
55205
60382
48319
26308
47054
32672
43888
46627
37530
43138
34114
5907
7564
1718
53631
3389
60907
58925
44152
41132
1988
17914
5804
51527
47737
53837
10877
43880
765
63600
15218
21215
12991
10271
7102
47338
23489
60031
59485
64118
23731
10068
59512
1896
41522
24412
61053
24276
61012
61268
59373
38188
20685
34285
31778
22595
47379
54467
58787
1192
1477
47566
1310
54696
58739
1139
58494
45598
54293
54654
58542
45763
62857
11083
6601
25807
43934
61594
38223
28805
40843
8083
17487
63114
29296
5396
5768
62617
65321
9403
6361
64769
41323
61754
62447
29157
39659
6707
19391
63786
7600
18514
6701
65081
19389
56152
16426
1188
45070
21790
47476
57427
49128
13333
53780
33918
58480
36971
21672
40893
32123
16953
8214
25823
26073
30842
62959
6500
18921
12237
17503
7626
4784
39883
63178
43035
64035
16739
6611
37899
63754
62782
39406
6504
18915
25125
8638
63278
29877
18781
16955
62515
57780
20220
33063
65170
37884
15031
25375
29604
6169
35938
19841
53600
7801
479
3177
23218
51340
57778
58281
24210
465
45360
45951
57680
2788
56329
15681
47655
61049
33666
56498
48809
7137
15649
19383
52987
48081
43502
51342
56144
50769
9397
12318
8686
56853
27503
41995
25521
33147
57045
12566
48750
981
35962
47288
58216
54197
15533
56616
12746
60963
20909
23750
23579
62339
19859
6339
44494
25539
62366
39054
30920
10307
28021
11598
65166
32277
4888
7854
65171
29163
12505
8630
52529
51260
6586
50015
55508
14425
19053
15151
4362
56608
41326
27235
43451
51543
13319
54633
21553
21772
46548
2484
58724
55728
1065
34018
49746
58400
13794
33842
46288
56191
6929
32892
38139
24770
22964
25886
4169
26255
33824
17035
58594
29717
196
1073
50801
26661
57678
29539
44654
504
46995
43192
53637
3214
60659
7608
47747
7715
29486
56398
28005
5233
16721
10103
45790
24895
43150
51694
6112
64737
11797
12894
32078
54453
61889
40398
42353
23174
8198
43923
28750
30617
38413
52365
7296
20314
43679
34635
39771
28552
42629
41348
20890
19522
39408
61450
11243
11525
37504
16780
10325
18932
63496
37361
17044
40795
63066
64856
11511
18610
38608
52215
36210
35785
65257
11095
33609
9023
50175
40401
16484
22082
49943
51999
20236
32088
12953
63764
55278
53861
4902
23681
58659
34176
18972
14146
32218
3160
9247
8615
25438
44702
23094
1352
12379
14332
5631
8679
14924
35341
30947
37170
42393
50923
54344
7427
7811
10539
39020
51004
13489
15815
39772
10214
13895
12034
53234
37483
11730
51937
50476
52754
10806
34788
9382
38334
60194
60326
59465
38530
59013
10886
10425
11538
32921
1620
29419
32268
1508
51324
35744
24585
31521
11575
51348
22145
29472
33664
26724
36113
49268
42591
28604
65250
49308
39743
53189
836
17437
16803
29649
12358
18819
14494
58236
52939
42551
64141
35652
60316
32080
57934
33276
63512
29012
57653
6227
22253
60131
35399
17680
35675
32261
43759
11902
8905
46472
9867
40092
49558
12621
19210
37191
16522
12266
19697
62987
37019
8690
23629
52358
61531
9882
38670
21414
47599
19986
17062
30724
35676
19590
34555
54080
24018
40713
65410
12783
15248
29413
22828
36556
41269
30651
28780
22258
23778
32745
36684
42548
33458
23826
44270
43558
43810
20796
35727
18373
37679
53371
16022
58135
64587
55413
17733
9767
17019
60407
48974
32081
31696
911
65510
11571
42992
29071
29856
38968
63067
6425
17237
42415
11101
65262
27268
27721
25204
36922
42239
50437
43102
12673
13552
6562
34650
13632
34104
30758
50955
43431
52289
32238
32102
5257
46054
7430
9087
1181
41738
62590
13492
21440
15817
9416
54347
46146
21615
58349
58513
62329
52451
6039
14456
25233
27840
48765
7919
65383
7783
12493
18255
47085
65135
54765
55144
47171
49299
8167
55645
7911
8047
45405
16783
27296
4599
53720
65519
49053
25841
55450
45171
51795
3100
59305
6798
46322
47785
41502
8734
64166
10150
5294
57986
21122
62638
55826
13554
44165
38327
34563
61423
41473
1290
20557
61167
22723
61075
57496
10223
21181
24175
31921
59245
24551
51977
18153
5458
5350
4866
51038
16526
26108
18425
53819
64238
50846
28411
54028
48454
64601
41159
30026
61371
7815
5629
45425
56813
1436
54423
59330
43073
44237
3595
8103
26394
46778
25242
57200
54594
61063
61359
45343
7517
28517
7123
55236
47169
27848
28171
30202
42771
47495
24230
61318
60091
61062
61358
20926
33262
2661
57606
33803
24462
24494
1035
61350
24198
22966
4026
58007
8079
48701
46583
42824
11903
62883
8899
6136
61165
1905
65199
57133
55201
44864
64233
16793
13236
28059
27036
48462
5358
62313
7433
15822
19278
49646
62574
6626
54283
46057
24167
36675
6833
61159
59549
50365
16879
47370
12547
53613
24559
22733
25601
61287
122
63927
28060
54092
58203
58599
58257
45698
53899
41782
7734
58610
47586
27035
1275
29591
42058
47190
42918
31765
59921
5254
6830
21570
58434
2720
57801
34033
42379
38395
1265
6822
62598
2684
46407
4195
9496
44605
45011
63357
15999
24487
12487
10157
7917
46975
24239
58753
59311
62835
21798
59190
61326
571
3285
24206
61070
24486
61094
61102
34654
22318
24238
60459
33339
24454
51237
20181
33635
21678
37845
51652
51582
9064
17333
21616
12830
49684
33907
33582
33956
52581
47443
5287
13667
62639
64167
46445
25935
19649
5495
51130
5263
46125
17008
14632
12765
45571
50819
6967
13219
27953
26320
45997
25439
18129
4903
51994
19295
48013
19744
54157
56232
48627
2633
33228
56057
21679
23207
1444
21780
15010
35868
46105
33908
1140
13337
60047
58543
2041
64231
54275
31744
62575
51555
23565
42479
34152
58851
2019
5359
49645
8880
6895
53512
38663
53081
16441
14553
25147
26684
47358
25950
18644
6233
52757
18270
49294
16933
55378
57083
48697
26231
5274
32665
44690
42390
27288
62335
9678
18803
42821
7489
24957
11897
32626
30667
27536
27018
56224
17861
48786
49097
64173
49951
16322
13847
63350
56705
24856
15993
5451
6094
62627
21366
60310
59029
3483
1733
21406
846
34507
58230
3445
35662
23422
36213
59003
36251
23446
46819
13504
57139
24174
21961
3231
22712
13743
34160
46976
15800
45391
15907
61422
59284
3
25945
4857
18793
65198
62889
47374
25422
18884
6473
50357
7822
45662
19829
17700
13022
25609
50103
15251
54784
48385
45978
50845
46063
13256
54083
47939
15343
52605
15792
54961
56269
51975
26764
57084
9129
1074
1020
62894
50468
33700
14361
37909
53842
25227
33833
29570
29947
65193
43638
29125
31475
42237
43683
43470
39294
10925
10870
42003
29771
37963
9235
31261
9469
41365
51472
19418
34208
65134
65382
52417
63672
12253
20410
22295
19752
49425
11811
13684
14274
49856
23270
58470
60469
21614
23142
21822
1374
36059
58662
549
58606
21742
33317
60142
58478
22326
47286
58534
38871
16507
11174
877
1309
9850
59770
39521
53883
3371
40733
64700
37154
3802
59691
28318
46284
7723
54408
30000
29815
46408
32387
48643
42146
5604
25531
46364
45907
59754
59019
63246
25254
53378
12639
55305
32044
47455
4837
28144
43826
16356
47122
27782
63104
58278
21833
60760
45779
34747
9263
52022
46353
63780
45918
24889
57970
22106
52269
1461
43600
49904
10591
42348
24117
60859
56682
62032
5164
59578
5585
22536
42193
8708
2091
21477
52712
18745
57314
43574
28071
53585
55100
3372
4790
54572
31195
26786
26379
60210
47393
26247
24706
55404
38416
28828
3536
60207
57449
39060
41745
36796
30844
2148
31617
36980
22049
21335
24290
40432
43654
14308
23462
31524
4843
28313
786
62910
46564
52841
60290
65353
38434
1557
47340
42150
36734
23359
62611
4429
11076
34359
61046
41796
60752
39836
155
33569
27005
64115
37756
34965
21331
61030
25817
8481
10092
51256
45867
19495
55338
26079
60717
24302
64034
43296
41652
52533
5554
41894
48746
54301
53926
42167
32282
55670
29645
45931
28363
29906
46461
45866
48683
30167
34351
3852
40345
31554
7063
24297
60711
4983
59490
62367
2865
32868
41842
38521
64383
33584
28492
57660
49260
6078
29141
41890
46514
10790
59692
22226
55266
43906
64699
49081
2852
28364
40053
11151
3781
57470
60753
39927
42363
21295
41871
2864
30539
37655
24443
22598
1575
37525
2332
53838
20842
8466
20094
3635
41917
38936
1416
37584
32043
47333
39537
23078
62905
1223
34286
42047
21136
54385
60910
19004
53802
2142
5209
20534
619
10833
1393
51520
22246
13619
40382
12561
64805
50633
51138
37078
13680
34583
52337
18134
13472
38582
34223
11736
9773
39134
44411
4642
36886
64215
63442
44746
5559
16828
27058
12234
5335
25466
19553
11211
18045
43179
41451
53330
37302
46800
45268
25706
54055
12332
47138
19050
56119
27370
14033
29038
6840
43371
48424
52246
3619
14283
35355
48485
52429
35530
49606
58211
49437
47141
22298
56942
58158
47208
49501
26903
47075
17583
18961
49667
26015
19655
25287
54627
25743
51539
62064
53560
55592
52237
39908
56205
40377
46074
48040
44396
54147
15130
45853
9836
15347
42732
13224
32002
30388
41732
24861
46608
26437
56978
57204
25763
50095
16332
52135
5573
48513
63882
52857
6091
17739
27384
436
4116
20775
28617
43940
49511
17943
11036
65298
35948
7072
47792
20418
57823
60596
23138
52015
27734
48416
4568
7214
52793
27101
19670
25302
55513
24925
53033
61738
15665
14418
49983
45455
63018
1920
20078
20411
45760
63592
12250
61546
58784
64808
47376
40483
55188
54644
48287
42052
54317
37401
51667
49629
41644
54755
14266
46525
11436
54323
43388
13672
9412
10866
42484
52509
26199
48003
7473
5679
52723
25407
18135
28119
54179
64351
50707
64800
56237
13197
50941
3394
4376
23824
26006
26574
23500
18707
18294
64029
34471
5370
1657
17870
60913
58911
21444
64897
48169
28281
55140
59940
28329
51921
35548
51164
29609
45359
63628
51132
20114
9090
25519
20859
12331
49430
53094
23515
22474
16314
35770
50875
15530
15322
51834
36829
33197
35963
23723
62559
26646
25264
19373
20251
62473
26829
18118
28102
6505
27933
62809
61562
5343
5412
62735
33271
2327
55893
21544
23082
51588
47604
49622
46252
47406
1167
33935
51678
57651
58408
14988
39216
30130
34901
3515
46010
16976
25644
3690
5591
22760
29905
37380
2267
36101
15848
18740
22224
61410
9033
43842
26183
36585
3367
28103
59500
62287
60209
20580
41922
11209
19327
33599
12949
21829
30739
44312
43125
22856
51710
28323
49907
41848
21640
33934
25518
7877
32030
34179
64668
10639
20458
39915
37861
8832
61836
40501
18937
63720
8689
62100
40763
19258
19800
11505
21418
59021
10822
37198
43590
36227
3459
42182
58282
39246
35832
23464
43422
9414
8574
34557
16076
22032
8169
43809
37719
51268
22257
44496
24048
26804
23825
12404
42559
4204
20194
16204
11168
44876
58144
2863
4025
38980
41889
20588
44748
2228
43905
8308
22225
36151
36578
9088
64613
11454
14672
20916
51888
9301
37971
50176
9477
50516
8664
37342
22788
12752
14116
17678
16390
37715
31872
41359
43280
39000
63035
25769
64821
42271
39773
20206
27380
6041
4724
12122
23098
59693
35980
1092
2428
13397
46165
684
55766
21892
58424
21560
1524
33180
33860
14907
63596
9775
13959
23922
22137
20201
39767
23961
9008
50063
11729
61540
22162
15783
15135
20226
9386
43658
59011
3469
1555
39304
43512
23466
42154
792
37256
8472
21416
60330
36237
10890
14185
23737
5557
37981
38374
22868
22847
41573
21001
43310
20783
33060
43480
16902
9307
13801
36147
2230
6441
37153
40124
51288
46043
63447
48858
25903
3373
36590
64210
29904
29364
13141
63637
10318
13635
21582
51523
11587
64901
21139
18675
51534
11768
40446
22014
13555
12942
10488
64350
59265
64804
57914
59176
45852
29427
32797
29213
63020
34800
26198
36515
25730
27161
48516
7163
41217
546
53258
56299
5421
2263
7538
3425
1463
44087
8077
7879
1931
3146
5339
24918
60391
331
8007
26178
32587
27660
53339
41266
47690
61233
7226
56122
3122
1799
31741
20520
2634
3631
40984
42611
37696
545
39610
2487
944
1933
22195
38701
37457
39399
40591
33501
31873
63309
61672
28650
34952
32319
47223
30753
62787
10239
35880
48719
49777
52336
33021
64345
57482
39918
19523
27725
31361
52229
53633
46859
42726
36856
5692
12784
24564
252
8703
38317
247
47035
43057
41168
52345
61678
27769
28646
50662
24575
38819
25154
4013
24314
49778
47666
42561
43800
61216
1727
3142
53254
28964
60251
44917
32647
46903
5993
27358
26579
397
20512
31242
52008
48129
45324
10788
4251
48262
30347
53029
42842
34400
45453
65487
64457
18276
21009
44890
136
41601
44048
38275
3727
40743
2071
2067
36952
23568
40495
1837
21850
38797
16884
1853
3716
14224
55105
4898
2291
4733
3757
2076
23603
6786
4755
36958
44886
7476
24090
32567
50193
53151
45207
15550
18324
26202
7234
51728
36944
36771
64344
62925
63427
12907
50932
44173
42113
59530
3864
42586
14233
55230
55106
43536
11395
48124
53766
25394
27609
39768
40879
263
62178
44248
41315
22053
46923
42517
2694
39260
3121
39872
24702
22577
23815
49342
45451
60397
61739
30672
29119
46375
32423
35761
32113
64554
57402
48266
32983
27422
28435
46114
10207
30285
65103
46925
47686
33775
29405
47548
31165
62281
28925
10943
45745
49336
50869
36415
12817
52062
53384
46426
25682
19452
25987
52516
28036
56121
52352
15830
51219
55085
4572
18317
62935
55101
8343
20712
1857
51443
56895
41597
57005
8851
18239
52435
44623
36458
34752
53047
14545
45194
15722
40863
44189
23653
9988
45377
59147
12736
49232
16296
52200
10359
11379
38252
33994
61480
28931
24605
62081
36240
51025
28207
52879
32096
49693
11107
26456
31690
9367
33031
38081
19883
15170
39098
21019
39994
20305
22354
16699
14087
17681
39082
24391
19899
13002
39681
15898
52057
13425
38803
40948
39383
36078
23534
8511
36198
16371
13266
51776
38269
10268
21099
21361
51666
28946
24791
27355
12998
39094
43805
21533
4294
52903
34087
44156
42673
31786
11563
18455
27901
30572
47153
49064
34761
20718
1982
1858
33286
65535
19475
41698
57127
14474
36454
10605
61472
12966
21857
24527
39593
11979
64440
10180
16597
61994
9839
50301
14780
13945
37798
11709
50203
31727
27671
27419
34615
53127
24926
49490
30515
63530
33450
28496
29041
28842
35649
49885
16692
10061
23616
20574
50748
55432
44676
56628
8444
15448
63964
42307
33393
36566
49405
11703
62502
20011
24263
21970
63686
9586
21627
11693
13482
18647
9693
62394
50034
13751
38050
62749
63220
59323
48890
45874
36314
23625
42065
23384
29143
63475
17180
1510
48925
54828
33394
35255
53167
31654
27869
63537
11221
21115
37442
37054
9468
50641
34416
41083
31418
9191
33958
16090
46977
53296
25169
46888
17139
28303
49181
25117
56995
49240
14240
52783
6103
12858
16631
37834
18351
12556
21117
37048
37632
18237
24143
20031
15769
20141
39616
22497
13510
19301
39434
43242
56842
14367
1169
2106
21028
17534
39072
20160
13524
54338
651
38088
6237
54523
22640
36936
53510
8808
26892
47717
44721
56585
50886
56774
8289
16649
42817
50025
32413
30671
41704
39944
54854
7581
54018
54990
24897
18233
48341
55094
4559
14057
44801
25916
41706
41136
64328
48059
27582
31647
58525
31592
25726
50356
35777
52082
29896
46155
50242
33903
60269
33937
27460
51638
61512
54862
6466
7837
49377
25577
17000
25320
53263
64073
62129
17332
55995
5985
50758
36864
16352
6465
56646
55297
39758
14174
26935
16688
32155
50766
39998
45627
30727
41558
64064
25030
46337
59922
58263
599
47917
26710
53915
46221
53355
48540
28609
29531
31434
40983
48156
1281
6773
58011
29585
31432
27576
56886
2729
55209
28782
4940
4047
822
45655
45072
46157
50018
26114
6098
25830
27577
50990
61582
6052
26498
12859
64014
50894
7931
48060
52550
61986
47740
45645
31304
29677
58109
24655
50041
33503
49855
28927
25574
45245
33663
60017
57565
27205
40000
18176
10431
46091
25863
41566
56654
51296
56832
8926
12782
37006
52686
30017
32507
43232
52678
64520
56363
4876
25322
62497
64649
7677
64392
4561
64265
51297
5506
54982
45239
50470
3735
6215
30955
29770
30961
1099
53890
47110
56634
58621
26955
1330
1266
55543
46172
25578
26306
46788
60379
1255
2928
49794
45707
31710
24622
34034
47362
63899
58619
43895
37962
45099
589
53705
13023
778
2752
20593
19913
39626
16838
12449
56582
41144
37824
54013
4312
21183
62642
24898
56068
7579
4548
52558
25838
19298
28082
56782
64334
49598
17518
4450
13323
52194
53583
23998
55168
34164
36312
61269
21184
52517
22750
54846
51568
60165
13728
1940
1587
3151
16647
46269
31759
17519
12653
34275
42255
22458
1389
58728
25839
13315
37552
27136
47459
11495
15719
47949
54799
56577
56264
13123
45839
52090
46029
54216
52207
15299
52656
46695
50074
14055
55285
28088
60056
59294
32366
5045
3224
28195
43112
29544
45384
7893
46979
2805
41941
55877
18306
39755
4425
6735
31646
20298
38807
41093
40955
8088
64071
19450
31888
26612
26355
64066
15741
23524
56131
54093
60674
34540
48531
23993
772
58884
50755
36204
13251
48077
1644
50765
53266
434
60297
61298
57809
55888
48016
336
2564
56324
46711
53719
61337
2978
48236
49028
7111
24952
32660
32402
30670
6515
62415
38774
64205
30158
27969
17562
40569
45004
38294
5696
17110
64447
7230
4461
19713
18521
64013
28080
62223
6356
62653
16601
25059
27862
63548
19542
4190
334
31715
32750
57848
56387
40963
45445
3326
60664
26339
53747
7987
43838
48277
26350
12781
42212
59363
14776
9316
11356
515
37417
42292
31796
47587
8460
34147
45320
43529
23789
20002
38075
4185
5809
29035
19034
64263
41445
39435
6712
62391
17626
5632
24786
27354
65362
4477
44354
30533
30027
32241
30281
62659
40208
37828
30463
26954
31692
9669
42955
42663
27208
55260
52545
59956
59234
36498
55321
47631
3705
46031
58276
45489
16124
2025
2780
21500
56409
56067
49521
57144
36462
34754
58736
22632
50967
23745
54703
52664
54464
52771
3845
1481
61411
16630
62543
5790
7064
5327
18761
40861
41584
38303
6596
64333
17145
41027
28661
26025
17990
43237
56837
62112
33838
17001
47614
2383
9504
59475
62382
58500
1160
22968
38265
40216
28211
32414
2518
1432
56885
53932
25111
30991
55676
59757
43117
43321
29378
54245
46152
28093
28291
9998
1782
47375
16633
6134
44732
58164
5398
58283
46017
22073
28674
6281
49647
47937
41701
23387
44331
43535
40222
37138
22943
2456
39617
41837
2408
1166
21636
37832
41300
1070
22029
35419
7838
49564
26709
46216
38743
31120
46488
44675
53005
31108
18178
27909
52364
52061
35338
12260
53001
48528
18318
19440
42067
60805
4992
55300
2308
23550
8504
25998
50752
20964
30729
39190
51172
3061
41820
25323
65426
3577
62830
46340
48900
22153
65138
40409
1558
45234
37366
22500
29174
38254
60732
60325
2242
29577
34326
30998
40802
11257
66
33577
41707
41140
1284
36306
31538
65522
51028
45186
23941
42069
47266
44332
62974
8510
35758
46388
65042
63262
23388
23180
45646
259
39193
65150
24381
44291
39080
1528
44095
41813
49387
38080
2645
26596
20887
30020
25865
44547
53892
56627
28037
58595
55523
30015
1534
1086
32248
47428
25571
1102
5616
33563
18190
63478
53129
49503
49388
29497
47423
25317
63217
9812
15970
48889
62742
64785
34550
24393
16537
40553
60811
56844
2367
43406
14521
6217
39384
8590
20831
21278
43244
42077
3737
40210
2946
1588
42075
43812
39422
2356
38610
930
942
20820
37150
39390
2850
23947
38642
590
58540
63656
9433
33238
26845
58339
35514
59767
64673
60725
44731
10672
40574
38770
46584
8498
29858
50699
45710
28203
21731
44355
25451
42103
51604
32254
33854
47518
49243
49796
37351
44635
55167
15780
1527
1967
24348
17091
38829
18301
13842
53911
44837
38307
7483
5678
24084
