10553
28484
34846
64601
15587
57323
2108
58010
36806
29783
7003
22867
58221
546
29319
4917
23468
46035
13484
27450
28337
10341
53898
26666
19989
57137
55542
65240
28502
54561
36760
60277
5184
38379
28461
2891
40686
29675
56096
44672
51294
8190
30768
42301
25675
50157
53949
590
40775
15016
9499
39719
37246
49275
63517
34709
59852
52038
49579
37038
48640
23747
53030
17262
63637
65006
35326
37424
40673
45737
15210
59542
8496
53085
51290
19316
61281
16065
45987
23627
3310
20765
60486
23992
24199
31833
43960
45481
59452
56896
56682
39890
48032
43207
60165
3268
63507
55848
18460
26807
27671
6133
54711
26582
27836
56902
55142
3251
28198
55575
48645
9176
14914
21888
53831
23732
22669
5648
59938
464
56686
56134
53611
13118
2858
58350
5306
22969
3249
54232
23417
19640
18615
53564
10680
40394
485
52032
49578
2067
37552
9655
60335
55847
41790
2496
52829
39053
3277
55755
29678
27851
6045
52816
6032
27310
43147
55934
30091
38272
22840
25454
33994
23784
64487
31002
2996
57708
34325
56144
31754
65335
60326
2077
57216
25666
315
6689
21253
16713
18355
58009
11705
37419
15231
49991
49739
1831
38218
10531
58211
53728
34357
22831
1422
20796
22306
8118
57829
27430
54001
54077
54010
14660
848
35364
6286
23864
30016
17773
58061
39152
43809
50218
23467
10336
9179
49997
49738
40945
36766
65246
52781
33952
40026
1906
58941
23865
23843
35596
43081
45739
59386
54583
57083
27885
45991
41651
9218
364
64370
23475
48464
40583
38686
49484
14535
59247
33525
52822
50955
37160
61094
15378
48047
61837
47849
55517
28483
46905
48951
9723
55349
656
8107
16675
18683
48103
552
54126
61683
54252
3262
4805
34072
23780
23382
309
35554
49530
7557
38945
37270
2981
49959
35818
22552
6590
23283
15358
25568
23736
23360
54795
35256
7440
24846
2190
352
58619
5518
33456
861
14885
17655
30059
23188
17079
19270
6411
38942
14233
59823
26398
27755
49142
23746
44544
27150
37645
44478
23712
20878
19688
19280
42809
3044
61855
22581
26855
24842
44709
63601
2822
16914
3272
4709
35223
64990
35056
34301
39833
31643
26794
61803
65249
65082
5219
28353
32685
43892
60586
38936
51228
6578
22561
24134
26617
33575
51067
7359
40061
38827
44549
51838
36390
3250
50456
58406
16161
62955
60234
36855
45872
12986
10464
65086
65262
63547
58033
46061
13382
17725
35831
56233
25775
50131
11259
12109
39020
19232
61114
30933
16049
14410
8082
58657
20475
40664
25289
62301
20061
27258
63630
20048
55718
46478
7366
26513
3271
26522
9531
6599
47243
2705
17376
34016
53953
42349
33328
33853
12106
56234
39019
50016
19233
64506
33517
40670
8087
65521
54390
53552
25957
6701
8703
9201
661
16681
58086
7036
14212
12854
54120
59876
17402
1838
28032
59116
13294
22828
57653
58174
36683
15749
35627
21245
22312
21232
59629
35363
13616
14659
33112
18168
54427
21261
19896
20032
51722
3000
20837
58892
41607
42858
46064
22558
2976
42071
1267
51002
58990
1912
33113
33623
43164
30975
25190
22416
63459
62043
53090
25220
29585
41261
53605
41666
19712
23474
18663
20054
27708
2161
63404
13049
24958
28059
43951
64627
3750
26504
61726
81
45222
45238
38881
37391
56804
27923
34099
48820
8719
31060
54543
36155
15723
58847
41124
3927
27649
4663
21202
1881
56343
34004
26937
26903
60265
55858
55562
12825
7407
54410
25830
16228
1876
35586
12995
26444
56548
61299
27381
27362
60316
56051
6463
15221
55084
58591
24543
36948
33609
58159
38692
38729
52708
20099
9523
61108
52473
51700
28729
10332
18485
50921
13636
42077
59657
58394
19411
44124
50974
22503
58418
60434
45669
51512
51723
60474
21081
53120
24327
13309
29867
10613
26739
2197
53630
63358
9283
11459
4604
55032
58352
8949
64683
5755
40862
151
407
7591
3362
335
7543
5668
26191
26305
53577
4338
54950
28089
53545
54986
26230
44963
37544
30707
25284
27561
52408
57204
2377
39352
5967
6722
50341
1839
53961
51644
40828
65534
64510
52381
37496
39852
31949
50291
39669
39550
30709
31299
9291
44076
31605
31088
17451
24644
3394
4594
44419
41269
56756
28899
41052
24612
29020
28723
5705
41445
32133
54831
47
1427
47776
49084
723
613
56760
14273
33858
48056
55132
55608
54693
33359
15530
53292
18861
61682
18673
51441
40231
40601
32119
50721
42751
42609
11929
28914
9722
18559
51327
29994
17967
41025
40596
11924
28045
28268
52660
53485
92
36900
36460
4147
50607
24284
57052
46543
36902
65283
36671
60134
65139
40444
52456
14269
58611
60388
47253
50936
31068
60667
12876
46293
14641
13908
30106
9594
25057
26639
4561
40306
9714
11634
34831
5716
33622
11770
64922
5094
38386
42497
59055
59081
41444
37209
49425
24098
34290
36210
52537
50740
30218
59465
22607
49178
20626
55007
980
43403
31759
10753
47467
40166
52940
41571
44483
19883
57809
49341
37903
43363
53585
28466
41582
13594
26386
14186
45225
51480
36489
15714
19895
20041
8042
32903
46864
17831
44933
27138
19470
14058
27768
15504
46073
50808
48105
14418
12782
14421
35338
47847
45424
18167
43733
62977
40548
1580
64625
63398
58700
29812
55180
3395
23523
21052
8294
56035
29391
21491
37855
37944
64318
906
39960
64608
58985
31374
53641
359
20871
22585
29792
58130
31509
21351
64133
54208
13614
62954
57760
32926
29542
2245
30751
63537
64983
61798
7806
30162
26005
38151
59470
26023
43105
12485
15815
12710
47788
45079
35004
12707
17080
19276
5030
34232
45334
18856
42266
47728
12413
61654
35994
35217
57514
15568
10186
64871
64989
64864
46973
10609
14603
20625
33182
53184
25549
41942
47008
47789
54170
15808
8666
38919
12657
20890
52173
46801
13995
25489
7854
13975
19713
13093
16862
19723
49148
47735
33516
16115
15138
13055
32918
34024
46966
17656
18138
59003
1475
42271
60427
59757
46698
3036
52169
43106
18369
19626
60877
53188
3948
16481
55443
50617
25879
42220
52649
45223
5126
27929
48347
43789
27860
15366
52935
51923
12394
25684
7730
50809
14039
39388
4357
34318
59654
44249
11643
63245
1907
22427
45431
28787
18954
2308
4354
39427
39683
21471
37235
61851
58207
30253
31983
340
64737
64351
10763
9428
30844
22097
39659
54153
21383
63973
53609
58983
32512
394
29397
62046
38872
63232
55319
31214
873
40792
57650
37735
20055
1728
61719
19722
32917
29458
7461
28062
22712
16117
50442
54968
52953
22184
62346
29935
62689
16572
31545
29799
50603
64649
11808
20045
40488
40592
31697
8232
62522
42307
11348
26568
48576
47495
27618
27402
15925
50408
33241
45705
18551
16793
14240
33751
52176
15758
49352
25848
43166
17626
25272
25248
34309
50616
46873
19458
15902
15717
5264
48919
52928
13070
41765
38033
62017
2779
39879
41626
59756
9399
6096
1901
23576
14085
32678
55838
45610
23043
62502
37320
30917
9234
39907
39691
64313
10979
53718
31881
22737
20751
61856
54241
11243
64647
30398
60512
28421
32626
55451
54701
64678
22571
47242
31695
44561
43114
35086
46465
21835
63351
2837
19742
48326
36744
26743
28310
15183
50135
36220
35724
19576
18332
16747
34424
52950
12978
47559
5242
28637
40822
4778
5281
30048
25104
31610
37543
43229
38912
4721
50289
25707
38157
6926
34730
14955
47729
52112
53149
61696
26736
32282
11386
3697
3754
35489
30161
26011
16861
14096
41742
41617
15061
44574
43115
35231
53191
35868
14083
14274
15535
50443
35096
52166
14994
42106
54491
24461
20406
56160
7950
50346
23424
11190
19271
37495
39846
53789
12071
16208
44961
60253
7525
18794
50803
51449
50071
15515
26857
29403
45435
740
518
32878
32739
25354
27763
42777
5093
42199
38188
7733
5486
57243
41609
51323
40605
27427
27547
6366
49955
44906
4083
52050
37875
63741
38118
39096
39072
10767
9912
31770
39937
64279
64617
29595
29831
10416
62465
63020
31849
37993
28718
55391
54017
64912
20975
45707
32373
41603
41579
10855
47491
21334
40312
40074
64711
49785
55944
39121
40550
12885
9185
56779
6117
20851
23980
18330
54909
11910
23432
29890
7649
31356
6761
51537
7248
36945
53347
44307
24740
40256
38689
5664
27813
56479
31024
32196
35161
12473
43073
26458
439
37966
7302
49096
44976
20121
64456
22082
47311
4279
50682
15412
55606
26154
20116
1867
37357
62611
5931
33906
17525
24172
23412
1777
36572
50926
9647
26449
41041
22881
63821
42785
44659
24660
40211
24195
62788
13011
42980
44803
22449
22477
13715
164
47676
834
46490
44091
44423
25934
26377
64702
62638
14447
16072
16434
19962
450
4918
8025
34492
50554
836
4427
6255
62558
51093
23569
1121
37351
39896
33670
452
48538
63058
53029
12530
13446
42171
27943
25298
41111
5809
50868
42694
17016
44322
16215
46275
5140
45054
14015
31163
52884
186
55110
56940
25698
26406
57288
3865
41358
27592
30159
28814
28380
26183
51197
47397
47169
22057
51184
52889
21553
44219
54482
21738
433
2836
46378
54823
43215
22084
48195
65
28639
20348
40333
707
36932
49389
4323
41007
21188
3459
3940
36724
8051
65443
24614
4139
8390
26274
5979
49679
40808
55215
15566
14951
38839
40648
5599
41240
60779
36919
31180
48418
46920
23634
49399
31808
20722
42566
5665
13871
3126
3367
10933
56554
42928
59967
18100
32177
52478
1847
53309
56566
24641
24667
28909
38
27712
44429
31275
55216
27690
6714
40993
51547
1684
8262
44539
44071
13208
1964
23585
64253
16911
15320
42583
23867
37331
34063
55663
33156
29877
54335
5681
7488
18004
49298
3442
1522
40016
41441
32949
3183
31909
10837
52770
17972
28423
20382
41345
43795
26209
28018
20002
16530
14531
24964
17469
18222
14295
25421
26098
5737
24763
13074
44137
26387
32955
52362
12828
36515
47671
34619
24739
17513
6541
33159
24887
58378
17366
17437
23642
12577
34250
11488
19850
48743
35377
36170
13201
19003
46817
35601
64270
59706
61670
18925
22336
65005
34346
11696
19498
45399
35325
45392
20721
16635
10529
34785
63294
17975
43653
11876
19639
18616
12172
46274
40380
30515
10054
11852
17464
62159
50872
8326
17177
9323
38378
45038
64571
64999
8986
11036
63513
30775
47454
8506
62727
20229
9682
45790
39741
835
21382
55373
451
20753
58911
54973
399
53601
57675
59455
865
22732
54036
58315
22204
21399
64213
47201
20775
23522
35359
9959
19340
48227
33094
35647
23042
16774
9448
33734
62426
39336
20506
60750
1986
23838
9657
55576
62089
60978
59210
60981
61607
22400
10519
10672
197
38136
986
59550
40056
61815
9849
54904
22761
57602
11504
10489
37783
20768
59095
9328
805
20551
65413
48465
64910
21176
36847
10679
20012
45651
48475
33532
24370
18214
9656
32806
61578
26280
25369
34984
27672
19479
33673
6798
44169
4402
35888
47929
13927
15125
50194
34480
26288
29689
25388
21463
37273
44147
46203
53721
12587
34973
9975
48379
42227
22106
5747
10359
2130
28841
124
20615
3429
1908
10539
30489
22507
60925
57406
59382
39315
63802
55763
11703
3426
47664
17695
65299
16704
18353
9958
47301
64383
10244
8269
11510
16433
62892
49092
10125
19304
54079
20517
897
367
3448
58736
53638
24181
57086
58929
60912
1528
21359
53294
59409
20788
62305
39451
52823
61825
64387
47573
8980
42981
50958
48474
45653
64099
20185
31363
46554
37766
29316
60499
16712
53074
56117
44868
18777
10530
18879
38988
37410
54508
8636
23685
49989
63876
27820
51650
48262
25183
26658
14263
49900
33662
35214
20118
19326
44312
36566
50146
12603
49612
8188
42025
16897
27468
44680
13463
51388
36638
13520
14443
12999
41816
47894
53170
34059
44787
40772
62907
3979
41506
44670
63844
47394
51671
39190
13022
18386
38317
8174
46382
24429
63935
44437
31415
45785
37436
39140
23694
10124
54061
58392
24166
22653
40130
56966
9956
18266
52512
5893
41689
31409
56908
56934
61901
23996
46222
29635
43138
43806
46858
46722
24198
40132
26592
41235
46797
35469
28196
25297
14467
50660
32980
46212
17021
19828
15565
34173
53213
15537
51908
7983
49665
40889
6991
6251
4014
27532
29566
38336
39144
2942
5595
29730
43798
38200
4691
7343
19478
31346
49916
52886
23678
28204
32542
9854
3762
535
33131
30082
28374
37336
27676
42323
42363
16347
43139
27597
12291
50356
47636
18911
15297
12563
28573
33821
50125
16273
44847
57228
8753
19129
4693
49674
41902
14309
9149
17328
39860
39117
32534
10932
17130
42050
59187
5731
26389
29045
50676
52213
41427
25951
30180
51828
569
3620
6057
29317
26661
3221
43631
7907
7000
40520
4915
4681
38227
42047
50212
40751
3061
43235
5161
30757
25221
57157
45028
30028
64047
37425
44789
39858
21517
48421
54414
1259
16906
23326
38132
49898
10930
12134
64835
51458
3200
29115
54580
55548
38770
20543
45188
31015
43829
44676
56421
48261
20780
37292
43354
42866
50552
36824
40580
37405
17122
8324
53265
51682
24269
23828
19838
54717
12173
14318
51495
56596
53757
44094
31076
56332
41060
39222
51633
41094
41381
42948
54908
49584
3307
51813
129
5183
42377
14433
27759
28098
20398
52252
32958
13760
16710
18366
25922
33158
49170
45990
43827
6415
42713
15697
26524
41432
19198
52604
35566
13856
15707
15399
26258
47078
51826
45302
42755
36964
40732
21964
38852
64973
21812
31153
31108
143
22413
62084
63853
61203
30147
20557
36998
53077
63113
28247
42757
37138
21422
51168
58312
944
15706
20926
37682
36569
30343
34058
18264
5413
36439
63119
7573
36106
37997
27936
29715
62603
37140
64541
5594
30337
28377
37684
36344
25412
42011
13259
25028
15377
18084
50708
33668
13855
19645
18612
25697
34493
47645
17581
41871
51580
36097
36889
6047
36107
22887
26588
8398
63760
40216
22478
45174
31170
18390
162
7571
50364
6241
37865
52396
45478
1031
25036
10974
38096
370
23767
50118
30418
12566
1010
6211
24724
18907
12331
44499
14205
17908
51572
49124
13807
14113
16099
14593
35309
45181
18941
41183
53452
56932
42634
55148
10086
19054
1931
50120
42005
44226
16846
57366
51895
37407
42594
56653
51380
7752
39768
50852
51109
25588
26223
50900
41967
3081
24948
53173
31957
28101
54361
25476
52596
4504
38760
4099
7321
148
43279
31092
37087
1957
40403
51829
32197
27861
55657
24788
31084
38630
24164
40364
40052
22269
32187
58579
21372
63286
23789
38404
8735
31265
57398
38717
7906
57672
64563
4098
53669
38226
24666
28903
61673
40044
40402
54197
31883
432
29756
12514
42322
20448
25888
44498
18398
12290
49383
4322
24794
15662
16098
44814
34168
53208
13726
16617
50233
14732
42119
39743
744
36635
11407
736
4669
9313
57856
28467
37942
59880
47895
19506
23792
47649
17995
21098
24177
48432
8720
18650
18362
36609
34970
16877
20235
9681
35405
8480
61344
65398
17789
23440
18653
46032
10352
17098
48023
33965
48736
62733
17323
46193
33405
65198
17575
42688
29249
64449
61891
8396
29873
44400
32173
45722
48533
18088
41514
30413
12230
42170
61771
12146
17813
19296
19985
11338
52096
39142
64457
12141
10246
63271
40763
50561
45310
10444
3091
29716
23324
26808
26647
11071
34488
24858
40079
34976
33129
64529
26800
33671
60475
55949
61934
9000
19638
24263
22290
35660
9495
18396
18620
36502
34575
23336
20182
10520
45371
10791
3906
40730
57966
2850
2270
57365
54504
64729
10082
60314
57605
1390
23504
29911
61386
3973
3186
10967
23776
37560
40647
59477
54712
23833
64489
8864
11689
20958
24256
54551
60666
56024
62830
61637
45713
63710
23672
35196
9335
16844
48531
47211
36012
22952
19398
9848
46555
65482
25656
17546
6974
2947
39697
47641
60035
39958
52327
60267
11375
42087
2955
9345
33808
14981
261
6867
64090
40521
37411
36086
56969
24187
15595
9639
8859
27764
21866
54563
58974
31961
54581
4076
65303
2133
27428
61302
31721
15323
57869
58126
35734
4084
62474
5347
60958
37426
45984
44982
38333
63659
62071
9334
30907
39866
31729
46494
11178
20385
42480
32551
11981
43086
40047
55790
62575
26681
28339
59216
33161
28347
21205
33639
36523
2008
25402
32947
10801
31878
64689
30387
17017
18455
19480
48885
50055
38683
44325
11878
10092
63667
40582
51742
47098
9412
47076
54319
5189
47668
34613
63988
5464
40680
42291
61941
19492
35557
2892
56137
8261
56963
26608
49294
34844
22335
20772
23490
34799
50222
36802
40518
39725
37262
52774
34338
15877
7355
59724
18149
28253
14325
61832
1265
36028
8119
25642
28240
2999
63059
6283
45192
54587
14323
18932
4013
24481
19636
18621
43265
44776
15832
20579
27533
44049
17917
12919
25214
28509
38195
41291
37144
15696
18268
16866
12824
575
64381
23735
28246
26670
42935
65190
2084
19311
26517
7227
36096
37139
36348
36438
39032
29260
27415
23757
64898
62094
52079
26802
32422
39975
6041
44526
5315
33988
23988
21121
28136
32804
49265
5763
37565
40385
25208
53037
36833
12914
50829
59839
36445
61573
34809
36432
13390
15551
58414
24496
61827
23485
58763
9960
14475
17976
34804
6138
26652
30446
10060
11846
3011
18220
61319
54392
12722
15239
7685
57522
20006
37261
27830
61491
16171
28454
19944
12846
109
46723
5661
24795
25127
28126
24397
5297
33981
3905
16620
35308
54555
41784
35900
47926
62798
4857
3021
25774
64546
63534
49126
39043
7680
63810
57279
4190
26554
56352
8260
11516
40430
16639
57380
50925
15417
15796
56394
59273
19493
3147
26171
60803
36082
22344
32856
60489
16435
13884
46819
61676
23628
65000
59951
60453
14265
35397
12515
45308
37715
58731
16716
18354
25694
25333
23495
21649
43830
25230
19186
15872
39048
53078
57164
51761
56489
3244
32852
33269
44065
30020
28340
40408
63285
64996
5936
27449
31740
37360
4104
44209
14206
14119
19940
17133
44164
3764
64964
16104
28205
28113
43203
62157
529
15123
44504
63828
5483
34075
19684
19286
30673
3816
57352
36115
52054
51713
12118
60928
3584
32742
25907
21112
7212
12997
25217
26470
55880
57313
27146
26949
56150
55809
2037
27626
55254
60325
33907
28493
1949
7166
558
1936
56445
5165
27040
27262
56128
55982
6571
25264
7291
54315
3883
39313
46693
9948
44145
40090
51057
64984
45064
11539
51114
51873
31146
8549
61804
51834
16483
18547
21237
60480
37613
38667
49224
12817
59908
58440
52048
51726
41468
60166
14191
48805
22318
27603
23718
58105
24109
24128
55896
41677
47784
58436
56731
53422
2821
47020
43936
7260
22391
40424
29157
44421
28097
25002
49240
53361
24726
42556
53654
53409
37180
24954
56778
28981
50915
16193
21063
55185
21031
23366
7367
33825
2714
2503
55194
55969
33866
27766
60202
6598
24358
626
56185
27695
17085
19264
55876
12077
39328
2809
51115
51886
2991
38779
8880
55289
5236
41069
40302
49422
40414
37227
32029
50909
42603
41181
29024
49166
50784
44304
29136
30427
37083
24413
5290
35279
15341
23376
55070
631
60068
36034
7179
55822
61232
59289
2982
55771
28577
3566
6364
14556
19892
20038
53336
8228
37014
26204
52806
49313
3589
40486
11814
60933
5869
12339
24157
56925
24040
24144
7453
34531
26123
221
56912
53262
34107
26859
35051
5515
20716
38397
35244
58491
43053
41371
49534
21118
60072
60531
52800
49326
28827
60320
22421
49952
16301
44257
23808
60752
24036
24150
51796
44724
45220
58712
56918
53249
43791
48806
44710
47887
3544
44068
63548
10293
40401
40298
51780
15812
57508
46424
49418
49153
40185
57759
12713
51017
65256
53306
43427
45495
38714
2029
58748
24933
34630
47547
12130
57868
253
34366
26564
60946
50857
54326
25382
25729
23407
24178
54202
60377
16073
7751
36610
59561
1527
13423
33652
4839
2903
33897
21887
16340
15269
19987
58239
58053
18645
34962
61347
10252
13732
16284
9683
57876
21090
62818
13362
57526
62146
40376
51692
16782
57932
61327
45727
52732
39224
11579
15288
46559
13895
29776
21911
33495
64261
18644
50570
23606
57674
58314
46179
48745
41809
35159
23847
52109
58470
22264
37793
9419
302
2258
55002
40131
10319
9935
59541
53593
21335
11339
61889
54048
37955
833
2778
6209
22724
3204
6618
58226
27791
7265
36505
5977
2657
14543
56034
5418
810
43598
38345
8872
27831
26648
50873
55735
3461
32066
35753
4405
41890
21193
54552
46277
39344
64067
62250
31742
40125
39108
30406
31278
37161
29079
11180
29007
62273
64373
29554
29883
64037
13218
2441
36500
18456
27832
55695
9496
26412
5972
11884
55116
27186
20188
55736
58831
21961
78
18087
47792
1934
37394
53385
27842
34869
46009
57957
30521
1378
35914
12574
58821
43688
9807
18988
37671
37190
38702
32544
28970
19324
52221
9124
8853
63992
62361
51757
30897
61938
50762
39211
62914
24880
26545
49100
56704
21119
8851
33640
33455
43341
21861
55585
47298
40263
12133
12353
59265
65189
62068
46041
15424
8539
58918
46483
48025
62724
59725
19853
45779
35386
58969
40952
10433
346
24877
4907
37295
10224
12144
58114
34972
14067
9793
38776
55527
29519
37719
23140
34170
63698
40168
51739
20913
33369
35289
47215
52284
39438
36346
23428
50054
21409
24676
28260
36452
42772
18278
36484
51585
43327
24708
46902
48948
32870
16927
49695
32902
24710
13313
19459
45678
15585
15199
34578
47853
20277
18712
34618
36658
35343
18304
48108
36634
17627
22865
62035
48222
22317
21244
35810
8237
17397
17640
36080
34040
61279
16672
11820
35562
63979
17716
41266
29012
17076
19273
11908
51636
39247
36996
11263
12100
45881
39983
52409
9199
41103
65294
38670
31550
63470
62037
11288
12248
39477
39454
11312
9272
10501
64277
30693
9232
40928
1438
22605
56734
23934
20907
57795
54648
1612
1741
61173
58179
54187
3365
55500
57461
21792
13972
61698
48482
14372
22777
33220
46052
17215
17940
36425
33604
59033
20105
10473
32969
18143
63901
23982
61171
22385
22442
8888
59869
24373
21944
58111
61250
10656
21228
59152
12076
20603
42141
2206
33171
19581
64656
11384
34429
21493
22136
48124
9464
29840
14380
57712
47740
25467
22004
65074
47186
65251
65077
36388
12068
20479
17892
47189
46419
58697
19241
8889
33577
62959
12461
26792
7491
14109
15456
35000
7955
27189
26296
33340
33848
34464
26508
6933
34236
26060
41972
26625
34817
41332
16790
45428
5844
13151
14036
45558
46068
50070
12774
33238
45942
25583
37012
23809
60753
3539
23819
11812
31188
65375
21988
60763
58707
8342
63462
10198
8230
223
18749
42803
11011
19901
20044
11235
46531
38652
39651
8699
9203
48956
63612
52668
10987
20252
1362
24151
56919
3538
23818
60882
53479
89
215
60762
58706
54538
24281
57049
58842
20713
61442
37217
29031
65250
63551
48594
28898
41049
41175
10297
46418
9839
37257
29071
9753
37082
44852
16945
49713
37602
37386
46868
10722
39178
43281
8714
10498
53094
37610
8938
48918
18831
15405
47148
19888
21201
22287
36680
12253
18949
17733
35594
35330
15356
19408
10204
34624
46637
24477
64915
47262
15229
15516
35960
45949
16549
18040
33440
35240
59804
20160
45436
33904
62843
18852
44199
31889
63346
64687
10180
31095
43418
39361
11433
47506
47785
40138
31942
10879
43462
64814
32037
63685
16925
18284
9032
53133
39435
38469
11019
10755
65269
39915
50971
8512
9592
22494
56092
2021
28365
26784
58419
34237
26272
2620
36268
34472
23659
28107
34992
57941
57304
18659
11049
17081
23924
23977
45875
8404
16399
17487
33177
32916
63573
16857
11545
48693
46116
3985
622
59139
27505
2970
59330
5341
23045
22808
35999
60050
57258
15580
56272
59775
4059
15473
60624
15340
37501
37536
58610
54653
20645
21589
10140
10664
23706
23932
57024
35839
35549
61443
63394
48274
16851
61701
48595
47732
19119
18804
48485
46691
8293
18377
11385
46805
63871
28525
15166
5997
734
2923
35864
61422
2667
27166
59141
60003
5216
2000
60299
35100
16267
25043
48342
19686
40484
40598
33619
54756
20495
17503
11926
8340
12555
24278
57046
33115
51924
1363
37377
8705
26851
26635
60883
50404
18959
63956
34827
34307
54539
19414
52182
58843
40943
17837
44461
30973
65150
64917
8563
29998
38560
38525
10400
9896
45228
39088
32112
9083
42427
38866
29401
62169
28292
28262
12114
32900
24678
39257
36454
32868
63242
28294
36486
10074
31207
61986
31935
40121
19732
16745
49138
49169
36966
43513
8463
8292
64335
37334
49434
11081
31010
5866
8561
26980
52314
50178
32524
53516
14251
35174
40237
40604
6354
26563
58893
39261
30335
23090
12855
42426
3207
2921
30378
6535
52665
44455
63682
37193
58426
46530
4633
37703
14729
2641
27394
17273
3117
2972
30463
6702
4581
41458
22739
348
54287
33752
7029
62356
27370
41730
57510
62707
43890
41631
4348
61917
21071
12108
27880
26460
50447
23332
64875
26360
22161
18744
54378
62375
42894
41573
4202
3090
63561
9897
15890
27961
48944
61879
23658
25911
1074
34224
49790
1431
7845
5027
9050
11424
20902
54182
43220
38921
35005
23927
47518
17233
29888
21319
14401
43456
2242
28313
51600
5570
52412
44205
40120
42997
34298
51640
6351
39598
13754
29820
44915
1407
56223
57252
5033
27513
32277
3746
44563
43109
29379
30163
28575
26020
52120
9392
17597
13094
31653
53144
58182
41669
55417
22775
3698
2223
45614
4980
42156
22007
45646
916
28308
43557
39123
40556
31052
50136
5935
42995
3108
1871
54703
6690
52956
39667
25465
4981
10189
12449
6917
7939
30057
60566
16736
34474
37492
37545
7795
19741
59809
38148
10875
9913
17847
15087
29002
29602
61274
44474
7135
15185
2023
521
10423
6881
42409
22866
48450
30246
41842
2534
53595
54019
8047
25056
53884
516
26557
25260
30836
55597
25349
26929
49655
43614
59910
63217
41262
43157
5721
3187
22620
9215
19410
44121
50181
20973
23707
13058
2564
32905
30919
3922
7482
5474
46171
29097
22282
57098
44269
43788
36487
2002
9895
19027
29625
17719
5530
64168
44562
43119
5803
20935
17141
47509
28088
24908
45878
64440
15770
24750
935
657
24448
2525
7030
54391
59298
35819
3280
55150
15007
23673
4042
27147
58606
22900
21085
19455
9091
62261
64783
64786
47951
36303
24015
20197
46594
48399
64290
22175
34498
48962
12005
10655
17941
63187
19615
64626
47487
11733
19925
11619
47522
48303
63906
63077
9747
48242
19811
22440
37617
41085
60533
47323
17374
29040
44874
42023
15020
17760
65037
42667
52006
14707
40366
47340
31266
43337
60799
57538
18572
32214
44502
44223
13977
15743
9192
42506
28695
17717
52271
57808
7403
39513
32458
29228
15094
61066
1531
13324
61609
65435
7295
106
60716
21333
31705
63733
11744
16373
63333
65030
47431
35865
21398
63024
47363
45831
19702
22895
36550
45891
60348
32618
25156
13848
39690
27484
58077
55323
24474
16321
10754
33805
57180
22124
53801
10002
26734
64522
55161
21308
3690
3836
35421
51402
20395
23034
57442
58781
27660
18089
49852
9298
57627
8357
20077
22979
61845
19350
47991
60620
62304
62429
46755
49063
12182
14741
11984
48499
15528
3694
22355
39191
55504
6959
24433
11242
25691
4077
22021
13462
756
39434
36076
20504
62007
15371
60097
24569
3739
3790
60245
49867
19653
23487
57491
60837
23774
18860
50382
33875
59258
57099
25802
14788
27403
3038
59669
53882
23759
36002
35331
60421
3950
22937
54465
59347
25249
64771
39370
43639
45532
9944
48387
52342
44230
51089
16485
16668
61461
43434
31351
18136
38801
35958
54488
27228
29307
32718
23337
60971
3520
3301
63900
63429
60023
155
58814
13567
7132
60197
47999
42572
59161
61046
16432
30480
41818
20393
14607
13210
45547
43275
32486
13388
28965
28452
46932
63298
25679
26764
4021
14908
9768
61621
30949
54312
7763
11305
19599
40504
14819
44207
6520
34602
44639
41699
19585
57023
9665
33006
16027
16081
41411
8907
57220
15419
52693
53247
4028
21153
43855
43187
20225
52965
34270
21787
15211
19217
42483
33402
7976
36619
40499
27640
17184
43863
4789
8142
14037
48565
51479
43738
36368
32792
25712
49802
46526
14350
16888
49436
50877
35612
7727
8164
34445
48623
5601
46100
45691
46449
6851
7723
47587
36022
52406
24677
41497
49451
41977
43130
35453
13913
12269
50035
53999
57297
15632
10220
14570
7292
43322
44453
60110
57728
43861
43998
17026
56303
9844
58248
14346
12754
19918
10358
54481
18234
56517
52194
55309
25155
53042
49770
38301
821
57214
28619
43260
43133
50394
53797
2064
30204
995
51554
20752
55157
4946
6154
16765
37887
7953
59774
37468
37597
46954
4751
39030
41372
1637
50165
1147
22541
44613
44750
18946
56245
58904
22236
17002
18194
41886
59408
54478
46090
3059
25576
47959
65011
25909
28176
3963
18745
45869
62763
6956
5245
6158
45356
17034
755
19170
6755
28117
28956
5619
7775
37240
40780
5250
56003
40505
37512
52335
6329
40639
40089
27033
4835
56883
43064
5171
52031
38216
28665
54451
25781
39929
38952
53231
30860
28389
32585
4020
44627
16428
25181
51340
5299
13787
48319
50305
45030
35782
33565
28460
7051
46771
12945
18420
27311
44166
31786
45052
44591
55928
12540
10632
30254
57017
57218
24860
11657
15855
29141
27195
6085
50632
45593
7145
5335
34184
48357
5847
51586
47226
46706
35278
6378
46318
36224
52656
38824
138
21960
55241
53272
11591
55168
61977
61026
22858
23936
37065
24421
31111
63934
3406
8970
21526
13687
61786
64750
46107
57782
14314
33287
46641
48187
62478
12538
60033
47121
22689
8250
14986
20657
63306
64958
47595
45440
22459
59185
47601
48635
63806
61499
35518
48609
12615
22353
39404
17624
59179
61219
35666
11900
41253
52312
15088
15141
24559
17301
28707
15079
61955
22679
38112
41857
57642
60135
35681
10457
19228
52029
13894
15494
21722
17263
9432
13249
38999
43252
13286
25569
49535
46705
45460
4582
25071
4353
18166
18479
41846
13071
5076
17265
12628
46091
23001
21527
19547
19427
47381
59370
23433
60514
47422
45621
18947
23098
61410
45598
20999
53263
16582
16561
38671
63441
58863
7452
16012
48708
10577
8799
20481
12347
32797
60897
44452
4959
38266
62839
24847
12753
34527
32121
65065
11666
34385
34911
25345
61690
8311
35025
40690
10587
16271
23265
65019
65059
46309
34747
23340
60244
46846
47349
65363
23291
36787
48366
14129
40340
1503
21972
56796
57565
12020
30694
38895
56660
20571
24300
61558
65295
32724
61473
3409
54261
37823
62669
405
466
58330
31948
61878
10401
59134
57690
850
64075
30404
59518
39747
53413
42697
19134
1893
38674
57482
7369
12672
45383
59710
10042
98
14922
5656
60862
44200
23879
65301
17876
11648
59838
34641
8905
20092
45571
16475
14123
22922
20383
9672
12321
65122
39928
22249
814
31861
30322
10391
53536
22745
55383
64240
61738
37673
21397
55015
62590
20984
15105
43739
44942
36070
34020
34658
48092
42885
51054
14650
12937
15071
20325
51939
16151
43869
39357
49190
53322
2374
3467
27274
6641
1982
2359
49536
6846
32065
40240
7515
24903
50989
44626
18776
5616
52697
51672
13786
44378
16082
25943
36128
32999
45029
16021
42990
16030
45145
40292
39229
58796
30671
28867
20614
38726
61972
21860
59275
10625
39196
21100
40381
23885
28726
3153
25602
45977
56363
54387
38447
27888
25064
42738
59612
55011
1247
14341
27512
63636
6746
15858
14900
50251
7466
6631
42282
24902
18628
41793
45685
46450
14825
19372
27777
41726
34383
63154
46522
35423
38474
39113
24554
49223
27604
13393
55274
57298
10311
27734
52905
22354
48562
39736
62526
54074
31765
10782
22041
39984
386
1639
57738
58242
37904
22633
39704
22631
10805
1748
54239
51515
39439
64726
18715
31313
44739
44899
52684
45261
57601
44363
31503
42851
53729
898
58250
10581
1641
20762
40912
54839
37592
65374
30677
10718
55399
38736
55401
37464
57730
39939
37891
58127
29052
9853
21487
37371
40164
1620
11494
9444
64219
64271
39027
20817
31323
38433
50041
55638
1627
2268
28447
5726
627
3844
6075
8131
30868
2043
6149
26417
49447
25896
33001
9791
24725
28121
38028
4350
40077
64051
28959
31251
7762
37174
7514
38964
36136
195
53382
50746
2412
38687
43541
55613
41406
43582
52425
50888
56676
44106
30518
41314
56765
3393
26961
49052
32139
55741
62927
44379
16083
17812
58063
58643
2438
12959
26413
62115
4342
18728
46783
59129
43504
44330
23183
51789
3303
23122
53686
55937
48626
506
49478
20804
48307
23602
16183
50506
56458
54290
38602
26426
44466
41127
10441
30386
21642
20137
25106
38983
35129
22964
33004
8245
14841
15845
15029
35396
23592
22856
8588
60083
60723
61781
33084
16696
34596
51065
44334
12805
32399
32643
47591
64831
3713
17106
61131
58641
49272
3659
63363
34784
43002
37444
61507
57147
49705
50472
65302
18425
41703
40753
33488
49111
38332
25168
19752
21101
10575
23795
13566
4944
60597
58558
1755
14149
27934
26126
55424
54814
21547
28208
12990
2141
35573
52704
27837
15279
60863
59780
34264
15871
44577
14355
29371
30129
6446
41723
14308
33401
41275
1584
7781
27899
63231
63526
57208
46834
21217
27507
34703
36737
2069
22367
47354
55072
4158
29125
39112
64361
31724
29917
9346
64604
465
40066
59606
59092
9934
2134
64493
11402
37184
38116
9446
45132
37945
39706
42443
10802
65070
17741
32293
30078
31489
65013
11066
44611
11492
39529
31593
40432
863
2262
8318
58964
17037
40568
49804
53021
64538
18236
59478
32117
31287
39155
62461
29782
30901
29646
64223
61765
39959
39425
11034
10770
37755
39738
63678
64257
9980
22243
33760
59900
22069
22656
16315
32824
15149
24573
59173
61230
59485
15612
36400
14147
33256
26885
51034
40006
1356
3727
30403
57411
19592
37309
51337
50312
42969
16697
60735
31951
6494
3971
10639
47689
28501
41705
41909
35160
61875
17992
31679
29619
29236
64591
46937
43842
59267
64819
14835
8182
48613
35112
1419
16700
26765
25949
4650
5614
22972
27462
15539
577
45148
27130
4411
37200
63820
64959
55997
47603
22402
3118
33209
35458
28128
23881
48639
29067
6721
56496
25288
15973
60655
58593
54920
15449
41335
28040
30758
30321
54472
43258
15335
59413
26432
19070
7827
40452
15002
14198
20682
25605
32706
38169
11739
8222
47005
29311
25308
23953
25464
50538
25978
64680
19818
16657
13987
57802
48936
18805
15941
14515
41825
11189
32887
32933
2215
46602
20678
64499
19610
18289
13811
8667
61364
65468
15189
13027
16385
60207
8221
33781
20881
14081
41303
27988
34683
49621
19710
52860
35797
14488
36588
35882
24978
51183
52266
20212
41475
28327
17286
28078
36298
34497
19148
52761
5811
26315
45749
46259
25542
7605
49940
18344
20023
41921
12472
64350
18086
43429
26868
25455
49638
16724
60634
4479
44984
31701
24640
2823
13185
50283
2114
19858
19563
44393
34208
34778
11440
64430
14399
15680
50489
48681
53705
34415
25095
36305
39539
15463
47361
6664
28687
20587
52508
28068
64928
38815
4472
36032
2719
10592
61633
6161
38072
2913
34401
4264
50015
16538
56697
3826
64512
41231
7864
60438
39589
29696
42359
47371
404
65092
19867
44185
34544
59339
60454
64765
16991
15440
50697
61068
29148
34143
22369
16497
26158
37480
12299
27289
3476
44815
30502
40273
59328
32220
43640
32453
27216
22375
26068
7886
49822
3735
32942
33195
37639
64160
59073
966
16646
61911
5067
60794
18288
49926
38094
33150
10157
15777
35342
34571
61543
23190
46622
14026
63382
63431
32891
48411
22470
8198
64125
12695
42463
25080
45520
45277
20268
52089
6627
24620
35625
36644
12406
7397
53108
19448
43010
45006
34893
18513
18848
19659
890
26021
29650
62442
33142
58999
52141
51423
26828
26769
13758
27489
19762
24929
35862
7625
17070
51996
36549
28238
47295
47024
28226
4495
52618
16804
19261
41635
40872
30499
4815
5314
52296
671
55113
31157
26959
27833
42181
55796
706
43443
32668
64770
38497
28951
12009
9092
48386
40281
52569
49370
62265
20201
63007
30258
37252
62994
28682
20020
42546
29156
45759
46258
11828
42831
30543
28815
62719
62143
17289
31476
44210
62436
49215
27698
58783
6116
7349
48668
21364
1861
45832
34930
2380
62220
16036
6643
65036
2436
55609
3479
1687
7623
56617
54964
7575
25087
4431
5830
1609
27945
1734
4162
290
1735
5782
63553
47868
29047
30927
30496
40750
39065
46227
52013
38479
65429
63480
30450
44283
38593
9210
64611
30042
51166
11148
11754
62231
39996
9058
30855
20309
63034
65031
51544
65033
18904
31339
12647
4171
4482
48154
5916
12477
43881
36707
36547
17465
14651
28067
51762
26427
13186
4969
2145
57589
53521
57622
56693
21886
2159
58776
56878
21311
20720
3832
54836
3568
22036
58166
19256
46447
30595
47285
47030
63201
41285
9364
10452
62796
64246
19761
28739
17071
65411
51765
43170
31227
32178
6165
6070
20419
3685
61332
8819
26165
16303
42829
53304
2038
42674
30121
3742
21325
56702
60784
59085
57763
3733
53580
54987
22005
22716
971
53496
2243
20600
58864
15789
25512
7603
34587
35358
34888
25196
7221
5813
16188
15237
14016
6451
27416
13747
5548
27972
66
4386
52620
50824
56644
40284
52572
4143
38492
40332
26297
50776
40328
1572
53503
62206
62718
52349
29301
29891
31917
43932
31989
31344
39413
40124
62651
51955
39800
39294
46331
3169
5110
7185
56463
61049
951
3161
34210
7863
26969
21417
3831
6708
14495
27095
55818
21537
36646
9563
21578
12842
17280
36679
63726
62782
12000
9101
57921
18523
35654
20029
35623
11466
41586
3125
30934
29969
36840
63574
3533
26600
57724
57539
47479
411
65153
60293
39849
39825
65345
55819
31690
53111
22812
64330
26590
2413
60437
35288
40902
3168
16935
23555
9462
21069
46677
4107
33312
8581
3057
15179
25162
5370
7632
56250
61779
24939
19765
3437
36859
30741
43027
26441
59430
58801
6434
14586
42877
27828
31867
31181
50648
44176
15905
56505
44645
25861
6471
2965
62790
64252
32224
46577
24063
41307
35722
36287
2634
21050
47864
56268
4963
48496
40010
42841
29211
30959
60544
62011
2299
23397
60703
59515
31945
3430
61791
45801
44693
40721
60643
45888
44810
1077
41540
48983
63481
47439
30923
29225
1251
63563
59960
43182
8833
18698
55870
39084
1382
1020
30585
58673
19775
38906
51984
52879
2661
19248
59123
8651
52994
40621
11007
31078
52848
31673
23309
20208
2864
54363
47065
60176
39924
42762
64585
63332
9547
21901
35874
61248
13648
23113
19763
33597
16732
8284
60347
11749
23076
23536
35138
15182
36589
23136
4613
37529
923
3787
10945
58365
18567
39876
52758
49943
14288
20022
61003
10106
54376
1245
61323
48966
1120
25296
42186
58430
64433
17479
29306
29889
53869
62202
33360
41633
60397
63581
17757
6810
10368
46574
2502
20016
27841
27025
56522
6519
62859
26538
18573
3217
45904
1193
7087
43020
62715
62139
29459
46334
24247
39128
36534
33719
25209
24310
45819
32469
8098
4725
44336
24892
57990
57647
60361
12886
44016
12969
32198
31531
29056
44438
12793
7653
27564
38003
53116
54687
1183
719
25545
5266
40472
1442
52764
49944
29347
40460
4767
28324
52088
39015
17751
54944
8474
45271
12405
39017
27944
24734
59573
34088
42458
325
44754
20904
9018
61697
38244
55036
11382
10689
21948
39839
1923
67
60396
61315
61462
3164
37572
22771
29455
612
5882
49407
53964
29163
64403
25244
15257
46229
56716
60287
497
27996
41296
40260
7951
22599
13121
51616
55497
5490
43376
28329
44211
43693
31925
51496
13610
42821
26820
40110
34122
17703
47032
58458
42393
39488
24050
50084
25078
34559
56095
56618
64184
2825
51534
23345
47281
41486
9785
4106
47056
28953
22702
41477
22693
54080
36585
57776
38962
27993
37178
15618
48976
20497
53549
50277
63846
2572
44388
32612
42822
49206
45504
51151
1651
43173
55901
19566
56852
26071
57784
9275
12298
1701
40530
5378
40282
8281
11291
32217
952
39788
54862
39789
36583
63341
30294
53311
11723
31871
20989
40620
23308
58268
8847
60651
37124
38719
40182
24116
32620
38340
52270
57193
1388
2806
27969
5379
40283
53494
7109
52619
39469
677
6903
27490
52852
974
34080
9562
22176
15728
37654
54184
38932
62257
11738
9745
7838
40457
7829
40455
59582
22141
54732
50543
23051
22299
17946
54275
43970
41826
47046
47815
60845
41647
53868
19809
55411
2196
26004
51957
30940
29971
39356
43013
26404
43507
56367
55732
1487
27897
44755
40179
5017
62654
46267
33782
38053
41589
21430
53160
2162
21495
56953
54212
45822
26783
52140
24311
45758
12887
32841
50854
4825
53690
39758
27503
17061
53056
52521
11205
20802
41295
27978
44439
33846
12865
24391
55153
57898
58545
7335
15350
56474
55754
2458
3270
13498
6801
23335
27073
61430
8745
40116
31298
48415
46610
16937
44390
32102
51193
62991
64799
9396
30209
41239
62537
38905
18340
43687
31857
10105
10948
10148
38810
51098
31174
64169
18297
19145
31399
40129
64116
51622
27822
30043
6013
56523
32480
37869
3216
50494
51438
27024
37680
44605
6829
43099
2509
55712
32229
37352
49208
7622
5831
44517
3478
7574
49468
1686
3526
30339
5783
3527
38453
41308
55324
27894
54872
47290
47036
24473
65098
32765
33940
42666
44875
55082
28839
63484
1596
2053
10428
62105
49400
48149
48662
64074
44128
29521
9378
63852
62214
10026
31085
44598
17909
37196
43879
35132
52247
31510
53989
16157
64310
57182
4749
64111
24320
25139
31329
22357
18962
46138
11286
1872
31284
6170
7868
22864
14394
5453
61192
13929
13739
55253
5735
15692
62527
39791
16808
53062
32205
8652
8826
62577
37291
29767
31521
16533
62634
17057
49310
37626
61635
50848
14398
59903
56606
59531
59177
28593
22608
5361
53793
1643
4090
14148
54798
15615
26142
58672
59344
2835
55640
7883
5070
23436
15947
4512
56380
12460
12741
59933
4269
14526
24405
517
25197
13374
5917
53968
54301
35944
21072
56427
6672
22789
23580
25616
55566
23437
14611
36667
44397
36974
49630
32208
30237
32109
41227
49515
49371
38496
44496
42512
49262
37342
38621
28683
53881
2930
6900
45755
46270
3263
62203
30624
56569
43435
44224
54468
31133
62142
2553
27551
56508
18444
6723
7194
7862
62309
1898
5111
46440
2406
1014
11989
6401
3830
27125
3317
25719
33373
62193
28586
27590
38160
16176
9255
65466
51419
29662
4753
47910
15243
40461
13550
18346
45278
60345
43018
44753
15235
55414
10691
36642
12693
15731
19649
11388
54721
12853
8464
50330
38171
23700
41642
43969
14595
30736
35186
22991
14181
15379
44945
60617
50654
35333
38925
25245
19698
42753
7115
52869
15255
47291
4736
27486
33052
33482
43096
52246
47033
15619
20221
48400
50372
6021
6266
5489
33972
47338
4221
6787
48245
47475
46621
4464
46561
33465
49865
13931
26928
30837
42390
42229
49628
13654
11759
52262
53786
56879
27049
8832
14069
60528
42095
16811
28949
36581
41483
43097
14128
53782
11131
60602
15631
14480
42921
11727
55343
19263
34672
49873
1060
27566
50273
7992
32767
25856
32485
44595
39056
44031
7144
56267
1097
30112
1309
47713
2729
60619
5377
5112
44191
38310
7871
32213
37472
40543
6504
6938
38140
61840
12288
50587
38995
23907
43179
41545
33792
4720
60362
23441
19567
12896
50425
36309
30853
47375
685
26077
15080
65102
25451
28489
40531
17462
48175
63476
56176
51436
25634
10272
14645
686
20449
35182
14202
11728
5022
7835
64631
38043
5063
9757
40454
40471
35947
7878
37579
19606
23210
7134
53921
44653
8046
7019
40871
1194
29469
41744
43926
39799
8155
32464
25210
32662
1137
43022
20262
27662
52752
49949
14719
45754
6685
27099
34761
35524
42459
5904
46257
15506
19447
14762
27420
52095
42128
41595
9950
13296
9607
29810
56950
54727
15558
12006
15915
45531
28517
36043
51130
52367
4822
6185
34746
45803
6176
33301
48511
47984
52501
7638
45545
34956
51404
578
63881
3982
56105
54248
61038
60645
39914
29239
21658
22736
1413
1104
10978
24519
22328
64762
60093
16464
65130
61982
45387
35018
21014
14112
46337
45579
61742
21926
33815
47681
8587
12202
13504
62749
64410
63614
46459
10267
12912
58029
46241
47275
62894
17664
58573
45681
18542
21149
36987
41774
35707
35443
35992
51243
44480
49566
16288
14277
22908
42304
50813
13438
40701
8672
9080
17583
61130
61207
15547
32394
41707
18636
13718
13014
59950
42326
32654
17979
11129
4572
50388
17423
32303
30065
14572
60911
3542
44271
62870
64895
34525
1366
58849
13915
52454
16891
61224
23104
61963
63443
48709
33302
23775
23477
46094
48133
18467
21510
35092
45134
59168
32607
25883
13597
43871
43985
10719
57061
24021
36195
46081
48143
40705
21760
54750
8913
28211
44047
57566
20560
3679
3793
47967
52927
19919
24293
58625
60687
19665
17830
50625
47697
56789
9627
14796
21629
18587
16755
46709
57968
23749
60563
46510
48549
61587
21664
59768
47230
12973
3667
65510
40929
6380
5085
60675
48367
44246
30465
13067
12764
1499
42070
46305
21981
63316
3077
54803
23110
3653
3714
11354
52149
18634
20875
58798
61034
40146
17568
50098
59998
56527
57141
25477
13511
2901
39906
12058
56255
22555
34926
58382
11018
40754
21670
54147
57886
27458
65134
38320
44833
10448
58494
33437
31530
43195
52989
17259
15307
24512
42054
29486
17885
37447
56441
31463
21509
29365
30130
20960
60853
3722
64473
65440
65226
55000
1344
57474
23290
56544
35883
50723
17829
58070
59860
12981
29419
44240
44469
13322
15577
33827
42064
31197
14656
47228
63389
1477
35
59254
59847
8776
53980
1925
56648
24575
21177
63936
2396
57112
65315
3731
46607
22223
22210
18527
63714
46623
60969
15913
36242
46386
47167
62978
21321
58292
48402
23954
9567
13241
21284
62207
62130
46575
48780
65164
60996
46322
45823
62770
62300
45960
47330
15940
21042
65028
43491
58037
11755
13863
32181
17561
17362
16380
18000
24049
41212
8831
16356
38712
12692
38618
40983
34863
58146
33188
49647
41359
49505
13641
14527
22137
41017
30434
12482
41217
39063
12787
1751
8570
52348
17533
55513
13212
25389
62457
19195
44019
1625
4395
63090
22615
10757
24215
14802
64341
16726
48663
60303
22090
21447
46131
45111
45830
16217
60714
48147
23652
57450
42915
17330
63338
1804
60717
33040
14662
18877
12082
59741
53404
13109
6095
61058
16807
54026
37624
63172
20746
24988
34941
8646
63984
65406
58194
34557
5116
62287
30581
57810
39073
12085
15681
24452
65093
63478
45543
35765
63067
22049
46579
47863
8278
24396
48523
45795
15154
64935
3581
130
60688
55167
63789
29209
24332
21875
21813
23030
38803
39225
55275
62898
3682
5019
38091
63864
12699
20862
58997
10096
64444
11427
33779
59637
926
65525
10957
33139
37534
57499
19136
20403
22283
22302
58805
34758
15289
47944
61267
57909
20654
16207
35527
60963
18349
24308
37001
42722
12012
9608
36596
30511
42799
52564
17237
20204
21945
43769
31154
13090
40276
43933
21280
26237
48251
10878
11416
6268
293
53662
17660
64293
38000
26364
54136
19059
14589
23554
43089
43549
60393
33062
13767
31973
17769
42375
13375
12362
14481
43580
47327
14868
39950
44110
36935
8904
7354
5774
47266
1866
61029
9673
13481
14357
42682
61346
3470
17608
31040
63585
37949
52967
8582
10893
45582
63599
45573
53216
16474
18400
62491
46338
64275
17879
29494
16695
17512
11796
48314
46782
10045
19369
11948
12060
63814
64955
19072
12196
18632
61569
45929
12900
2388
35794
33484
6579
56404
21148
7413
6889
21660
3116
27023
33944
1827
21716
61199
2113
1111
6321
59599
58388
4695
22681
35695
5254
13721
13017
1158
33700
23506
25895
54266
65010
17393
51233
32042
30066
32151
41462
49663
50806
62873
40233
62762
45972
43124
38183
46847
61966
39182
31630
10208
12264
11368
61957
31797
31248
64048
64389
63957
9320
38888
62494
32592
28004
25956
36372
50975
47377
36404
42806
51007
4239
18742
17039
12310
48996
41492
12417
4150
3666
21847
57063
56793
57559
60674
3418
56665
53466
20570
24297
1498
58626
3794
21975
57433
18237
43315
11219
48571
46515
11091
20140
29180
31468
63227
63532
20364
9107
44467
64237
49004
44353
38292
11892
7563
5395
52548
3419
56668
28719
13676
28044
42447
58627
3795
17860
28918
2115
22068
55485
53708
54804
59489
331
59503
54150
22091
20870
911
58275
385
21453
58956
25000
26167
35016
7189
51730
33079
27696
47977
33561
14896
19594
26137
33896
44167
14014
5696
14498
24418
36468
47125
33992
57956
65125
33436
36831
62828
21196
13337
46339
21192
21956
58793
64579
63218
31534
31931
30385
30785
40176
10393
29482
62636
63695
63167
9368
37159
38077
10997
599
27137
4743
58073
55778
56423
15119
5945
6426
21609
3209
2522
36706
27876
1159
5206
15426
20536
53943
60607
59011
6206
23801
55376
54656
1094
2187
13957
54519
20968
25783
59721
11446
63683
49042
47130
46110
19744
43066
29243
48789
62822
61979
9917
30001
43918
18938
64431
19367
41806
29361
11206
9165
11949
39750
52976
30139
20378
20080
17344
53239
39101
65473
50250
25165
2461
6958
53792
55678
56477
27643
6048
6768
1088
3264
27083
8014
27773
1069
57339
10268
23416
45923
6330
5255
12917
3658
4694
35756
1350
646
58563
5617
647
17669
63493
56800
26835
33539
48575
46513
3557
65023
32150
4444
42310
44486
54744
30193
65057
21765
24923
11552
40232
9128
45595
47379
63669
41531
31755
28997
62475
64732
9512
29789
42781
63040
65173
41524
20273
49793
29417
32727
46948
63321
30474
51478
65290
63449
44822
32599
62183
20241
47423
30681
37586
12034
7823
5393
62185
15679
7526
30553
13670
15647
10711
5425
16001
63834
38746
20141
41133
30765
11888
8312
8595
40688
29088
30331
62368
61893
16588
29518
40318
62333
50507
15667
21853
57069
60901
58862
7533
12636
4363
53467
1360
3536
13707
4957
14573
25997
57436
56348
40065
58467
6325
4994
64646
12613
6202
11119
13216
14362
31252
4942
12674
23099
3131
27448
18994
7054
56204
29828
47975
23612
31542
50314
21611
64278
42121
54333
64644
13342
35381
43070
3918
52973
30859
54461
53837
38992
6987
7979
42320
25120
25776
49981
2862
38285
30000
56502
494
58514
48309
46770
22556
63301
32330
59397
42048
43194
54925
32590
64946
21679
3322
57973
27683
36776
4742
6417
3253
598
7178
5957
1110
3286
55592
5207
2001
21669
15260
43379
7505
40247
27039
28124
2329
26971
28862
39296
32021
55752
52628
30650
42982
3490
24621
49983
28649
17054
41327
44051
13153
7545
45095
17786
12619
12673
42035
46880
6610
33707
28402
49167
2335
63309
42911
44403
12369
32028
57485
61622
14171
18401
43267
59318
55747
33019
3492
27650
42197
14338
7285
35454
17193
49440
51938
26345
33248
33768
15066
48089
50040
16887
44126
26692
19084
26701
4559
6676
17350
49542
33556
25478
48315
46769
25743
35020
51853
19373
16692
42418
36407
19539
41129
19914
25814
24634
50387
17643
7391
35537
52903
52459
28185
27476
12418
53045
1050
63655
42853
18206
12386
56345
9138
63177
15674
16002
44910
8634
59927
34154
2866
4562
8593
26468
51714
48138
63757
1548
35277
14614
40348
64893
34522
6092
20955
30988
38516
7810
30887
594
4194
36202
41997
38569
59863
4058
44044
19677
5402
55257
61898
50268
37810
51717
23254
61937
41365
16766
13138
56444
58339
62255
19546
19426
18958
57835
60029
34394
3076
42610
6146
38749
26117
12752
22998
43610
30067
40924
55164
59773
45463
32043
43993
1796
26343
6323
52978
2116
5795
4463
37976
43413
55828
1167
37129
40152
5007
53711
44409
29529
44840
7539
32164
24994
6403
50959
39272
2479
6856
27161
38825
40392
4319
49429
3356
28777
39363
28052
43499
16019
52700
6515
16422
50982
49108
13791
34598
33005
27103
33500
49197
18429
44369
42163
33076
61778
43692
41423
1257
26187
31470
64229
53625
56018
51268
29162
24966
2290
14003
25138
20352
28215
5913
35095
16585
51072
4226
24602
48570
46514
28442
36377
53016
20135
18232
28451
48370
18260
25676
44677
25641
17996
35208
15077
6284
8114
51288
48271
18361
28243
16419
31234
1913
57739
54578
57084
15597
41801
49101
59687
24170
24189
7180
47306
41660
64602
1644
29314
4676
14446
29778
7004
24333
828
61303
16326
64266
15325
57324
59419
553
12138
25480
53826
8759
3968
2857
2256
20501
23781
31447
39194
58487
59096
56942
54510
64490
24522
59192
1541
27883
11225
38217
37420
35361
20537
54573
34003
11978
12157
27775
56970
23852
57824
39514
41244
43212
6797
28207
25302
34333
19951
34273
50196
53027
50545
15563
32803
17131
6852
44214
56325
20763
60081
56901
56938
64482
43957
46786
58243
24270
23826
11274
46286
43210
23790
3279
53039
53933
4031
52047
51371
44801
44773
5598
1307
27523
43793
50555
7970
25200
28499
32307
52399
14192
6514
52831
49675
19473
3775
30145
32990
28195
28369
45483
32691
534
27667
44501
57221
6254
13514
56149
31498
63842
3007
58899
13845
23518
64722
32538
58561
2075
24430
6978
52819
48893
14828
43148
27595
26075
19647
46209
20454
5300
4893
4765
35459
18619
28463
47092
50851
37141
7637
53075
51289
26392
3903
29731
56002
28255
26664
51113
32447
2095
44143
27029
52771
30803
3635
49987
49737
25688
28661
54450
1071
43839
25224
50217
7909
39045
53087
4019
1416
59219
37431
853
27439
24438
64089
5357
4075
59600
33905
54004
31722
15596
24174
63874
27308
42938
52358
28511
26665
6594
18780
34344
6542
52783
50216
44309
36335
16873
4380
42571
3193
39897
58584
37557
40650
58344
23989
53271
31458
12238
8386
20944
54718
24202
59943
3296
58013
36989
41760
15227
15004
15512
43051
52672
41374
36814
34757
22899
50622
42651
13424
32509
46906
21301
1909
34826
34306
46749
63606
28518
22928
29276
32525
48946
25231
63135
49564
20864
46298
22227
4675
45674
47458
32381
22544
3984
28621
51452
50077
48338
549
22117
29996
59405
35986
27101
8945
14281
15023
38174
26384
62714
65463
43227
37632
14708
19238
27243
32269
7182
15744
43321
41259
18554
18073
15003
26858
65371
41884
751
3846
13621
63468
26122
27772
16921
18668
39673
51634
23935
20649
47244
40406
52694
52415
34418
36223
62293
50903
36970
46472
44079
33333
16377
64976
33173
32915
10903
64636
25514
63083
32262
30055
33843
28358
63916
48278
23481
10623
17944
63196
48287
10898
47519
64981
48597
64867
18370
19631
10178
9752
63084
19090
48483
48127
62268
9096
11535
8290
19279
15823
60879
48869
16850
19727
9458
58996
13993
17074
65253
35541
22980
52845
34661
35427
29383
23753
37739
41758
52118
29847
34771
40656
14745
32630
60564
11523
39367
43642
16860
62981
19715
44150
52422
42897
45080
45340
61464
51655
39578
18133
30609
45563
24565
60094
8715
10499
20037
12822
60639
60341
19422
19461
46067
58577
14703
19902
22304
9595
14787
21627
47259
46739
46741
21104
60613
23699
20174
19877
11635
58574
22933
17310
33453
34830
43735
11763
15888
12389
3965
41610
17403
62765
27436
25755
14040
16684
43370
54003
52055
15403
42748
46536
21206
22799
33461
37611
52432
52661
34007
36057
13564
50414
39179
35262
18556
12985
27196
43903
19573
18844
62976
24944
62778
38041
3702
1450
13391
65254
24731
16859
26501
7170
42200
26346
27765
14992
16791
41248
52185
26626
5848
33232
15063
51943
41877
42617
52318
5103
38263
62842
4367
34305
34319
40313
11817
64914
12769
14431
6353
8231
61594
13057
32498
53471
16577
16566
30479
10497
58719
27932
36492
20036
63457
62047
60881
32909
12395
20561
52644
10141
1480
44
22390
22954
62024
732
55173
3400
61220
58041
63950
55779
3941
65324
56979
51444
13281
25574
41343
18070
16788
25062
4591
24833
46625
47151
41841
33748
25359
17270
33108
7847
17281
13744
15818
13990
43949
44569
6348
14413
47566
48331
25537
5576
41839
44992
48695
4987
38093
63861
33179
59038
59029
63344
11196
64675
14371
22773
55422
12072
64171
13971
29342
46810
20673
64123
48282
47505
32923
61915
59334
63405
15582
14091
48593
60017
61547
13982
57745
50458
25975
38080
48490
46689
5035
20938
46960
41630
15822
12715
51217
10958
12442
26030
55463
57467
19150
20412
59147
59758
58693
14278
35769
19272
21219
21045
60878
36788
15018
22003
47021
33175
42452
25461
16848
16395
18333
43897
4828
28307
35447
34678
12401
5336
44959
19056
51202
53125
1047
37817
51045
47470
5482
3097
8650
39079
27922
15722
49694
30402
23146
25906
56114
51925
23249
38527
49557
46750
34314
3196
57819
61841
44242
19466
48350
54995
23195
26114
56324
32148
1492
21983
3548
20491
65268
38886
30703
3412
57581
61164
61553
12244
40719
61478
56657
4658
20366
12425
26393
14698
44711
42880
7705
15927
49346
48586
28439
4231
44901
42425
46904
52125
21294
26235
19579
64144
64664
26748
53541
414
46115
11045
38014
5667
917
19068
35069
33380
55268
13314
13004
26956
3156
58012
27893
6745
58483
56364
27012
15224
55795
21727
61407
59495
53527
10725
20874
21305
40926
59497
32520
8942
38869
63744
22034
30544
54834
29272
54154
57681
53732
51595
64742
62559
18717
11023
50595
49683
44492
16555
21476
52555
31316
51043
58335
31987
50979
54655
3119
2383
25538
7417
30056
57026
44572
41829
39347
32268
6644
7844
51749
30791
52679
35567
63689
38473
24551
48809
5124
35809
2026
3849
38599
7254
49218
59218
50618
56727
53623
24743
3369
1615
28055
4607
24911
5798
54962
7465
1729
28082
55026
1738
5750
57768
7550
9706
22709
13813
37649
53573
29540
10369
64986
63078
12408
32265
4344
32263
54976
48692
49538
38484
17087
17481
65076
51023
38735
28735
9252
8895
17282
39972
51778
62447
49295
11522
28945
38503
65257
62271
19714
32089
44377
49162
9090
48873
62996
37250
30260
63001
28890
59635
56755
50463
23532
24380
17943
56412
50338
51218
18374
19114
21939
49839
55603
48481
54828
7492
56754
26354
44428
42549
3396
32092
44380
4351
30435
32140
26290
41448
28728
1583
53295
8718
30686
37950
63456
65365
64616
8709
39989
31328
10894
11141
63960
64280
31064
62480
32736
46909
51075
62467
19899
17740
64339
48812
37372
31324
9773
10284
20355
63603
49219
64235
48924
10388
49442
55782
22748
1628
28436
34821
57235
53972
26555
28588
38436
55291
5720
5937
45945
53847
7377
28471
21209
2393
3175
35599
26425
6506
58386
56457
2519
12818
6740
1162
5350
31918
52429
33574
40117
43509
21425
51013
54162
59431
3705
943
43390
6303
51779
61175
51648
4685
55165
25854
544
2448
3229
7163
26528
6800
54462
56512
27085
25278
6813
1067
57131
64650
31282
32240
22742
22031
61584
55382
48957
30104
41612
44907
62521
46908
54785
40309
11113
11009
31953
45244
64282
64105
42445
31546
9726
48829
40485
38288
64212
11765
31335
52803
29926
56465
6001
9707
3274
27034
17294
6058
9054
11918
65248
62267
2497
47195
6817
48701
6778
22549
4152
7419
38950
38550
3989
51450
61265
5267
14223
16182
1589
59231
50839
1824
36453
40421
30296
44424
28102
26282
52709
56726
28054
41276
54897
56774
38460
24951
53415
30344
49500
23429
6488
29337
20860
20652
64166
53659
45879
29860
44566
41834
16213
48694
53421
63354
56373
47012
52423
39569
63353
64175
63396
30618
42906
31142
10946
46969
19138
40135
31393
64127
51654
61993
31300
40114
19743
18025
45609
52582
40294
43001
9940
11551
62543
37329
50791
9394
30713
60419
55069
49078
23573
14597
42183
56416
9281
48055
37498
38054
22803
8954
6414
49825
56027
52589
32030
42510
40400
38507
40301
49419
41323
49163
30238
52688
42526
44318
30222
38619
28891
64800
28920
63688
16923
18796
10421
49723
39947
37189
9437
11484
62965
39917
51565
9918
11925
48813
52685
37885
65136
61589
61843
32496
37280
30363
9166
8645
16579
39102
28830
62331
50619
55389
4574
59692
2176
1632
16317
7728
34045
57901
22309
24560
1757
36092
4206
34627
5088
21109
6899
13000
25222
26982
56501
53846
27658
26437
54497
56534
2549
27623
55553
58568
35740
3257
6724
51212
40059
39339
37740
52368
58695
29448
16054
13130
27129
61174
51613
40661
5961
22919
11780
16899
22848
65003
13866
62885
46194
17369
34603
46830
60913
48764
62079
14161
65304
34833
11182
1156
34353
36160
50159
16634
3449
57074
31240
49423
34240
2671
64688
31720
17783
36321
11517
27154
47441
35920
28895
20539
44316
7588
28840
30623
34336
27301
23590
30488
61617
47101
7508
32055
14118
16108
59239
13020
40645
29288
40213
22464
48884
38842
42991
56738
36499
17345
7758
64232
17990
18352
6388
13167
41446
45396
2569
24959
45742
39504
16069
1250
25473
59543
31758
41862
20778
23529
14879
63705
51843
43547
34481
33924
60418
45844
40165
13254
30807
33739
48530
55364
33099
34879
29904
18208
23574
56161
28937
11264
34335
463
20009
29673
45726
8330
35634
20662
10058
11845
20307
16768
61363
24463
18209
20003
12165
8333
15285
16465
33095
9178
60516
13690
8538
11093
19043
20918
36834
14809
16769
19331
10965
32807
23439
17249
59553
32811
11844
4514
34651
45663
10512
22454
15552
35943
30633
11680
34287
41237
24204
28697
10061
60743
30520
17887
64896
21173
16367
62153
49187
43500
45293
36643
57906
49012
40373
12326
11874
11230
61079
12807
10846
45398
17767
23094
59063
21450
19515
19847
46038
34794
23850
46187
21521
10126
36161
22321
8270
10230
18007
14912
9965
22054
19963
19495
8422
59323
19851
47451
14983
16417
34968
39310
12379
15402
56724
20239
38694
32081
2469
40412
48382
36928
15317
2322
13780
21719
51281
43837
23130
12582
13770
62469
46354
42378
35974
32951
34961
47900
18655
15201
38126
48045
4449
8530
19643
18623
56071
14540
39893
11102
377
23770
45476
37354
24975
55538
6221
2433
5674
49398
2379
37355
39467
6653
27687
43774
56715
55841
53745
27995
49488
40257
6113
900
57381
54070
1647
3445
21872
54833
24184
1534
57734
57390
57080
22639
56816
22625
57732
26130
4283
33641
43625
26396
12475
51767
12819
13731
48266
35213
7587
19305
5947
12599
4487
52302
30153
65448
27834
26645
42681
55114
3464
36930
33986
5768
51362
21186
56933
17605
31152
63156
47660
29690
38470
38688
40736
30455
19315
42237
10447
12152
10232
63641
52475
38977
8482
36338
33926
19011
27946
25305
17706
4422
43204
17217
51502
50546
33367
44221
7023
18725
34495
55363
58246
845
460
20758
22047
53579
388
1633
59069
58244
55393
22723
55407
21451
59068
32100
32540
77
38863
64971
20502
30534
37396
1380
55571
10513
10093
1933
32428
204
28806
52818
49120
12536
44505
18384
26074
52570
28370
13655
4216
32983
49678
27950
49669
25893
45289
4520
4889
13224
27669
19482
13193
7216
44162
26162
35470
46210
33127
15128
52073
14000
5808
56641
8159
43517
40331
716
38351
52571
28371
42388
55729
54547
53860
26401
4764
39355
4134
45032
9865
32857
43269
37145
949
51550
446
22088
7641
54984
30770
27994
28986
28242
47080
39187
30438
53302
37036
40063
1660
28749
3309
1789
30495
56019
28932
38710
31990
3428
30605
42679
31019
9641
26160
26550
20428
53310
21108
65427
34837
36804
51021
24165
55286
18594
32183
14818
32953
46671
26970
442
64181
6705
42942
18760
52522
31422
57666
41286
7498
19954
35972
11331
9002
38142
40123
39119
38598
31984
37154
38551
9411
30388
10305
64376
30873
38075
10789
25790
30187
8187
1099
40672
37867
54526
44686
41822
4640
29582
52797
27467
51291
589
53950
