47257
3496
5772
46876
20748
26981
59344
37202
5897
50016
39584
24884
39258
58934
52792
48377
13098
8136
49151
65069
53779
51369
11840
65156
46198
12268
6271
50339
63884
21402
10372
55737
992
27868
12198
2829
49475
46271
7088
58783
32070
44577
25278
47674
61002
4912
42287
63765
54654
52072
34352
23495
20508
2511
34803
4508
34742
9917
62816
337
6430
26340
28774
46761
42609
64500
33782
8397
11024
55545
45742
5327
33407
19127
64764
1230
34818
54195
16491
21930
17909
60012
35462
16649
18249
5126
45068
22667
32806
7803
60699
6399
21548
31436
33740
20373
24668
30093
46748
26830
26386
50022
48846
28720
46873
52917
29446
52029
30904
54567
7124
26186
49286
55417
5509
51842
3566
7797
7486
26654
4585
51400
1907
33737
6051
50899
26575
1765
1547
28431
6805
3335
49186
33813
4364
58204
4169
38692
25720
36713
20011
5627
43052
51750
38621
34223
10703
10040
20182
48646
4510
26068
28975
20641
60186
46464
36451
63774
54802
17712
63699
58828
31321
17470
17129
46201
32898
26632
45289
16548
19323
47349
33986
51746
13847
17285
45994
64932
29545
32272
23920
26822
57898
37975
29365
51708
63148
25848
43148
58240
52980
23290
65125
54570
17254
50483
3048
36383
28728
54849
7126
25518
56946
34202
47010
39096
27548
37638
57001
30963
45999
931
52856
51705
30664
5989
32278
50191
32521
52979
8126
55410
5896
25471
17248
47727
59749
19382
9286
7865
29050
21894
33237
36378
23994
5436
24288
31066
33695
10896
13903
7316
48268
14145
25614
4006
22348
64312
45577
9184
6421
3485
62256
22169
9608
27372
3939
58176
29883
1329
39890
27013
31586
58653
32479
25067
60645
25504
35843
11620
28182
38100
49654
47187
35158
51816
50392
863
36264
28873
33862
56182
45862
1886
30066
27768
45171
51686
41816
525
11135
43652
41988
46313
11604
20941
9339
1790
2030
45680
48638
11858
40189
43896
39300
22746
45692
38530
41192
53145
30594
47133
47078
15829
19017
55402
36819
29428
42816
41511
40326
58942
48991
40067
41262
55359
29315
34709
45609
41030
22239
26430
47176
4072
57411
43567
16069
64741
58315
13224
28237
4822
60317
52227
60944
52285
61912
6533
4456
13604
49547
25387
53236
33724
6011
830
57043
51334
45630
4887
48713
25830
7983
51564
7976
33988
28187
25719
14272
28463
20474
13220
16055
7749
20135
28456
17084
51507
25166
6230
33427
63601
50310
14346
41051
4069
10444
42333
44669
45606
11089
55923
11898
3320
744
48981
45512
38439
3573
43131
54957
42049
20671
28468
50247
34773
58468
29805
17436
63038
12499
46106
5950
20648
40765
53425
26523
14921
59500
55453
55249
46159
22445
53203
22458
39480
44354
36761
29752
14356
64821
26844
304
58707
31030
2612
40403
25494
32099
35781
29909
27456
58694
28243
34072
3256
35620
40150
13731
25111
16825
16381
62577
34607
17613
33444
18176
51330
26600
7707
33922
19374
51556
15294
565
34946
29589
53123
25646
51513
33875
5983
5925
28229
33753
50306
4942
55619
34600
55625
26008
62173
60182
14835
25316
7913
57732
16749
57867
50567
64494
4784
7166
61080
51560
27421
64109
45936
33808
50674
52962
3925
33266
9585
33519
56581
49125
970
31347
60845
43888
50365
10318
30492
26272
11341
39328
57830
59656
34728
27008
29096
29254
59200
33165
34376
8359
38569
20082
62767
3729
63263
6218
8265
10270
1345
2204
50833
61506
9631
28823
11951
52058
4945
53542
27933
27808
41993
49132
45786
59662
48531
27020
14834
25313
48411
21090
35912
27288
48240
9598
29196
26364
12157
39152
8521
47572
59220
2460
29784
30694
59372
20787
34420
32455
40185
10186
32655
56887
9079
39420
57577
34852
42307
26764
32350
29417
21817
57427
48795
2082
38129
57691
22944
1156
60493
14752
5328
10504
63752
2432
23956
21531
6528
17512
9461
44109
12996
49276
62695
3324
587
29659
8422
32557
11863
2176
40083
39891
8940
11608
30071
63575
6668
33837
843
51092
25163
4939
32299
48973
57133
2192
28500
50980
30800
45652
33947
53915
6237
21619
26912
25172
41590
47392
46155
59672
43288
27024
16296
25677
47504
21667
58053
12998
48980
23064
11125
27820
61367
14508
48859
6369
7668
26752
21745
22394
36220
32311
7348
20931
38566
58539
10432
25681
24349
39072
33836
6612
2516
27036
21188
11899
47516
5252
5248
44925
63396
11162
29599
28253
9799
39084
57414
59416
25901
26768
28846
30537
58710
32925
61126
1298
40609
24859
49268
1696
25834
34858
46890
36823
45508
26780
55607
56903
31611
46209
47645
27332
5403
32327
40153
1153
50988
8172
8681
29479
38434
2444
63070
65006
10895
11102
30554
39833
31031
59720
23829
3312
60647
14844
7914
10254
7480
2188
20785
21178
7600
20210
31976
21651
15526
49231
63297
1708
62070
6432
8518
10520
30638
2448
52317
61736
10060
29085
30286
51362
5658
30491
38570
5125
48719
48399
27264
60390
41866
31708
50053
51877
25509
39513
58442
51562
20859
62758
5713
47696
61512
27940
1690
8261
61838
45355
11503
5452
49303
64575
9622
10894
56395
257
25107
28751
2020
62584
36316
7915
20032
17429
41006
28129
46102
60201
4538
40493
52046
11204
64618
33823
45250
47903
2652
47924
33726
35808
5811
50677
54271
6689
33998
10929
8219
1656
49662
35930
31683
28693
54666
36183
32906
36170
31410
52335
53383
34263
56391
7529
30118
18940
35493
59590
17082
8266
4571
48874
23129
60949
7750
48406
6784
20783
47244
4949
18076
51395
30991
30485
54679
27425
50571
45137
32690
47946
49376
30443
51567
5844
32451
49849
50968
62719
1579
18937
63854
37378
6976
9314
50756
17087
50580
2861
5467
28829
65470
49232
40713
4076
27168
18601
737
65054
48448
4826
17749
10015
39720
24900
35483
19270
6540
38437
63615
9266
19216
48111
16436
19435
45291
17602
33454
9337
32942
35705
45695
32909
35646
8365
17119
64215
5573
22777
11569
16858
45354
61038
27169
24079
28840
6934
47708
33175
14338
50707
19596
29590
49326
31803
30533
45429
26011
60751
41102
7659
51519
1711
24669
42383
60511
49806
47814
52286
3704
4575
63736
38659
35628
18275
30632
19973
26193
53287
7702
32919
32050
50083
482
2971
31367
30096
50772
49229
52282
31572
7484
28747
49628
31978
49543
31441
1581
7649
50464
16831
23824
35653
19979
19787
4330
29740
21034
58374
36393
36281
4789
20709
47882
7696
10063
63309
4889
45685
15138
53719
51867
23375
63802
48618
9957
6688
2223
62853
10059
10730
25715
46780
56947
41813
31050
24326
48390
39338
47036
43648
37186
56813
23419
29263
42601
42967
46373
58353
54549
39831
59578
58923
4217
65386
6543
63068
26578
24691
30121
5343
62193
25583
21908
23679
62691
14741
22539
18154
20956
43212
16406
14986
15885
39895
58405
61050
38342
15634
18901
56297
55230
43065
38015
10527
28959
10785
23543
40090
2641
321
20668
32194
21486
54270
46809
22274
54746
43825
44553
22713
45241
21991
54786
42556
54663
53463
46447
48126
20618
53386
21346
35159
40710
64820
35146
12214
8683
14762
22954
39472
54343
37379
10880
21532
12999
55626
20323
14313
12465
65343
37196
19498
6918
9684
19959
62848
3246
49522
19898
31587
20462
14071
59615
60705
15402
36948
12620
23594
16448
17732
38212
38224
14935
15681
17744
16468
16464
41372
23127
24519
40155
15709
22906
19675
60715
37824
17344
15515
13329
64996
23707
18192
38852
14714
19085
56655
56654
14751
14261
58117
23504
59092
21086
13707
43256
44728
21577
20621
24386
56414
35919
58398
43295
12631
42015
59679
23884
23105
43553
15514
43470
42014
23706
20823
60828
42191
59854
45873
54816
41053
47324
21365
47989
43116
45887
42331
41182
56100
46790
47065
44641
42463
22728
12873
13378
37718
12512
22251
60202
58913
18259
42588
42292
15341
18246
23447
17219
16222
22831
23511
25871
61825
12524
59098
7615
19175
3262
64058
26366
24754
7423
7678
8508
56169
58753
35866
483
40758
33771
18617
8426
13307
23833
63036
57053
38658
8933
24240
15535
56599
31446
59071
12404
63577
18810
23771
28949
62448
5306
40091
49698
53683
16508
7910
64111
26545
59429
42709
47677
30201
42964
3598
43616
47035
49810
11020
18762
49078
56680
51626
47157
19602
1516
25344
60157
23660
25201
37300
63178
7792
2036
20763
47116
58992
64973
4092
33738
32711
38332
39290
50617
19611
37234
13011
57788
11014
45919
16965
56845
64439
35945
48762
9200
54246
15579
56203
7313
46693
54259
55219
64682
23540
32175
20667
1055
6431
49570
10769
54531
32065
55003
55286
6606
21856
57282
53778
13820
24001
19884
20762
26553
33545
61895
59063
42509
5150
54198
52348
51385
61237
27399
24643
19899
60169
33787
59205
12839
50355
18028
33404
19657
13291
27349
24821
31938
34479
14068
12477
38384
57543
7013
57370
61724
11386
3064
17844
26238
4382
26294
62559
42507
10373
14466
42990
8315
17538
13937
9449
15041
44407
22220
16589
63720
12528
40745
39545
62986
20310
40974
14120
60784
11529
47308
18223
54391
64781
60154
30587
9973
55307
16358
38063
26064
19610
2706
49474
60336
9362
54968
16975
55400
28344
34150
20589
39489
53296
63775
52633
25349
18777
26174
27630
57724
59198
14004
61161
28590
25214
58875
60839
65358
26469
52265
41936
36707
9978
41537
1032
13995
45594
49863
11520
58348
34837
15716
25596
45920
18775
2063
61852
54534
9600
63902
37410
23418
20019
25886
12006
13668
43789
46543
60327
62932
27493
39978
43883
10951
58826
44199
12657
39676
11172
16624
19312
12298
22028
37108
18945
42263
19825
13568
51530
1754
23088
49425
56792
8378
16671
33590
21718
16093
1970
30319
36528
18858
13782
44982
26838
35939
35577
26557
61447
64683
34586
3720
60684
31098
60603
49571
1008
34975
31058
50697
21683
43733
42084
56789
47803
46267
24531
55987
43621
57187
42196
48949
23908
23867
56635
48948
58088
26880
61896
15910
58742
7802
17186
64637
62927
13773
28285
6592
19393
16982
12784
60664
11233
63674
41713
40687
9487
60863
23010
15057
44287
63538
61618
61290
58418
20874
61498
9201
45796
39977
37575
53515
31868
29308
23555
55779
40137
43396
37415
31065
45812
21243
41349
31063
48397
40746
40386
53360
46602
46858
22136
57101
42751
43101
42977
32714
47053
24054
42112
31425
7150
1466
64510
49637
7179
8630
18915
37842
64757
3128
445
9583
8760
20105
2879
5623
58372
53033
63476
15621
19065
5899
19059
53027
63221
28660
50295
6277
5316
17611
25733
20423
16386
42421
12482
64774
60031
11029
60024
44222
63174
40035
41246
21929
20899
60927
39785
59128
10222
62735
44542
38117
10757
57718
24355
14818
43717
63880
61704
60671
57944
21641
65167
9982
30673
54251
42861
186
46768
23301
9906
37639
42598
1527
56068
21499
11262
10090
3724
47165
4279
54784
12387
52667
35356
23935
19123
38402
15017
2813
56689
22262
11768
16489
250
34404
45528
43472
41320
56134
46352
48656
21320
44221
42406
54184
44621
47456
23469
21046
53862
48237
20151
14347
16039
64441
58805
57465
60606
16135
13737
63230
12291
59596
60926
57964
63484
58212
20915
2332
39779
43797
21945
29372
9502
2324
40041
54180
57015
29547
32423
8613
53867
11438
20146
2268
65121
52191
5562
8377
17362
38615
62831
1598
183
10348
10046
19258
38761
4913
60893
28630
62637
13526
60086
5136
20296
51736
64166
14957
25789
8086
19885
19856
28006
61293
55998
49816
17983
23911
46268
43392
5986
45440
18394
19485
51616
41352
47368
50897
4518
48953
25343
12116
22842
27080
12845
62300
45736
4805
21056
1913
10284
62036
4990
55730
29811
14826
37574
44271
6544
3160
381
58074
4504
27857
4368
55794
41697
60479
33378
63768
53642
2336
55790
1848
59013
45815
48764
63900
18311
57653
59371
32541
2144
61854
59860
63214
29846
45913
57089
51044
21307
46285
30576
14474
8756
58496
21068
6167
53100
62545
59437
37847
5291
47306
63779
35324
47867
20062
19321
9451
45139
2062
45179
57796
33403
10380
29939
56035
15367
19653
15753
17715
21849
16263
14119
38960
21127
11670
24108
62027
17371
36920
12109
44270
16707
13865
52672
14378
5739
50881
52481
18251
4263
16343
7612
16221
63277
59548
58516
51732
13450
50688
3413
45036
7371
1630
119
57899
7006
26894
7036
57283
42020
59788
33475
52259
54521
2683
40733
47263
6556
11688
8374
61147
33124
62942
4380
46177
46874
58677
20023
27092
57298
10336
64019
34988
6858
16558
19897
58410
32973
63713
32778
33956
5915
59520
17549
27149
28599
18021
44209
49860
17290
20909
45584
43099
4856
46325
17120
17783
50124
42116
47219
49922
16843
47466
49819
13641
30768
52388
52148
22346
32173
43730
28848
14647
15943
22175
21553
3917
12601
50139
41532
18573
22618
43412
40516
65340
21597
17563
10016
63274
20458
63284
18503
45025
17453
41804
64589
35135
47488
17048
16662
12010
45448
1505
45312
57697
33466
9615
32498
43272
27826
18848
27962
11352
23097
28514
13521
63888
46190
4496
21724
630
10528
61848
6424
56023
28973
15071
53317
42820
42661
41654
47568
45782
23773
20644
43360
56381
41432
46875
45416
22595
55459
46619
60205
25382
65217
12352
59408
5967
17985
50546
63658
26280
26440
4959
4258
19290
27590
58317
37606
64952
44230
37100
10252
57866
23271
58520
45052
62849
65025
60694
57729
22824
65336
11270
56187
44775
42489
54496
32554
29743
24333
48836
40906
43656
40226
48652
46216
21875
41812
46348
46893
42735
42993
56875
46060
48873
21364
55336
41980
42323
44014
47247
48723
22464
41046
47233
16899
2512
62196
62134
6608
9403
19677
40157
63840
40803
1236
10592
11572
16779
37478
6532
12405
26375
64249
41659
10524
32469
10516
6087
37739
55603
590
5132
29331
18046
26820
58889
17421
43292
63437
62139
59676
18299
59668
43284
62379
65524
13431
9131
58564
58560
37483
61377
11748
63744
42180
37344
10496
58384
23597
15405
43456
64061
62653
59840
60829
23899
61824
12276
3504
53623
43695
51164
35035
22272
18615
8691
14443
2177
55277
20857
10225
10936
3316
47642
5332
57130
13479
1232
48970
21116
12221
40717
44970
2436
53799
24522
8948
17515
1152
36759
24088
42310
44717
42773
47179
46917
22084
54552
43179
54932
41027
45974
45219
23440
56208
45981
61877
15742
62885
63242
59392
24092
61185
60867
14538
37735
44724
16501
21095
60435
64243
60441
24084
54233
37479
14203
59404
5353
18551
846
65532
26707
26606
31033
5982
11948
56981
21351
49622
3508
64614
65033
5100
11962
17895
9267
62460
37730
3793
11701
11057
18904
2611
7344
14150
26397
63151
12768
59648
4646
19501
16545
63936
27896
25320
5914
4552
18498
13997
58902
11675
32661
25661
12099
39589
58576
35544
27357
27232
11684
29723
59958
33896
58470
2579
38052
4392
63776
429
52015
5498
11850
30018
2328
1450
50114
65057
10640
32418
29078
49862
7373
20994
28634
25137
53743
48138
48572
36050
44990
27754
27186
28081
48956
48446
57967
13423
47489
8907
29573
50263
11379
38389
17452
35332
15075
51916
29380
32267
19033
58500
33931
2339
40692
11718
30960
423
9842
39679
24284
46356
43476
54636
30657
29706
10652
24212
45419
3965
37112
57993
23663
247
59683
15557
4352
31459
50658
2811
21144
20758
5626
4488
28809
43474
12798
5156
63205
3716
52603
5643
12011
31860
39971
1531
65364
63460
9605
8788
29275
64853
6276
36097
54556
24743
28016
5744
28784
35348
55809
50859
56484
2836
46794
48589
36204
53612
34497
48622
27658
25079
56613
47739
45328
35875
56530
27851
27736
24957
48234
45464
33161
24975
47863
21610
21452
28212
23218
42671
32779
5559
51431
25963
20990
23417
34955
4343
7740
43271
42913
60777
22223
24829
59923
63141
45340
6669
1463
27338
24008
8310
46443
29028
4346
43522
12462
8854
31136
25085
9026
38319
60960
34088
26888
26048
11169
32282
59776
36552
33158
39965
37288
33495
26668
55185
25020
34076
47996
47793
55783
54954
27383
24695
45916
45559
46138
25740
33687
28948
37851
253
2844
31932
9450
30321
40749
2810
37783
37591
10368
10065
32192
37531
30052
57658
24428
3713
59858
15471
4282
30178
63666
1530
21566
23993
6202
4146
12031
43735
12897
17432
64070
1172
52550
6672
9291
31299
2628
2731
53160
62541
10901
29859
9381
52624
8093
38756
31941
13555
38501
39253
33797
51882
19103
27269
30651
8571
35467
17482
50321
30773
37204
5629
2325
3416
7178
30025
30591
3178
9008
1631
62177
3614
32710
8922
2925
62432
31891
45905
16137
42082
46458
36057
45545
26026
47260
55871
24593
28142
23033
45084
28305
26698
59758
11147
30309
62626
9187
38965
5151
6702
51751
51871
11252
8379
6810
5326
17609
1283
36916
10118
9568
49490
12258
39231
36367
46558
2334
25999
11761
8634
6607
48750
29081
38413
40504
15310
24463
49282
62917
16277
29141
56012
34288
51846
11030
21542
30009
33146
53492
21935
13374
18179
50896
38755
49381
5846
30645
30179
1508
1589
51443
51128
30267
32499
12021
49291
18536
32802
25903
27486
49190
30245
31558
5699
54818
50517
1427
52008
46495
28760
32921
56217
46686
46791
56537
27966
30331
35366
48422
50635
46506
27285
52093
53571
47759
31504
27591
25978
35458
20634
22172
44792
22594
13215
32982
34259
14339
54662
24158
22345
59494
32899
61029
42279
15249
59289
21407
53379
18499
62293
33071
35362
54739
55897
10072
11846
34182
45470
32902
43042
15966
39784
10944
53555
40047
39007
48661
26106
18778
54677
29370
8314
47461
61162
49601
29536
37976
60958
14367
16034
27465
46383
45129
46658
41854
26015
26206
24642
22697
47966
22447
14281
21442
31699
49926
2872
473
7407
29375
31458
2056
3135
2414
49666
29542
29938
28806
3685
5512
16033
23692
65134
13743
44863
4329
54768
34864
50489
20505
21225
18681
32944
56973
22700
44337
6205
51755
37571
5808
6693
29301
1643
9781
3157
63453
50291
31835
10203
1844
63190
20419
60
60472
30777
2158
38871
26976
8295
33126
30652
25270
59856
25144
60605
1726
33245
38617
64506
49140
35322
64765
49677
2252
57805
11723
33392
41083
47227
1220
9847
15361
23812
49930
41344
1007
10688
43400
41224
45578
8792
56322
8566
38385
3585
47503
20977
39981
3071
43264
39817
10898
45957
37767
44772
4010
32503
46134
48651
42192
12106
1170
49085
1006
24024
42469
38794
20375
47344
40845
42017
26732
29949
33899
46202
14155
59612
50343
34836
2049
58580
43232
24965
62444
60661
25939
27508
4619
61011
62727
60277
51699
62180
5116
16884
14819
52985
27659
51081
6558
34905
51447
26372
50027
34039
4757
34684
25275
6428
52787
6420
28654
33491
26853
15862
26624
18166
14024
12290
6000
16578
28417
19727
53245
25713
35018
33997
64120
51194
64127
42117
2060
10949
43091
41075
46203
10078
43527
8313
39668
1028
49148
24004
40739
37116
43525
54320
42710
12202
55917
3345
47024
23912
2258
11551
38961
42973
47158
30561
44989
36927
3914
28011
14555
19113
26276
24759
33820
57507
51383
57529
65332
13383
34923
5220
15027
63292
51740
3695
59780
29546
2408
37597
25547
8557
57851
29360
28277
58155
25332
58740
38321
33283
37850
12907
25557
17259
15459
61726
36380
16803
27102
19381
50023
28340
33689
33383
63764
52793
63772
3692
8129
45996
2404
53783
53242
45732
5312
32283
26480
34826
51197
6257
55735
33805
54203
12902
62943
59744
27704
25021
7866
57912
50610
57782
50018
65233
4927
19297
15581
52026
27088
49263
47496
36671
63073
51121
2496
60769
29126
33978
41216
47360
600
11389
27314
45320
51423
23972
50090
17616
45410
45791
43653
7041
45944
19439
7283
51541
41808
47844
5224
17681
46107
24912
9822
23702
27293
15688
62879
48532
7004
23877
2858
9519
64350
5441
56397
28711
15398
1362
41517
6938
40899
1060
57833
17091
33448
4651
55943
44526
57920
33159
7058
55752
2929
45764
3946
58412
46210
46895
64095
11070
58180
23509
8003
51253
13116
60136
17540
30737
32379
57128
50238
23705
45651
32293
13625
19843
57430
60713
30786
3903
12418
58691
40147
6041
30806
62759
35157
47195
19345
19994
8678
24264
2788
48672
33192
33350
10885
29069
43123
27763
17356
16212
18908
11819
44094
43854
63029
23938
10305
20527
64806
18150
40762
19011
21076
65100
63268
51034
63014
7996
50071
49879
8262
30609
14915
29914
15507
64323
18069
23960
51271
15702
53226
38857
43557
4956
37826
3617
57670
20130
27684
7754
56413
41256
60501
33181
62334
56667
2092
8354
30480
35772
17572
18363
57574
33933
16948
5162
33854
34633
57932
16514
35748
46253
11711
63511
6293
34954
10145
9402
57673
36500
64232
36572
46232
30534
59999
16691
26669
28483
20332
56344
52830
19590
48547
46149
42326
7485
45147
19926
5394
50079
41043
46381
52461
7113
47510
50599
65092
32186
53085
51181
57417
5268
21661
6107
14978
12322
10048
60734
28833
14740
49591
41365
19074
9814
14931
61475
39487
20819
16537
11045
64329
19673
64830
9794
43560
16418
38213
20114
33296
47984
16724
17019
8425
21747
29432
46315
33278
33513
8928
28807
47960
57773
19231
28584
9002
21579
27777
12770
64597
45361
4882
20959
3371
10789
62362
7204
46243
3711
13389
39529
11132
26197
37728
39504
45531
51546
59354
43365
32470
32118
34677
16687
26218
29884
37721
6529
1356
38850
8154
18553
31532
3900
11327
37833
64978
49191
30298
11737
561
64751
9134
30064
27939
55958
47148
61199
21519
25436
28699
16233
28193
41662
45349
48714
50592
49181
35909
10734
11708
26175
9965
38192
4394
10526
34814
63951
28920
31670
34751
29079
34542
8695
40761
11658
31855
16114
11495
39484
32986
59406
54743
14447
29182
32185
34186
32903
24169
2562
37169
65220
23120
62712
62368
43664
17413
55642
35162
63845
10011
20779
10597
33866
54359
9120
15764
52713
50354
2617
40629
17158
31696
10248
29438
37734
1332
52205
29881
28813
31982
53246
6879
18296
62326
65219
65045
9078
10005
10264
39032
62374
63683
63256
9126
11971
18341
40613
10435
30804
43285
13475
29472
59669
21109
50064
29584
44966
51021
13427
24518
30539
52820
49952
61384
10312
10053
56415
58951
13660
60934
59400
36190
43253
20561
23370
36175
24163
35918
11859
62358
16539
9616
42190
9805
62864
58399
59678
43294
43471
11092
8267
59855
58574
58575
38445
64340
37473
30415
44707
40812
38236
32811
26682
58767
14533
29913
31609
46491
57567
28289
31039
36945
52037
49224
50582
14207
22649
24095
59422
31571
13257
41902
15986
28741
22466
30280
50771
29990
8894
52458
37474
62473
20415
32220
10510
2785
40809
51847
52689
31802
29063
9471
316
18930
62886
21029
52277
13260
14908
11961
55435
36122
63743
24090
24042
7653
36576
56522
8213
44950
6842
51070
1369
5088
10517
32032
816
9436
40902
64488
324
32377
11222
2668
62673
5673
42055
47126
8459
43992
225
27237
48854
25450
28687
19497
35547
42656
51545
46108
58330
515
26927
34504
48293
25666
52483
50601
5958
1166
36213
46063
34069
49346
2447
4950
47246
3253
43778
61876
20041
38007
15853
36111
9995
32368
19744
55267
49154
57627
46889
8463
53873
15939
55758
33727
23836
54925
56285
52425
45304
22193
48054
52556
7212
13674
6686
20935
55231
54302
56666
34183
48303
56407
56647
25967
45518
32873
48409
53466
34266
27646
46770
55922
32983
56394
25580
51931
59035
28369
42776
32182
61114
35161
20544
12610
3549
6757
33359
58364
15401
14357
15047
21770
16400
54627
27400
1781
48046
19639
35711
52607
31353
40186
5640
16580
15292
15633
12426
55929
10892
13623
44001
31606
16695
50808
8682
27822
53618
30405
7075
64225
28111
42732
43020
51718
18010
44545
15172
33045
8714
30805
19276
53794
49587
35526
32294
12284
57129
13856
54834
25106
61151
65454
62078
35589
19863
23969
16684
26164
27620
57626
32867
22322
57250
27602
14185
27692
58764
43106
16050
33055
20529
27166
60378
55953
24897
36041
48546
14039
28060
13065
44111
34452
31478
44366
484
54950
46153
28302
28933
58847
46656
24739
25407
47519
58766
2784
13118
41329
8943
64081
40231
45177
16525
19364
8427
26360
53251
11120
32962
16958
15527
44770
53673
46846
5574
27342
27922
3327
4291
7679
4118
27577
46351
3582
7358
1299
32770
27775
27569
1208
22342
49703
13491
4281
17020
33306
60891
15331
49367
11696
36581
60351
12865
53320
25617
58651
60795
28392
3006
51910
36399
2554
45497
32553
35334
62892
2181
5904
45834
64772
32663
56555
41348
31260
48357
20747
39593
32665
43397
37959
53763
48373
29724
38055
39497
23027
19650
44219
37523
58639
21317
11036
64767
5104
37785
28161
43796
11435
4618
64504
51578
22835
21501
63212
12599
21766
17369
58601
42447
59562
14649
12472
63470
60044
57375
44737
14512
17719
8830
2636
40343
297
31305
11548
10542
3198
40857
2510
1054
31401
8647
8540
348
12206
32034
2335
37522
53487
46559
23482
22754
39537
41791
55538
57010
11434
20721
9311
1231
31890
34292
1775
63294
35964
6869
9446
15561
21862
65333
53521
3560
10383
20767
15347
54704
5694
19751
51743
61501
62505
20303
16560
18659
50691
63542
64199
64785
5734
16628
16523
52681
19089
59368
13286
42846
13359
24361
20006
18472
41806
38997
43422
12834
58207
11923
59231
44597
22659
22259
37849
13442
23161
20454
21061
38597
58831
16214
12658
37587
22841
19318
41166
13574
18562
22456
43189
15165
53462
34262
22485
22744
42468
13110
54659
53459
22075
24195
20528
44789
58216
32979
54742
16003
27977
35881
21071
61262
43240
14681
55890
53570
21302
21586
59189
53382
34179
31905
57094
42120
46522
46630
20592
42351
31146
43094
44753
55160
23280
48826
37282
39242
47752
60372
14032
43857
16085
21478
59215
58190
13863
41823
14467
14296
59034
59230
60316
12427
21901
8782
64634
65160
44761
58351
16650
10718
38324
63887
42343
15105
17904
8551
11829
37292
18770
33597
37641
36913
34224
30431
12009
13670
22635
38975
53428
3054
9612
20661
15981
55515
10338
20385
27141
64852
18975
61413
19835
63078
6198
65365
50193
15620
6853
6064
63341
53071
60036
3124
12527
915
52619
15705
4830
28101
49279
51029
35652
60382
50415
6942
56483
24608
44190
56574
2006
34691
41468
57036
4780
62983
36019
26628
11549
30653
6478
57707
4350
3350
54110
63127
51347
59377
37018
37994
26958
13636
7672
13239
56742
1942
33874
52403
57437
27299
65383
15442
58918
53827
15775
64229
5022
51094
1257
28453
23522
58771
6191
29410
50008
41193
37331
13880
60629
25838
14128
63724
6564
26538
3814
28428
8737
59700
6469
32269
26770
37167
61678
14691
13619
62308
24885
49580
28332
62101
27758
64357
52841
15931
25502
12652
64660
50487
51607
920
6217
29397
1941
55589
28307
28482
47342
8069
4818
30866
26710
48783
33362
49897
54312
62317
54482
58043
64358
39446
4972
40050
48776
60517
28330
57274
7897
54029
8897
25490
37917
39581
55442
17063
38038
36966
25524
14803
7022
64542
44394
55210
36403
62903
57652
55906
39021
55431
65000
63345
56970
25419
26949
37626
2131
62236
41311
64725
25640
3670
40951
43614
26413
2385
64478
61972
458
27835
27068
39926
54098
64533
44672
62428
25310
57034
37885
42376
25300
50823
61769
26718
51193
14219
7860
15868
49429
26572
33459
16967
52949
16660
27390
25051
13955
63991
25667
59248
62058
38938
6453
41729
46174
58283
52886
57158
5350
55586
22519
50003
63255
55454
32582
6121
55212
55564
25188
26813
31010
6396
7869
32685
26933
29386
34616
52950
53998
14536
14930
65521
16037
28220
52885
64412
27336
62060
49467
12697
51288
24997
63057
51853
26753
56008
50393
45726
53701
3669
36409
51715
34424
28462
28690
29906
35042
35749
29027
49177
2136
46492
28811
56218
29605
50040
4622
2166
5684
3750
50418
29945
7140
8046
54826
49293
25889
47561
36463
44460
46854
48744
61820
40973
22113
42349
53161
6526
60337
18972
44156
55138
57118
20393
26084
61788
34361
26094
12748
14553
26293
16009
36777
27006
27637
14876
64076
34363
63870
35978
11605
41279
35270
14637
20007
55574
7252
41616
1998
10076
16675
5070
56538
3412
15586
36774
11866
42139
33295
57985
61995
53938
5026
43313
4037
12068
20033
6517
57109
3778
16205
7225
888
49471
4326
28803
25550
49363
2070
50563
34687
47054
52902
26398
2783
5029
3298
30010
57733
3647
31078
39389
36468
40112
36083
608
28355
61019
33507
58820
1471
24964
38354
34198
63965
15270
33253
33268
50167
13027
64688
15603
7689
20103
49760
64263
13126
6502
25885
46655
26898
15935
7497
4446
13812
62542
43546
63838
34741
36595
12714
12468
43231
49071
26066
12229
43758
49755
30297
1655
12891
50473
27884
52172
49093
44836
12681
26997
63861
47756
3876
30047
43309
52138
32037
32196
14727
49443
26902
52420
46089
21639
12944
25102
50511
47558
1393
6341
29439
1957
48665
36546
52741
55154
32610
54178
51446
30723
4786
6325
885
49774
51224
59893
62958
13051
34133
25972
49915
13093
50441
15301
6645
63972
52873
64523
15595
5516
27108
32613
61072
1131
32447
11825
25099
39857
58797
865
27125
59876
36381
60427
39611
28328
40916
18678
54823
65269
6799
2798
52933
51929
26188
49545
6342
2163
27484
51221
63669
34394
38915
46720
4444
56166
49103
55570
60167
43642
6830
41386
26478
36601
4478
58983
54790
52631
54749
10670
49498
19437
46398
35810
61946
10558
1461
17122
54201
28415
52214
40124
9524
3148
17010
10638
40300
59199
10470
40662
16833
39321
59132
18722
36877
38253
14001
8476
14222
39948
9438
59031
43930
20619
18579
20003
14626
13394
21819
21593
38950
40598
13805
22937
12429
42538
60199
59896
12678
17021
34136
35709
52938
17234
52342
19314
25462
15952
49750
62842
19549
27872
33517
34456
14224
16402
36070
24832
51661
18726
63002
61814
25096
14733
51114
61821
18578
26646
32797
35998
28063
11816
34534
53477
13138
59439
63525
42793
56275
25992
63382
44622
17299
27177
45346
11421
662
58096
9106
11026
25469
15960
36086
60358
38170
3754
27112
58816
12685
3094
8733
59800
44453
8694
59881
12553
19442
39049
20278
9742
41682
44130
64184
20207
37512
44869
57624
10392
38805
21087
59465
15913
61064
14470
61273
22755
42786
41874
16194
24277
12958
37669
20040
10494
52874
21511
31363
32004
12742
24403
15594
23923
52454
49648
13050
14630
23175
62223
30695
31880
52576
20856
30441
12
15602
24553
16198
44297
52194
50673
15782
13026
22872
51926
28941
34446
26479
17618
31817
49455
62973
9173
64012
65254
542
51650
64874
39860
20366
26633
32978
60551
41578
10236
59731
57715
64520
38019
17802
11765
43334
41382
62209
18822
36999
44250
57863
10398
1964
57510
10566
37142
33533
14726
59040
60424
37149
2477
26653
57600
14232
38428
8222
59640
16118
20519
35410
48430
65110
18520
42316
10019
56393
24927
15194
37701
58961
41909
22275
9869
2918
16730
12162
8914
13569
44606
31913
61071
39434
37226
52338
21868
37271
1542
11229
2876
19746
56985
613
41628
5121
41387
7544
3755
34680
59361
6120
16497
53609
36333
43829
41419
29873
28535
43761
55489
8049
11111
60331
48740
64795
51131
36460
59917
64004
8209
3787
64923
26521
65393
63385
64873
28529
14376
50690
13826
15787
51115
26856
64013
15085
28009
63339
15238
60040
55769
12890
39387
6337
52928
30691
55579
22503
59485
8024
29703
28255
11566
38361
13466
58260
28539
13197
40663
8048
25537
29185
53943
37932
61408
5031
1803
51104
24289
65515
27541
12956
61801
27272
51905
26817
65368
12715
63224
51442
14477
52907
15089
65177
49765
27500
56991
8083
29497
3744
57200
26573
26993
29785
31083
4615
6311
25736
47100
25576
7907
57327
61807
57104
58789
62963
64787
5898
11726
55665
60678
25543
25783
6507
47092
42242
52896
38431
38815
1952
13758
65427
63075
34813
58504
64692
19906
14951
26791
26903
16625
13123
44448
40303
1116
63215
65392
53500
26224
28528
40441
55129
63103
42076
65504
28655
1995
38907
41093
28640
56314
63963
62745
2759
27917
25601
38643
3776
64888
43140
63457
26907
55495
37375
41562
25883
50421
61143
51147
878
41780
50944
44135
19223
54183
25606
62506
4791
64880
15819
36371
13404
65275
28633
61424
61945
63001
8176
42510
55523
59078
52939
28443
6287
57207
40823
28249
65307
1963
30881
8187
54177
54273
28656
36605
48890
32444
52747
7963
28324
32631
28433
4785
55675
13558
12422
63472
24662
24826
51136
63327
28159
65023
50422
13402
26463
15808
64848
49290
50266
56831
6099
54227
44480
1984
34810
40116
36342
55575
16407
5303
5215
57536
1470
7443
55135
8869
38355
30701
31641
29036
38026
28706
3408
32001
798
39383
36998
1999
9336
3140
32315
47957
41959
23310
47848
31345
4033
42214
43979
40319
46328
9297
57084
43773
24099
54131
48124
18281
55533
59316
7477
36268
44495
17619
37002
60702
2792
55921
42992
38022
16599
38914
34619
7808
11413
32605
4602
2983
38954
29105
39734
30401
63969
9116
39462
37434
32477
62952
660
7530
18524
30151
5389
3243
37933
2992
37948
31344
20109
8779
37676
37693
32183
65489
49351
33173
50804
28701
35554
34417
54977
28121
53589
24604
45374
48039
3019
55938
48456
27171
7083
29338
23174
24573
47978
53453
55408
23474
671
22216
41937
22608
57318
56938
8721
40002
54413
33194
31995
10856
34052
50796
36866
15109
44457
18105
47981
28682
39941
42344
57618
55831
3437
32054
56439
23826
5854
34484
42744
63449
37509
12469
28802
45309
41417
39042
9432
3299
48554
46940
47420
36663
28875
28109
55920
7028
56986
35492
50557
48299
57322
2976
36391
25377
25729
31680
35531
47789
46711
27386
56577
27516
171
35516
35777
45500
56443
54689
6941
50717
24996
4185
65511
28935
31811
30132
39053
3366
3785
0
29347
11828
37516
4040
31534
51326
7676
36491
30858
18535
33228
52580
39430
57726
44640
19043
56337
31472
38922
41391
60932
54237
50999
45164
21339
21955
31761
56048
54285
37151
55148
23046
8849
21728
54139
2465
20670
43223
56260
58623
54087
34631
36182
4288
192
36163
42239
4116
56387
1300
55130
56662
58558
43454
34650
21750
39458
9329
45142
45306
55290
22312
56822
20482
55416
43233
1119
41152
24045
56045
29786
45460
19170
38488
27172
63011
11730
53595
49228
39765
7068
16697
64985
28737
55901
5665
11155
31623
10818
54147
782
41956
29713
39932
56758
57083
46182
9370
1103
23997
1534
47837
23427
59299
60830
14439
43032
55505
54431
41104
51811
42858
2781
43586
28574
3430
13972
7476
34615
19288
63071
44328
63048
59989
9874
37013
61929
44069
8591
64414
17993
16850
38296
10990
20805
57490
64661
41454
14401
61324
12189
42908
64470
43500
11904
62100
10822
20189
42654
9704
60905
17059
60318
2109
52291
50612
42906
3478
55857
96
27070
13127
42642
54383
40872
33079
7732
20882
13973
1256
43598
11397
47256
54425
28393
2533
60223
41112
34885
36562
55698
58862
11750
4753
8415
42173
52241
47712
2234
61871
25400
43702
13277
10298
2002
28256
63905
60216
46288
21608
20536
40865
56024
2577
55136
42038
1634
40367
2226
43229
55352
36970
43581
28721
29841
29831
60710
51015
2529
5020
43590
49722
62803
2122
38184
60565
15683
64406
51591
8275
5930
32397
57817
1101
1293
7339
45018
52064
13714
2576
41761
59708
44498
16026
49981
23378
4683
36231
17875
42334
28430
14375
10205
54009
3392
44636
4773
20027
37078
29720
56455
7236
57438
36487
19925
14100
25553
47248
4054
15978
26974
43024
15426
10806
50387
25247
13303
57694
34635
20531
43574
3822
43220
9100
49005
55147
49743
780
17050
42045
49110
4625
55347
19522
11241
18370
16472
53047
62238
51671
37014
38831
27284
1082
27716
62787
63123
56720
63662
36189
5249
32141
59102
57170
3300
44078
47058
501
24597
53849
45200
20543
26585
45080
2808
34372
23890
39273
4481
37567
62718
17519
3388
10750
3553
9406
6796
51921
3121
3308
12047
29148
18690
39369
32151
40268
350
32153
40364
10590
382
9294
31177
3870
2734
40060
11308
28972
12062
16297
21154
12588
42146
58031
44444
23185
44321
57665
22985
44830
44177
44076
59980
21631
59774
62415
19282
3658
63394
6042
37017
10414
2881
30535
5786
63042
38290
1612
8991
6954
4897
65446
19864
1099
52632
7584
38043
31379
3396
32020
8102
65357
39571
3861
12053
7488
8013
13225
59298
15903
27550
47967
53401
46738
44670
35650
34393
26178
43182
54569
22559
59257
21362
41894
23448
44560
42915
47003
55189
22164
56088
22292
46747
42563
54168
54805
21824
47936
45901
62319
30519
65210
52018
7018
36969
17202
37079
19378
30265
1719
39015
39129
17882
10169
5073
43110
22371
15312
53304
35638
42805
22584
44004
61144
46469
54995
42548
41957
22224
24069
58296
44997
33373
25131
41672
45648
54427
59816
41496
33357
61350
28493
55709
44821
59765
57974
48932
43519
33841
25306
53634
45562
56684
35890
42174
33201
35391
27313
57143
56025
59839
58559
47585
63733
4157
38837
49283
4150
1893
30083
3044
28883
6389
51384
1588
773
8965
4331
18616
63989
29245
61963
62056
4656
37995
19517
37341
17085
12133
4052
39277
39643
19691
8886
6628
44901
23859
42171
56627
48491
54379
24371
56755
23987
48997
45012
57139
43707
23259
48603
49108
63686
20168
65141
65187
11974
38821
10408
38776
19992
18629
63512
37800
37749
18453
11797
10355
43263
47921
43994
44798
22377
53353
21895
53250
20695
46476
54999
54626
54537
22250
45290
21426
53575
53484
50632
27180
28058
28930
50805
6671
49318
34103
48097
3337
7278
2835
34538
27729
56190
52150
32872
42364
41132
8650
59131
52393
14013
9837
19389
31858
61863
32773
30390
54958
64983
50627
20615
39642
61754
56434
58684
36223
42465
1558
52134
48590
36009
57578
49171
64647
49645
40997
26968
51920
64822
32290
27158
30329
25750
46429
23336
1833
30146
24952
46635
64648
49361
41446
28466
51391
63290
29309
15034
31862
25706
47608
21229
550
11469
28082
48352
63026
61982
54669
38285
52297
351
43978
62421
27422
40582
25525
57078
54722
13596
64468
27604
39362
53528
52777
4744
55829
54421
48726
6758
54981
53208
5538
7746
47139
56264
4358
5497
55704
61773
26930
21245
63814
61862
769
22918
31503
44040
15546
25194
32386
9722
20960
25010
63917
37085
26018
8529
39126
65078
42253
18841
35765
39202
42522
15274
48120
58731
16716
53266
62781
42867
39555
39111
41846
56912
53846
38186
56691
40650
3296
37254
57171
56438
36903
3556
55380
41480
38274
39373
56550
53744
54010
39206
53506
37318
783
40586
55682
44042
37165
3041
55693
24804
298
26274
26629
26470
11021
13948
5557
12458
6574
29298
2822
17764
24702
7244
26173
64295
26963
22468
62794
65194
2536
21840
32005
41853
27670
25238
29827
31990
20523
24947
62407
56766
49734
5938
43708
54380
45808
18026
56566
51377
19629
4637
47592
41469
4287
7190
57150
14082
55895
39559
13241
44799
3014
64732
49272
37258
27724
53594
1731
50453
64993
27937
43262
120
49417
33218
1397
165
48127
35529
26367
27154
31330
4530
46606
27502
45337
6841
1448
40547
50669
11960
318
4495
623
31362
1760
29138
31081
51458
2864
3855
10488
30011
20214
56206
55486
22494
2655
31810
40097
12079
42252
37455
29823
29346
41068
40305
21390
46073
45113
14179
41912
60388
28062
33113
41631
61342
42720
57902
47711
56386
43824
44847
58932
22774
61173
62152
64552
29261
52050
7114
40602
30098
3136
31505
5071
62241
37270
799
10664
7248
4688
49298
63553
28695
52310
7293
39325
31814
2073
272
4726
16989
38812
536
30366
6319
4266
52115
50760
6984
26207
46638
54674
34377
1317
27433
47945
35666
149
53282
30360
5717
31574
41576
44248
21181
56216
48032
56992
21400
56502
23320
45990
41805
53814
42256
23613
48176
45616
49464
2740
16824
50569
5383
38242
17385
40917
64265
31711
31585
40293
40658
18744
31285
4448
56722
55886
57922
26165
34275
41784
59605
43305
16101
45286
47928
42137
42984
24466
48217
33183
42238
27105
33511
56659
48587
53664
35923
43455
33140
35926
27773
53818
56390
59902
59903
46220
53592
27165
33053
55945
47623
56417
36073
55877
24844
33263
33265
56747
53714
35992
35478
45504
52622
53170
32222
1333
5608
872
30438
2313
3030
32437
7928
1129
1800
31886
8185
7487
65278
977
19975
49539
4603
37222
18819
38362
16643
31798
3261
40554
39382
17799
9071
7820
53395
43076
20499
56374
48317
55661
22998
42523
41398
45750
21053
55211
41405
22675
47269
45227
14274
13170
61054
49240
28757
2966
5779
43135
6947
30101
50472
44719
1574
59566
21417
22473
38082
3137
8513
53378
47935
43882
22658
2687
24274
47359
54194
431
42506
10833
31322
8879
21433
25985
61930
59646
59314
52591
19079
446
19921
26348
24634
52466
51721
11484
56279
15887
9707
1635
19009
9091
10195
64017
62558
7545
17567
38155
36971
7586
19148
64092
2819
37083
17995
38301
23079
9885
19277
14913
12695
20812
20826
38187
37019
57681
59996
14938
36909
64299
58230
13656
65146
59560
34637
51103
18065
52082
18193
26176
12438
50002
50719
17706
27437
28192
61366
14904
62480
35384
36285
50336
20376
52504
19736
28598
13360
53144
64016
19008
28125
25808
58293
14440
43818
34099
48104
14239
58270
12327
24098
26341
24630
13969
14377
58700
14083
44550
9546
914
58237
9879
10007
26696
12445
35702
59296
1561
1945
36440
34470
13648
2834
40474
60634
44903
8961
59698
57778
63154
40578
16602
11263
45017
44393
18273
18495
38282
44503
12986
22090
42647
21997
22674
60994
14552
15923
57579
24198
41769
42905
57405
59525
13627
43815
15178
12037
51597
42107
10744
29421
13472
23645
12589
21117
65462
50224
14797
14912
23083
61960
1259
8975
51249
41482
30082
31489
15727
22914
15825
20738
50911
49258
16225
16351
23786
63410
3818
20345
51857
61648
6750
7490
61536
18563
49155
18392
53113
50351
50792
62987
18155
52519
62495
60459
43437
12036
60573
57885
65469
37261
16864
8944
43595
42155
17149
18992
39563
41293
12923
10827
3987
61373
12179
11539
28605
13368
36278
60774
39451
1195
33848
60000
14896
3347
37915
61311
14786
36907
59822
21106
61584
17812
39748
11053
16249
13487
62813
63019
17952
41502
42105
10986
3170
58849
11399
11735
26290
12423
48057
57402
3081
3433
35826
34553
42300
3330
37338
44565
42302
37564
59251
34791
50313
16423
1454
17415
24667
12425
2366
49353
39756
54676
57052
37163
899
20343
8739
11011
53111
58501
36339
19913
37323
3835
5214
14852
60132
3267
40459
15691
39117
61297
23885
10013
16247
16699
8500
58028
41307
40651
21159
64228
19181
43613
63259
28394
43843
8988
34769
34900
51241
17585
51586
18631
12351
13861
3662
50239
61962
13698
45899
50250
15843
20347
7441
35572
53115
16568
51256
19139
62618
16363
50211
51040
63408
64146
36843
65209
26756
15900
7134
35764
12489
58078
14983
60190
49289
24827
14535
13449
12764
63742
28379
37562
1826
41899
9399
9159
34901
59242
36482
14276
1081
809
48709
26834
58113
2354
10362
15898
41479
62316
60178
23138
18169
23542
59245
64366
41129
44041
18188
14008
21261
43175
24506
44506
41927
58292
21714
20498
13827
20025
16519
60261
41609
43977
59380
63726
17879
44167
42778
54316
724
61296
45601
6452
16251
11901
62413
59812
25754
53227
41492
63392
38779
26961
8160
57056
51175
59836
47885
5479
14857
23410
14497
60526
24672
50700
13319
12463
44666
26685
5084
13317
64094
63243
36323
7543
51195
17443
51907
16387
25845
62556
51331
64971
64811
27268
50220
65147
42109
65520
19997
24493
20475
21194
58049
62052
38827
43387
8891
16145
24439
37805
61211
38843
547
16379
8371
11459
36859
19887
5266
15859
1899
2427
34021
53009
20241
2099
10619
62470
55703
63344
17075
33351
63435
57668
44180
19988
62709
25692
37796
15707
15648
39267
25642
36906
3970
21431
11047
8711
26862
57435
48035
59388
3017
649
48702
26227
21828
1730
37898
31563
31463
1437
5723
50765
4561
1323
6876
155
49463
29066
49644
31281
45
51850
7005
48107
7233
54883
46069
55475
16657
42251
31263
41067
1186
4783
49439
10913
56067
2714
45108
59321
33111
13703
22639
13234
25007
42714
27934
15162
47770
27713
27854
55839
12503
36172
61182
33056
9774
44184
35472
14920
19266
55883
5420
44437
2897
11103
64297
5521
53581
1628
57688
36314
11304
43582
36719
16337
16973
57273
7232
42044
712
8784
61766
6568
56791
3152
60722
20149
47953
62312
5429
1512
28335
1750
53313
52022
33705
54130
26001
55327
38840
35660
12024
29136
58659
2360
31291
39635
36424
2741
34165
1077
27549
60310
28197
34216
440
25947
8504
58038
19250
14701
35894
27837
52842
14806
52146
12646
4975
62417
49970
62906
12765
7130
33341
9247
35645
64657
31391
52290
15200
40783
53432
62111
47206
25528
25960
42672
40257
45264
17058
10105
23891
50007
9167
801
12694
62239
24868
52890
48208
44072
15443
27712
65150
48427
30551
8822
20866
51613
31830
3197
12858
52294
25041
49568
47615
43489
15410
27071
61976
45546
29277
32812
30189
54935
35017
26642
7864
54137
30416
55209
52835
32502
52176
30824
56103
50491
32913
61045
16771
13252
58278
25421
49718
13632
49411
16032
7216
64728
51587
52406
15140
4587
36436
28892
60632
2110
30825
39127
33469
38588
36022
1900
25192
57904
25302
60525
190
27696
8254
17423
28756
63998
18793
39170
52112
40895
49220
62063
5531
1325
50516
1600
62654
4128
9470
48426
34279
56482
48220
55879
35762
56441
34489
56745
53297
35642
27401
46690
56690
26172
45457
54747
32039
27599
55577
25295
11527
38171
5880
64448
35058
46862
28675
19185
54553
6737
27520
38267
16817
14865
41073
42401
10871
23483
15207
60413
18107
64267
23546
64202
60108
10849
37035
63195
27593
39463
65497
62089
43639
59535
34550
43246
63003
64459
54787
60106
19034
26137
64395
50666
24035
25231
51462
62080
30583
15472
31427
25280
47299
22308
29731
9927
27663
47748
64399
53174
24109
25760
52738
62337
1147
12545
9665
27121
48901
42219
32369
10875
14864
46024
62512
26073
53967
37519
52514
2654
42695
63464
62747
39043
26376
55539
39872
12401
63961
26905
56207
56511
4643
50146
44048
53920
47051
19696
56819
51469
17863
7799
46213
41156
5631
7363
53823
62287
25248
42360
61987
64707
30711
21733
11504
24051
12551
27127
2317
8204
21334
15376
64431
40927
64416
41954
63443
62339
20724
17455
60588
9310
12311
13767
44145
57344
58169
38416
62015
44805
37001
38091
54821
53451
54475
38953
55817
37065
3845
38027
54409
43643
39467
1772
54411
54566
37504
39887
56803
56052
57335
37923
44144
39619
1806
39047
53952
44295
37679
2310
56256
28537
48642
61600
57011
25592
36875
43799
19559
13761
8063
1145
8449
17920
63099
33646
25775
64555
25225
44804
62249
64457
3844
22613
30457
42611
15483
25291
2286
11003
23179
27657
62155
43547
7697
53181
41393
55649
48900
19210
43981
7921
19579
49787
48832
43771
19040
17825
54443
65407
53387
37003
26351
53385
37067
65519
26239
38025
28543
54473
53449
63088
63200
26336
38089
54911
6915
25864
38512
39840
20732
23724
52674
15473
19047
16647
32201
12529
46437
5731
56239
21171
37273
11956
47939
48055
620
11854
421
8638
56997
44604
3637
39852
8516
53563
29255
11822
764
57593
37926
36870
29351
22995
13940
11294
39629
2301
26631
20836
59221
39884
8462
60887
42954
59376
58435
16403
44062
17542
38359
60879
42070
37062
41908
39379
16522
44426
59159
4641
44245
10660
35585
46500
796
16642
52870
9646
16010
41803
2373
49914
19981
61791
47412
32945
14379
18126
49530
48315
532
64262
50282
11285
63825
41684
51324
50173
19890
14138
34500
4563
28108
19219
49391
24576
42414
13551
13397
12415
1342
54628
61637
43326
57923
52613
33047
11965
3878
41572
8626
9922
45995
60415
51490
43939
618
2170
47413
25345
17098
3638
12237
19224
44149
61795
15225
60089
11193
22019
14866
63231
42402
44290
19189
60408
20943
37029
23208
21576
39877
57769
13529
12313
23395
18658
65507
58888
44930
42690
14974
11838
16949
41557
8216
47076
988
61425
48503
6909
44053
8307
16074
60104
25034
3259
43452
64454
22391
28288
6273
45425
51723
60579
53259
5642
41406
41081
61606
59919
26109
2999
14965
13762
11128
28074
7268
32803
14220
19726
53717
284
868
37445
61644
39861
55651
39319
50428
40100
18222
26565
32775
61047
44810
63473
19315
60067
11365
24009
13069
65016
39846
43638
9068
15474
22523
44714
61287
11710
892
12483
39862
10870
45755
19570
26801
44133
877
1149
35019
4801
57455
1132
9678
18178
56891
59249
7656
36209
39845
58408
41276
16504
309
53676
44716
41621
60897
40553
34797
11565
1926
8876
10018
11522
54199
24213
56499
23401
37066
1274
2382
42260
20795
3526
9997
56535
16518
41055
55571
37700
17623
54470
7492
38736
6095
17546
16595
5918
56714
7504
42318
2307
22330
53964
30706
22413
50204
38641
20509
55549
36787
20295
47025
15803
37371
47014
43303
16307
14035
62636
26179
26295
25772
14229
49257
12393
53171
16199
26421
64875
15675
50903
53063
13602
64856
43759
62253
22939
18583
40592
19427
44832
9356
63313
19091
17127
43935
8325
23609
63565
65175
43307
61009
21212
20299
41873
17105
42209
10468
65360
10385
65259
38811
8842
61275
50510
62276
3434
7512
4349
14487
51859
54438
50788
34034
59217
38800
28526
159
26899
52407
42456
15667
2287
43329
12160
34980
53930
4654
3840
61068
14228
36659
36359
56886
16729
9871
26033
12080
42518
4551
36283
51127
64718
25258
15795
61060
18396
4016
25588
15215
14657
46752
54856
44865
41071
36147
7591
26724
16179
40288
64174
5998
59188
54442
63079
42902
4024
54961
2276
60047
53067
2567
5834
16203
49660
15193
50716
38948
61264
15065
65115
52875
42542
8016
3073
59803
1562
28916
7536
13527
50676
65168
52500
22359
58602
44864
13143
49514
37677
5548
28531
16956
40539
45678
24215
63451
57330
30482
43089
8056
18669
9425
50197
53957
7849
63524
51495
17977
16315
25863
34475
53179
15353
28293
13845
14631
20283
51417
25292
62156
13795
36667
44871
42909
2315
24125
10218
36795
54125
36529
1793
18727
16187
47277
49788
54444
60986
10635
65400
13858
51003
50722
51713
63387
49305
27964
52588
28536
63533
12441
25765
62629
27361
51437
1761
19865
55174
3848
44833
34743
40432
36275
54474
34725
59196
5198
57364
255
36155
42728
8990
8510
1258
18377
5260
37257
11902
1617
29415
50727
64238
39554
2908
38783
31639
31191
22787
8542
37500
45445
29132
716
21219
56563
8574
55555
39207
2398
41467
41451
45444
31015
20403
46161
13340
9318
46234
41676
11741
39565
21521
39171
55591
44993
37259
64987
9464
36679
6625
11081
30762
5178
51031
38185
29911
39986
29527
64210
18009
36898
40249
730
16770
924
6365
19749
31019
4192
52676
39211
28852
38451
31940
63709
20315
37155
38715
2011
16440
53083
59838
34647
55114
33081
35756
56268
48594
43518
45073
27374
26231
54103
53641
42175
58622
33607
46033
20518
22640
46908
56916
54053
22455
54066
21444
42718
21845
55080
55097
44730
23346
55376
33757
32492
10426
35680
97
38153
60344
43108
9826
54964
30204
40455
41061
16048
46900
2106
10418
48772
42928
28735
45152
44021
10194
38279
20664
1518
54532
41972
40585
37082
12030
47325
30756
45643
36683
32336
25236
55595
7757
925
49053
51277
36699
54317
1947
52779
7773
28496
45857
34028
49114
48074
24935
56332
35601
55447
47713
26129
35580
53991
53420
28234
34705
26940
20339
16515
3819
7509
4347
40587
28963
3156
31492
53107
63716
38275
709
37493
7508
6372
35111
29920
20411
33434
1085
39179
57873
43425
12141
57159
31115
37901
42156
12924
45713
53051
32583
20965
22795
32172
53748
55563
11550
3998
23795
40775
22923
53987
1196
37916
11678
55691
61304
32404
51019
58021
7835
3675
21528
45000
30541
16243
51236
2141
41669
13333
21155
6189
22648
20610
42762
24261
48780
56969
23332
54984
24071
54564
42478
55426
56261
40992
45149
47329
60820
10365
33873
43597
38941
33884
63923
10675
26951
20827
11979
47431
17653
17656
23085
18340
14702
26412
46993
24889
27564
48076
56018
22798
54801
36334
32887
45863
45449
21602
13321
25495
53579
50410
9768
36132
16419
29754
45403
18462
11093
19998
4823
8151
10159
47661
63359
39749
20164
44992
5344
62237
24480
50308
55585
35105
6459
10155
41668
2363
33946
46167
8989
58395
61089
43516
7900
13586
23151
49399
54541
35037
5484
20649
41470
51340
32864
48781
22551
21690
48142
10429
59107
20988
48844
4524
6137
59827
59275
9366
8294
6471
33077
5863
10829
45870
2132
47435
33867
3664
26955
53844
49997
29517
49040
5965
36692
57168
30619
7764
52768
25645
12367
6475
44169
59201
61319
3501
22428
5085
41607
31501
7332
3984
7008
22094
3808
60137
28140
52955
21806
33806
59175
28768
45817
12056
24156
4419
7092
30941
32150
48359
61973
12329
29512
63660
39989
30613
53843
28308
60831
47335
64899
17002
38817
26704
48778
60450
18695
57174
47182
40864
63113
47020
54007
24932
59184
31009
63367
19302
40360
26939
29130
59096
17341
55689
23857
21367
36404
45010
42514
33019
50654
18446
26036
21129
23497
35044
4233
20078
23783
22433
64294
6186
43606
16456
59987
1937
8341
6631
41299
29409
5015
51356
4666
9544
1260
23621
54097
36844
46298
56266
27836
53751
25873
47175
47722
32785
35575
55692
45228
36497
26442
25303
47736
20407
23630
45509
32341
36412
7563
59512
60761
8346
9322
35041
61093
31956
17991
30760
16328
3659
6036
12965
52891
32347
44824
24440
2125
58483
5924
30765
21189
58531
41493
51293
14517
24248
13796
27209
24921
21151
61337
41101
14638
47698
45378
23344
42066
58939
22776
16117
14665
58434
37672
14312
43139
58146
59183
63315
22366
21461
16102
18326
41881
17301
61278
41567
46435
11559
35791
23719
57713
9353
39844
61581
19392
59522
22510
8331
62594
56238
19025
35592
62217
32465
62215
52453
49659
8550
18821
39729
64515
31800
29117
11882
37432
17804
9058
52876
52438
32180
64696
52206
50679
9650
20201
37939
19454
30175
3002
11621
37695
18742
31283
49504
47566
35794
23980
47110
57014
18734
42736
42802
21949
6729
49449
60991
65433
41415
46642
46110
38636
19969
44807
40933
40437
57798
24405
12673
43635
18824
16648
58106
12888
23180
17793
38908
19053
23416
33952
17674
52746
10867
15610
40530
35073
24549
44293
11215
40789
15789
21336
5309
60103
24290
16544
21947
15104
10467
42412
62014
58737
20271
37929
8847
63622
61636
58174
60689
30001
33508
32319
31080
8925
60357
37229
12676
29280
34131
35700
58107
15955
2914
59891
11218
32611
35613
29803
29631
40666
60419
38250
16024
29617
36069
24843
60326
14725
40292
34200
9428
55887
48462
14658
24787
25987
21464
59349
41566
61059
46822
56278
21657
43142
24479
48222
24991
5618
21508
33423
19709
4621
8393
12749
40276
33472
22611
20595
9419
38750
25074
23172
7906
39398
19896
44152
38894
38654
60418
21737
13464
24062
17391
64271
60838
14735
22870
20280
37366
46733
17022
47974
49090
45586
61065
44481
64919
20906
34366
35822
16732
14142
53496
20398
48093
14048
60397
42535
16175
42073
20054
18518
43927
38947
22942
57890
60250
40595
58970
21812
41099
5733
35785
2599
19052
64519
46281
35071
24717
55310
61604
19403
45195
25794
6746
24750
50435
51641
32376
51634
50952
2291
33662
6069
1960
7923
34943
55161
7846
26793
32623
5027
767
37813
7149
37816
3289
49551
29295
31375
141
3282
31086
4610
31536
1266
10486
30004
65270
7365
33417
43747
17868
50039
9355
47301
135
43044
12740
33483
8329
1267
47755
25086
51491
17834
33440
41773
16763
4804
10471
46085
760
21636
15612
35079
8832
2297
46022
12717
49937
10633
11628
26322
10214
11832
6514
29001
26622
4434
38640
9661
34671
2473
34441
37367
40926
2603
24046
64547
2169
38748
57947
5065
24967
62247
49091
21540
57737
25283
7259
47751
40277
50767
18241
1559
49448
52429
10573
28998
1966
29101
6518
61984
10140
2470
30361
6306
49322
51945
5298
2782
3027
50568
29624
28902
766
31544
29621
52742
29801
2294
31881
8190
52543
11408
29334
27117
9119
38162
61008
34134
24973
25981
39841
32426
57734
28360
59894
424
39197
10393
30636
26141
8774
8616
59885
33254
26536
33277
40096
31005
59280
27126
34454
37031
38430
10858
19360
54018
16571
19444
47107
5247
25262
29902
13996
58743
45775
26870
33641
37037
64689
63862
16680
2381
50479
52170
11930
30111
413
1297
5058
20001
8598
3746
10662
7261
49744
895
21037
62273
1139
40788
59879
4725
25256
16980
48905
42220
58000
27129
5039
47560
40538
9856
31590
63858
12175
39378
36607
46393
407
26082
40433
8554
4442
56942
10665
248
38365
50912
45095
50660
53007
1273
7877
8041
24727
51470
6344
30579
35676
51107
5691
34385
139
15063
22474
26861
16195
62995
45484
51944
11881
27249
21590
8390
48699
28981
63490
23946
14359
24981
4212
1565
27266
26305
46705
36158
45397
32935
53721
56092
31691
47842
55880
36131
52139
45527
6125
20575
45587
11844
7532
46278
17573
10064
4130
7425
5947
4249
48522
17528
23374
13175
42225
6282
62835
60069
356
55927
36480
6896
11174
44488
3639
33226
55524
24234
61292
62744
41411
7275
60366
60857
1388
45300
36266
4106
21778
43775
52724
34061
56433
8357
23206
20939
11631
58460
23041
47217
6769
29630
35733
21460
20291
18099
35692
35560
5365
10143
32459
55132
47415
36668
203
27248
56781
50548
48794
35499
7037
48292
54401
31648
25383
36385
28650
18253
5543
41556
15914
23004
51883
21313
4458
44938
11
6768
161
5380
10139
28929
61268
33907
4535
11867
53945
44620
5812
48898
28831
22561
52518
49152
32106
6723
45765
6990
18212
48799
62628
39742
32416
54477
24781
57946
29788
37428
16889
61614
25741
45308
60294
20219
54402
30635
37026
62596
45841
57338
27376
58349
48122
37692
17667
64165
27556
31351
58522
16751
53956
44872
11205
27671
58430
57518
46516
4226
7557
33021
24546
22130
36300
30174
52435
21077
38424
60194
8029
44418
20013
22932
49319
11920
7819
42077
32007
5825
50324
4604
23455
30692
23614
3008
35524
47776
54983
27905
56058
35783
28843
36284
27514
48316
53700
46353
50461
4125
27675
48639
18283
23349
24000
30656
33018
29285
58614
21148
18329
19817
5210
32854
31548
19867
46943
13567
48711
26695
27990
49344
28864
27203
21759
50708
45379
31508
46938
48470
16318
21182
26458
27963
57555
53070
26533
14140
33964
13844
4201
26807
5299
58439
34613
19819
27315
4311
64921
15275
33303
51639
15101
53185
34929
19917
57771
6141
61450
26368
7851
59905
62743
16820
28268
41275
29262
37812
44693
43881
29292
37710
29093
40126
23316
48823
32309
11180
40004
45491
37548
61785
17982
36661
16012
14411
50276
25351
36485
34987
57895
20276
51006
33484
51502
60387
15061
15930
12093
47264
63831
13524
51308
4807
33450
33979
16107
18652
1133
33540
25521
57921
43072
56149
24295
42254
55944
2753
32625
21640
23499
11714
54278
37930
48892
23053
41763
48755
56316
1113
6274
8022
55292
26736
25805
3847
46937
6346
46199
8189
25730
30667
2275
47075
28646
12399
35012
18121
64706
41395
2475
19448
5226
8469
49786
47547
51143
4877
64178
34737
13941
14165
34567
64014
43315
40110
29620
8851
16588
11107
41403
540
5372
11284
63534
57460
12537
666
23176
24560
56170
54896
55245
42418
29343
22214
24273
22621
54408
48746
39185
8514
57312
53356
21332
21957
3233
56589
57328
8610
46956
23814
37450
24544
57028
30993
42686
22487
54651
55206
21569
55473
28515
65431
34996
60772
11616
5287
51129
14299
46250
18103
42525
29880
42810
62154
47411
10667
15359
42261
3751
64514
7814
9641
36353
45988
659
4858
62221
4642
43451
57082
6500
5036
4039
25613
28666
30708
32448
5232
55051
6154
25252
47223
2305
45681
25371
42230
11554
40817
53334
53498
47098
43048
48630
42498
46968
22497
29791
20672
43757
48621
1114
28150
34792
51432
12480
26618
6080
63089
36351
52993
19725
33905
34655
60864
51832
4098
50271
65379
54314
58535
37990
54426
21196
39645
10989
44817
8707
45607
24433
8587
19764
37894
28567
62775
14091
61095
65081
15205
57545
14814
60135
13598
18414
57347
59511
58505
57655
61676
13156
437
14090
29507
7427
33838
17004
36293
17953
5973
60228
61111
20225
19356
48147
12320
53833
26967
32736
17595
25242
4048
37620
14609
22801
12128
46151
31108
40944
21676
58055
53834
50388
25405
29676
10170
27488
1722
39934
13752
22708
9839
45236
30199
37884
20581
61037
55259
2001
3052
1098
46051
32270
24292
11695
11260
23261
48891
48600
32017
12049
21558
29966
42166
44005
44999
10683
58480
41674
63931
13508
37757
17277
59819
58385
20468
43435
18336
10180
12922
62477
26582
59835
28553
34749
6391
61859
34730
8973
25847
8562
60515
63915
11254
34882
37498
6377
49161
61980
34862
16391
34564
19301
60924
19524
34764
58067
16670
17332
17045
35342
12763
26597
41295
34891
3974
23886
11395
42925
46233
58119
643
36561
47261
14507
61034
47426
28396
10982
41173
49104
905
22484
9095
44392
46955
18705
3831
4369
47725
44896
16815
47315
49738
9705
39010
57067
22381
63
53344
23541
39122
9703
42680
31726
47876
21252
11913
8241
40457
55357
25135
59504
55701
33858
8067
65191
6038
12039
25683
24065
58276
63690
8954
4904
42764
31189
41981
18444
58044
44022
62905
15870
42354
59409
60521
57528
18174
16380
57519
24257
14256
65207
3552
26588
48930
29156
20782
22378
29173
58948
45657
22296
47057
59575
20624
31240
14101
44335
64141
41500
18381
61755
12972
18379
15428
23620
62228
19940
58487
8980
60763
60765
37339
16321
24791
24876
35838
55002
27450
33199
46703
27305
26034
47761
33089
35966
56738
32953
35404
25991
49438
56070
31736
64540
37322
23498
17771
26025
38157
58724
23309
46450
15271
7093
34229
3266
43991
27407
16769
14060
12346
7535
19084
3177
64209
34558
32946
7170
52734
8668
46521
13697
27428
61925
36435
25920
15254
4662
34214
52469
25416
7229
16856
6627
49512
35701
7403
13651
25053
64479
33336
27062
12848
7786
60512
50543
27069
4962
20177
5074
64353
33206
5594
15416
37502
3404
11671
3113
3481
11692
10585
3273
40782
31182
29726
31262
37319
8492
31788
40878
53363
1253
30558
54646
56918
45654
30159
56005
802
31992
29416
48931
53704
28793
31237
55379
15837
25814
17581
16342
15718
5280
20374
51878
64024
60013
33981
8008
64941
19776
35510
16237
64807
52511
16445
65321
62623
16480
18565
50933
63704
19143
19729
5816
61684
16619
6777
64145
44568
43846
24237
43029
55195
46997
22171
54694
43028
46740
20547
45896
53411
23360
46400
54173
42163
44501
21604
56021
56683
46187
24373
55909
43699
48995
21716
49107
44388
24027
47835
57140
3393
27600
4514
3871
49839
60256
10922
54886
64529
47208
36536
34232
41069
32031
46800
52369
15149
28198
20161
13888
14240
6047
18074
50639
63505
34472
34632
4898
49314
19242
34166
13261
53512
3823
29272
44032
54000
45818
11456
56575
2429
9713
32257
47586
41457
29046
29967
55688
42754
56282
23345
41737
42857
45161
21900
55039
42711
46471
45271
46514
56318
20714
46826
41826
24578
56697
32254
26041
56319
31686
7273
50886
3074
36014
45426
30323
52131
7439
35455
55038
16459
9549
21710
9872
62797
58543
59817
43433
43378
39764
8347
59762
13518
58495
38480
19284
