11915
1595
62340
52836
12091
53093
64901
59108
33643
33891
32740
36227
58597
53219
52963
24293
45807
31964
44161
43981
30101
64220
21177
56344
35845
37474
47745
62068
45584
42312
62046
52091
12412
17210
41954
47269
55335
48035
39392
16781
41270
43320
12500
44514
19850
46494
27545
54619
62805
54186
25426
31500
10279
60323
15711
4541
37286
28113
61652
39261
6486
30110
34987
8233
60176
7180
52241
62002
46485
15068
25211
60488
15509
62157
60033
37422
8783
62792
15220
25177
33136
48185
28510
3584
2371
2548
26508
48983
27708
28375
65437
14215
57020
3992
36555
283
44873
4005
64739
6457
29928
2552
50213
3310
65449
51443
28659
62499
2117
4915
51711
32751
19388
45212
25975
41635
17836
43685
27483
54611
12501
26836
19124
15230
55337
42334
43870
37467
62287
61340
65326
29951
10573
58429
33884
32595
24491
62638
62264
21591
29785
32760
34042
9034
34443
19515
44259
3435
58596
1123
38885
7396
44133
42852
62260
42979
18315
819
64821
59109
46149
29536
41860
42227
3894
65343
51594
48916
65472
43367
49134
51473
6428
28643
62536
50246
23066
46070
25896
758
4654
55044
27119
55985
12650
25250
35533
15645
56176
31986
38668
48165
27718
5014
50472
5994
29278
1796
44400
2737
25050
51981
27341
26962
607
7218
62101
31420
29935
29168
53021
62514
61434
24368
52554
909
63024
50369
32744
64833
1050
65346
21729
34026
29269
28828
50551
64471
58796
23205
52089
58803
61653
22542
31412
64340
2235
62814
21076
35673
61114
4043
65405
65233
3897
65340
35093
57645
33275
35080
3921
35139
59686
65362
36487
65164
20192
6067
19667
42375
4454
39822
32231
21481
23913
29543
18665
37595
39515
40840
39309
4156
57993
9240
17347
64701
8965
25725
692
25872
63499
48237
2160
35183
16265
21779
35262
49104
47180
47902
54734
28097
53497
25551
46623
14065
54465
54479
45889
14540
12364
24599
26654
15695
3515
32126
8974
44840
9881
13345
7725
25466
28058
7949
46127
64981
33717
50807
36179
20368
56619
58387
58120
14344
54725
14064
54645
33021
56212
59590
53293
36347
34336
13171
15172
13334
45600
55576
56328
44846
45504
38679
4631
40745
37625
7943
20092
16112
14880
27261
26957
7417
30586
17592
9688
52068
5840
49420
9141
23758
10510
10341
31255
39183
23679
49341
44657
52667
19436
32142
9070
37986
4201
37738
4281
37031
18647
18649
18145
21612
22252
38286
39047
44431
48506
7800
20232
52740
16790
34457
29045
33550
3342
10501
1655
27919
13183
41341
15650
24101
46304
48520
54120
25934
54838
27470
47943
13641
15305
46535
56092
13408
14048
26253
25736
54780
59510
58035
56424
33379
57302
33541
61318
13251
58568
55653
58643
34821
13590
36024
13432
35253
6444
16926
20238
42753
6860
45050
20255
39569
20209
16911
7201
38908
37164
41335
41543
44570
1819
10686
11374
50520
29148
43298
5309
52346
43274
30173
29231
35077
35861
51847
65140
5030
17599
1918
60430
35086
45327
50905
287
21346
32098
59855
9150
52185
21945
16242
44466
65145
10677
3458
58210
28529
1753
44369
1831
50620
52140
3079
5306
52838
24454
33726
52915
45466
55130
53950
60514
25460
57199
14403
1044
33574
34037
781
54309
14252
35562
15538
16097
46539
14721
31336
47038
45307
43704
19897
30369
36293
22207
3396
15123
23680
13020
45423
17072
42583
21123
7443
54414
3082
28869
64301
47085
43114
27632
45585
51377
28265
39269
58729
63374
2720
41502
46606
5918
40527
13870
46450
47887
18881
13569
4383
45007
13180
37580
19193
46201
15250
36387
28878
32446
17312
20558
59434
31389
44698
61482
7517
39201
61573
65029
8617
60389
23597
40279
3448
9394
39103
46597
13568
22
11057
59597
9615
37034
33792
23978
17369
13428
27510
26717
46968
55480
45977
55958
44590
7719
13465
40457
46199
15735
12800
15264
45264
25208
20380
64369
31672
8824
50971
8358
23289
28805
59598
30670
11285
61644
50959
34831
31232
22306
23525
14356
30418
3347
27926
42686
17841
31599
55300
21857
45173
13248
21434
33995
45253
17596
43986
40482
31240
7608
23893
23080
57422
30661
32270
61646
30389
20889
61567
44559
18086
60207
22515
26904
45272
48664
19708
12376
48425
46743
38857
13945
5959
42830
13744
14784
53750
47286
13095
22706
46984
53778
33305
2774
61637
45445
17518
48579
57113
21865
27590
39023
60431
64376
63365
25639
7806
54398
27514
16793
44047
6783
56209
16897
54655
26010
39180
15772
46604
43390
38703
64388
30606
10270
31894
10809
21025
31581
63498
51098
29309
63522
63429
34917
28876
34627
9632
28024
47810
1971
65205
64114
28814
48841
3528
42606
390
62981
41103
64261
45526
31679
63438
65214
46702
32024
45472
61582
31578
47857
64411
41194
1876
27949
41349
65135
30213
30597
64033
38749
1922
8840
5084
47839
15731
3373
21679
36102
29873
37982
33386
22320
19670
12977
46747
24759
58208
34541
20663
32614
61436
57353
53012
29179
34094
65358
4105
38270
53229
53417
28841
5195
19116
23265
33213
5531
34740
9013
18662
22611
21336
55168
24289
20204
50509
50253
57707
29124
5087
41809
1274
2174
18981
50361
28353
15951
50343
5899
56057
27159
1431
11843
799
49994
45935
25569
8644
6270
51093
47865
56954
28194
14871
23163
62654
1116
5527
50383
32323
61885
10908
39489
25844
1435
26555
24138
22632
39093
40695
63341
9061
21432
25933
363
62528
31329
4012
64743
19137
2381
29923
54784
28499
48181
32893
29608
5824
41085
49140
6071
10103
42464
48187
28500
30768
29924
29757
27104
3300
65451
25261
41780
26973
592
29613
51371
5467
61719
58636
32807
50225
30169
14121
33818
37379
42869
36337
26375
29125
24339
50519
57849
50319
52267
48329
27719
4763
30995
31176
26911
3879
65289
27121
53245
26994
47402
32756
49669
7285
4103
32725
53076
57351
1160
10564
5807
27726
56572
38577
32755
54847
26241
829
19246
2862
45792
9787
22109
62013
3899
65328
39771
18148
22064
23357
49124
23380
19424
65373
62036
25179
30429
45968
62765
6652
29223
4283
62507
26589
28288
63732
31584
47723
25012
7409
32132
32586
45036
5104
42285
9949
4695
23515
55915
59312
16061
12724
36992
50212
30795
31793
51514
11652
556
12235
20804
25239
4041
65487
37499
8525
24512
38804
3905
21108
10027
65351
62078
25209
1258
17676
36903
33047
46553
63278
8645
8741
22387
24387
59260
21521
11594
25943
62594
505
49181
57840
12612
12317
3898
3893
11417
50109
29547
40002
65368
19673
23682
28647
4107
57355
25991
10163
11427
40621
16854
27529
11451
58473
1673
10155
14446
3559
871
40792
45116
39344
10278
9283
9112
40340
17909
38544
9803
37117
11156
11664
8237
22677
38214
37667
37928
39755
44872
60798
58270
36308
1689
37962
59061
5322
5706
58533
42226
7757
8141
34423
20464
64853
19834
19230
17918
43255
4345
41743
17692
38545
17409
19452
4897
40207
37679
36887
44322
43033
27837
58440
54259
33342
58261
42000
61423
30912
5499
55609
43021
45748
3181
34115
48992
35161
44894
55592
60568
62109
53504
42892
53536
18905
19593
59280
44759
4743
8151
35453
7225
26912
11147
17640
17832
38865
18016
20956
20463
23614
10670
17071
10887
21669
21989
37053
23988
40586
28433
11650
9010
22947
9945
28138
8582
47324
45148
10550
25697
46887
48135
21342
45562
24245
11899
19992
20472
40385
4598
50841
17951
21406
11534
17663
9847
24069
24357
37149
52771
44367
42318
56760
54184
25773
46758
39753
54192
18633
4121
56736
43975
6983
5575
14013
17916
25782
58085
53843
60472
39064
57142
21397
17701
37875
9464
10486
9539
35126
16357
15448
35155
37958
42328
10542
11518
34756
8460
43503
61221
4826
8074
58101
41634
5261
5597
23063
4918
36475
10170
17134
20398
43431
19052
44970
19180
23201
20129
20140
31825
39343
23647
37303
40625
41708
59689
55166
56478
13362
53711
34521
53433
33586
60770
55465
58206
36559
36687
16194
36478
15759
54367
60814
58174
15159
53353
13274
58252
32935
59607
60732
54865
35801
34137
13806
15794
14476
41844
57950
56370
34721
57263
38933
59996
9222
8981
55098
37891
29716
29453
35922
5579
15962
14222
29101
3815
26505
41300
20404
32470
59751
24541
393
15468
20918
36457
47676
20149
44755
49853
6989
47233
35007
28816
64223
4118
17000
46946
54671
23766
26426
41568
1498
63313
52086
44610
45201
7745
14656
13601
45144
48032
57032
12504
45376
25078
12415
40655
20474
47919
14509
14637
28817
7761
40543
21793
57432
31503
48648
61656
4543
12694
61520
28304
20394
59472
23442
38994
2893
30849
41648
45200
15071
2794
8760
59234
31872
40102
35782
22591
5594
15224
26458
15796
48676
46260
28091
57243
28421
45429
56740
55556
54197
25515
15877
13477
45989
28195
15909
63566
31716
29204
51273
9531
36091
31468
2148
2036
29980
62773
51196
63692
31989
21063
21228
15640
28721
47908
28394
41041
19128
30512
55262
23144
47708
12655
20623
15109
46832
19391
42925
22823
31476
32084
22876
23620
58852
31740
3732
61492
29020
36763
61516
52892
9131
59468
22775
26435
46756
46916
14149
13140
46003
48597
53956
13268
47637
27845
14005
14277
56571
48469
15779
51335
48868
47383
63628
2619
64060
5707
6500
48695
45964
52331
28155
42092
3276
64324
52043
15217
5921
47217
26710
19610
27286
47648
55464
55048
46512
12496
38671
14495
46495
42786
12832
63576
30545
30833
52090
11434
35478
31423
59608
1800
9599
61648
63376
63696
30111
33325
22367
64804
45559
3821
52523
64071
31460
48444
3633
41268
30272
61868
42732
65008
427
31724
64311
28241
45105
31524
44406
61521
31416
47983
2014
43624
28789
25055
43744
63404
5776
30544
64466
39251
3665
31165
39349
45484
16348
447
11949
59857
12214
37291
36575
22950
8155
16062
28345
9211
12424
59909
62137
43752
36258
14445
52873
52482
33403
23877
50721
28988
2729
33617
41576
15233
8671
9119
62554
30358
42438
22970
37114
40042
23850
25914
38786
38978
59098
43848
50294
18516
49390
1685
326
46846
10490
50995
37952
14497
65113
19548
15393
57136
32322
11517
48437
51113
26206
4341
32649
30354
42434
25822
41734
1458
43029
29406
2911
44328
32494
41039
29711
3327
16841
54265
40587
46837
22592
15893
51226
51178
13541
63727
28720
31936
18028
60464
28393
29730
2735
10960
46560
46920
8543
62143
28092
40229
49744
30330
17307
45993
56205
10577
48150
40651
47782
55818
8218
31720
7742
43814
32876
49397
15290
19911
63459
34583
10013
44341
31471
56491
13854
8655
65263
42734
34865
15715
42844
52209
36374
38955
51789
4267
1782
35905
44595
52534
27170
45366
6745
31480
42750
27554
50837
238
44358
32306
1865
65107
6995
41285
31743
10727
51800
45487
3189
45112
11679
49880
39749
15790
27071
8681
13143
17915
1827
9105
47206
15895
8294
11510
35722
2614
42741
22415
37881
37225
22607
13932
40323
39235
60106
28387
52038
29256
245
8300
54923
7758
11498
63465
26719
38944
22411
30031
56480
48287
56599
10477
45381
39882
5781
55004
29482
32338
4706
42101
62890
50438
25692
6385
52008
35761
11633
42815
32703
65256
23064
16597
43813
64066
46830
23490
20847
17950
38841
50934
19989
23944
47781
48713
64306
52003
22130
8553
50197
63058
46466
21505
23772
17681
22924
50437
19231
22462
30453
48111
62674
943
56006
54582
41696
47679
23846
12816
21631
52927
15328
64954
29098
29450
19040
9104
25231
25278
61576
47621
58363
23272
32095
63009
24094
60799
29180
64835
59520
12916
55977
29318
21329
44676
4457
17353
48383
18165
14413
4144
26641
42817
7360
43234
28179
13443
46700
16110
56368
51657
38494
53493
18985
59026
62914
39842
25542
5554
15686
4622
5305
26643
11854
62335
60415
36598
33006
9877
10324
18174
13642
35873
13357
10330
57248
21148
10213
36446
12002
14053
19709
50257
28943
58127
52106
59030
62918
50975
33018
23754
34847
50490
22897
36129
30426
62584
35654
63536
55983
6864
1058
59208
52895
54171
40375
27939
5033
36106
25266
41565
2957
62150
10529
27594
60070
2570
4379
19432
20222
34789
49260
33013
63260
48583
35624
52145
5917
38911
18149
62483
63090
29129
15141
22098
30082
64450
39948
58641
42873
25861
58490
22807
59125
29887
23346
22425
35362
53670
9958
19192
14078
34814
34453
8430
36437
12018
11103
15656
11091
12367
20213
25093
39512
53567
10567
57400
63023
37719
27459
7513
54779
52985
4790
27010
55075
62854
58257
43905
4198
19654
28188
55862
14069
44421
13257
41417
39189
42604
42770
14354
47818
15176
16101
62618
54933
5852
26
11810
29378
15142
42410
25862
43962
2289
25715
42071
3441
51471
10831
28011
8437
108
4680
20206
37626
60576
51282
34861
3231
26879
34798
51076
7447
16117
18669
35619
43544
28885
36582
14914
18158
44739
49615
46622
52614
34550
47903
51070
60069
19439
16126
36578
42526
29039
60587
14062
18666
43597
50983
47946
28843
34852
48517
65048
9974
20197
15425
49901
2758
58726
29615
59967
64808
29082
33826
24178
778
23985
33309
35821
31328
62082
58256
5830
20324
59777
54790
23684
24871
16482
3812
401
60275
47675
98
7027
61404
24754
20658
35815
10269
60385
57241
17664
34744
61112
13055
14182
59682
33314
38091
15676
53418
22548
53717
16437
58625
18801
51577
62834
38808
59596
5766
5894
12156
40422
4355
7043
7951
37155
63694
51646
17665
18817
4149
42354
30502
16643
40406
23158
19331
44376
21788
23004
8047
30745
41251
57097
55325
19425
23532
58624
26550
54043
60447
2694
18156
12927
3768
59762
8362
45525
34843
4106
57876
60388
57354
3269
17323
10098
6516
7508
59426
8085
6066
18546
1339
19119
31391
49709
17588
20004
41504
5077
50533
17840
10228
10340
18976
52475
22736
22416
8091
51384
43190
47717
17761
59508
33915
21937
26370
17516
47797
1999
58128
28294
258
3715
54016
24958
22631
42168
20228
18564
42118
44915
31763
16896
9428
23748
17280
50133
23664
38096
5477
29302
41480
16703
58724
59764
4511
62851
40740
57346
7140
4500
20082
17723
4098
7810
3845
36898
61474
34593
59837
60961
14122
57307
35947
60544
57079
55652
59978
35580
12896
14330
53660
33469
12976
4363
8817
60193
63564
31759
39766
11292
19574
4278
57420
42864
7603
18803
1434
18085
49689
51271
17073
19233
16651
7391
52056
19891
21142
23510
18723
22397
21100
23548
5530
49806
5797
14781
61185
59780
14720
16247
60439
58058
59757
16327
56507
36827
15386
33499
56427
57978
12801
21620
58721
18548
55909
13745
59263
57602
34773
14879
61059
16056
13196
21696
17344
59532
12670
54751
55687
20196
9647
60524
45483
56088
2417
3677
18658
48908
31512
59522
10811
4102
57350
62446
57557
34131
49828
31397
36329
35003
21710
52505
35748
64871
30460
49943
23220
58172
49845
19216
12089
24402
50333
9931
50587
24300
19169
23212
24225
5453
21086
17135
22141
23412
50251
7315
30377
22199
60768
3394
17708
52821
25650
13546
24276
6297
57338
28482
59073
16932
1766
20604
45113
12423
29948
32078
30734
26761
45905
25567
26679
50583
27986
56762
9927
52121
29465
64744
12287
40782
15975
59072
43045
35142
49761
41660
14835
51448
5595
50573
13844
48293
36490
32674
53722
35505
45808
59252
29068
26970
44292
43803
62113
32474
5621
41763
56013
31214
3115
38539
53600
15037
10090
19380
11873
40208
8212
22027
39693
37223
36532
59275
8301
23904
19132
27694
59087
33602
24173
30271
14428
36230
43015
43820
33848
26798
6811
44148
22145
56476
52966
20752
45567
12561
19212
5923
32242
28143
59063
63145
15713
22209
65070
61052
18948
52982
4137
29694
4518
37309
2219
2899
9801
43446
27495
15337
43437
32204
54588
26094
57556
9287
1461
56971
17829
21992
23501
56027
22208
37465
20462
24383
21042
17940
21736
17637
35469
36493
39803
30008
58891
32788
57035
11793
7257
36540
43160
42054
34663
29247
48950
27736
16839
6227
57616
39562
16587
38516
31146
11911
29351
43083
29997
41872
42132
44081
40317
11120
8657
22492
32748
60954
18949
39971
15319
47769
63039
39801
9026
22223
39070
59009
24088
10566
14967
65090
27481
60348
9929
21326
62519
1593
62937
21532
8231
21772
24055
1367
23422
10281
34439
64350
62601
49960
60565
15432
25137
60124
52507
34603
22994
22921
14333
52493
32620
53169
14977
29685
62044
17125
32484
32612
37475
6715
40043
29061
20788
10596
10597
19172
24165
24549
44164
38787
42885
698
30836
5581
22536
4864
16351
9589
15458
58078
18630
60594
62172
27786
50557
27057
38006
56602
48449
46017
25656
54266
26166
46816
13112
56680
46176
54925
15823
13135
25410
27970
13536
46166
7457
4865
44289
17306
13990
5759
13272
48600
17423
46781
28064
25520
41762
13405
40239
55334
47220
1485
25297
46016
16191
48316
35890
53934
618
56402
14485
34118
25981
13384
27018
56955
45588
48900
28164
48373
27899
56341
12692
55284
55557
48932
13045
16165
28451
14100
26395
29257
29876
30052
49726
29605
65429
32700
64708
2308
29292
3139
51468
52252
50659
51502
51545
17647
6999
5591
43373
5690
37222
6747
40099
18387
4827
20456
39897
38233
41857
40322
44768
1065
32292
32516
50334
12187
33707
30252
62420
3492
29708
851
64924
62332
53027
33831
21548
56203
48100
46436
27492
54587
25957
45189
12340
55396
55397
46564
15205
13797
26083
27619
15333
2075
2445
48996
51396
4059
65500
29456
28519
2401
5323
3207
62656
25371
64644
62580
50299
18298
6417
7169
25240
8191
12736
48912
15512
55800
45568
55933
39423
39983
44066
40465
26950
550
6577
31953
51153
8111
24832
20415
35848
55560
8927
2685
26880
64624
52306
26920
44730
29884
3649
4033
62679
412
49579
1770
53101
32317
1130
32692
52538
50058
65399
52567
64860
6576
2903
1495
13522
46762
41430
185
23763
30675
59609
20408
51115
52411
25521
44637
28095
55641
2439
4049
14814
48236
14908
61321
33185
60983
59871
53591
35129
36703
28599
13038
12937
4347
19048
59326
14778
23224
28126
16992
30229
3551
60604
43797
1697
32068
53727
26199
21213
34898
11640
58450
15708
17925
21760
9072
56113
18637
58970
32938
39878
14399
54185
23416
38011
17200
57550
11902
65061
61518
39057
60261
4586
7066
57717
39402
6813
7661
29081
39981
64307
44626
17934
18318
41609
42542
30066
17420
18897
21761
19596
45023
20607
40671
6713
31535
41998
48138
56595
17646
21221
57541
43808
53641
1418
28736
20453
26810
2029
529
9529
47776
34697
5017
59256
59480
63568
2710
40537
60528
17273
4537
57424
44412
7767
5239
57552
20396
62070
22292
19384
16936
39802
4262
51769
19135
10494
10094
17711
20684
23397
21237
18944
52195
42847
45360
18030
60696
36537
20622
27553
20069
4139
2874
57743
44352
2801
46932
58885
27169
22371
52563
18952
19848
44783
43560
28750
19215
11998
20686
16783
49577
23061
24021
5686
30533
43922
19516
57560
56952
26998
61528
40350
59600
6793
7433
57200
38889
5783
6119
45462
37671
63704
33358
59272
57922
14431
56022
20677
8214
54334
19907
58863
34105
15973
14841
56479
34691
39798
7318
10014
59470
35723
31481
37466
59925
5498
6746
58853
43055
7005
4733
57548
17824
63301
23409
20158
17454
42028
4521
52447
20412
11153
8913
17964
50586
22495
22687
17932
51026
43449
36531
60098
55219
40214
14962
57486
60271
11720
13934
16501
22021
12569
36454
53606
59161
15314
40312
59090
11539
38939
14014
58801
58586
10244
13665
8987
37632
12431
23301
16581
60351
13527
46044
55170
17128
22352
60127
44405
56458
58303
30326
19168
13497
32045
1201
11430
5787
33466
65262
63069
507
36585
24413
32696
64984
36811
58301
65045
65385
60854
36371
61244
32342
24232
41704
6714
5578
27530
17904
14911
42895
13670
27334
38943
43616
26445
26765
46399
13025
39750
42905
38225
54256
56363
58865
61496
37549
24895
6744
14826
46995
7007
27976
16935
61519
59440
33435
34129
17296
10841
17905
12344
35746
12719
10840
40230
59283
8784
14673
8791
13792
19455
23425
31482
1482
49894
58864
64063
63296
34102
35526
63616
23136
22290
34882
30015
64328
33514
36304
57260
8101
1712
59693
2312
15961
44971
28633
44731
1197
28254
40628
1112
65174
57638
25849
60475
3321
4937
17636
55796
22603
52277
35900
63721
46131
34884
51438
6467
39420
20460
27427
61505
6812
12892
21985
31464
64317
14853
57480
26411
27305
60191
38782
54683
31727
21053
23034
35911
61355
12266
20468
13108
34871
36780
11492
21547
59901
10476
33828
9453
13132
17660
65269
40788
56380
57669
58285
62424
40611
27753
8115
14313
2499
7765
26606
59716
63062
60838
42222
5691
8139
25833
57147
16188
44780
25451
25083
42012
44853
44615
25623
49145
13380
37963
35786
54672
5551
1510
8769
2040
12890
39632
27311
41558
60269
27432
39857
2114
51199
60480
26678
9616
1455
4122
17121
55288
23334
51920
35503
64442
47981
33361
49752
6210
13040
19183
33869
41284
30256
21568
16199
20452
44535
61936
46820
52970
36666
48460
52801
61232
17644
13367
33367
41025
31404
23333
13793
19176
43970
64005
45192
51129
35497
48096
63268
9627
17120
15154
24253
400
976
52912
61354
65503
65142
34464
36608
33974
53152
36472
33880
32678
65106
36447
16533
13188
61376
149
44931
36641
12306
30267
49453
10761
61243
49170
6873
3951
32994
41186
25831
11370
8442
57610
30150
26600
9942
37448
39816
12182
14097
39303
40263
1338
42003
422
11747
50610
45830
32543
46530
10230
51310
16102
14226
62581
16469
12590
55861
29310
8600
46281
51567
26034
5062
32227
30146
43590
24878
28248
1839
47669
52133
2185
50291
4798
41753
29080
266
19658
53498
42220
46534
34790
39196
21014
52102
15692
63258
30422
12038
5434
57766
25621
31505
3177
31803
56081
47379
9309
150
49049
57259
8410
31016
16534
45274
46308
10210
5954
41712
49109
49052
31808
29880
5219
25270
64764
64613
25130
6644
62136
61985
31021
43110
30086
57653
13585
11276
62486
42370
34802
13511
43957
51144
22810
14165
49528
30309
1285
33058
42094
51413
28542
48229
5557
32520
44995
25090
65493
3102
27014
29800
639
27064
29827
44054
29382
18270
52355
4057
30510
45923
12189
49234
56379
16167
46742
9444
12370
18166
2328
8434
45298
25153
9168
8592
62026
4054
28517
22656
37371
37739
22336
28668
39053
38733
3994
25224
62086
32381
1286
30122
45900
4626
8422
63509
26490
14166
51436
31248
53669
45324
47169
11608
7961
42236
5382
46506
11901
29314
43830
45477
34673
63320
53516
38848
51219
63719
30785
43369
32088
62131
24445
9067
25269
65394
48926
21197
21344
20244
39099
65382
16912
22708
3941
45599
62146
50200
21777
19676
309
62850
46927
20856
23475
18198
9829
63315
17436
22913
5381
46217
61730
106
57291
54843
16490
49001
61344
19151
32512
30368
54783
3999
31343
9679
7995
8438
45302
4699
45269
13747
50158
19109
52718
1788
58441
36126
62231
11660
14516
56155
43700
41651
9020
48780
12143
40846
27880
30400
63523
30171
4634
49783
42381
47174
35096
55573
42516
65153
3237
62284
16441
41095
47884
60750
47118
40431
5089
41839
44385
26007
43150
6380
1735
62665
53289
63104
59049
63159
31891
11586
34972
57242
5215
37969
28450
62761
24147
32443
30401
36150
8740
1056
12233
24434
64461
1739
26011
37497
10817
39580
21186
1357
24135
11818
63101
62532
27515
64576
45418
27313
32658
46964
24268
46581
56699
15124
25379
20858
27105
45658
2765
25243
31054
43546
45520
64189
7531
31668
32449
65211
20
62987
63332
41415
28029
2928
4205
50956
30336
29932
1737
33566
43991
9785
42457
27513
53287
13580
14350
5463
33815
60748
50823
50318
39769
61564
53663
24945
32448
10019
60914
36393
30391
22185
65031
63169
40274
7610
31236
35737
8518
25947
16694
41357
1022
56147
65017
17724
19340
44014
42478
34332
43400
6624
45268
26837
58439
47888
9685
38280
28260
2779
63168
21638
20254
24527
37987
46612
21118
16927
27277
64372
65152
53034
45259
26228
30666
32279
4759
27920
46381
25584
27405
52465
26692
46123
28929
51708
6780
24859
30219
49172
5432
32385
49817
49062
2086
25640
64600
44111
65207
1932
4455
65216
30803
31676
31237
23667
65217
60057
22079
52758
58130
63183
22984
30337
64382
59513
64119
23390
36431
32384
30415
21266
64558
58943
22615
31387
2172
64295
52340
30809
64904
58502
63105
24296
60572
746
56325
35864
62248
47836
36116
32716
10543
22862
53105
60784
14116
59200
64129
25175
1013
13186
10637
8509
37714
12251
47868
11198
4039
3655
9646
27671
48062
54750
20820
46703
18143
11083
19236
8445
16211
18160
14680
59875
15590
33445
61352
57942
24048
38475
36909
23844
56373
43540
54385
54929
62615
45839
40518
58236
18886
4374
60828
44749
5907
19651
25377
19189
62585
29740
17425
18161
39444
5071
44584
18195
40742
40454
19699
20080
21516
22060
41793
50302
6901
16307
60196
53501
35828
54928
14726
58944
57958
56501
56827
13016
59779
61400
32813
56421
36139
43697
60964
60148
23153
3995
5429
18722
5076
6276
11410
41811
18818
19666
64580
4458
16650
30800
19428
18084
43181
5435
50091
18144
20532
11684
19360
30180
40352
20560
41812
42077
42208
15390
10423
8359
23975
17370
28191
9098
53769
47737
11578
14786
3614
61390
38481
47817
21692
6432
16916
19188
43517
7365
52997
20240
20884
10500
20208
32548
39168
37152
44100
43384
43286
42513
58548
59044
13937
981
19707
56690
7364
5956
54162
44099
7442
17346
62292
18175
46751
59216
61156
57773
14253
55867
33195
55899
12596
60989
59184
60132
34731
15072
12628
15965
16096
42676
20001
10897
49911
8090
44416
8492
18646
17286
10236
43997
18563
17363
52257
4203
51500
29420
20193
19105
38580
7994
40381
18659
21846
38054
17315
11184
24236
23276
44113
51543
16491
56874
59671
57847
16113
56524
36620
56444
33265
59841
55196
57639
33292
35372
14919
14705
14618
60764
55479
53415
15438
54122
15986
60958
35881
34569
61438
55599
33898
34538
14049
33975
56009
38264
61153
53559
34088
57772
48235
59427
4061
2436
54776
28596
18547
9672
35559
17350
54166
34551
16617
7020
54542
1561
14348
19938
41962
42095
5729
12332
6254
42295
58569
58567
47998
40130
45488
2000
17251
9653
22991
3764
61467
64779
2660
40729
48397
61453
18534
8718
9352
39987
52971
51556
19555
6891
37483
29029
12011
22916
24451
39659
20837
12259
4715
18275
6019
37842
63353
33294
61198
45439
52697
463
9359
52610
36626
21433
49369
9662
55567
7634
3710
36760
48361
47529
61192
3867
36603
46983
28508
25148
45527
33056
55143
12759
2304
59891
59667
13972
33813
33800
54536
54549
15856
54533
60224
15140
34072
12320
34555
58925
54277
56308
54296
64721
51323
43213
9480
4976
14815
9477
53903
33470
38168
36031
64732
48257
30720
47569
17528
33587
19691
4661
58211
1771
33899
18403
44267
41573
6756
34539
5939
39524
1131
60771
3459
45021
64348
63703
54226
46682
44758
217
8885
51123
34238
40886
51883
31924
46298
7853
48562
36919
52617
21614
17250
4233
37994
4313
19292
39095
38334
38634
21356
9959
18537
18535
7554
27853
4902
30870
19554
31932
33285
7549
64186
28378
28685
15382
47522
64674
4714
516
8894
16302
63884
63953
57310
48268
14140
61289
61018
36583
36786
12636
36665
61266
47580
53822
53902
34056
33461
12904
60515
57270
33797
61286
54293
33816
16259
34069
34053
54552
58070
54280
59827
62932
54106
46255
9486
28716
64469
56658
41392
40614
46801
34229
18861
44968
30732
2980
31614
34062
53551
48650
12232
31349
64975
60974
50876
23977
263
33567
19874
42705
8709
2830
32280
20881
45083
48395
11458
12057
38812
48413
25888
25840
45069
23114
47348
25492
10511
12023
17022
14017
27978
25793
48480
54090
46184
28038
55021
13152
13416
25405
14031
54082
46335
48626
55014
52478
50363
51300
30572
29525
3588
22969
60435
36613
21102
64196
53004
31767
30773
31134
29116
39611
54699
25939
29753
16980
32062
33868
58903
63225
62718
22119
27475
56251
7331
42917
9196
49970
22848
51704
3434
61258
11832
23887
1677
34358
52673
49517
33786
834
2559
9265
59119
14960
49088
27773
6553
47432
18375
41500
20270
40185
43271
37127
14664
53798
48280
16064
7241
32973
41513
49906
1898
46373
45735
26491
3149
27803
63437
64561
39436
10769
2294
56068
47804
28649
32575
45038
45622
29768
2195
51285
7234
52377
43064
26104
63816
47429
5107
63807
3157
13952
46640
25485
47353
54509
48126
27468
54606
12489
26823
12487
15752
54502
45880
27958
54604
53222
9210
49986
665
58593
10407
21035
1326
34204
49811
50606
34029
1254
818
22832
60460
37079
14380
26782
6107
17756
4819
15189
46420
26069
27604
44196
24729
53367
6313
7086
19029
64581
32732
52359
30886
31070
6546
42160
31857
44810
51421
52370
63860
539
31806
63893
4950
35466
48277
64584
1174
45662
60868
51529
8561
20940
51602
34317
14196
59152
3122
14300
837
25587
50406
42035
7627
4070
3681
52874
45332
61888
44647
24935
53247
8014
47413
1272
30224
62293
30364
50039
6550
9255
54417
44576
45937
26266
43277
25490
64852
1211
29598
33963
20256
62366
52779
51460
32012
12075
60835
52601
58291
63189
21518
63188
63132
887
31125
58519
9769
39425
43290
41473
46848
8015
47613
14614
55853
12784
12808
27805
40959
19490
4767
20161
45328
7922
27537
44618
53574
55450
26072
27608
16320
54717
28182
47560
53362
37327
20298
24722
56230
2302
52203
49691
28700
9707
59379
51081
34149
64197
22553
2916
51964
62924
31813
8951
10985
26537
34285
56475
58187
11325
50850
33937
49657
1570
22860
3571
3046
26403
53847
51942
9386
58621
39412
21728
9798
55804
37171
40446
33270
55011
24303
60978
54087
24570
61408
37687
56633
15312
47760
46544
45865
53805
7838
44588
13209
37129
25724
56583
14200
14424
47192
26518
20268
11105
21066
63567
31360
58688
610
34630
62768
64710
64384
29245
51967
32970
30191
3064
60143
43317
20284
5113
48207
17476
55549
39136
26111
40186
41542
6194
14660
25827
46318
14652
56544
28406
24669
45552
19532
54701
26270
28055
39625
54910
42828
6142
56246
15896
55629
24662
54428
35130
37703
12090
60507
54071
38193
37629
23708
54593
22619
59540
54507
35149
9293
40939
54010
48019
35057
37420
55897
10298
52328
35640
27653
1416
14117
45790
66
43673
54571
49202
10038
63541
31292
30156
31782
8935
8849
52048
62730
51866
49776
2194
63300
63620
30798
33531
9552
22368
60656
1334
29535
58081
3480
22826
34314
49567
62511
11729
63304
35725
29416
63295
58144
5182
38123
43333
46732
57323
56894
40681
26219
12789
44316
7780
40956
25593
48969
54516
17989
35227
49223
29100
17232
9719
34193
51101
41370
33
44368
18833
3051
65060
10583
34283
8848
10647
51188
52571
8537
8955
32819
52174
61701
131
52921
61075
71
49564
9051
34295
11257
56065
42794
26746
45232
19498
45576
26486
12448
15360
14518
47277
39439
13727
46383
6034
55846
4619
30297
11740
60720
58911
4217
32693
48490
55023
31147
18441
57162
47615
58623
6699
58240
37683
53632
55248
10042
17749
11825
4928
50676
29844
6288
37175
61140
35428
10294
9272
19036
45921
8550
24552
17583
11955
47692
23481
63943
65100
22702
45772
45228
26039
12195
48609
18111
36766
14201
12958
56634
53535
58583
14524
59105
33642
15271
34471
33231
61250
55807
60942
54154
31841
61111
60007
17151
59720
29579
54896
47525
48357
60160
29904
5192
5528
57331
4791
11305
45776
33862
13555
59196
58149
17174
36586
22728
39029
15927
18438
25275
62061
59637
49024
57692
21829
17813
21832
55717
17480
55720
35301
56552
36005
35240
36008
21576
17477
17816
21653
56549
5383
32339
8660
59545
60808
29003
5727
45817
56396
19930
31179
54497
45874
58168
6951
57465
33625
53465
13662
54009
56706
56834
36377
60462
35337
35326
16274
36226
58607
54066
36313
55833
47562
23951
21554
11947
9913
46735
22912
14558
27577
24125
54383
26412
25095
9385
45386
12219
40937
19741
16397
9382
16990
10403
55947
35549
57053
57051
38200
23819
20507
11314
22847
9189
5389
61247
16366
59542
59742
48267
34853
63965
63883
14584
47579
5387
50461
60478
5149
54054
35891
12885
33336
19344
57318
11668
39723
17988
22256
23549
20724
36662
57315
53926
59811
17984
21327
48610
54881
10741
19326
9987
47689
12545
48786
55244
23699
64937
34492
17822
24015
8469
24568
45391
57034
19356
19061
9409
45967
62375
1246
46138
22257
3742
33031
17045
11976
17788
30816
59003
60363
57083
12111
19641
3932
6912
5648
572
8815
49126
45734
18937
5563
57664
6091
13434
15761
919
45951
20040
58124
40728
4550
34343
4557
42773
37571
46234
19013
1150
50605
39915
40356
5549
5611
50347
17968
11243
23892
36957
50667
38560
8285
5291
5293
5357
1081
64341
35796
31908
31317
60910
1493
50711
9977
62804
1639
21580
50430
10203
58348
29363
64663
51477
51700
48279
3865
63951
7173
31040
51480
44068
65354
52229
31780
2556
526
45694
6569
14630
33432
3229
53616
6023
53648
40894
19561
35373
4567
41612
43479
59136
7401
47405
3792
49708
41713
46068
1323
47028
32762
49293
4315
44871
2669
52619
52701
47344
395
1101
37069
24204
24273
29597
9755
51355
32572
4842
49751
53073
42304
23260
19073
11520
11012
29764
6393
15798
13480
45997
46678
19278
54224
38174
4297
13917
4295
43852
43207
56784
17740
46264
32983
52553
24007
823
1769
63705
29641
30764
51326
49991
62812
49305
8311
60780
2990
1166
3788
63609
63639
29489
30137
55086
975
43636
19093
62273
47623
24133
52932
30892
57673
29826
23249
37609
39342
8103
19084
43434
19004
10074
40529
37207
52314
40879
11346
20188
20177
4839
29846
34683
14285
48177
60092
32020
3227
49585
29036
27725
30221
51689
51618
55146
29509
599
27709
50411
50349
3133
4075
63792
5547
5355
50413
50669
28651
50603
5613
2464
676
45652
38401
39705
39166
5623
4169
41999
17868
19754
38001
36935
41770
38415
17186
19404
7570
6174
44957
37403
38900
8189
7189
51461
20416
11819
22900
37197
53035
40704
16685
4859
6408
6424
7643
40490
22417
31991
7978
7565
8604
38328
17254
23111
4317
39045
38099
29338
4235
31015
4814
27918
42777
20034
56729
25983
24690
39185
55418
4559
43471
54135
40140
19017
25358
53394
2817
52150
21110
30484
8278
22521
28773
34846
50974
11461
64460
51727
34063
31344
10130
11235
3646
33965
35147
61166
10656
53174
34392
63763
1206
57845
63849
1624
61941
61420
49576
8616
60307
38904
23381
61160
55295
38633
37187
24130
56649
9782
36342
53314
23193
59989
36914
53758
56788
28203
25787
48564
57131
26885
45317
15700
14708
54229
25771
12549
13221
45909
48787
56867
29857
24111
64890
31617
58918
63686
11007
63553
49682
202
51258
53007
62362
30394
1032
60232
4664
37610
43087
48001
17728
14143
19007
27533
14152
4298
42848
15600
25910
46575
53809
19272
47091
28068
26443
55107
54443
25525
26291
12820
54459
47813
25285
54963
15045
56395
26275
54947
58023
39153
21084
11043
55354
39654
36930
34595
56294
10921
34729
54765
35995
9515
39997
53298
1219
36242
24137
56099
11695
50575
32834
41598
2079
19097
26629
882
53193
58949
50130
8242
2216
51034
51322
31601
11354
34710
31455
35000
63352
9487
64464
64144
62928
29999
58013
10066
11997
35104
62550
32445
61274
63967
57750
62557
63864
1744
51616
61846
34512
32598
3746
61010
7009
39910
42768
48663
56038
15861
17973
27927
40526
4555
44396
39679
24778
47642
56312
57059
55709
52113
44634
20050
10394
32854
49266
28280
2998
4575
16022
93
24976
20314
34221
8338
20114
50952
44470
11603
10134
32841
51731
52862
2841
30421
24217
114
41231
18006
32914
10995
46231
44665
13433
47985
16681
41487
6671
15137
37489
54543
26778
40716
13980
46716
6414
18210
30341
30943
45942
10513
55498
31432
30062
57064
55954
1139
7091
56985
56037
11388
32262
54215
18429
49077
48940
10061
9136
37995
45752
62204
62053
45601
40699
728
657
8480
18541
10381
4171
38760
34745
55729
10198
46814
40077
30405
63154
60636
6931
64929
52555
53695
48556
11485
55773
35073
35211
55693
55564
35868
35857
35213
55580
56539
35291
56337
36059
56459
35841
56321
29562
2655
10928
56301
55830
32434
690
48567
19747
29277
9330
17195
45913
54758
29018
53789
57209
14352
39914
11239
58736
47032
54219
60623
2662
17980
53874
65206
35199
8282
45493
59412
59554
23926
33887
56663
18037
22528
8960
15329
38941
59050
35754
37062
13631
54105
11016
17524
29164
30630
45407
57972
56166
30210
31960
19267
54958
47538
32398
54444
17739
60021
32154
54637
19720
36306
23829
18452
56793
34234
33713
22644
55434
9163
37888
53378
20485
16405
32978
54231
47749
39009
34939
58484
10458
47618
37767
47829
64018
58304
48776
65026
65157
54128
48649
9575
18674
5669
54972
11553
8639
37482
5235
63658
51206
46167
39930
31640
60369
9007
18274
10673
46012
14223
37606
10077
60095
7539
56426
58335
30214
18992
54462
52512
62650
11350
5675
58033
59281
35248
36394
55073
57275
33387
60512
15943
14724
60154
34812
15456
15098
53548
58077
53949
10206
48553
4165
10631
11535
38170
46046
41990
62911
6163
21212
61602
7576
8585
37058
8961
10452
47369
48261
18612
10496
40731
48130
63957
64537
47496
21600
64514
47576
9099
40141
11469
12150
1398
30042
56647
19482
31624
2067
46961
55128
30951
8728
53589
45436
53322
30390
18711
18190
18602
54080
47733
3066
34157
18342
47458
44248
53743
53764
41122
48632
6700
32962
2918
46279
60651
3145
17177
5867
48835
8261
30564
59198
140
54371
59636
30782
7963
7927
4489
15983
51949
47788
45131
6829
38622
52641
34501
9906
64843
56259
10118
14270
48865
39606
7596
3476
28407
65248
30325
2044
51811
28014
61807
4483
52502
3806
5863
63216
347
49207
2921
34870
53841
4696
890
1869
11778
54059
19927
48531
4953
58514
26543
38864
2189
34758
28970
18594
64320
51338
19638
45088
53969
63375
23088
35946
21126
18349
32966
21823
5562
56072
47807
49771
5883
45932
3194
31556
2973
26592
42346
24816
25114
30929
28391
43396
2183
63292
2640
14085
19629
55777
29004
61
34306
17580
48115
42670
54603
11982
43606
28223
46884
32902
3482
65196
26343
30448
45392
55
49313
26609
61595
4321
63323
48541
7915
65249
32036
51947
1946
56776
52017
27435
45455
7082
40157
51048
15580
11405
26553
55649
8322
12293
46656
37074
6102
25707
10308
2286
7184
7911
6129
60496
30882
59549
3119
47297
33340
49717
5143
28411
4320
37542
2618
31840
5052
46929
56579
64800
21423
34310
50362
17582
34690
21224
4797
14303
46635
30823
28395
26908
58761
2795
1902
44309
40805
24937
13449
8803
26363
41836
3100
3060
28693
65264
58679
9252
28763
5879
24817
58010
54429
21921
57168
30615
23787
35244
32481
26347
6128
32497
58108
61275
29071
7931
26211
60217
61102
23091
9765
3784
21815
58516
30432
26359
7625
59634
54560
5471
58758
31306
58061
55903
4781
45778
6832
60221
48024
19409
1306
10178
2582
17376
35790
24185
3957
3065
19359
34916
44687
43778
35195
16879
42909
44512
28969
17040
2149
10180
39862
37414
5418
4182
29294
37562
20732
23660
39722
30967
20581
23797
19056
31539
7359
18468
26339
502
37
4403
59802
27634
21739
22941
50985
61419
21825
19628
3810
58673
6975
3640
51192
43861
5493
2047
25454
51394
53103
4894
41657
29896
4419
50742
47701
25086
2159
6178
60101
58677
57466
1859
17243
22399
43387
44379
34863
7973
6826
5386
60292
16977
31279
3151
44617
15644
8171
46661
8262
26901
51994
22511
25835
138
22752
49734
18060
60640
49033
15724
31295
8394
57722
31560
46904
52566
39616
41014
24176
55233
44782
40215
60289
44533
342
18913
32899
57605
4399
51
18843
35586
44011
44692
40575
17899
40993
4410
3619
17809
2975
52726
49218
6825
485
50
27378
52888
49317
6728
52709
1955
7497
52962
6947
26345
3743
56411
28158
52815
3983
7481
60223
25699
38745
23538
63766
16421
21245
39003
1606
58106
6501
23500
19167
17823
16763
5970
31656
40373
23702
20694
39205
9997
22414
22606
19313
51001
5717
2274
45557
54891
16522
48878
61264
42831
51494
21584
15130
3887
11322
30207
20100
10317
45126
57031
52198
22288
1514
2790
5315
49807
41980
44905
51274
46135
42549
37323
59930
48691
29974
52905
36978
16751
4325
4242
51864
40451
38614
10872
39813
7592
11033
24254
7906
49225
7829
32163
38664
40326
8079
6038
50638
38913
24540
9495
39306
31198
10771
22229
5862
51955
6159
7206
22297
34889
1515
31305
19039
33307
39039
42943
35819
4218
43856
41584
57372
17744
3093
10693
5055
5290
59121
58748
6003
29886
45505
56898
29607
19459
55881
47052
60316
28949
58385
36925
48363
47531
8253
9963
23856
47597
64747
63915
48301
38635
47533
64685
11680
11172
19284
47212
22453
21155
16813
16822
48014
11483
33678
1641
23124
54638
65004
62567
18854
45292
18877
12689
35100
36599
53745
56348
35084
56332
61002
35089
14887
33068
35852
59943
55292
55553
55569
31194
53690
59354
56061
60453
10638
47441
5636
6932
3233
12242
5445
5269
54006
32652
59172
55765
35627
15357
57588
54816
55688
59120
35976
56533
13892
56536
35205
35288
60304
56453
60708
21912
21573
21656
18068
17733
40336
9979
19264
23332
22061
20512
21909
17736
17557
17560
19268
29900
4438
20176
57508
57525
32030
6584
45159
56302
8109
9166
54764
47161
59557
30284
59572
13218
36233
33854
53303
53385
13530
58220
60252
34999
34535
13914
32985
58718
55353
56786
55431
53961
22716
23463
9895
17338
48658
9066
15486
47625
22241
57282
65049
35278
19882
47641
9399
39986
16411
19723
8609
12265
22444
6212
50464
42128
5012
39658
19725
20493
10671
8878
12007
5131
33369
12850
60065
57183
18451
60076
21368
9157
15073
17155
50203
50189
58031
5403
56913
35501
36587
36525
55981
56043
36523
55979
57067
36589
35565
35563
35499
56045
57003
57005
57069
21918
45289
56172
9975
9753
22540
47246
25434
25823
46391
20524
48546
14033
9465
11022
9239
23188
48153
45820
19092
12059
22976
47378
65324
63753
49137
20800
47362
28561
12027
8708
17012
9430
45856
2192
16887
10796
18611
1060
47837
48781
1524
9576
47755
48859
18426
9093
11841
26103
27417
14542
46785
53321
25807
46799
56650
13329
13074
25418
13772
53319
48076
47310
56642
51713
38070
22744
28772
5808
52748
9173
8729
22910
21891
51740
40719
11378
31696
7681
32180
20836
34027
62515
29028
12267
51557
58933
1259
62595
63108
53227
63029
59012
31029
32307
12003
49367
22309
50948
449
59945
23871
8694
3354
36162
49437
50826
32921
119
1804
11182
60994
12548
25115
26884
45316
48197
25339
56517
56875
14148
16243
28459
15605
57123
47509
55236
46868
62365
52764
52737
205
1563
26779
6668
29258
41511
51729
62784
53244
32545
3328
1268
47988
27698
49753
41522
4301
29989
63452
31452
46864
63348
43649
27274
64661
48200
6390
686
31604
12388
27627
26724
45156
54763
26725
45157
56299
14468
13699
26091
12389
54755
47157
47923
56291
52387
22572
51358
215
58716
22437
8345
3003
35667
49271
51899
34219
1363
2217
8868
60254
49975
36169
64967
4311
9961
43225
53401
47148
26750
24695
42332
62409
839
32108
29806
19294
64664
43450
49873
31441
8031
28160
20447
57974
14712
23730
64112
28416
3197
29359
47512
7857
33233
63813
63896
465
4073
63804
459
2336
63812
61821
65370
33227
57725
2479
61031
3719
24781
52155
43885
45412
2747
64960
30304
7708
52753
42628
26139
51724
6673
46944
2820
3725
25512
44330
41985
5633
17194
15782
5647
54454
28088
37746
26288
26272
46013
5279
54445
19746
26113
44662
39176
28932
16678
36249
28933
58489
64894
24435
63100
26127
54130
7680
56722
11811
44951
37401
39182
6657
6684
43514
20431
18218
40513
40050
44074
39676
16679
7692
4855
7697
16613
34817
39290
31102
2063
19096
34071
5734
43640
12044
19944
44547
43909
8063
20117
1486
29341
38075
40491
4653
5045
51301
17872
22340
22660
19088
49915
21968
23184
7979
30936
6328
9035
27448
63269
702
5942
59042
25992
8505
22050
3077
11587
21649
23020
2649
58538
7272
723
51464
50309
45747
2319
28441
52248
50312
6421
5589
63846
7192
50645
3973
27842
3266
4905
34678
34902
2141
2598
20062
60416
17161
4569
57504
7543
44636
42108
57520
20316
632
378
41503
26698
5351
46358
59368
8137
31424
8246
46076
1809
23894
52848
5610
57686
46099
56161
52831
23930
1105
30246
43206
32735
43073
41602
29594
26682
43583
37066
59066
7160
29816
19692
35800
15990
47480
2982
18078
34237
6761
42622
57088
18414
44439
42988
45350
17564
1496
31635
52626
52969
29715
3503
25999
50034
49854
6175
32617
51205
4162
51881
30277
24626
978
57829
26818
49785
1048
6255
60146
25374
16549
23112
32719
55123
24216
24037
1397
61087
4974
11009
40633
37929
5159
4441
49887
20444
23329
21169
18076
51354
23263
21919
18044
30626
6590
863
26438
15232
4845
47855
11560
48326
30218
8623
46384
3505
22874
50223
19072
8992
45698
45809
50358
51488
577
4022
26981
30054
43332
42115
31984
27132
42342
44272
3882
45672
648
7842
40206
38793
4750
7577
50559
37751
39345
10362
19564
43487
8306
37343
6889
49298
4878
5336
39172
39051
5256
6405
52245
40061
21684
8731
17248
50389
11389
37840
5509
52232
7176
4475
21114
35626
2119
31871
19288
11468
19462
4310
57596
6013
44469
39285
1322
18005
29214
10695
19881
53317
6014
3343
34074
16546
25798
42431
56648
37388
41950
47299
28953
33537
194
55490
59990
2682
18707
4230
44745
59363
52076
35829
1815
13513
60312
31697
19478
6082
7555
55150
52909
65260
46990
7851
40891
49592
35207
10672
361
12908
8632
33129
47852
37331
4563
48392
26562
63413
3763
1807
49289
24862
64792
7561
358
64773
4226
61445
45494
49362
2766
58536
57180
8021
58552
288
35072
56926
43435
27097
7860
36256
48814
20180
944
60936
3704
19879
64886
21695
18610
46709
14336
198
23521
34845
9583
39850
33536
22186
17337
54276
47992
29405
43840
26762
59570
28704
63455
4294
37512
26498
54639
21206
27194
44128
1466
1953
31608
61123
18859
56556
3603
3488
33712
16803
25193
44981
55278
35275
41379
46910
331
34520
1752
48801
27441
52011
7544
2986
51894
24706
63422
6022
28677
28383
6893
64172
5664
51885
210
55492
52690
64789
48408
7641
38330
49282
14452
10378
45061
13504
9137
33739
45077
37847
4306
47213
9504
1375
18450
6890
26566
11048
51152
34735
2993
14438
58017
29352
5402
47101
6018
18851
65114
51632
18867
45404
14812
479
24157
35249
12246
40619
33247
24486
8123
57054
48830
10450
26502
12831
57886
2742
64453
45413
38030
27923
57289
22633
24774
38255
60543
2824
1923
1940
59562
17184
30654
7162
24710
57506
16047
23126
19752
63237
23725
55713
31324
24637
4290
30478
59295
53590
32136
6086
26137
60158
36245
20713
61011
52943
20642
56728
28853
24770
4547
60817
54821
5820
59410
29055
21194
56104
43178
26630
7089
35834
46083
5287
58239
10497
30482
4187
31545
1573
61200
56777
31695
29285
17990
56239
4025
6841
53914
57312
8479
30704
54379
18931
47702
55930
8266
8326
18791
5494
2103
30915
46426
19959
1843
59335
11334
19811
11402
7501
37251
57711
54902
10851
48796
39778
65259
65169
35701
47851
61665
4251
61118
45217
11231
61139
34754
14261
17168
55055
34151
34913
21440
54151
39035
9220
53534
33126
53638
35534
55514
30737
2030
10116
54607
56851
30288
38
48937
57179
8378
32624
18477
47186
54499
30689
18975
48250
15637
38121
10987
57365
4214
14732
34959
51990
40683
54719
63456
61978
9705
47696
60556
34873
8390
58687
57129
19320
59352
36534
15615
14950
35119
58002
40211
13550
55378
23493
53685
5975
31283
3678
10873
54883
32400
31663
56555
55708
46630
30443
54689
17485
60952
28913
56271
23813
32898
16389
55941
53458
35330
36354
35541
55826
36485
57048
56713
23832
19736
32905
56841
45536
40302
36118
61372
11113
48095
39268
43893
64354
35210
5654
63473
26459
58997
47002
8811
38137
6952
56241
12070
10114
19304
45397
59137
1960
53628
17144
52213
35692
10306
40553
9910
47281
53609
20277
9567
59278
45403
15126
63866
65104
39151
49020
28912
1386
8931
6957
57462
58110
34694
33359
53338
55990
10436
22544
13884
37835
35818
60215
12645
16377
56367
59235
17776
24175
45218
7496
9861
8386
39624
48793
48808
64146
47845
11219
61673
52629
18366
38425
11782
11624
47007
45542
19644
10182
37831
47327
29699
62830
4886
10593
64254
3747
16565
37315
10442
31760
69
8332
55019
16665
31375
3209
45242
16422
31979
9503
56400
48175
54089
28896
57115
13726
17386
5183
55509
45100
55508
16870
44861
6504
7776
12452
7474
38497
47116
56078
45237
44999
3925
565
18793
29568
59848
30331
64103
3799
31691
16323
1171
62963
5227
31169
12175
40934
6827
44212
6252
7917
19310
52716
9198
22121
50279
38206
38835
16981
8045
40550
4332
50135
65098
63937
58585
300
32467
64911
12168
49510
33890
24531
50746
29569
2316
32167
1721
35910
47586
48290
30986
45684
10750
46405
13828
56260
46229
24466
15978
15034
3277
12949
32540
13720
26747
63693
53983
45840
56881
12985
60129
15020
33378
15009
13717
58696
47104
54520
57231
64652
29632
41748
720
29812
46093
62139
46365
62731
25197
62733
63873
47500
30148
63964
49072
13653
18925
7992
1228
47956
60878
17900
36967
6974
6201
33790
44598
37248
46548
15317
1612
53179
1594
62337
47370
3415
7585
63276
30135
49324
61959
41937
52973
31104
983
52907
45354
37682
43868
43223
18790
5866
18797
42933
19028
40155
37587
37181
37081
17758
5226
19810
4486
28443
29731
30195
6240
31105
29191
48982
62872
46232
678
44225
63913
64745
8039
63936
30139
15455
48348
64641
46091
47489
55539
62491
58152
33781
62477
13203
12894
58095
48337
14655
46363
62916
63872
26980
10437
4027
59870
21526
57230
36719
38083
35950
62400
45844
619
1028
9077
62336
58455
942
29195
32065
2967
57130
41890
17569
47519
62727
22955
53077
29633
64816
31275
62401
61228
2457
9423
28992
3432
58969
49620
11939
3548
33640
9383
50094
31168
3569
30239
23794
45894
47254
58054
7292
55188
45450
27809
47409
47066
35581
56781
12301
29386
17054
56437
6646
36217
33950
1195
1577
17999
33979
38082
44319
36260
7626
44608
43469
60684
20288
949
20580
38118
39080
4778
18048
31143
40682
10983
20908
38817
52279
21413
9699
19408
11732
8170
46510
1590
34445
11228
32488
61260
64297
51699
22859
35591
2553
17820
42286
8557
55383
28761
33217
42789
38660
47276
47657
1122
43129
29505
50127
43159
62257
49654
8477
55052
3826
46521
7330
61333
35907
9994
61044
5605
39215
42196
43147
21138
5285
8042
44209
60100
6626
16762
566
24090
40647
47420
58896
4219
63808
51041
42940
27124
31680
43093
51256
56779
48213
4074
38427
19164
23169
61136
19316
59348
23947
16525
20699
24029
14957
24193
20108
8397
24000
57739
5106
59093
33619
56586
3411
19531
15743
41668
42827
13458
4853
5882
41745
59092
17473
46639
34442
4249
36983
61132
47966
1950
52805
10868
51861
24260
35335
52546
11546
53463
64831
329
45721
64847
36289
31024
30447
53337
62598
43783
39721
62525
48092
37419
41619
11626
56364
32646
23180
20287
40018
19931
20097
19933
39141
9560
37798
38051
20701
22878
8937
19153
24284
16523
30200
57792
12564
56256
61057
4069
22396
50344
50405
38849
2470
7337
52450
53607
6179
57467
12644
39867
23405
30960
55995
29949
41564
8167
53050
49713
41972
22112
18052
59232
61037
5419
22140
18127
37698
18379
7490
7832
38677
20264
37126
37619
37133
23934
9257
18113
52633
6725
20740
40470
39416
5370
4422
29710
37914
9767
21260
40433
50071
20741
12067
20160
32403
4895
6310
22825
21246
763
8572
4490
36395
37586
39311
34804
6106
42112
43229
10188
5094
3883
58369
56725
18009
2834
32271
23578
53400
43231
25974
19282
35018
25347
5342
1663
24321
31426
59406
56991
45434
10520
30469
63007
57758
52700
22105
3703
33999
38562
7633
11381
61454
29128
20179
65185
52816
7859
48812
16316
61874
22973
59834
29142
39387
57778
20950
4443
12766
45534
31698
26472
26399
1822
2006
61461
24963
44430
48405
45513
52073
45080
41071
2687
61448
2659
58419
16955
7397
58499
3387
33675
18995
41531
44165
6020
36155
43571
18276
907
34403
1635
19255
52590
21641
17538
7017
37770
41150
39767
18620
17881
40250
9095
22076
17801
38247
5730
6621
64423
63676
54450
48554
41398
61630
21171
30645
58841
39382
31316
52443
46010
41389
46802
60888
55724
20315
3512
3728
36720
53678
43477
28601
20051
34000
25006
7843
1616
33032
264
30637
44029
27626
2994
31632
64191
40984
42888
46991
45167
51158
47841
43568
90
64161
28680
17623
64776
52671
7090
48389
13680
61464
22657
59408
28783
39130
58237
21466
5817
13060
45064
2260
54442
45919
10366
31644
61621
54946
44752
37206
48561
35029
40877
6568
30076
61604
28686
16947
52788
51595
17027
5947
40075
49539
24292
10635
12133
38715
8579
24373
7307
39523
6755
17618
63246
33401
59774
48655
50873
61714
21634
32143
61391
21721
28862
21977
57215
42706
270
47933
10384
58714
6930
5946
27158
8344
22438
35423
60242
27494
36001
8877
4170
27389
6754
48066
59302
59951
7699
7014
41241
59955
23353
32837
59214
28105
32920
11170
6678
43714
5731
60919
19257
4236
55422
3529
13692
17970
42042
41871
7553
15260
42350
6199
58137
33735
45070
48018
42897
27434
53334
17050
27656
26376
13776
56445
27574
47320
19058
12303
54570
43666
55190
1182
52884
51579
30332
10651
34467
52494
33749
1715
21625
3540
1575
62220
32549
33687
11673
50998
35917
58672
9050
60465
63128
22929
63135
28962
33834
32162
1862
64488
8941
64239
58512
17463
37940
39243
55017
55611
12606
40510
13877
53571
40265
20019
20295
13308
57164
13300
19957
15712
26349
45920
46409
54077
24830
27639
13817
53278
26652
56263
56710
13544
46312
26342
55548
19415
14487
26665
6843
18604
44243
15267
26027
46515
27579
4772
45102
12300
5465
41134
18341
51510
21313
29695
3113
58161
21927
21140
62873
58663
49701
30894
58592
62696
1250
24544
58012
27558
27181
45216
54060
56477
41374
44695
13833
16766
27948
48542
55158
15288
55389
27174
18844
39227
40935
17404
56394
17396
13821
38973
13818
19521
37440
18481
55627
13540
54503
16364
53808
31538
21233
34890
10982
59632
64610
34808
62822
3096
35814
29288
31298
61695
9706
61688
59199
62629
50727
29452
7974
9111
13201
44701
25354
46625
43376
46226
3419
62644
29742
33627
18832
38875
13652
46501
29673
19620
50750
34039
34508
1614
62537
11623
47957
15284
4691
43605
9276
29746
23037
51526
1674
59898
20792
24050
63072
59112
52506
32365
58177
62463
3919
21297
60735
34875
51943
28924
11296
11319
23697
52141
61594
31265
50976
59537
1867
64484
10311
35915
10400
59639
52020
51019
8265
10299
35571
51054
61541
2579
51993
60211
31303
61692
11339
23799
10041
56769
28145
25626
46720
54522
25448
28008
13872
54157
13446
46141
54802
13311
45903
26354
56630
18177
43457
41594
47728
6655
28669
14792
14992
53581
12918
45725
20290
40095
7215
37313
48832
24471
49860
52644
11945
29429
61540
22734
371
58755
52958
33171
1303
28967
9387
62974
31692
34666
27683
3318
806
48302
34500
51710
20746
8471
51503
60685
55163
34589
738
15036
1269
46323
50232
42213
5659
2358
61793
52833
25035
285
44684
48743
32578
45049
49125
62456
32192
24902
26045
24909
17148
46504
13831
25607
18974
54062
42999
43774
55382
56854
57341
12464
46233
24723
63730
37527
55209
30783
52285
64365
48243
1517
14227
27870
57361
6702
55451
20577
30560
36842
41806
24545
58027
45886
42290
41720
11303
46402
22692
34196
46309
59712
9213
45029
45823
14080
28445
48128
7977
49144
39623
41671
40857
19534
43388
19975
55622
12840
45608
12560
4857
26937
53218
7993
48358
29688
62867
51363
44287
31790
43238
47352
2374
26947
5187
65519
677
60365
41630
49743
2698
47253
27815
26372
64752
48164
63248
561
19063
23242
1350
12292
47068
36651
50455
49495
17568
30206
62866
49677
4385
1393
44461
40849
2187
3627
12199
62949
29334
27225
62952
15396
58619
31800
22225
62610
29006
58993
23031
63219
60288
46885
56487
23168
29871
33789
43507
21565
11766
47609
41316
44487
57672
46724
24114
33074
45902
12097
59696
41790
48492
62197
53175
31852
30038
32686
44946
42205
52234
8049
51376
29330
2427
61972
29422
65317
5286
29438
50388
51339
31372
29861
61700
23006
36037
61299
21129
1988
32631
52428
30181
53150
32476
41458
26625
44785
57078
47263
26029
14552
57117
53341
28360
28616
54562
16658
18938
12289
48080
31296
3061
28905
54155
20169
30575
617
53343
19350
31877
28703
53920
56362
54809
31536
55755
10744
48895
53530
16428
18181
21441
46191
1191
62430
46058
11761
61854
60935
19493
20936
18444
47953
12686
16741
8383
60014
48811
15304
65066
65197
39823
45356
49229
58
10115
4253
60166
59342
34664
34591
54714
55254
21956
22733
13164
17172
34954
59495
53635
12745
55935
35427
18432
6263
29091
11956
58665
58984
32507
7599
48201
54012
18106
32539
54065
46306
58600
4247
60169
48922
23906
21743
8539
11737
48495
22893
14521
27614
24288
54159
26519
25212
9049
48890
10715
33961
12478
54697
56393
54882
12546
36558
35993
60030
35145
55698
60815
34018
54498
34489
55241
31553
2622
30691
53279
53699
32160
2966
57132
55723
28767
28960
17821
55377
56707
31281
18383
35689
20504
57455
53625
16392
35544
36568
15055
55944
36479
59138
19733
15758
56242
20501
57045
47658
15811
40329
11403
60357
6918
14695
64399
52168
39307
45247
63293
63306
8329
47008
57964
21759
46642
56705
12101
16398
23043
47097
56833
24978
55836
8851
63065
36316
18478
22047
11973
46209
20872
12086
17247
8659
47100
23518
63772
65271
22617
48156
24663
46556
10579
46641
19935
59806
14094
12841
55018
57039
33751
14551
34362
58241
15196
60839
57618
36863
57167
33038
54378
40393
4248
47954
8566
10850
36968
48805
1938
64168
45353
18376
49221
64313
11026
37257
11734
20163
47014
47663
9498
11110
40807
6150
2158
50627
46527
17607
64051
2046
10774
38499
8810
7291
32169
9916
59104
60879
6921
31189
46730
56639
32603
17785
55802
48975
58191
6043
58464
16677
20993
34938
2078
29199
16552
23575
6662
41144
58828
18216
44499
44661
1407
19877
31950
6557
37572
38731
6477
4805
53109
40733
24100
10619
16880
51611
20349
37264
7243
44808
8136
58202
26616
27622
4744
46911
9880
27672
9887
20818
46438
60754
22945
21546
6886
9360
48226
45762
50392
51574
530
2518
28549
50568
43283
5253
31942
27081
5512
44230
3967
27752
3176
5449
15832
13398
46173
48550
16638
13245
17865
40990
54944
6935
44023
43036
54960
18684
46040
284
63502
63532
29921
30937
55966
62226
6667
39459
1018
46967
24307
52763
30044
61177
29538
60375
52734
23836
1255
3385
62905
49950
51239
30841
29692
63660
28718
20492
59020
61614
878
17196
34568
35766
2232
1942
16814
35965
5641
41406
58832
19758
44711
44332
86
18860
3080
47922
52898
52527
1202
32150
42262
53170
43026
4751
29455
26735
6882
41215
1631
41208
29448
57647
41666
26655
5262
47302
59960
44830
10998
20712
46025
59202
23976
24102
5519
61094
46019
19713
39886
38985
6215
7161
41855
38167
40225
17530
16636
42138
18034
37791
16412
42642
5582
1001
64419
35771
29268
30629
58942
62899
30412
22094
1451
3463
21751
50249
10939
58428
31955
663
51651
51531
45607
2505
65311
44147
51533
30998
7323
63994
31859
52379
3916
64526
48142
31634
40670
40313
5246
7849
52415
40887
22641
8890
17164
51215
10930
20495
5673
51874
8158
29192
38100
39291
4728
5333
50565
38333
21012
10379
19456
49861
9661
23552
8053
50648
5592
6683
13313
15658
1063
46095
16888
33655
20422
41240
59036
7709
42947
37397
45866
18421
782
6551
37582
39289
6001
6092
44874
40722
38689
20042
19471
41626
19015
37276
4476
44279
4545
37266
21000
44504
9891
30464
61468
23571
32377
59417
50867
20777
58738
4466
19878
61441
31428
61137
63987
63782
3761
2361
65516
61716
63789
2379
256
63914
57620
33024
3935
33127
359
48077
52180
43904
48772
2011
62992
50829
44567
32282
5739
28107
31351
43722
47744
61444
365
27379
25812
26612
56051
46245
25435
13235
53787
56667
27155
27669
54099
55827
54011
14036
46804
62403
64769
24318
53395
32218
50666
61457
4729
2122
39470
25973
801
32542
60917
50081
28769
36007
43250
21159
8339
47167
43648
40977
59173
48000
23134
35417
46568
60452
10395
44088
45153
56836
25284
27003
48756
45813
27723
15379
15908
55115
57093
27035
56387
16277
48933
15044
47812
45618
49838
41711
6941
30869
64188
51895
26397
1915
6762
26474
3107
27894
5446
64686
28676
1181
52935
52858
2845
3531
25899
43639
49729
4652
31434
63728
32583
53146
1648
62452
45060
16285
51201
44705
16802
30879
61616
21874
48758
59574
41394
12582
1469
45357
18858
62888
28673
61758
62632
35316
57662
31142
53072
63165
2325
1104
33091
65417
59069
323
59708
20957
29149
32915
42957
23459
57656
47050
42636
41236
11855
48412
22248
34374
45073
10798
59301
41057
45511
664
43473
49850
30641
6575
24944
40882
33400
55670
11487
63232
49021
64512
31839
28568
4561
30465
38104
22710
31620
7632
49532
21427
21022
10617
9573
51148
20338
23567
28848
41217
30420
44238
13326
42958
16882
48396
25898
13682
18714
56106
41234
44831
54823
19479
18425
25495
45057
9142
46224
1312
20039
10140
17875
916
47037
45421
2116
10376
46955
45499
19018
9317
8689
21972
47516
45669
17876
11920
37195
48273
65461
64588
49000
21376
64657
28632
9323
39677
11005
4987
33454
13039
59217
55727
17859
35415
8966
21267
55866
17523
50372
50288
60511
6347
53665
59309
36404
36432
55133
55099
33115
14932
16100
61152
59952
34619
59988
14896
53595
12717
53565
32316
10192
48815
60420
55350
8962
31917
16627
46807
49106
29038
46249
18683
59141
29706
53309
46949
39729
34820
58116
11178
56322
38631
27315
35858
33565
45416
35074
65123
54272
55561
8247
38408
33954
24003
17860
54441
32858
34385
10363
56298
21268
37744
54754
8307
19397
34210
54951
32698
57050
60090
55117
58005
12142
49057
7540
4292
593
10674
6389
4901
56390
31084
60052
10392
21747
21542
19748
18677
38432
22084
39757
11051
9872
23440
9507
38390
17189
37784
16628
57269
35732
15168
60228
56720
57192
34381
60518
15539
55035
53944
35171
35254
57376
53861
59028
23262
56796
7157
12135
9375
36938
45991
41846
62810
5571
23740
32977
42648
11881
38386
9873
7163
37432
34782
57297
8870
54238
39661
50707
33714
36023
4291
62673
52724
57055
46300
10925
16349
36497
35172
57197
56988
35404
35393
59776
56908
15540
36795
55873
60596
53867
35473
55953
16946
19403
18043
11857
10553
23132
5620
51344
41760
5156
38714
38413
11021
12127
23726
8503
19261
45627
48987
11245
11579
22240
48957
62011
65371
45661
40251
28589
685
9808
20644
16548
32101
30890
46086
12225
56314
11464
30007
53560
47617
771
4307
48652
55093
8716
10502
55031
8946
46326
46374
60438
4620
14996
48746
45729
28465
47802
59389
14029
56077
31770
40094
53765
