11615
41308
33182
4767
8103
48427
54314
25830
26150
21125
45803
4183
27486
43948
15653
18058
45505
20828
36276
7089
8119
60895
57308
38026
14058
39738
8767
45255
62148
51980
12762
60
55467
52838
52152
8171
53990
56273
41997
1464
53212
21767
26081
54118
2060
41691
44007
4880
3595
10759
49898
54545
6268
30770
59089
21983
7151
62970
37668
944
21434
60887
36485
9985
56817
45241
14396
3773
45830
8564
11441
4831
60984
36403
59534
5788
52186
10679
64794
45492
45662
25088
34651
45902
47126
57998
26110
30206
36741
14070
13134
48902
32246
28189
14214
3973
6338
19111
35813
804
2172
47896
9711
12411
31979
42131
42109
5040
13733
11751
23369
19375
18430
46691
20758
756
3948
18206
60350
48094
59469
34636
29252
55798
23603
60086
61974
47357
671
59654
22403
57166
53782
29231
58142
21278
45806
63990
65358
4007
22259
57622
34599
57870
29076
4105
24096
55390
54022
56365
8879
59371
48498
27434
2929
1692
13029
10663
64547
7768
57854
28150
36461
48078
46262
57630
3891
36659
32787
15414
60222
46838
34765
25270
14358
28739
5979
42944
24913
7851
54694
3457
54134
45015
24631
49895
53985
55638
43777
44640
23943
55942
56223
52071
23490
5519
7911
3051
41812
941
21712
21909
21883
54439
2195
43233
27525
5193
47979
18022
64743
1249
727
48861
10731
32993
19665
41900
42264
48998
12295
18406
22736
16811
3153
55555
24041
2989
3936
56648
11691
18401
3556
26854
3803
2503
38887
16550
41260
5890
4609
43959
62047
46033
48855
11151
26033
58196
62521
13258
13631
5127
32458
22753
37514
57319
9655
20438
62935
10743
8701
37600
40092
61853
64269
18209
40224
11197
63815
16454
20193
38924
32257
28693
10883
18257
29278
7624
18743
5244
5772
7922
4712
32174
4899
32565
10178
30167
8603
17481
40445
10555
9535
64330
39517
20169
37620
63830
62810
11167
18368
37716
61766
17984
60877
3006
10402
16456
20290
55483
132
8408
11432
46212
45937
58100
12242
1406
3058
56516
20072
32413
4811
32203
29439
45457
55124
10088
7615
48030
6157
18274
11874
526
60500
3329
31430
10807
44025
32038
57480
7838
36171
45006
54565
7737
5182
19544
51332
34385
5273
14278
18112
7582
56388
57644
31025
15424
7481
51541
41253
32840
35420
30619
41092
6718
11581
6809
20320
48392
5575
31223
29021
30660
2387
10350
7117
4947
766
18593
12137
5983
59034
166
59900
56415
9385
18240
17953
658
3363
9438
11950
47146
3892
57803
11993
45199
54213
2755
58284
7357
56801
9814
30717
35820
6649
52517
51168
19771
35878
29361
55076
4606
32280
4279
30118
29676
37210
31062
10072
11470
34752
54595
18739
8185
6398
60936
52122
19084
8393
36448
8891
9962
62139
11771
8959
65002
9766
62207
64959
64806
61994
11711
65019
9258
62182
9446
10903
16416
39244
11575
10813
61728
37249
19542
37371
61569
39248
11677
16584
63949
19521
64759
31995
7087
41283
60033
58148
40499
6450
42250
43802
35271
34297
18626
43347
5599
14150
4498
60161
11976
42982
60573
10334
36121
7666
41594
65164
34624
65077
57764
44323
4719
33495
6075
19649
61235
54085
28801
29998
7080
32968
49921
54295
7986
5592
31694
50270
34290
6290
10556
18218
63134
31170
19194
16786
39257
38906
40143
19546
31806
64649
8226
14643
9797
35214
63311
10559
23133
11020
11359
48219
14773
19001
36018
60419
39911
15589
47419
64440
2608
40887
39508
19006
49345
60874
56270
55473
26358
7987
24173
48630
26682
26646
54833
24260
5596
34506
39374
17999
46706
22023
55551
56171
64101
59407
22645
13200
61767
64325
55883
20873
57771
62311
45960
59022
47570
51639
29122
3320
15018
7000
15232
16320
35024
35865
47649
52455
48130
13062
7992
57637
32863
29547
45973
48724
13580
26869
36184
32263
57643
15756
57476
34368
1417
13179
33090
60746
54411
25421
46586
48079
38649
17338
35049
25431
4686
51273
59967
30750
19202
39246
55356
60458
5169
23003
31481
32082
34230
46160
51180
51900
31512
36576
28734
48363
4689
13425
45616
19525
46465
22139
54517
56991
62887
58277
23946
20492
19531
64807
16431
45346
60932
62491
47136
19765
5419
28557
8387
60658
34387
54524
43911
53079
59204
12597
31278
2877
55451
35151
53804
59189
63940
58381
59989
10068
38076
36037
61960
17084
60395
37612
10804
34000
18825
16347
15502
16430
43512
18377
16894
56561
26966
8259
22477
1984
64570
27702
55585
38852
6476
63834
61682
16698
39618
57598
54218
56146
34393
52938
22735
57801
2126
26761
19074
21827
5173
34382
40244
59700
54996
25548
45764
48737
51702
19390
33046
26211
52810
49686
45121
35034
16817
37114
54333
31042
55668
44892
59390
7629
27127
55549
27859
26883
15667
22348
53307
43836
56420
32965
54573
59023
26363
30903
47199
47275
13989
825
35058
29029
12679
14373
46635
33224
784
13063
34511
7292
26989
53435
55911
56747
42662
41392
23659
3238
5905
49424
53277
49366
2416
43288
49645
55768
36856
21661
6065
58061
6772
45270
54997
50702
55547
56431
32571
1088
61260
4909
24763
56027
33784
47036
56514
55487
38348
2617
24164
61180
50995
52954
17208
22468
793
51638
27320
54801
64110
14943
53748
56174
46719
17996
45943
22168
60175
57768
17485
46217
17475
46216
62305
237
35236
14834
445
31729
4306
29654
5760
49355
48027
4354
32545
59941
31258
48971
34061
48406
50792
26696
45299
45519
57227
51187
32745
28504
17337
16898
46808
34921
5705
55351
50973
45431
16129
29537
46745
46932
27143
12695
35928
31495
324
27785
47585
34380
59788
26129
14456
1916
13579
40242
2668
267
46157
35692
59683
15102
4944
45725
45291
37205
29664
7728
33393
56342
62376
12591
56051
53663
49025
64758
49034
14676
58281
57860
54904
22681
17959
47143
64285
7632
13421
17677
5632
47021
22944
38912
35755
58016
53725
27760
47645
62422
61302
41197
40667
2000
26125
51341
47542
7352
54605
22380
3872
28669
54519
56987
56033
43200
46800
6956
26392
5757
37725
1888
53611
19448
65527
2576
40653
20160
52502
37452
9249
22381
17200
41056
23213
53719
26888
45153
54985
55122
51888
25081
23759
48311
7476
52277
55787
20554
2441
49361
24856
47848
13999
31676
48223
47279
33788
60039
35060
29034
27706
26650
58152
36033
58153
27324
13320
47387
37042
29350
48299
10331
62806
58480
61886
19715
27670
63542
9531
35693
9957
27046
16235
45265
40957
25800
48580
48750
55007
4170
30231
26223
19378
16824
58701
29913
7955
54331
49249
5644
2524
24599
6810
56830
44262
49491
27806
27649
55119
41251
55229
41013
2371
56792
20908
3512
20288
46220
55247
690
4356
53
9958
46714
10414
11425
32507
58483
3865
7005
53271
53746
54229
22526
6798
5092
49690
23124
3689
52926
43461
42425
56175
1993
21412
52547
2629
462
29770
46117
53284
57214
8459
61585
21864
5088
61407
57368
2916
24527
65438
60322
30262
56737
18803
59705
3422
676
48495
28806
5584
45127
57954
11707
17053
48965
32554
45768
17788
47555
46645
63669
3397
1668
20130
42818
36788
32629
10474
20446
7375
14452
42644
17513
22522
5717
59686
63030
48457
47668
27685
15688
59223
35995
24612
22873
47006
28817
15041
53566
37200
55718
9591
15865
2458
48466
48065
34716
46147
59962
9653
60270
7592
52933
57472
46583
62118
2810
30336
51285
55075
4143
58030
63277
21700
48931
60953
58580
338
24143
37016
8965
36092
45159
58588
34172
4293
48382
22503
40384
14235
12808
56718
22309
48305
61574
59974
3441
15975
96
54908
22684
2501
56404
53965
26617
32531
3900
9386
20078
257
38915
1667
4956
42848
7181
58156
26552
4510
7076
65079
47651
44722
36600
44357
41497
10321
26610
5091
42960
47852
56057
2341
49203
4490
55614
49477
20772
3162
23794
41023
43603
56722
255
27076
5956
41413
48274
9093
36093
47423
46367
43219
14792
32410
63694
26970
26026
6146
30556
13823
27715
59936
47032
57369
33281
47090
7858
36396
59712
65118
36260
26403
44771
61176
34717
9525
26604
61399
6084
48922
29717
63
1298
19560
41215
13985
18128
9454
9953
45758
13316
44898
18530
45107
9233
63252
19372
8865
10666
39295
20343
39449
19108
64375
19583
11290
39784
63401
40871
65377
10735
63455
41213
19471
19130
7488
10969
41456
49453
7581
5776
18410
53280
38842
5709
64004
10734
64722
11445
8798
9301
64222
20357
40755
10686
64389
19262
11493
39874
64453
64005
63746
9759
30780
6638
10495
9722
3127
2063
10752
7397
520
1207
11546
9997
954
2440
29576
30446
17036
5662
57778
57523
48166
19288
5797
7445
1947
2800
32213
7598
17612
2381
12168
29563
12562
61535
29083
29589
7564
58944
44551
44424
7764
5388
29045
54665
14581
8324
13163
30072
11916
42503
32152
30105
13855
7508
55535
62344
12615
59471
32121
41353
5386
13159
4321
29809
57984
5185
60264
60009
56630
3083
6570
7194
19794
53328
31866
4753
29776
16446
47595
9243
30752
5505
11515
9461
3367
402
8204
7658
3743
1447
11285
11780
933
28719
1659
17885
11084
51623
19979
16389
63214
6049
19240
40744
39120
8658
19923
44151
12188
62214
6673
61419
36078
63988
31499
31237
7244
58576
42903
42817
10132
6556
59365
18729
15541
10820
33805
9758
37246
16803
11694
9893
61566
16501
36883
16482
61813
16670
11541
37218
61797
37029
61550
9697
65007
10423
11601
9562
63215
16519
37689
9919
61831
18575
11754
37320
65113
62215
62728
31215
11136
62544
29279
29897
14804
4622
56286
62525
15161
57908
31961
44005
5125
15033
12173
31006
11840
38288
30626
31333
35090
11933
18509
62765
15381
59166
60531
63520
9104
35491
9037
30447
15828
43355
30815
29642
7296
58169
43952
44091
4621
5120
29146
57312
16074
6541
14015
54305
41454
2972
7160
6761
27374
4912
23065
2724
23344
48338
56442
23544
49589
25686
41821
55764
20974
32454
55055
55993
38017
229
33584
58205
62087
19256
7402
36443
25013
65484
24766
6866
22484
4457
11451
10678
20692
60119
36892
4196
12759
60881
6099
37224
14268
22201
23231
4212
49448
11690
11681
9895
37672
5500
37673
9903
52858
6271
4473
40596
51367
38300
49297
46814
23867
57779
48398
46597
13627
45190
14053
57522
16006
59531
48597
15630
20816
13254
22221
1323
42866
55200
32418
28832
34091
20341
44917
20379
27941
3698
3445
42898
63392
24736
44955
808
24872
19605
30895
30375
43634
809
42096
55963
64373
19579
377
43922
26791
42128
34463
46145
23617
60268
45713
47530
13377
59690
14714
60004
22396
57889
48154
12961
22428
23148
15092
7981
50989
8870
8878
10662
40749
7971
40739
10670
50979
4734
6003
38813
49830
51622
39326
5515
52619
59289
55387
54789
22911
18053
27175
47512
27431
3199
7653
35999
41296
24471
36946
3901
26388
1900
603
2309
36669
3879
36647
32753
26592
29323
2003
26536
26537
27062
28657
54910
26386
259
4450
4195
43487
47637
20691
178
52441
6100
56597
20914
22371
43530
27310
4920
20767
7152
10431
9911
22034
58137
39440
6754
14357
57627
4569
39778
12647
21488
21496
2799
27697
53655
31752
31420
42516
1255
41756
55025
61815
16657
3290
43176
27580
42665
27224
47474
26413
48464
3234
2659
24814
2592
26166
93
25061
478
1907
24923
27894
20485
22939
239
41247
20119
32008
30391
33592
16503
41753
17400
28393
2271
473
44719
61799
34135
41135
56753
36604
24993
55284
57194
18561
53299
41955
33580
44074
56180
17868
41310
44723
41452
28
30801
65271
2522
56068
57273
6659
995
15526
23562
19821
9894
30151
30998
28341
55230
17196
56994
27493
23394
57310
7139
7710
28596
4031
24339
41987
45010
54117
2826
23524
51221
3957
2050
35011
49014
5503
56954
60064
38303
21208
23456
60113
59351
947
21681
65060
59309
29573
11928
64938
47676
48642
1283
47545
58757
21088
22471
60525
59744
17820
46102
36435
48308
8313
48322
23401
17893
1582
2163
18855
43678
36113
64768
17876
19932
46261
34148
43902
17071
47689
7518
40531
61787
46660
47130
55522
14065
58783
62341
20633
21887
5379
60823
14404
41349
8326
6059
38821
58954
47007
49065
46698
59687
51382
20988
10430
9910
12176
4915
12953
47345
12144
3231
35737
5507
6434
4725
8198
39323
22545
52742
58132
57628
1193
21492
37410
11790
31271
45409
12650
16040
4558
5043
60968
9782
38277
12409
52613
7906
58364
40283
39107
23927
58140
429
64406
1356
3166
1027
53434
2602
64950
28010
16996
18796
29590
17875
27562
57025
55926
17101
15196
35665
56942
5027
16955
3859
28437
36663
43123
56850
9302
27566
23459
64390
32572
55199
44549
49602
53300
57050
6943
24820
932
50133
42586
41956
57257
410
28180
52297
53381
45742
15253
35730
46292
45785
2846
13508
32596
33859
24329
28644
46245
57945
12863
27509
61219
60353
14265
14095
47982
48997
29313
58435
36643
35306
21109
638
61383
12946
13045
12935
60122
7103
24243
31088
996
3801
18016
41892
15585
35936
18909
11494
8122
35249
44575
19883
46037
55569
65085
53510
55208
20375
62497
53472
37680
17245
52247
11080
16972
49595
65104
43692
41149
17537
36411
26990
11208
12236
4467
58160
27749
23678
56738
54885
16951
2421
16070
53278
33629
20363
35640
60359
53762
54453
40765
4073
24538
61377
52181
4830
19248
23487
27577
38080
36696
17192
61716
22865
55471
54122
48361
17193
23303
23688
59137
59911
18508
49132
63738
47588
63151
58763
36334
23293
30811
29638
46869
30437
23696
22347
47022
47781
32390
47398
33203
47646
12290
46619
39755
26008
45554
45925
56809
6725
36263
28031
19983
16391
59456
30073
52069
54664
51819
45169
15732
30887
48532
46506
33576
57388
33577
30383
24873
2175
60972
33176
16026
26279
13729
47480
14207
38606
3240
29847
4563
29815
52566
49469
7773
4099
57895
8323
36009
4925
16296
55931
64626
12436
56466
54437
48506
18976
24236
23841
61092
57516
19232
46378
64405
46369
62635
5853
37342
11776
7437
9558
38283
9702
63205
8194
41440
18571
10294
63499
40195
49152
37821
2797
35617
42445
48315
58560
55066
47639
44293
44510
53912
55721
31622
54656
15351
57153
27297
17741
15149
31638
20123
17392
62795
32544
16198
32763
38976
11853
10278
15355
35824
62358
36861
53480
36392
45415
56671
54537
37688
41
21273
58360
49465
6367
20103
20991
28329
50871
24744
61313
15599
31753
45572
46089
33841
61322
33850
31412
27625
3028
60295
35679
15193
33879
14596
58445
14098
59301
58013
58512
36653
59763
35347
31150
35616
31565
57920
36002
15525
16272
14958
58168
40513
26895
47295
46522
56533
4889
36023
27871
18187
19120
60988
31207
52842
55778
37880
55377
25002
43933
19364
19116
382
17379
35452
43635
35811
31981
54794
35748
61702
26662
812
3508
49578
65265
18353
10764
59521
28886
21475
37676
41690
7140
46602
28350
12550
36412
53274
8555
14182
12731
19181
18384
10193
35329
16488
12502
34316
32984
8294
16812
34776
40151
59920
60685
22528
15966
9745
11543
47330
50017
9727
13189
50026
50463
58880
10490
52760
24291
46566
4452
52727
37220
57789
57520
11848
46038
13621
36889
22739
48850
4201
14542
24240
38988
5708
29186
34727
26527
29982
32022
738
65390
57198
28537
24819
25886
30976
55283
63261
26501
32633
18434
43008
27551
58751
60791
31864
21919
8107
25719
40869
39291
17920
4757
24184
35705
54149
7165
52470
39789
60260
60012
11085
46154
13386
39443
23626
47892
6755
15601
23404
52246
10819
58020
21164
14225
9246
11286
45684
50430
9470
16170
51955
50206
59820
11510
51997
22314
48938
48792
23959
38802
11778
8192
6002
5509
24439
51488
12921
59256
45225
21151
52736
49696
57385
3837
42851
42861
29374
31158
32333
32538
28442
65350
26419
734
99
26612
34668
27926
57158
56334
26553
41380
16813
16480
3551
31350
32976
40985
64748
18392
55733
33037
34656
25066
2794
11119
37296
15215
17380
16876
60635
33700
19117
14871
33699
34429
10855
19363
33137
15317
9173
31915
27494
26635
59880
30700
29149
24328
54689
25558
37031
61553
31334
7847
25313
33248
1136
46863
26460
52632
59307
31142
56692
49008
26086
41004
15840
32237
2314
24075
25254
52601
47495
18184
33200
28162
28881
57836
56287
61537
5028
25557
26042
21476
19127
56938
37233
41705
28896
10417
64954
63489
11505
9466
11759
18764
62506
63210
38695
8751
9914
64657
62202
40679
17884
60687
36281
55606
8799
20314
6592
17546
51366
52310
6253
5472
28682
54550
62153
7373
30442
11934
63733
39154
9278
8757
18510
65486
20418
38211
40789
65422
9109
19283
39822
63525
17701
59586
54458
11693
17188
20041
1120
46575
10192
9888
4049
48108
58819
10973
3818
683
56079
16804
30044
7358
30814
30149
47708
4623
8288
6581
621
46246
16489
8557
57098
1985
61016
31835
15301
57129
57387
60965
8108
34461
44753
41639
4916
6364
29781
42436
34862
4756
59952
19803
8106
44073
28737
32330
10290
5684
50671
56191
34460
33572
17749
49241
6362
37168
6036
19373
58768
6337
31889
29850
252
46930
10860
5818
57038
54710
19107
11108
48901
32244
48555
60664
1029
8868
18989
19235
54528
45090
8668
10668
1348
3612
58617
9172
48757
56914
3154
32353
9164
52711
19917
17859
29044
7412
4735
11912
61830
18574
28778
50985
5226
34940
4529
61099
33187
16442
59227
61269
5836
31366
41580
44492
7156
5228
57509
57162
35667
8644
29558
11454
39939
64526
10494
9717
18414
17731
62789
63957
40485
20014
10677
63646
39059
38885
18899
10129
62105
40184
9777
10298
19247
61633
17236
37961
36951
38287
12186
16732
65076
64551
18727
29330
5029
43125
32564
60298
57934
5342
45038
55326
33882
36671
29941
52997
4821
15173
7854
30644
12224
37504
29438
58515
30687
6254
56958
17037
35619
29250
59914
52853
5477
36074
11213
19295
37578
54640
58767
32394
5024
33620
52205
43104
5341
4816
17610
44989
36415
7853
9273
16474
19075
32837
57242
7826
15753
41721
43860
33108
654
49801
10066
28469
54051
32046
64969
60879
46630
14337
4815
45755
15637
5258
15198
12718
38711
12853
48635
40017
46310
16087
59018
55550
7964
49860
57230
54753
27606
44994
3680
21181
25946
26022
56161
3785
42424
43834
5443
2242
60427
52361
4900
5245
35657
58847
21861
23525
38556
38035
2920
20681
57371
33072
11023
8596
48482
24023
47198
48033
40051
8895
21205
15936
12678
15146
7325
51001
59323
39036
48840
46165
57225
35376
48709
45876
38796
22574
32204
63320
12363
14028
4692
59037
26052
60555
27589
5571
18594
31710
3657
1156
22581
20202
13577
64489
44866
41882
48114
34174
12258
45636
17514
10899
47297
48411
46234
3790
65052
61365
52282
20956
60449
36150
19956
46898
11188
11133
46576
1273
8708
48258
6947
54596
36224
60949
22218
51082
39469
61692
3666
20546
58324
31816
58373
28921
4699
3629
54725
2974
61738
20394
37609
24199
591
26755
31828
29422
11938
18242
54620
57589
28730
13174
49093
7108
14556
23379
63425
36529
59195
39996
57796
14982
57146
60955
12691
18270
53303
36303
56990
53921
27942
54597
25275
28155
41610
25318
56657
41679
57111
36234
18741
54522
4933
24371
56970
8066
43913
44607
2138
52175
25902
21849
55442
1522
42078
2878
49914
45822
19553
64474
3903
1304
21020
20462
32934
36054
42489
44896
7869
34058
16609
24115
18542
30671
56580
28300
754
57019
42816
20142
34790
28019
28213
25111
3576
62186
18337
64841
53853
7007
1232
64712
46399
46363
15237
21332
59539
35778
12487
13813
47883
57692
21421
40071
54329
10543
44065
31827
19615
55959
22923
10825
23088
2653
35973
3211
5927
15554
52471
14677
64148
6705
52353
18362
5969
6743
39391
55687
64217
10756
38890
11503
5943
63247
44231
39610
43457
55947
51005
45511
56075
54454
26161
5328
21980
45249
26855
2257
56374
22712
49846
26199
51915
53288
45545
13660
57000
54119
63007
60673
47343
13192
65065
18511
53575
24298
58887
61609
45284
61
6105
38092
3419
1728
14062
5892
11144
40760
36325
29138
45446
37516
6665
32947
6868
57390
27947
32416
48798
46502
12414
1317
34085
28834
15654
60974
48422
36251
28320
13734
32914
58959
53737
25488
47359
45927
51787
18447
29051
26226
52037
6939
45383
34933
17927
39669
54152
31044
48339
23222
30623
2455
35092
45661
57997
13373
33399
30591
1868
22502
47363
36716
46141
18722
48499
20646
53906
57248
63858
61102
48766
13613
63264
16930
55072
23843
57510
65440
46381
18062
6009
24400
8642
5824
27169
56216
3298
23010
15433
48200
53638
27520
55977
35482
7976
59966
26429
29366
59230
47446
15070
31109
35301
31166
13030
59374
48182
33291
26448
13494
35278
4139
44363
56412
53659
55030
43393
5696
51516
55752
44167
56369
56614
52424
52726
51543
42653
18063
49464
57845
55391
54023
26155
4921
21264
46843
26661
2171
53639
22770
51383
34453
38607
47672
56531
26121
48056
49084
49217
19467
29137
26324
51223
7697
46908
33255
19126
50935
56034
2605
56691
51465
48379
47606
24635
53666
56532
43492
20784
48445
1856
44265
54883
26198
4210
45185
24888
32009
48641
45831
14063
1511
33593
30399
16010
59535
45447
36447
26807
12298
24664
53831
25757
4088
8188
6395
42076
52934
22731
2134
45629
52023
54061
24396
46144
28475
44603
5249
23204
45318
56264
3250
13398
816
35832
60316
44247
35632
47854
25019
2585
51724
21341
7997
20580
7932
8894
11697
20579
61402
38765
5987
16090
15638
4308
40548
57372
21964
24513
4904
51867
10407
10415
11435
38032
4905
39826
11429
49449
52085
6770
37272
5232
50855
38559
46395
23032
61104
47195
48303
16375
59013
15535
59241
20960
15143
47391
14347
47655
20656
12482
2112
42392
55915
29541
32271
24583
64357
44447
56743
322
28041
1416
43589
17785
26139
43851
2124
35423
19198
29546
31503
41879
26874
43167
16793
19230
63609
1160
42051
1161
42061
33092
45639
14030
61288
46231
48733
22198
15513
15885
59574
48248
24038
45885
13431
57475
22808
14159
6944
37012
9387
9381
11940
49324
52117
40337
11948
7202
52522
5409
39456
5418
51835
39970
56966
14738
31124
54214
2971
21840
61891
33106
60757
2881
26752
48939
35402
31269
28449
64910
48006
26061
47777
1216
53848
43452
27639
27915
3510
3291
42983
57137
27159
1408
23277
23329
54603
41138
3776
7933
5988
27061
48966
22372
1897
49724
22483
55583
24269
4307
44999
28667
7740
21704
8189
9658
11186
21447
15978
39023
6391
60958
14553
5179
40723
58585
21837
24129
1073
26353
16890
31668
29025
43619
1082
43885
56566
63514
64534
1556
43252
796
41980
35524
3885
41053
32083
3069
53694
27050
31299
27889
1948
26678
27674
53486
33230
54838
25942
35230
824
43618
53607
30911
29035
33776
17177
43874
19440
24889
26645
1554
41471
18960
26295
41976
54727
1164
44864
20329
18606
26764
65205
34830
43153
29394
64490
56157
36633
29811
3659
28407
47185
6771
49569
11012
60429
14374
58339
23460
39837
52362
23523
45486
20830
60028
20972
4908
11886
8406
16062
20434
16600
14294
36799
18272
14177
34233
32864
10081
20073
32872
37594
61203
59394
46199
12635
9503
10523
23417
50687
8949
15263
49401
53093
60584
11767
53099
20869
45957
7928
6464
40552
61106
59240
37440
46389
13055
38754
23861
21017
5986
15819
48919
52503
8265
29877
30181
27209
59507
30164
42889
39806
56826
27986
22062
24778
16911
6814
62820
3122
35689
17331
1061
25674
32378
61423
35045
28196
7833
26706
65406
38313
31650
57246
24415
31508
43203
8176
9802
40720
61289
59582
49436
21241
12749
39009
46927
20787
6385
14663
45875
5915
38901
58537
46467
14887
8725
8980
23939
49730
8700
15709
51522
50938
60942
10747
50164
48175
23449
1436
59785
63779
17667
58018
52775
44627
24146
40351
29300
16101
45656
28458
48933
53805
36250
45974
54604
51830
58371
17076
28124
15274
28110
44385
48270
42810
3777
23082
30163
45437
52118
53963
25
44792
20066
18280
27925
32533
34664
42850
62169
34768
56767
36530
16592
28215
3895
12138
58389
16154
20185
17646
39897
36383
18602
14514
34066
33546
10338
20322
33796
58078
40627
31598
54230
26830
32740
28785
35868
28500
53926
27489
62890
63910
16829
56986
26017
35027
1091
593
44
64916
29358
19725
42867
3875
25249
42909
36579
34684
3492
28254
54758
44588
31114
19391
31255
25026
58340
59005
27605
37796
7075
27503
22106
21411
31931
4506
39597
44089
29653
8727
62829
20328
9383
11949
38304
64359
39019
18598
19217
63600
8989
40732
17776
65393
39793
20449
35250
38558
19377
31934
6472
12252
55879
51857
8594
7320
31214
17989
59859
8258
65464
9451
63167
8886
11355
10335
63162
18992
40644
11706
64566
63546
9967
38861
17209
62646
62651
9489
29517
5259
11761
8958
1608
452
8456
5871
3023
2152
10526
11010
2158
31295
1745
30171
32653
5451
61117
59236
5773
56497
7343
6431
31986
53707
31007
6299
31693
59950
55777
30742
13240
61759
30454
29016
10638
15862
57221
63826
4953
4702
29672
43209
58935
8585
15901
30743
6637
42705
30455
30552
13495
5721
44165
43520
60737
15415
32744
53556
5982
13585
4583
29207
6632
4679
61292
59579
31054
2742
7837
4941
18117
30610
29677
5271
56328
8579
2022
8726
1768
6279
10742
8696
31119
1779
8718
8077
1017
607
8984
8969
351
29001
278
10470
5661
43377
17328
29355
33958
6823
41328
49312
11997
15120
32541
56337
7597
62939
5911
29414
62465
39972
29878
19208
9806
12982
16421
61694
10905
11678
12264
64761
9431
10057
33499
9499
39588
20064
10411
11439
63914
17168
38756
18281
63510
64538
10527
40557
18969
62886
37805
10471
65291
9649
9815
10077
62464
61895
40139
11184
16689
64640
12269
36924
18816
62417
63704
29912
9096
43702
31944
30975
12394
7250
43226
62412
14140
15946
30239
44083
6159
16316
6891
58493
12104
41126
31595
16818
61621
4523
64332
65436
12822
40403
9966
41238
11160
36704
4123
29649
12398
64194
29121
30974
5768
57404
54231
42696
6994
6152
30238
54325
58691
10882
13745
36777
59661
22878
45046
43294
633
47350
14413
21230
55581
16966
35192
22125
46702
2351
57859
28581
5026
41890
36812
13441
45587
11206
62093
43038
29825
29239
25618
40795
12235
46098
7843
28115
51673
9276
24581
26322
58198
5898
39816
37575
30091
30768
45550
40785
6671
32461
52404
65277
14963
31347
20112
17403
65264
30629
14110
34661
37883
40525
37670
14946
31330
17190
34670
56997
29938
13554
17094
9309
52766
30650
34783
12878
62557
62011
54114
35332
59908
50018
29333
44502
37964
6519
40960
62859
17238
6060
64296
37527
5851
10288
20029
43688
12177
53517
52321
25293
26956
32540
592
2306
33478
30617
34687
34666
26891
33419
27091
36776
2456
2518
34804
55193
17746
38603
56764
17857
51999
32364
33140
38962
42497
63617
57263
33697
28772
51967
19792
42849
61651
17382
55207
20376
64412
19968
37330
61699
51816
39752
65356
37819
16386
55932
65213
29189
4008
35224
3830
110
25314
18419
63262
33327
24685
36429
30987
65389
55805
26962
665
41045
8100
43679
24684
34113
6357
4540
40584
43903
1649
30764
42466
49160
9153
5682
6042
32768
10760
52996
41066
50804
2261
45498
15928
52207
17729
10284
34523
13249
45247
1506
9996
25164
23251
47830
28567
27007
32764
45654
12941
15302
2424
29223
1812
22797
47374
1889
23501
42932
22150
28883
55049
55999
39772
3408
33234
12547
65368
64312
51946
32770
1739
20284
28109
18183
955
34130
3514
46596
43999
56828
37236
34866
34241
14465
19128
61540
5777
44815
3584
33350
38208
9504
36752
33867
32752
11926
63565
65174
58443
57926
60205
62363
9115
31645
39165
57882
62479
9391
53824
54049
36773
28205
7110
11939
21281
28620
58322
5576
21848
62418
35806
16227
19564
56522
28615
24681
24426
53846
32406
2995
41063
65520
37046
3340
56586
20675
18531
3787
2531
52987
46397
47380
49635
42177
7337
51055
25840
42677
1903
6288
27326
23334
57228
44795
44491
36539
7926
5994
33483
59379
59242
34671
6076
58054
42863
61110
7622
42936
34802
11875
7862
60870
53952
56761
45747
30665
18277
58106
3511
32496
10092
20071
3575
6090
45811
56891
52891
27110
50493
21744
25062
54513
56327
50952
22801
22192
27430
2749
55440
1816
44844
25280
30339
38531
21053
50376
44797
14148
30613
34814
54520
56976
54412
18114
14018
50220
34809
12132
48117
59889
54728
56150
7369
28927
18604
57792
107
268
10341
20331
31834
47566
5582
44871
35998
36631
8177
6384
44033
8398
59568
34829
47549
7351
43165
61281
60661
27088
61493
13022
21442
54210
28235
25425
20133
63298
30666
661
4945
53958
38079
59028
63124
17519
21060
38366
18597
2766
25928
25692
22213
54609
48391
56409
43291
42668
13413
173
4688
22852
17508
58846
35517
10405
54600
55570
63152
25937
7609
11431
21596
22186
59665
4800
24750
33893
62644
4087
8071
53063
45644
45883
25158
27453
7830
51453
41787
28560
2141
5272
42072
6285
25174
57143
2375
15518
53185
22974
52388
12494
53696
49501
55536
56425
2517
31989
23025
51357
28725
40884
24417
3061
26056
24674
19559
61695
45468
55472
6998
4362
14781
60506
43515
18533
21966
25152
42916
42753
24566
49331
33351
55542
31686
33373
20662
16380
44501
56508
56426
28112
44701
56139
24145
20896
62482
62889
56744
58274
20564
45292
56389
53295
44583
20770
60938
55904
21280
27863
39000
56022
27337
25449
61169
7253
41908
17212
47412
46356
34887
43726
6153
47025
52235
39034
15723
45113
13059
15020
7086
8889
24498
46357
46734
46196
40054
51663
59312
4500
16063
52318
14484
31031
4499
7082
54745
60566
62914
30025
41202
44911
51204
35323
10323
55605
15441
44219
33135
61404
56517
55481
9532
31943
13812
57370
51662
50612
63688
14785
30969
6614
35768
45348
52430
44378
50830
27123
3156
6655
49298
6533
56629
2606
26426
42788
4595
249
49209
13171
44788
40086
58382
17082
58
46228
32973
16460
23694
43460
36532
15393
3779
20883
50211
42711
33288
15980
54991
55125
6864
30456
15048
58583
52532
51906
42763
15681
30551
52668
33559
50826
34753
36343
6804
56819
55939
9821
35485
31372
42831
42654
42958
64827
30710
44489
13868
25408
64927
64352
29538
32265
231
54514
61592
17783
24898
24671
28248
64587
56985
24928
64069
280
50957
41404
26191
26969
48312
5727
43602
56032
48458
47679
26599
41268
5971
45164
50919
43079
20898
46823
62313
64096
19451
59401
21410
58144
54863
54290
44053
22111
57760
53608
22616
11134
14516
24053
13428
34227
56820
61362
51908
46650
48170
62
65050
22322
11194
6803
13589
14340
52141
9772
11018
60422
45939
47187
13460
9251
51796
21518
12717
13917
48044
46730
51348
26824
44283
17175
30905
29024
29504
55545
62706
18965
26319
25442
24930
63224
56160
1751
61951
23690
52927
55683
23187
49923
3695
7669
44964
54762
2370
54738
22650
41118
4713
1999
51138
44022
16799
57647
64286
62383
21073
56131
24410
14218
58287
57866
54055
21295
54063
21287
19187
27585
24908
63516
31674
29036
64509
25802
62707
64531
53754
56163
24932
63228
25452
41313
35898
17786
53933
21049
34062
35233
15720
1422
50608
24087
57957
11696
18806
24565
3953
12991
56980
41566
44759
36151
56979
53932
36510
42485
36805
36421
18268
29267
44545
63943
44903
36177
41525
64718
52540
16092
56259
55484
33134
53187
13811
15635
29132
30963
41409
12492
50620
34993
38707
34170
21129
18221
17678
58021
52639
42382
12368
40231
2452
48469
12815
35105
24469
43299
3620
28307
2132
6276
25230
53087
52174
565
42483
41523
8191
6387
46473
50212
54404
50489
1525
63034
39989
60957
54212
56149
34824
50484
14023
14551
30461
29015
64594
12365
50373
33558
11572
42378
43907
32075
57236
7829
15704
44879
64092
33164
31069
10071
49746
35131
41875
32806
56895
33267
57807
16703
26702
25439
38750
48707
44885
63365
4959
4691
30345
41791
45887
38537
57587
25420
35977
19229
29540
31497
41384
25412
63127
63607
56062
53657
27480
64077
25689
43542
28996
54092
56573
15497
62308
64109
20911
54084
21415
20775
60169
57767
55827
21593
54301
23384
16884
62115
7839
48719
33396
13570
15284
554
21747
23354
9650
60259
9593
50482
46466
13593
57235
1418
3691
52099
44884
28429
52920
57151
50348
51436
7925
4711
1398
50067
4059
49858
3791
30266
48637
64565
25540
25453
49496
46388
41911
41271
6997
6151
1606
42181
46365
40018
60868
33284
28284
64812
29347
19718
41646
28563
36762
61987
3411
682
36257
32854
42246
44436
25226
35604
898
50050
41517
50584
58019
18211
15050
24467
46584
48076
33538
12367
8239
8962
2890
31587
41910
34502
604
3498
2922
35162
63907
34042
56748
17046
16822
62892
24732
451
25843
1414
1937
14149
25549
27236
52658
30270
50768
52528
48016
4357
2426
14997
2625
21243
32094
64926
42823
62167
16883
56572
34574
37107
14771
34773
19388
31923
42897
40892
51708
61953
64837
55539
53100
39372
18259
56668
31683
63941
32869
16323
32268
32163
56172
34231
41159
19660
50675
42374
14117
29297
54221
2960
23819
63038
33536
16096
2657
256
21147
33809
35477
27004
19854
34643
19540
11300
35902
64095
37374
59187
61589
64835
10911
11667
10633
64079
10815
39241
31173
54516
50165
14653
16468
10069
19543
61503
33548
39623
30125
60935
55445
34075
64083
31437
53060
63786
61731
29403
19188
16789
37384
39236
38071
64492
29885
19207
40338
16349
38645
36838
18255
27454
5183
42063
36142
12383
7827
32069
63939
42389
8399
11459
42079
38532
30340
5279
45619
17342
25749
35393
1425
45655
341
32804
38311
34384
55725
7591
31653
65405
14681
2804
41790
33726
1041
21653
42385
43438
8448
16420
20727
49920
45767
48489
35425
14793
55597
60325
830
25244
60754
11570
27457
25435
23549
31818
14739
15427
4955
45718
46464
38530
30338
50480
31130
18826
1995
37155
64196
27341
51192
10548
43767
52268
8597
7319
2438
63221
47421
40434
18383
42180
49117
41973
32852
24733
7079
28735
50780
42087
10181
7623
25789
39507
75
6293
7988
25245
44422
36582
3062
53683
33425
35571
35434
34682
438
31740
44302
33718
42694
27917
34595
7163
24997
52817
9234
11280
3455
33698
8193
49386
34217
32888
6757
11786
33147
28199
800
23769
43731
34904
15031
14801
11841
19456
948
33596
50025
50452
47060
2057
19133
38983
44034
16801
36108
40125
30445
32208
60641
39176
8299
39376
35174
14973
16487
8550
63457
34780
57575
64525
28631
63636
16806
16491
26073
2982
30146
62793
56074
57279
63952
30803
3947
26628
27393
52402
22844
37231
11440
10685
13628
48055
9716
36890
47289
46516
51667
10489
49073
14536
23752
34938
37095
23954
62211
63213
56190
8873
48898
21877
27290
25716
29041
46933
10664
44067
40463
29555
43942
28404
33806
36077
61660
25748
54717
25884
17002
18785
33190
57027
27505
65204
54307
51400
22087
39787
10425
9912
13120
47353
9458
39445
45557
45922
50905
11504
45928
20843
12799
63492
25468
64669
19370
19105
25459
55379
29844
62499
3155
1038
63212
31900
54029
24990
26772
45888
52464
36255
13154
12571
41193
50418
1448
24615
19977
16392
20837
3737
51995
44632
10821
22599
42729
25003
13161
13848
11083
18441
930
33568
51957
50194
45343
405
17928
52240
43096
4463
25018
50958
9752
11548
3295
34312
10763
51941
35079
35544
4202
9990
33233
26601
1769
19374
15776
39092
29812
31868
32017
16130
10849
38620
62899
61661
19110
11114
14315
36378
58741
30444
44647
25265
64001
63448
39654
25357
46253
21740
19814
9901
36279
614
28379
63421
54140
46809
52732
26456
14008
15825
43733
50024
1208
27191
18176
19131
23994
519
52753
42754
5703
36076
63974
24079
35494
35099
56863
11680
57092
26090
25347
26066
30680
4617
16557
43130
38667
49821
5933
8877
8867
10669
37526
53139
8739
10659
51614
49790
51571
10541
53117
6518
38691
12881
60655
31759
45578
46095
35788
16218
31546
31418
25615
27604
13447
29839
13455
29831
14314
37217
7704
10484
57782
57531
52841
21430
60981
9721
21438
24274
36887
58174
21979
4890
51228
39886
11150
19294
10483
9714
62035
62963
20037
20421
38290
65070
40757
17198
37678
12165
62003
38670
19666
11442
8787
9298
64691
65365
8755
10675
62546
64318
39653
9266
62514
19173
63461
20980
59460
60824
4547
5054
24233
38598
11909
58777
49234
52962
21274
8331
37694
45097
12620
22782
3613
32253
48067
46269
14579
28611
29235
30195
15053
15166
21270
31037
28637
58950
28227
40449
19951
10424
11612
9556
61705
61527
10297
9913
63064
63631
37098
9784
62863
17383
65255
37313
20020
16721
11516
9460
40537
63996
19242
17242
39320
37423
37690
18977
65348
8327
64828
15774
3371
32427
48787
46509
15779
26005
32293
28837
12445
15918
20518
28715
25979
58742
36133
23969
60788
30888
48538
46500
34967
12444
30761
30377
26271
26751
13612
30248
13604
1655
15996
52644
4392
11684
11692
9896
39063
50604
10281
9897
50596
51327
50809
9508
50040
9516
52524
39790
6941
11517
60266
60001
52067
21754
60234
9459
23284
23316
39446
59969
21521
6723
52035
22705
47329
32452
7100
8120
16073
44988
11146
58202
38084
37439
21975
20276
50401
58170
28380
23889
312
32015
48652
45832
12553
25863
30777
30393
13652
14479
22151
30095
25560
57578
28039
23476
57919
57951
47971
48994
25098
13555
29219
32602
24482
25214
24537
61218
16194
49129
15162
33967
2935
50515
53147
51058
8205
10530
22081
50669
47356
46692
35960
14074
5920
11779
1071
31904
25629
33621
46857
2308
958
22871
61556
33598
11927
17809
31341
37033
27009
2053
25760
45285
86
23622
26114
25054
22805
1675
23083
46923
47011
47778
27907
22934
310
23662
48475
52635
56651
64746
53648
55037
63978
50928
39380
18399
19465
19124
40998
39609
49229
38671
41254
55456
50461
38089
5968
55645
17604
43606
32991
40756
60681
28676
54125
34314
43323
19289
50016
52827
7563
12919
55376
54786
16167
63061
35455
59263
3239
29848
49381
33959
42635
22440
40325
59781
2646
63306
35410
27787
51788
59954
43304
55105
10138
6545
22352
63897
48176
40180
31838
56217
50200
15040
11609
4184
29778
63066
34430
13362
61088
57506
54440
33702
42625
31824
50425
38815
56353
35814
19609
55960
14821
39673
15058
31982
31488
31234
51495
13488
51784
12811
64554
25682
48080
44953
12434
23851
8097
30254
41009
44920
8650
5825
27627
61642
294
4762
46130
18437
41963
35479
48791
45231
1199
12441
39282
33839
6048
12187
17931
40864
20520
3225
41813
34315
2262
24486
49327
44404
60075
4136
22840
21627
48314
47551
33245
23244
56620
59302
1003
48935
47511
37171
25752
27775
50899
31279
49293
4413
7766
4110
22441
36947
3111
51405
59295
6535
55751
44358
43608
44081
49216
6712
42571
4397
7574
5787
42844
41104
5948
49661
56401
41992
4828
42400
20568
28033
5035
1665
51853
41755
7366
6603
43985
43462
3383
7846
5336
22434
1837
15845
3237
2670
34182
27280
34526
32238
30800
29645
26995
34309
27213
15963
22304
54304
55952
15658
62626
64635
20602
54306
21873
48417
61098
57505
44197
21914
56176
24209
19602
27663
3121
61817
31751
31409
62284
25607
62276
16660
55465
54116
27354
62361
25809
63640
27783
8311
54700
23516
12299
36333
14807
46571
24347
45784
60518
59755
64940
21606
3814
15537
7848
49675
53979
34954
7840
54701
34186
41894
65343
32319
8793
20308
45030
62554
42267
15967
44006
44123
5949
12761
56064
54461
34522
50352
13620
60884
30809
29636
43574
13257
53213
33039
52272
16047
48760
38688
11781
8203
53109
50517
16175
8738
47001
49071
12407
14743
50667
51090
24105
46373
934
44602
24402
21227
50140
1166
44817
57041
7162
5217
24224
45050
3046
51396
2206
61791
4408
14352
55385
54024
34421
50121
13122
57618
29072
29586
42631
14064
50136
34987
37177
52831
55521
33062
4761
8104
13605
42138
33934
30766
59216
61266
50663
35414
42097
15771
43146
30245
46832
64905
25490
26747
49292
45890
42472
56712
7770
5377
24976
42329
47120
40276
57842
26776
296
64368
30889
30376
62496
25497
62498
19570
56469
54434
26233
64144
25464
44203
33065
54905
55036
22412
63144
61713
23273
54136
21736
48264
59148
59912
41322
24332
55324
22276
53656
12149
8096
22602
16303
14200
13852
48943
50141
47121
10419
9917
38816
50115
45687
14436
4754
46567
1463
41686
53000
41697
53200
54497
50045
7149
6246
5483
28172
42342
53975
52157
2049
1671
45260
42880
25352
26833
51840
46040
42203
56379
4614
5131
25036
44800
48860
51037
45512
14088
737
40489
59296
31149
42362
24480
34190
20004
48645
1294
35308
13653
28541
52911
21223
58026
24433
59681
7158
6766
21108
39667
11283
57898
51821
39757
59809
9245
51789
22932
24474
45731
13346
29730
60364
61384
27422
15034
30698
31555
16216
33409
46242
59887
14815
25762
16275
20926
48443
57790
48387
46594
16064
20566
57829
57525
13661
14475
20693
57582
22155
58166
20790
37230
8574
16814
11683
9890
64931
61605
11539
16485
63138
61726
36885
9746
62994
8309
64787
11923
62274
9026
11443
10674
63566
63923
18389
11843
39170
63470
9106
19182
39662
62354
62869
49597
8670
11787
7430
9565
40528
38150
16869
8197
42507
63627
37686
17387
37102
4320
39126
15566
1853
29373
59219
47453
15539
35157
30693
31155
16141
14318
23094
32747
27019
58582
34611
10140
65327
10824
10428
9908
64303
62908
16874
11081
38152
40431
12180
17377
61652
64152
63895
39777
18196
19361
8876
10660
38825
65447
11289
19114
62632
64639
39450
9240
63871
12151
61980
45651
28651
31115
57843
46845
12942
33011
32019
29317
13165
12574
48909
29981
24653
14685
28501
7507
38286
18059
45420
58353
43234
13164
60793
18565
20648
15912
5390
58744
13844
42578
36950
60678
21483
58766
4458
4207
22754
50940
11545
59525
37873
40520
58891
9748
49224
21774
21766
23537
48193
60257
45724
47524
15356
14746
59258
60010
22945
12833
23066
61297
22817
47644
15434
52417
7297
18356
5980
6744
38841
43351
19673
10762
39172
40175
51511
18927
43576
10970
42812
4620
42200
20367
45516
45256
39823
24780
57834
19257
14004
15839
5128
28884
22145
40788
44807
15357
59154
59298
58006
58523
33430
14755
31763
31139
33947
35661
16192
31346
14962
61216
15379
58399
36075
8874
54317
56435
61675
21915
5812
10657
26108
24596
60439
6348
23922
62725
33794
14944
18029
56073
27146
27103
21982
5893
30033
54452
62364
62792
14621
61015
55566
21429
16800
270
42762
49518
46802
48595
48254
43535
5794
49173
27045
27154
181
7587
44244
26387
6633
41390
26944
33038
4453
4206
65335
48368
57534
32981
11207
12225
40981
57781
47613
64337
27805
8544
49005
59589
56323
55730
8116
3164
16495
58830
30812
30152
8301
16810
2504
7097
47968
43142
51577
22283
50112
50898
31521
56215
29787
16256
23143
13384
53742
3072
55983
27772
49816
1158
27804
64974
21707
23762
43290
15103
53339
41014
53911
55727
27651
19797
23624
41713
31274
11113
5051
60663
55388
54788
46258
29082
19118
58623
422
29597
10856
19366
1681
48325
6341
43921
42630
35745
7159
6767
33926
8645
60015
35450
48304
58571
43642
60263
5835
27661
61790
13490
23320
56917
25501
24958
18856
64158
241
54539
57036
53428
15579
32250
44077
17065
21759
37813
19112
3157
25500
26228
21535
7767
58779
1026
43686
62509
38619
48544
4111
23289
19369
59099
64721
11686
54900
56601
35355
20495
6578
9899
27066
23268
60886
7347
28132
35232
64008
2961
22277
52209
46152
48153
56798
25691
6564
51738
42320
41186
2730
4764
27874
44598
49024
56042
28096
26621
51903
51156
50803
22219
2811
23078
56741
54882
42937
1936
23869
44398
1670
39608
24285
672
26116
28127
18027
42641
47697
1131
55219
6670
38865
1996
44360
19872
21435
27763
41075
37464
23141
22814
32315
53669
17601
65420
13248
13629
1810
19287
54894
34950
52642
33823
8714
23682
50221
42492
130
46587
22193
51540
7286
53265
34053
23835
47308
3145
58370
27381
7081
42750
23052
13212
5598
6064
62801
42084
2520
30024
41909
43277
11975
47438
4501
22662
22450
6615
25536
27241
60305
6999
13403
61232
1755
29768
23674
51720
48133
45325
49864
49581
37134
32528
53600
19447
20295
31584
37054
16597
49261
40945
39825
16237
16821
53264
15277
53749
18629
14845
7174
10332
53092
60172
32879
38350
43451
62920
56169
36792
57770
49406
31984
4589
49517
42924
42715
27040
3245
6824
42667
4208
7638
47643
26390
44049
7590
53424
51479
21638
36302
15276
1227
53847
55772
31487
34059
30166
27867
43272
41665
35608
32085
23558
14890
56063
30608
40253
5633
55222
50930
58273
33793
15099
44504
43533
56725
36376
29372
51012
18123
51836
33389
65200
55912
56736
54902
17339
13419
29814
50961
50795
44397
40669
29344
42855
37862
29874
3669
35912
45981
3788
43359
10910
62817
32859
20861
24753
16905
39805
19962
27698
1279
42546
7571
44100
22129
27068
47682
4280
51467
42642
3351
2785
27029
44513
7350
7475
6815
33717
60416
51807
50076
51875
1055
48839
13819
21506
5745
9261
35431
20664
48485
1586
11017
47905
52161
22448
25672
25936
3517
46171
51457
6876
3095
235
28214
23787
4700
47788
24368
52049
23697
58342
56263
3253
58502
29125
35439
60026
43704
33995
23566
33723
3319
6892
12638
19385
2919
34507
47196
45475
25778
8602
39598
34047
22017
13213
31920
37793
7318
43727
2245
23670
37624
53366
27232
62400
20171
4512
62705
20268
47389
9533
39046
42605
11159
1899
52587
41504
20595
45174
65445
63867
20368
61091
24190
16022
55586
53877
55154
20638
57517
55211
24221
33415
38016
17536
28425
25823
61388
4611
43998
64454
46303
45786
31544
41986
5122
60360
37469
64796
12503
46042
32950
14061
5034
11452
49887
24249
1502
47331
8561
50356
10680
56932
12721
41662
13450
29834
56931
5038
41653
29427
33346
33481
41902
44562
50403
33950
58526
54499
33476
62043
35545
60121
53765
54450
37574
29273
12852
14266
50354
49886
62512
13519
29903
9264
34575
27978
50138
4233
41155
42462
938
7418
49791
52745
54926
55523
3604
51615
5220
404
49604
36462
44822
18758
29363
31165
28259
762
33348
62195
27086
25310
32790
35313
3937
67
41726
44296
32889
58135
56665
54543
39111
32151
14415
12649
50895
51423
62855
14072
30111
5847
36520
44484
34122
30252
55290
57188
43018
19910
63630
34970
43668
43892
42458
63069
17870
54922
36337
28315
43296
20336
32421
28843
36496
53909
61986
63397
24722
28274
24693
63899
57259
112
63378
28023
38284
55015
24729
25983
58359
7514
43247
63575
46671
47129
32296
42591
5380
45416
52481
44409
22249
58764
61607
63000
17399
60684
22767
14423
54655
55321
53535
21764
58888
20120
23812
61971
13846
46659
36714
35089
57187
60339
23518
22627
2372
538
18205
23246
60093
55294
14446
36273
50044
17738
18364
10753
22538
3766
14478
39066
44980
52196
14060
34254
45837
1498
44641
27919
42567
16505
32007
30392
35015
56999
63567
61801
25871
26847
26329
62879
54120
30087
44440
25306
53205
8165
28515
21630
4025
6243
44670
41475
1150
533
48100
50594
5474
2820
52158
50208
40234
9376
9378
11946
4220
50210
8225
11937
52258
49300
52881
11296
50586
52384
11298
23560
12665
31665
48217
47273
29516
14935
29508
29028
27332
25444
14488
31281
13209
2780
15335
40559
49680
11768
61109
59239
7957
21957
61263
8946
20674
24431
38763
57403
24423
4169
52809
38859
39050
18379
11760
8953
17802
38550
20303
20175
61597
65428
40655
16459
38042
18822
40070
39691
61913
8893
11344
10329
18138
64192
9524
11700
64205
62404
37135
10557
62409
17622
64464
20553
15420
28828
4290
48371
47497
36923
59691
59224
44430
22930
23748
19846
15094
28058
60744
21829
28218
59030
49090
7114
58940
21646
18737
32193
14139
39617
22724
60550
45002
15856
47150
37863
62176
9660
9816
10070
17632
63032
10811
11195
61745
64091
37389
11580
63824
63676
18648
36919
63286
16583
10744
8694
10624
39457
17965
19549
63265
37019
40141
18247
61686
64860
8577
13861
36233
29536
45970
48730
58860
25410
28808
32264
12587
12369
15700
28992
25945
14496
28994
22135
13036
29548
46751
46938
2791
13864
31368
31496
24900
27231
22273
29004
14684
24940
59512
51352
52256
10408
10409
11424
9248
50073
9250
11426
50847
50338
52386
9768
50336
5751
37161
40725
51274
10736
61295
59571
5706
24399
58941
8689
22351
22222
39012
59207
21443
51189
4674
24271
22646
57681
4809
45744
58693
50266
58510
59550
39368
16322
24171
10881
21510
57399
22666
12639
24896
30904
47193
47264
58997
25545
29506
29026
13912
13202
20891
30264
25440
58343
33081
22479
15945
30545
47093
7861
1402
14832
17806
32404
27038
42254
24175
31021
38341
2442
14135
58543
21843
60455
8187
6396
20574
39234
8977
57485
50971
50785
60931
8720
38650
23599
21551
48277
37717
31309
47031
61175
41918
16311
28788
17214
26881
34193
6149
32737
12393
27390
14992
24267
22343
61115
47184
48297
61255
13909
60031
59247
22027
13464
22383
58347
23191
45264
15669
40555
40058
20075
10400
11433
18810
62304
10516
18287
62317
64100
38767
9501
64105
17782
39030
8592
62713
8269
8880
11705
62708
37894
16607
12100
65293
61444
11161
20443
38410
63229
63216
49360
15126
17670
5643
47014
47472
37867
29819
58027
41437
27307
23661
18646
16294
44294
11995
14645
63290
58374
59986
10074
9436
35378
20456
17073
15339
40705
40132
31696
63833
12976
60558
10904
61584
10060
9656
11190
63131
37857
17645
9803
65249
40715
11670
20183
65462
64577
64072
40727
65046
20327
9384
11942
9584
62488
8987
18605
64273
62379
39021
8732
62880
62124
11121
46162
44889
31792
57586
57802
39249
13870
30161
18824
15899
13233
4698
59510
32970
15499
25650
5714
14742
16694
45160
48316
27282
13592
61416
31275
28017
22792
46995
32380
13500
41278
38539
59397
21671
59019
7927
5989
21679
37113
10514
58415
49256
40955
60583
9496
51696
22098
21333
24391
12595
61287
46232
48726
46806
14895
58861
59581
23672
20493
22733
60279
12371
22375
59215
38863
23686
11009
11353
48208
59861
64201
31442
60430
37896
14850
22475
17624
27328
12247
40074
7001
25776
19000
60873
48624
13394
13914
59006
29746
13752
12386
47872
58337
22166
39512
42185
22379
40405
29357
48288
10320
17798
13472
18142
19726
27245
62413
40651
29725
38405
2422
12816
8182
903
50055
8723
8991
25223
34846
8707
49757
33567
36617
6392
8975
33551
2120
26870
21052
41396
25009
16314
12396
37446
19379
2147
35069
49402
53091
23834
458
16828
52508
43981
20079
28790
37554
30162
31000
12668
65284
10087
40376
13475
38406
18283
11877
35085
15338
30186
62130
28264
65016
20069
18279
28258
757
29433
62194
55241
693
64952
32192
57008
28111
25295
49869
24049
40545
8883
11708
16125
45770
8947
38766
48586
48739
52660
11772
48748
23985
14276
32287
37378
24611
62930
33955
41258
20388
5977
23903
26959
26195
35818
2398
11941
55106
62954
36453
54058
21290
33490
62468
62142
25167
755
25284
9380
20067
29674
4958
25438
37866
41717
50492
15567
40726
9652
11189
20920
46580
8695
39016
45310
45513
52171
10749
48073
20502
12362
62937
27476
63808
20335
18595
24916
54722
29014
61841
2498
56410
64270
31224
2963
24645
25929
24310
9801
34377
15902
13247
41563
49742
601
34655
17343
16901
45879
1023
50175
41783
38899
48705
43867
26134
13588
13497
49431
17332
345
24840
51534
50937
23351
1790
19205
5917
41788
7921
1555
52059
9492
10525
24857
33716
8455
49423
33977
34407
5998
11013
34413
27447
828
20325
58857
38361
29209
29678
33498
33518
10339
39870
37870
36707
18596
12143
40719
59508
36515
30169
57104
23380
65471
35259
37121
26050
6150
22689
10403
11436
28688
48019
28520
39694
54601
46396
6470
36047
13748
12397
41407
50676
2151
25080
19381
16823
45075
3017
53101
43979
8266
33497
64769
27988
36709
61616
41493
20131
515
28334
24773
28521
36119
55130
18348
44361
61966
57875
62564
17588
567
1352
16234
41613
3734
31667
42312
45040
9694
1361
42321
13790
63518
29305
14605
47454
53830
55582
28585
22605
59638
45571
43293
65526
31096
46701
22126
26927
13038
54102
6521
24448
6192
5842
27770
43816
3077
22274
21576
23145
53518
1115
43695
2849
49815
25286
2380
36636
25227
26882
33485
34607
30633
34660
2315
29264
2515
32680
27032
27094
34810
33506
28584
31128
28237
24686
517
63310
18275
29337
109
32502
35083
20333
43517
2386
25135
45910
48944
51671
2096
1096
23676
52104
48128
22459
26331
27239
48017
6664
21595
45549
49863
44784
16437
32821
52813
53233
25291
14158
59386
34815
8129
45766
57159
57550
37070
44855
34805
64479
25855
30411
22657
21405
3269
37156
11174
31991
46593
45478
33970
9121
39582
56015
26674
52060
59946
13286
43832
25803
23565
33074
31591
15265
55992
3248
46214
29627
35583
51948
12627
40478
50638
46542
41531
42440
58035
34623
18421
45818
1480
3824
40804
16639
33023
12212
21070
30933
13314
6751
6188
5165
27385
24120
48480
48213
50801
51878
29727
45240
22011
26162
39919
10453
64168
29698
2092
1652
14951
52872
48549
31744
42029
43683
9947
46491
49167
13343
64383
4080
57132
44940
45638
5437
25159
43085
3014
25181
21821
24572
57035
54465
42225
3643
44694
43932
54918
35370
52040
51823
27662
37170
48375
27793
46283
48309
55930
60159
50891
25734
61779
39711
50107
46335
43137
42500
60592
33060
56470
47975
925
419
39528
19102
26257
58546
51250
4092
47827
23254
551
2431
33356
21133
57942
15309
27000
36759
1892
47373
22798
1809
23494
629
50082
54178
29244
58497
24419
39741
16982
55395
33921
36807
1042
12123
40907
21522
52862
45594
44175
40056
16960
53628
29301
36397
52029
40574
45434
572
45365
52703
24040
16848
27614
9046
49510
65324
18480
1904
3197
39720
54955
49264
38205
23067
2406
17649
52605
20027
37623
33472
34822
49494
12861
52440
44790
14100
34594
34803
44063
44587
44044
41275
14555
52394
34665
21214
12603
43227
36427
25057
65138
63250
34612
25122
49636
41533
52287
20769
63601
64536
12868
29526
20364
49507
59440
58685
48302
64392
50850
4117
1909
2578
32459
52606
62657
2403
37463
65270
60019
35443
65067
62459
65275
34674
59235
34658
9211
12022
8998
60002
35426
62246
34659
52191
13774
25211
34945
34248
63083
61812
23121
25707
42974
51726
53172
26417
61551
64891
14386
64348
28885
26614
39736
40897
5747
12754
27387
47654
44402
42594
20279
26411
12478
44387
33027
44658
34034
58610
62013
37981
7779
34772
30649
58099
17501
17088
41826
31236
14852
4962
33314
47317
42164
40317
18476
17736
31259
16008
51634
38571
2010
47844
46558
52446
34129
30576
44015
55509
52526
54372
59436
2012
23106
40504
6411
54930
34120
27361
1829
17745
52445
50654
52095
32758
9536
38176
29216
29771
33344
40493
18678
65181
13387
16374
60317
17307
37787
31533
39158
39836
33382
61653
64328
44411
42614
61906
58475
33910
12273
5739
44390
8382
33403
65351
37123
43807
34603
9678
39041
42973
5874
12660
29697
60155
17864
55821
44322
28783
33489
8036
63538
32759
50951
51049
57932
45520
4086
35645
52781
51446
53717
544
1542
52351
44264
5635
33366
47801
56019
26345
60631
59857
52506
64747
29116
25012
38424
36972
47028
30216
64189
4383
44037
55909
24156
13088
19472
20089
56696
12667
45140
20716
42002
41007
54679
45986
16100
19275
20901
28775
37381
32886
19920
31603
18548
63345
12047
13801
35096
33774
29706
30989
40562
18203
64780
12710
44794
37923
15597
62164
24634
23409
28877
61516
46094
55748
36538
58516
28222
21363
52134
24933
64921
64021
33051
36591
24807
43803
16536
62839
866
95
28247
17650
44591
33600
44272
16492
57559
21466
32214
59117
51322
40145
4793
24255
26078
21251
8609
5300
39352
56852
12732
64518
4055
41852
61821
61547
36280
27517
3760
44648
18945
18359
18896
781
28523
34540
27404
27913
54855
61561
36328
34488
35016
44664
18681
61807
1295
2233
1753
17823
41832
34183
44439
36284
4988
62794
63441
39425
22532
28381
59475
39060
57268
6922
59116
30158
21261
26074
44652
52405
47420
50759
40155
39357
23988
23512
7788
52721
59064
60860
6611
4968
24497
22233
23751
53417
46825
13708
19831
17944
63559
15841
47113
14424
42367
41833
53615
46340
13832
20008
23818
45162
43856
26131
60700
60377
6216
61905
29455
25479
39197
37663
46279
30317
64482
5918
41402
31244
18918
12519
31862
31003
64791
40315
18188
36097
34541
32944
30648
10504
61613
16753
38656
64951
27482
44816
63256
63614
33770
44763
862
41770
31163
17412
64259
3944
27438
32784
28263
52666
15561
51526
40401
39890
21303
24081
5119
38473
57453
58303
52160
8045
23359
20499
24060
10918
14522
21781
60540
32467
56644
14299
6852
22074
21620
24638
17770
49074
39892
7038
15712
12892
60431
31983
21220
21519
35777
57994
33994
36058
1039
3002
58503
33935
58511
33927
59658
64502
17319
46743
43806
41263
21084
19267
45706
59738
12664
13028
41383
47223
16679
20905
19043
24169
60108
32292
52946
23630
22921
11829
14635
59272
54542
47506
23754
62862
60486
25978
58873
36499
30300
4876
33422
38792
52163
29237
56899
57283
49688
51278
15703
7036
19596
52919
30197
33123
58295
54983
34894
33160
38739
60995
53893
18773
51432
49806
34823
55511
57655
49495
57443
52905
20116
46268
24290
25870
59863
61061
48923
45752
15389
14699
54650
47894
30094
15548
9625
39875
11102
19342
38990
38386
62046
20035
62965
62005
9618
20115
12085
62254
9006
40837
20419
33033
60852
55632
34959
33732
6784
59449
54491
56523
49901
50187
30426
53984
58676
51030
59065
15961
32463
57270
37519
65364
8144
19338
4989
6925
51229
50539
30090
56854
20287
52150
29530
38659
19634
11474
37518
37970
64702
17029
40899
38867
17490
19395
10981
37938
17458
64229
18693
63639
16740
47452
43135
41828
47849
18473
46312
48216
14305
14856
17228
45804
17220
22282
18089
14487
61196
28948
22655
22404
27367
59433
35464
31720
868
2655
22284
33604
59276
33612
59049
23482
58063
57999
23326
24418
25092
60227
36755
33418
49058
675
49113
16162
61250
24553
58570
40649
18886
20031
37455
37197
39296
11050
63021
19597
20372
8347
40134
65359
19782
62858
9050
37129
20224
11732
39055
38797
62688
18489
39483
11227
17348
19035
37382
38196
18304
63194
18105
41635
8343
46439
25204
23938
15290
29226
47939
46282
40411
15134
52633
7888
60800
15719
20371
21118
58402
33826
15153
16328
2915
60634
35082
34035
61272
29276
21666
14831
59871
1186
57891
27412
29056
6368
61997
52600
12926
18291
60474
45603
23839
23345
24962
48455
11895
37355
31562
40640
58470
19950
39051
22397
22896
8677
33915
57979
17357
2731
23654
63198
57974
62854
8373
34563
17420
6812
36062
64488
37363
59347
19749
16627
52264
40238
37383
56391
11223
51191
31157
35646
11319
56087
36222
16104
52782
32021
18227
56869
52536
39998
64648
4492
30956
52088
57907
15952
32014
47862
34955
33741
47381
29157
47659
47099
22398
23202
30086
46886
30430
23651
57349
37219
8622
16766
40318
38562
64942
19829
36963
64789
18082
16739
8213
38418
17938
36981
16483
64399
12084
56944
15855
32772
50091
29162
6797
54043
52285
51659
62660
55094
28895
52861
11065
38665
18367
53494
64751
64180
4160
11481
54859
4509
52525
50843
18922
56608
10708
49654
18954
40494
17218
37698
40158
39346
18675
18387
63925
38387
10498
18179
37778
64238
10990
17298
20005
26850
29502
45686
40488
62865
15019
11641
47416
46203
23764
22975
25534
48188
16500
14205
30853
51426
59174
62270
15944
23761
2706
60697
16360
35371
30097
47368
22318
32884
60380
54206
10373
15350
59234
59250
12845
13467
33437
59251
35427
34675
29851
31734
61248
35442
60018
16160
60003
38761
17766
18207
40063
40573
38256
19481
37659
18557
19044
17323
39014
39188
20080
63866
10922
39727
19744
40772
40415
39901
18075
8682
62701
38475
16388
12043
40237
61663
17110
17652
19273
33436
58624
4288
35649
25067
23542
31770
59171
60147
49634
21037
23808
4480
30944
52661
31146
2743
5863
43734
3129
1615
23836
52354
53706
41393
22836
20730
360
56014
50783
47057
52224
6752
29472
52828
7237
5138
3503
24866
36865
4330
32377
28792
11259
40676
25506
1431
24992
250
5082
49289
56627
54750
26746
52292
4777
52751
42638
41731
3684
6559
50276
292
49610
24979
17443
28410
27790
25614
16604
35873
42429
1308
61972
63841
883
44606
33940
65210
64662
20832
10773
36249
20802
21346
53481
40011
26024
39
65263
61448
58176
28207
38130
44631
39776
53497
35
37557
3381
2383
59556
42884
40815
9689
60275
9198
55282
40466
26974
58378
27994
52307
58924
35127
49454
51860
44495
15405
19904
36344
53490
55289
5770
31227
38493
43317
15452
23996
12054
36041
23860
20734
54071
40257
25599
30281
64466
62399
45078
27455
39421
43968
40556
28105
18752
23386
42815
27074
9194
36155
50014
45866
39038
38052
69
23342
35320
39683
65015
44208
29463
16348
44082
42703
52657
35896
60924
15969
6606
7626
54999
59841
34552
51670
35767
4204
1558
52048
7498
6478
2296
24884
37647
4999
31705
29471
5997
39906
26366
1223
25020
167
9612
42727
3369
1407
14407
52612
55305
63576
22095
21353
32408
54879
50436
45336
52492
47706
4153
43395
48163
5774
27977
52546
55194
44372
26946
41157
45460
53406
51711
1855
51141
44490
30026
34348
42820
44900
43012
64829
18515
34964
55956
56234
54746
18013
62926
42634
36348
44295
28793
13079
44431
42255
39112
36136
59641
12655
5839
6329
17799
59128
34207
50903
36519
55955
46453
39098
3114
1140
32097
22402
39521
9948
20179
16605
56238
39700
24322
30058
23957
27596
29172
16708
35796
33636
44029
2874
42227
64579
17252
19299
844
41796
836
41804
31434
49814
6045
8829
37502
39341
37533
4643
40851
38771
6558
4771
6515
39213
8061
51574
10643
16041
48808
4642
40674
36875
38827
7813
24487
49776
61359
59303
57463
24367
5611
40821
46489
22771
3693
32077
23358
21693
14590
563
36803
36419
60109
60355
45846
35133
4061
13894
1523
15763
3483
32379
24110
21933
15790
3621
34197
36213
57501
61075
45094
32811
1403
13686
28821
40553
4850
11592
16082
16239
51186
48693
14839
38720
45250
47097
12053
12347
48975
49225
5625
41555
57039
3647
44590
44948
28318
56901
28613
28229
57172
595
54666
44863
57167
25994
57285
12633
29170
30936
22671
21394
14507
2105
34544
34832
58968
57744
58917
34360
834
13287
30409
24265
47262
57729
49727
24514
15867
7050
14934
12582
10696
59328
46405
39553
46222
12343
45914
64707
11716
60724
43838
41924
33278
4659
22003
15683
964
2291
17978
21812
5428
34362
10691
51351
11410
10360
39039
38050
52395
6185
39568
39792
5791
7317
5152
38440
5154
50807
9881
26775
408
19490
34943
34472
44194
2089
42144
44064
17570
19616
1657
42018
888
42016
30361
33290
3732
56868
33406
62734
62126
547
28570
41507
29966
29354
30074
25998
54670
62842
3930
52825
55297
2094
49711
53160
24235
56106
25606
26742
48978
45568
5607
25742
54385
21797
54106
61785
4552
57666
43151
41736
24987
6201
21344
20800
914
2208
54919
21314
5080
34341
9929
39779
7021
11341
15124
14945
52078
47946
13562
39747
47860
47978
10774
14913
46097
51779
5363
23586
9867
35405
22488
20584
53699
58071
34220
63174
2305
3500
50770
36833
58648
2814
60448
