39892
8396
2233
5171
18841
38641
51741
17161
29499
1202
10096
40181
9754
10368
9324
40420
2836
18942
40131
17225
58867
14065
1069
64163
38475
38082
16928
14586
64037
61904
62222
23844
25221
47761
22278
49030
47770
23185
23153
47365
28632
24328
47994
23450
47738
57989
59757
23418
61099
33803
21792
59241
55024
14078
13451
45099
57995
23854
56448
14576
35465
26475
24320
14352
34808
64081
2532
63316
64159
22936
36920
63777
64830
14318
61749
38815
18751
3432
2415
15589
51241
45138
23305
8992
61379
20562
27004
46185
25739
37806
47076
22420
45123
60544
18171
24131
20171
9982
22841
11712
58368
38654
27355
61259
46923
40430
48265
23657
9744
26462
49305
38928
16728
8205
1334
7606
17766
110
222
17213
64840
3384
19925
3680
4304
37304
50870
40325
33287
62413
12325
65013
33734
14929
14904
34077
34696
14209
35654
12693
63205
12813
1446
15178
18258
10764
38533
11274
18025
2642
30283
16446
8669
40065
8656
345
6723
52667
51635
40068
15221
61681
37583
20303
33023
12382
2542
62671
38216
24520
63269
15764
61668
63557
62641
15749
40661
10957
3328
5504
17558
2456
2424
16390
30174
1294
19573
662
6518
11989
9581
40165
43049
61356
12704
34009
8291
36962
24364
54953
15067
13230
46883
40547
59684
56537
54382
40659
60349
47464
21558
48310
47462
22888
23000
47677
60488
23608
45782
21094
47574
27581
27221
21206
18418
63086
1066
61797
62707
39570
37691
20268
63629
3105
63616
39827
17977
40555
36969
3108
43839
34055
14533
62325
62730
2408
14625
54165
13384
13489
33306
3439
32911
56117
5016
726
31700
22582
49855
14763
61615
1697
22630
5311
15552
50354
58704
3524
13661
60064
22294
40212
51988
32929
45051
12159
24902
22177
54998
25126
46304
29890
45067
41149
32884
54523
5313
23924
15157
52531
29691
22187
28036
14753
39512
288
24321
42168
39750
24588
38236
25231
24857
41498
48843
54221
27719
36261
26511
22190
56019
48209
46851
23934
55906
26887
34421
26980
42406
26640
60616
35502
23061
36005
60073
14766
22904
59774
34686
14200
35957
15561
60025
14248
22953
22293
2089
52278
30917
22791
54538
20482
37456
62357
23555
29614
10576
15631
37981
47620
26591
28371
11947
26506
21
23351
5062
1710
23395
5405
24371
40222
47715
453
24423
47420
48215
30736
64776
39715
31959
39719
31955
37048
14846
9996
14312
3406
22309
51900
1180
60568
17052
325
48055
54284
22852
59140
46083
22785
14913
48972
34769
23617
56138
23556
35540
41479
28419
25306
18178
21030
2372
13037
64191
39602
15248
63953
21542
3281
58608
38847
16379
61419
60317
3284
25109
57358
43977
46201
57529
12472
12366
46249
28536
44974
36309
20741
34517
56181
54446
20805
30789
24291
50268
2764
52499
2510
12376
31619
16302
50616
20789
30375
21495
21013
39955
1813
22569
5383
28519
54133
52277
37042
10704
22410
54403
25518
10606
51901
61663
35436
33688
52803
53773
24864
52507
24299
28969
15032
22881
11774
23601
14296
21210
30379
21499
60343
48539
43846
18370
64193
42877
63428
26390
2754
47728
48333
56486
39953
55979
43435
18815
27040
2479
39956
21135
12043
27396
54484
12208
39608
2520
58468
42049
28417
4822
38841
18905
35647
33890
52038
30676
5575
63168
5550
9978
15930
57823
6836
6265
3344
10266
58218
32945
64308
65378
32234
51071
6555
23364
59837
14550
3635
34401
27625
17358
23926
62375
3205
36764
9298
8376
44515
43710
46106
49807
17262
13751
51168
9873
30206
18791
49625
53311
39034
12235
61472
33849
27383
44523
47414
58027
28774
21692
31978
62476
15319
40707
6135
17264
15120
5725
63654
55120
24733
56573
10844
36668
1014
47510
23347
20198
55787
3739
35687
10042
61274
17307
30556
31338
27872
28846
54602
10756
20321
24938
49642
11891
29129
19332
51167
25559
8339
9159
1006
62761
41047
32237
5392
10556
50362
29072
51082
11219
50726
49852
11351
29563
10851
12039
10269
7878
28923
8557
5051
64920
23045
723
15152
4267
62135
28870
60269
6498
3369
35518
31071
49926
28976
44167
9952
55597
51555
26458
44064
7226
43315
30567
47099
49389
55958
6764
7659
4598
27228
5975
7948
17197
197
6739
3616
61817
10887
37288
65181
6979
62352
61614
51975
32698
30595
27769
5879
59834
18123
53328
2950
36403
47557
19830
23619
7651
65360
33639
10063
10930
41350
29001
9389
3609
54462
3706
23338
53431
29316
5627
15424
4241
15679
60065
63852
62302
52262
24776
55779
43817
5816
1037
44330
17836
25682
5218
31871
33754
24272
6653
9193
47429
28764
27789
54336
19383
50608
1451
49536
10593
3709
51807
11611
4137
37594
8971
7573
47878
43611
6044
8285
35937
16208
23408
24294
18078
35757
1781
36507
17596
23604
61277
1034
28752
51178
27314
54922
56005
6658
30544
28032
7466
26559
7247
44057
41020
53350
8444
49272
9849
31341
10444
44505
57409
62059
17823
26692
64176
9591
62523
57778
54969
46527
2000
54843
56683
39140
55500
58769
5899
37055
15744
30788
9307
56686
51888
61874
58971
29312
9649
26201
26058
14564
25207
30386
4594
45564
22108
3045
28293
24882
60941
7117
32622
291
24852
731
28988
24465
39041
34281
57693
13823
14679
37604
59899
1853
20576
61074
35466
23782
65521
64614
65108
21496
36440
34040
9432
29701
58613
41551
53828
58248
29374
4792
33513
46095
54273
15966
13157
13029
26700
30990
4983
48493
24159
2084
46601
25930
46731
6316
31929
62367
28117
31280
30603
21330
14465
43441
62753
45496
3737
37508
47561
13620
45134
20210
27663
65391
27765
51925
30536
1016
62110
52255
55399
16647
3210
41545
12879
61943
62136
53954
41701
30758
20758
56920
45473
3641
568
33935
58686
21865
23407
23525
33317
38021
15976
59480
16178
61337
61438
62014
64357
16209
63729
42869
54594
63421
65364
30741
59914
62946
19165
55297
47781
5577
14154
46808
56760
2959
56843
58206
64078
39609
33625
29401
8773
54091
38840
63246
60981
5305
9406
28349
25520
16009
8909
41332
45500
63580
37347
25215
729
8594
63342
59329
44681
26675
323
36363
53660
37605
30796
17727
48488
41930
2411
22564
34411
30606
42601
47276
18992
23942
33681
11353
11962
850
13026
26280
19964
48578
1789
3717
27621
12679
47192
62200
44881
38787
51060
29240
49617
16222
59633
65426
4701
30132
14310
26645
54375
36189
29798
10241
35581
41530
54734
13926
13716
39727
29403
17465
46043
41728
2905
24197
34869
29760
43197
48653
40760
58217
33646
8781
11184
3950
4551
22745
51574
12606
5270
50583
14532
6781
14052
52599
58276
49814
13246
58914
57710
30954
48551
54268
12308
45507
46511
42492
25458
57361
57714
44316
55316
44708
46051
12706
42659
28202
56562
52879
14868
40321
34036
42236
40202
54300
38282
44060
8207
43940
38145
8327
19975
15395
16727
57595
49999
11875
58261
25501
25886
17201
11986
51255
60969
26821
46368
40546
36963
20966
48731
57341
25386
56912
12179
25853
32748
46572
57068
26765
4650
52218
57312
44791
42342
25312
53585
52105
43642
40078
35482
41815
38916
56033
38532
41287
9060
43930
37902
17372
19211
12602
36199
25140
44842
37454
35174
30205
24265
35111
38212
44679
46489
41574
24498
9522
8798
3366
8955
39807
29717
15985
9481
29549
1994
12062
12410
31533
19146
30725
4033
58999
59585
52864
18267
35175
50483
4710
57488
28508
42285
16444
7815
49723
36134
28304
57226
3431
2406
22323
7927
21113
32736
22744
5478
32604
39855
7981
21279
32492
20420
32336
21672
58738
61118
29322
45323
54109
42611
48566
46067
41819
26087
46620
48503
41291
55530
43155
46390
41415
42678
26752
7339
24095
39545
15650
5289
50331
15779
64030
13603
52347
57514
52169
13730
58663
60913
31520
11617
63084
37087
4355
17775
50535
29650
9687
61906
52695
63620
52751
4995
30732
30308
40330
59388
26853
28436
38977
61289
28523
20934
61218
38474
25132
46789
25097
21448
9793
10321
22400
47255
12284
42367
55546
9423
32663
29713
45937
55313
44775
8724
29391
5162
28322
26099
52202
11374
64093
50899
7350
18019
50283
29495
9858
4423
52443
61754
51299
5174
29009
31317
40064
31540
9969
33977
5019
17574
20879
48154
4953
56112
2169
11301
60159
46599
61744
64092
38938
52196
62637
59072
58558
55034
399
35626
10948
60480
22649
7206
62314
35569
8521
9054
14362
44910
55791
8197
16493
42906
39798
11126
42761
20101
52869
44919
10902
10904
16270
35200
16327
14365
58432
10540
38144
24976
2835
4480
42534
52587
17068
27195
6899
62219
56461
35590
21451
33483
20407
33006
153
20426
22335
59189
65404
14174
34642
20038
57493
16536
3771
4019
21110
29598
46735
9065
19052
23466
40563
10217
43865
16768
52100
27169
20416
8338
14907
63200
21255
38941
5865
17739
51540
15280
39891
8585
21718
52574
17084
43582
17152
10850
48264
8693
971
65213
4206
36669
43446
4192
14217
34777
4157
14264
34648
7888
36704
55563
32445
28757
3792
12876
17782
65303
3850
24262
15222
63558
13680
3597
33453
24397
62666
62647
33355
65216
24503
19207
6738
60040
50854
62384
489
56384
17373
27661
16888
4409
35417
5835
49512
51823
2883
25317
62924
58821
17864
34243
1849
34788
12191
57925
21071
62064
61524
32850
11829
12113
15936
32393
6552
35072
57195
6550
14319
34687
4105
53977
13017
4726
36762
55751
65161
61547
630
25502
33818
6820
4974
29034
24083
10016
25033
4569
31524
43559
45299
20395
27214
46137
775
12877
55689
9789
50773
42848
40662
11990
43318
51389
18621
45019
8294
8296
53837
55125
16139
64423
17339
33581
14949
10899
20969
60208
6695
15213
33272
8496
58256
59998
29037
774
39795
28497
34115
5279
5201
3763
16086
61974
28309
6197
44005
16252
34218
62887
28472
9701
4027
63692
63132
35554
42675
5273
14404
56291
62587
44236
33106
64736
33988
54108
31902
30356
30948
59596
9374
17212
23188
46788
38980
60531
46828
23452
16722
11385
18099
58562
52379
38080
26852
12828
35107
10541
51701
42916
49701
16933
43299
49837
17069
16162
10661
18941
53788
55284
45042
30849
54405
45074
53241
41381
49700
11737
30431
51118
48882
43736
10660
9582
56337
56319
41976
56926
8018
62786
13748
8084
12868
33353
54754
12994
62142
7737
34249
62926
29342
30100
41705
14412
34355
17435
50932
43924
51236
19488
13427
52478
18604
15084
9465
18172
56546
53588
41810
26753
17958
12270
37011
27493
49716
19760
25647
38811
11922
23181
9561
18780
60455
57706
50168
4760
61533
35191
44954
4277
12869
53829
6520
41665
33473
65077
35254
57181
664
2454
32309
29246
5609
54561
30207
44697
41509
7813
30004
29432
56936
44862
8191
8033
53986
56916
44882
10481
19047
58385
25450
9061
38933
48006
9256
27639
59393
16774
58373
9213
40189
38650
52111
61117
9617
16433
20575
46495
37445
57983
58743
22417
18264
8933
17855
58801
37581
38346
28213
62123
63995
36652
43427
6569
12820
53780
6443
14242
34802
61993
35235
57340
29355
31225
29225
38988
46308
54828
1184
49588
43044
7193
50739
31995
34988
27250
54948
5374
48364
60355
50002
41697
35126
10872
39574
42933
51253
18485
43391
39832
11160
16184
9909
18013
33505
34714
44888
55537
4968
63191
13487
6831
14357
36054
54801
15527
63489
4565
34470
33800
31912
29941
31535
37453
46399
33655
970
52831
43061
7141
38218
3021
35005
28641
54175
5009
57975
61114
53080
20215
9633
995
64932
18083
172
29554
17196
61810
3628
10260
451
5396
37282
37039
40218
34967
64205
20798
17046
14553
20679
17268
33134
16788
24295
62370
21438
18806
1780
1174
12666
48380
58610
23937
60580
28303
23212
46474
60935
48394
23340
57447
21761
46100
24687
25763
27668
7425
55560
37598
34730
25220
12461
17689
8814
60932
3543
9726
24322
35286
25956
43439
44309
60683
18700
12352
61866
35238
15021
2380
32989
64892
12765
63450
14272
64218
3495
37027
22288
48487
58721
21379
60687
46596
20487
25554
46732
57810
24199
59524
20739
46559
26636
25866
28127
45489
17304
20547
47295
8393
38605
50558
45122
48706
20807
20201
40384
9077
24146
21343
49525
18379
9662
3697
11173
39759
38413
7994
18625
7834
39965
9303
4017
9173
50074
53193
40256
9998
8366
2518
60675
55567
22796
29
6616
36311
38875
7445
14090
16400
44289
24580
26580
16839
9393
38426
7887
18867
2487
50385
16508
10257
3447
8772
39946
8015
52930
50127
40010
34923
63148
21814
18579
34486
22203
36983
33597
20199
22587
61818
23990
18035
2199
1011
12752
19451
9390
3362
64713
40479
2763
5411
19953
7587
3051
9719
1442
5241
49322
39593
39952
4439
56001
3214
35738
31625
1719
33748
64267
33124
2103
54114
1038
35450
13059
43674
29007
47042
61278
22593
45764
51429
22971
9190
47185
47194
22396
18077
37832
48969
22106
24468
26441
36263
61453
14552
63424
21017
2508
62687
60942
63663
15740
20226
13480
61504
38308
2470
1818
7275
54786
1078
34915
6837
2571
13895
6717
34871
2955
53583
3254
34515
41303
42595
31961
11665
43065
47479
64606
18838
28218
62388
10728
63026
48567
54164
49050
2889
33660
35003
40426
56818
59036
61650
50867
34292
32387
10308
54556
37298
7436
59620
5380
9052
26828
26260
15651
27874
30050
5147
61095
23444
3104
45231
25715
45095
7422
32004
62713
28207
28803
3804
23196
3383
34342
58337
20723
16021
40170
16932
1343
24306
57751
13096
17567
18940
63617
61802
12445
57709
35227
9095
32592
19194
27530
57056
58919
32348
11117
63459
46070
57180
15772
12368
23590
27953
29790
6888
59403
22426
490
46068
27119
58140
4497
30804
64150
26761
835
2891
20567
15676
25697
63789
48734
14160
1930
12180
14819
46562
65015
26869
61542
25321
50063
52104
155
64765
29423
54289
65201
62309
43910
32966
62504
61511
56311
6607
54277
15989
53361
56977
390
40077
35123
57580
12390
20982
22496
63274
38538
15863
60763
12523
18835
35325
64828
63312
23143
64924
27429
57324
19208
61520
32480
58277
63979
17361
56924
9471
57168
23519
45857
47208
1843
53598
57437
5708
51638
34451
31536
11834
55010
52663
7355
60906
4947
12125
28049
24661
12592
11422
44580
60018
64866
17561
27619
61443
9339
62860
48332
53412
46276
3796
53292
36524
40160
32130
17971
46359
42740
3684
23850
34852
30163
43180
48625
37682
58879
34556
10316
8532
108
15399
42392
20270
47249
15205
40320
10959
13359
46705
18427
44485
17769
52207
28751
32305
14957
36247
64247
5441
29546
65439
44774
55317
34273
30721
7767
64303
54725
54269
14577
14074
2026
31806
18742
46626
42581
339
20864
33258
30260
41361
45422
36919
59123
34397
11569
10069
2651
16882
9212
2793
4547
17577
962
29931
18990
7291
482
11040
3017
5091
52395
50851
38932
33266
62638
21475
19609
34467
21442
39547
33580
19435
20962
64528
20931
17529
3067
2809
14356
58023
59895
24362
47018
47535
24481
28433
47399
59153
22305
57903
22442
48938
25255
27135
25135
11874
49006
37075
58020
45225
21934
23003
8402
59164
40658
47065
23968
61401
26530
28660
28201
36360
65281
13684
65220
65455
16334
1358
34065
62078
15950
65237
708
65348
680
1455
12821
59404
58988
23076
45315
46324
21250
25644
58396
48156
20866
60451
23460
45955
27890
26212
26756
48722
16539
24436
48723
48985
38350
28475
49122
45804
24130
59184
21177
9696
22428
20563
52969
19400
9053
2422
4758
18102
1464
30024
19069
4728
632
10309
3510
5430
52168
50326
38981
4712
5624
1503
36367
54773
16129
16344
5505
33297
728
53893
16037
62741
41713
42351
41615
20162
12124
37909
10490
17849
37889
50061
20350
11053
38929
11824
38917
9354
49819
50579
37444
33112
62401
20719
19871
33743
21944
40824
34529
18408
23864
64373
24271
17791
3224
1695
14405
18424
12285
3872
6048
18854
4014
32542
20269
63262
1838
8725
1952
7968
38824
51622
37397
63500
54514
899
36084
5636
770
14876
5772
35628
386
56340
259
33812
44284
13475
30852
48017
59997
23162
48026
47797
21688
25672
47729
47985
23409
60213
23734
46134
23441
23194
27445
61090
17678
13850
64421
18851
1185
1757
57372
64541
14353
19920
3242
62421
38827
40873
37396
64445
54097
1599
33119
4959
1208
13425
62279
36065
3128
56303
2239
33615
15303
13242
31541
31546
23865
52822
13518
6566
28876
20991
4950
3012
53079
57492
30656
22120
17572
23321
32026
49706
45228
29348
9443
59087
41159
13841
12207
50290
32764
60692
15823
54810
6932
5372
24954
15488
38986
43785
21928
49059
27052
39002
33897
23974
42091
9818
22436
38481
45221
28197
26404
45464
55038
22133
48544
46502
24749
13854
45949
60702
24957
55312
23973
54800
28331
24825
27941
47051
56013
51738
55232
10915
43723
51575
10620
6012
27677
7290
31939
47478
30631
43430
27664
486
37440
43862
21506
55807
40967
40276
35414
22697
29597
17843
42922
39262
46073
27524
44431
7672
23507
43478
22322
55893
30413
20985
55688
20713
32029
58272
44214
23138
58747
58044
29157
11531
38703
1749
2017
62985
50875
755
16606
4074
29149
20474
37305
2546
17639
19601
29136
46930
55889
24688
55050
46841
27148
42621
45294
56605
26444
53733
24992
55882
44536
43375
27780
5895
23593
28736
23592
5814
51639
3220
4317
39471
30540
19188
52662
15006
18914
59294
31818
27424
53261
31635
49126
45251
26125
41084
9459
53223
42139
56602
25002
53312
7146
54429
27968
30848
20975
51385
4002
18857
31405
16026
4873
1955
50011
58266
3237
12433
18858
37407
50960
23846
8290
28325
54048
9146
50871
37074
58869
41758
26109
11987
37311
8403
34857
34555
49471
46958
24086
23001
20968
54272
43531
24310
49115
21478
26587
45302
15369
20728
46829
59597
44169
11463
6828
2431
7338
18863
31148
39538
19057
64529
30583
64532
1956
10867
38818
51619
50970
23683
6504
26864
54330
8276
51643
28887
59120
41965
25708
7567
52659
6614
33254
35415
51001
38874
18113
3251
8148
17811
1431
38417
18947
29762
2316
19828
39162
61567
11220
12033
39146
3194
65533
21710
16454
23945
13724
63023
15129
17476
39367
16626
13928
65504
62466
63165
15914
27865
49100
38312
46297
22602
24476
46666
52773
9510
23051
46673
22097
59764
16637
58478
26595
56829
55901
22402
33382
15315
13213
63017
57868
19961
15917
62379
14946
33846
38304
43366
41446
58107
62572
16352
64362
33942
21659
40759
36653
62012
15149
64314
21142
17459
615
40803
15136
52501
46007
37280
9493
45139
21335
20546
9897
49950
37037
48707
24147
58959
18473
17912
24890
8605
9645
38368
16837
9968
38397
38430
8427
19838
39149
10256
39152
16405
52939
50118
52518
20059
17934
1841
16645
38799
859
6611
19537
6074
39053
10503
2402
63049
51898
37049
39040
46956
5883
16266
20208
55898
13420
1005
55687
65069
21132
4582
15194
62240
32253
49392
44163
19287
18689
38026
63423
17507
3948
2626
20284
19665
567
19668
2899
63956
38834
39615
37514
15376
17916
22470
19011
34150
13165
1516
35526
39239
23243
65066
15952
62250
64586
64012
24192
37328
18894
3842
4937
37359
38141
4218
37599
8067
1723
9927
145
18965
12135
8974
37600
41333
55799
13314
35398
37584
1383
57476
43908
62233
14029
58636
39278
36650
5118
55992
32138
46939
46091
37352
59321
40470
21611
8214
18637
8646
21051
8440
37112
60121
50837
28592
27776
62199
62301
15400
65104
15401
40855
18996
59390
64623
748
64098
23198
17718
39268
1382
3050
44244
45164
15546
62992
6502
40811
13703
55999
1661
14860
56714
614
58755
4469
5806
51072
39732
44342
9669
14291
5571
12767
17510
20319
35507
51321
46694
32948
566
56009
42777
30746
3044
54732
41603
46536
44341
37343
6669
14112
46172
43129
54888
30534
61618
60059
20369
26650
24408
50791
3203
52244
42593
29206
22598
38555
25125
2101
4029
52516
28131
44898
42702
45004
26653
46454
48280
32682
43362
51987
56062
42801
27129
8908
47668
26405
5319
56431
57024
41931
53965
46283
60113
14863
54464
14292
59215
46109
14258
34737
45686
35508
60082
41675
42150
41488
37790
31069
62559
26389
44723
52755
45136
40597
47785
2948
52326
5546
24886
44212
43266
41735
30749
43372
8151
48285
52934
31699
47856
30064
47595
8716
44115
5306
26406
27274
42807
50123
7867
31971
4525
59645
52276
22341
14212
7265
34641
34750
12816
49520
14560
33485
11511
52806
41543
46147
49019
28576
43955
25110
56182
25818
41645
48077
28487
46240
54443
53836
56074
44812
6919
42784
61566
33367
12218
37241
33875
8012
58503
61864
55952
16581
12931
47661
55197
52035
12841
54029
54452
46258
45830
1861
63305
33945
45647
41684
56896
18949
64008
58085
58526
44614
40501
24874
51424
12656
28975
14196
1845
39987
13012
25157
15942
41434
39050
41513
31860
29296
13214
5443
22310
62609
31064
28275
45166
14700
35579
39716
6789
24885
54695
59955
58853
49927
41547
42651
10082
10140
50846
30790
21014
28968
60365
7693
16140
31876
52259
12871
24877
28605
11175
12231
55223
12489
42793
12665
47804
55192
43530
57768
47774
42963
57544
43765
32707
31603
16226
5334
58617
34046
51974
26694
57046
15188
35813
21029
32587
46512
46347
24369
58420
32701
7676
62962
33596
12292
5828
15827
55364
5868
12722
36460
63716
34483
54530
30924
30115
32020
48535
10696
19550
24474
26681
40266
58290
59579
22100
20055
9106
39753
59847
37827
51606
28031
44268
34020
20135
50336
42338
52249
16631
16092
49407
11515
32899
52783
17662
56676
56259
43714
32066
55625
48750
31141
42081
30495
12130
31624
50676
56737
4901
25129
4104
55407
55236
41166
53512
6657
63819
13834
55753
15578
64880
53326
15804
64525
5956
35251
63149
32194
30383
44053
44428
34180
9772
50602
41396
52511
18468
42547
51372
11767
13106
9892
17905
55372
56835
40962
44353
62949
8306
37791
49573
52303
16948
26335
40594
8641
37672
10676
17489
59521
36447
28872
11432
17256
36529
25775
29247
23766
5533
7825
42330
60583
63831
3701
46088
154
38133
49621
31960
5653
53464
49316
42932
26393
6111
31049
32161
48398
28798
55717
10498
56642
53519
43521
7617
65361
59095
42431
10767
3446
10261
9745
26625
36279
19343
18086
5576
39153
1439
30543
45403
9922
20285
21331
45237
40000
60746
45117
24151
19291
11647
18870
59068
52631
50835
24905
7323
62622
36194
15044
32292
15475
54636
65196
40963
35740
61692
16084
54466
28916
29888
31865
52535
47487
34827
31382
50270
41343
5106
39755
931
53655
45876
43145
6856
59571
47002
49329
27665
58501
10385
40857
30104
52553
19031
44593
38554
10190
61670
52031
17758
36186
60415
27144
56770
4286
64264
14787
43813
15728
62376
55400
13071
64956
5217
15327
35259
29695
31177
30580
52283
46660
54845
30451
51125
41433
4479
51510
29079
53611
24641
54965
5794
48439
45395
51902
61858
24022
36991
16011
5071
50114
12720
63089
13104
37234
58880
52943
12299
58251
61037
30740
57762
54209
44507
60879
28294
41922
45872
48397
45488
12658
54123
42347
46463
42496
14031
26644
56263
49620
41436
39052
12675
42177
40712
53602
38792
15473
49797
41836
38412
16909
8556
15343
20050
34296
52029
7695
23610
26062
49027
19549
8800
52802
59756
25687
54549
39264
1391
24297
47288
49070
25557
55301
49097
45000
44926
46414
56910
44616
53781
27557
54293
44552
25865
27509
55308
51157
13903
37517
33631
41730
39936
54087
38016
12754
10761
43199
39181
10891
10093
14468
61026
27727
42463
40013
62965
50606
22451
34177
39232
28370
47540
32421
23223
10574
11448
40489
4776
38771
30759
20759
49795
30142
16328
12028
15944
29310
23413
29799
39591
59576
60876
32469
19288
61282
53065
8713
61268
25777
45009
20286
4824
52040
33423
25268
49108
616
40809
23359
11938
23670
30068
15693
7951
29697
23718
5393
22230
30737
59840
29364
14797
57419
57789
49876
60680
54030
13897
57785
45833
42254
25928
59102
60744
15838
55365
43193
45897
12728
13833
28373
64712
20755
49532
14572
30755
53192
13582
4524
15758
38776
24277
50076
14028
60776
59644
31605
10252
62289
51165
61887
38790
49922
5248
10088
7168
37330
64107
53101
4943
31337
29626
39044
33521
28025
28300
40268
40224
44808
21681
60780
39752
41489
27455
50683
20683
11096
11698
12933
48834
8097
44605
57028
27622
50337
54310
47197
55398
26641
49147
44957
8052
25952
42415
49780
8717
62574
39641
64521
17513
53000
29768
9435
64584
38872
64309
51977
5337
31677
29696
37509
38714
22742
48982
15172
6553
44355
18031
16470
33737
52966
58282
55747
40069
5268
44009
32228
1827
55025
54697
45979
54730
32074
61919
65524
47225
44576
55322
61631
5639
19428
19100
44527
23131
1463
62313
49711
43946
50985
46746
23385
10671
384
32090
12192
22650
44457
42494
43761
44520
46825
9335
51700
44704
50991
6931
42358
49836
11409
25467
12202
6898
55325
53749
41214
48376
47512
46621
43443
6804
44099
48502
10785
44491
48135
10223
54976
47543
30610
43417
44265
37021
37901
63062
27433
42900
32047
58819
22358
9460
3130
38922
6645
24128
43161
42066
41042
32238
13500
4232
58059
26453
31807
17571
43321
20348
5985
14528
5717
23312
21270
23511
49304
4456
531
35544
36248
9136
27712
34288
5085
34285
56333
6643
60089
15657
6631
62151
49465
27777
47423
10722
43509
41369
27689
7407
26149
30705
47006
24808
10996
55960
56814
55124
43602
5970
15216
55627
60513
8277
52598
34457
4158
58920
7627
62659
47542
15412
17431
60333
51007
15584
53342
54160
48983
46847
52438
7491
64147
48870
43827
56804
9738
6587
18410
59805
24965
37168
15994
46265
15897
5286
44058
62810
17241
32928
27440
53402
35503
3391
6564
29220
31781
12539
5775
20479
64252
32442
25071
48659
16121
64292
38698
29655
46026
45298
21486
59104
28753
44168
13739
9691
19399
27568
29065
10746
42198
10983
11630
44528
4864
37402
41190
15997
27230
6033
10898
32888
42662
8099
44304
57721
8055
12712
56781
11123
32937
46795
31655
31487
30500
14940
6457
19187
35485
49519
27961
56623
12688
64746
23584
28722
45204
53352
20717
59706
51816
25189
27361
22486
45702
27287
60063
60097
26888
48904
61189
46202
23530
48250
61317
22925
23498
44036
24716
15434
61712
31085
20320
34151
43697
63181
35331
53386
646
61059
5749
30238
51040
30468
30071
29049
65065
50935
53338
45831
31410
62366
4265
8986
24970
56906
62516
3970
32154
43558
51772
55132
29181
27037
47699
8349
42987
28816
55943
10554
26426
8672
5971
7303
27792
21776
13531
61179
22382
42747
34553
33899
27947
24416
57390
55936
14368
35977
46944
58075
14496
32361
31208
42969
34688
31133
36810
57287
28686
36718
57193
8054
42986
55279
62857
139
710
1350
28814
55133
42840
28779
36608
57099
32061
44982
36685
5584
42880
55177
7862
7480
3584
50918
50461
20123
37320
50939
17910
18094
52715
37065
17389
8976
38944
19733
11968
10365
52726
1050
37707
53757
15117
51868
58304
47707
31783
43622
33565
9776
25056
60224
4454
63709
39875
21574
27016
60253
27837
26989
59749
59656
27709
23221
59960
49110
21126
47062
48054
48184
20998
43257
24348
12560
35801
49260
16484
61436
42670
35339
33705
47395
40579
59172
56025
42126
40451
52645
25415
37136
11797
24668
58202
57522
50862
9134
16550
46403
24115
57679
17193
38184
24922
27849
30247
26447
8569
41051
6758
53340
27080
8392
47796
4323
30512
53642
10575
51778
41318
31034
32732
8701
32461
31324
4336
5067
52359
50086
4333
5187
29152
7696
11018
4679
30563
27011
30251
33383
40699
43607
33891
62365
42887
1526
61324
5862
15162
63520
7670
11563
44131
52116
1053
24953
47929
42743
62218
56055
51906
47806
45977
6694
29066
35610
9801
49982
14506
14941
38332
5104
22553
28004
42778
19029
496
61199
43830
39862
45059
40244
25199
25598
43505
23651
31112
45993
56122
52915
10672
64991
22777
55413
46179
30167
16564
6102
13288
14903
51033
38746
22534
61269
54356
29376
53332
9834
40533
54985
16534
25082
57283
17414
31940
43929
32148
27173
27112
45853
42834
31683
55892
48758
50202
44747
47745
53111
54208
46911
4732
55278
44185
28142
55013
47687
41126
26479
24848
56531
27199
26380
48587
43650
47370
54989
46978
56821
26366
36957
21415
18064
43241
29183
42980
65462
40019
57188
22326
16054
54895
39130
41721
29842
31134
32062
1228
5672
59565
52308
26421
36611
31375
36679
55134
12960
9881
14448
16246
39703
49240
28709
23299
35288
59698
43958
5830
58352
45014
58859
4125
25072
35509
60004
24800
24387
29077
52257
10735
55601
41113
43001
41449
48180
43493
44129
45560
27374
55652
45208
56360
6036
31378
42888
21419
8219
60830
29177
44102
59759
49193
59953
55053
21002
5792
20777
21578
24187
43608
22267
4239
49002
54173
52309
52547
10192
22378
56195
26656
51598
10934
4103
14988
34534
49234
406
37552
54453
58372
41642
53258
17747
15189
59040
5014
52563
35247
18777
25001
27492
44399
15504
41022
33689
59194
26794
10853
7747
2964
61157
35411
42364
8970
5945
40929
23021
24933
31028
15296
57163
58583
52918
8341
54928
30016
46637
4334
31891
49078
33971
51754
21526
51039
26932
43569
57470
42759
26784
47619
33141
25968
15784
47436
41853
59049
56394
56861
55169
27748
2716
53476
35171
57501
44373
49551
7301
14320
60467
12768
42632
6485
4178
23275
18922
26353
13502
47642
49775
18048
15711
40907
50913
3753
39303
50030
41031
39114
10729
29995
54320
23281
21183
12338
31951
29745
3667
15878
31021
24006
30280
43925
16364
44538
1303
22861
38264
1881
39684
49276
63152
6963
37520
18175
19477
37120
6217
62644
39294
17654
8474
50142
50316
40340
14629
2609
65516
1874
2970
59797
20022
3882
3675
35310
829
20378
18239
65165
63361
15509
15854
59701
24336
65030
23636
1223
1244
14991
17116
535
38638
15264
62278
61736
34649
20632
37646
10608
65284
4955
37279
39973
7546
37391
4739
2121
50807
61599
10925
53127
9088
39326
40254
9936
63793
50694
38767
313
6099
39487
30647
16744
51671
63844
5819
11335
11696
38510
38437
30331
49200
10034
15184
39683
50139
21638
11851
40771
14926
49504
51842
60632
8477
409
1825
63029
35368
89
15609
38895
19508
22825
3169
63378
2690
60057
16472
18306
64869
2705
23688
55872
37962
11609
3577
37643
51585
229
11313
40523
28699
37386
9865
7549
48134
14942
21960
35300
44025
4917
3173
13735
38172
23476
29826
29841
13953
24064
65302
37758
61253
82
2249
26327
49417
39564
23546
40643
53115
15536
37774
52068
23057
51088
49378
42062
29675
20847
15301
33
18890
16975
16122
32857
62176
3274
19782
61381
3885
34195
64996
1613
1089
15717
39220
51932
17293
52231
39008
64084
61769
38192
37128
19073
38622
62288
7235
19790
10060
40036
14644
37096
31018
62167
24214
15302
30269
13792
7565
16150
24381
31898
1095
33339
65006
22367
1217
63781
58569
17848
23913
15844
61743
15273
19268
37503
36898
34405
63902
1234
62277
12529
26487
946
30244
22556
26707
2717
28261
26179
21974
31976
521
499
25586
2441
306
28567
31296
53053
25363
53560
30900
20832
13281
1604
55415
26249
50497
22772
13885
19777
10061
31568
30330
22537
18808
34366
31685
9626
34499
2677
33772
8311
20899
12229
33721
21283
22153
30874
25904
44845
45841
44635
49860
46326
4724
25972
44738
45965
32529
9391
53984
56849
56973
25232
51335
54752
22070
36346
41562
39324
22827
32566
60811
24044
42119
23702
63786
7053
7763
25597
31869
21410
9852
33170
30963
49894
34057
30227
32910
10189
24069
9107
14452
20613
20770
29853
29229
40898
4903
59553
49763
32304
36805
50467
34120
4763
23493
5226
39711
21317
24178
30061
42291
23311
3877
25913
41657
1898
51140
44916
24692
42
20902
3685
25241
38618
38101
32400
28396
7978
54589
42387
27542
52010
56102
25398
43117
47351
28459
57238
8092
48779
57082
53148
41708
21416
36899
28386
30966
109
27541
41866
25397
1837
12991
38755
53138
3909
39121
44891
29004
9530
24709
53663
29280
22268
13963
31184
53646
24866
50235
23910
34538
11339
11706
29532
24650
3001
29814
21456
25295
410
24996
22911
26147
30447
435
2965
26729
819
2617
28250
26320
41789
34418
28093
26788
54096
48767
22036
24001
54859
41841
54212
48694
33137
53581
26720
29994
21193
8062
58328
32261
8019
19114
32533
58903
5612
38851
5561
58533
20595
21833
29290
50310
44860
21988
36237
26789
22416
3873
50143
36385
20528
42366
37524
14637
7746
4667
27498
24860
54250
53467
24778
28262
43235
47152
24790
25019
53708
41867
54624
46487
53723
53706
25596
43556
52847
36002
16513
13554
54515
40410
43804
20071
55836
49153
43796
17679
52615
38362
15603
53206
1166
19470
3086
37998
12037
5304
52187
2741
18904
62517
52185
7129
7094
7131
37477
50035
44297
48823
6539
38289
58196
31817
52855
7259
45900
42686
24127
6409
41275
41088
39060
13621
13352
19304
2920
21752
36703
36690
22664
3929
65336
36841
23439
35727
36441
34952
12949
38458
20523
10417
52844
21400
45974
46510
38961
50436
9015
58665
26741
48672
20068
19852
20886
51945
44788
48076
62940
38046
60051
32212
52091
7532
47842
41122
23524
5476
44332
13587
40080
2598
29343
35825
5425
872
35430
44405
2856
7601
35367
31169
15237
54677
44401
42479
358
21892
27839
56833
19021
1528
9641
22339
16001
18363
46546
27058
32277
60090
51022
51781
40697
12522
2599
65105
359
3985
32918
33784
16097
879
61495
62511
16101
33062
35071
33063
1946
22819
26773
45730
17217
24430
48992
20854
21026
16823
48940
26312
25305
58309
49473
49983
22368
49295
1676
19713
28940
38241
9578
4866
52951
1540
8407
62340
52959
6275
6147
4482
40298
41939
50949
33201
20365
13137
54020
40144
43079
19307
34514
51726
43087
18694
52363
51590
14436
42448
21310
7099
52155
13150
65385
20312
43083
53174
8155
58677
2873
19257
48822
47179
15977
815
42949
36434
6472
3922
62453
27871
3810
11272
33665
27304
3817
55743
25048
41029
2927
37941
24450
8894
49678
24402
46271
57089
37438
32517
9288
36751
25156
45780
62053
17038
23391
40996
22252
7692
49490
13810
61539
17234
44572
50099
4226
58340
3716
16691
47299
45538
15859
12809
43383
49160
37005
16279
39878
9334
14603
17797
52837
35199
51869
51944
57305
44939
14239
23731
13191
43720
31442
3931
28000
4138
22967
6735
44201
34099
41069
49196
16502
38523
2918
38666
38513
3139
4820
38300
62874
18081
39436
5298
63747
16500
38954
64895
9428
53201
39066
24352
1164
33435
2919
13469
58512
20311
12845
3923
33837
62522
21222
19251
62058
17036
15344
13861
23102
50988
20187
21403
2979
5760
14381
11616
40723
58416
31484
987
35686
35976
20889
40453
51837
3536
7808
38045
63893
63944
36877
5390
62729
19061
742
6006
9685
50573
40085
38453
49373
65117
32189
38253
61545
61454
38973
181
61496
16597
3712
7632
16821
8525
40293
1510
30
51004
11079
923
51050
9427
38957
8883
51770
63097
51820
53207
16805
64888
3824
39204
1678
64503
360
1276
19092
17243
37420
870
64033
62336
39907
16697
20064
19854
3316
14645
43483
49469
8504
16235
40454
9686
12861
10422
37702
35289
49261
49288
34741
55117
14185
22729
14881
31394
29582
871
24227
10528
22219
5849
31732
33834
24828
40731
59968
21582
367
3488
12353
51714
40833
21351
49562
9587
1739
17540
50959
59103
49308
50039
4985
29982
15962
15520
38188
22390
19523
13677
33638
62876
15053
18871
60096
62762
15920
63530
64074
2780
24160
37946
39377
19303
1969
37996
65379
64178
37436
39439
65335
19156
2867
63444
18356
19521
37482
13450
37867
42797
10124
24407
44272
6714
12860
5994
26912
17894
43677
31372
65168
63533
23379
2980
39214
40051
18505
22012
34559
62717
2732
18107
17604
20256
14378
64549
63184
990
24052
14628
44844
50989
10024
14764
49909
20261
12844
8870
40726
57108
51624
39213
34724
55068
12964
37936
22092
41277
4396
39357
41225
5759
37437
4506
42624
57418
42680
30226
61018
59452
40112
38186
50449
63644
3490
38572
61603
5058
38956
1732
62764
8980
371
7700
16804
19729
40362
20688
39388
36283
423
14765
35494
63932
15837
195
34525
63962
14192
64730
64938
19740
22432
991
13528
27922
8750
13997
49908
8409
471
10153
25892
35542
51618
50574
36010
35601
14501
39205
53037
62203
30635
39341
65449
8110
37421
2473
63790
12053
1808
4640
18341
10013
37541
38005
49981
63437
29341
38589
62901
5560
40061
32709
65400
9029
3398
7734
11205
11245
39093
12362
30072
52594
18657
38573
52415
20276
20951
20116
50815
8981
51634
37937
47119
56897
3526
21780
38366
33191
2984
39340
62639
62989
23836
2726
33553
16592
3098
63701
18336
16926
37540
16255
44861
52344
19693
14781
51285
17205
14199
19349
50405
57157
50872
38461
53967
53991
12981
38452
21618
41260
64283
38588
43252
6681
38972
7408
13075
60019
42658
29742
60307
60642
39092
13699
42450
49452
11799
14012
52655
17188
14396
10403
49194
54084
50850
38177
33204
36306
15619
13184
1564
61021
39068
14013
59056
16583
14397
38298
58171
63098
23878
16755
63642
63532
12544
38522
50241
16807
32449
39356
63930
9217
40316
50095
61559
12100
40154
4687
11972
10353
40122
2774
1565
44504
11538
14780
26537
6623
1867
7599
24793
61552
43432
51666
36275
33239
15370
13860
1054
59548
40094
13996
58308
19147
14380
38032
59106
64016
20851
19321
64496
64558
14500
23324
59939
57473
27299
28271
23316
48778
21978
27911
60658
20615
58639
46332
48513
48372
25842
1094
41777
62263
12625
29119
62645
35962
30266
15255
64056
43633
63162
34895
56551
34887
31573
883
1772
56044
41298
31945
54100
35812
31456
43980
33612
1262
56004
33075
7035
4578
30868
42297
32562
4162
44626
30660
57172
55113
41076
42946
7998
28750
53449
7913
6014
7906
41625
32385
57221
20446
16303
25188
15893
19993
53129
24066
65025
50478
61188
36616
48770
54015
42488
2939
64224
34268
43668
32500
44004
36227
1299
44386
35788
44
54628
35484
7458
7321
29854
52008
18054
54577
23290
29279
27525
64998
30191
15703
48113
2359
5525
60013
64999
19702
50024
25908
37099
59772
28252
26553
17865
45641
26996
25282
58690
24382
59824
12000
58082
60732
52889
44770
5433
5256
44948
44021
44777
6181
41861
43105
7762
29825
54383
57182
6177
4761
32658
25314
59696
58177
28563
51349
21065
10470
25407
26711
58050
38637
17349
48987
57655
59283
28510
2119
54511
64142
15007
31593
2127
35028
1232
12642
61777
41858
62473
33985
35036
35786
29521
21459
22156
58412
24844
27812
58116
47892
27171
23714
59010
21538
60067
47235
47900
45442
26724
21830
50657
8247
24247
28111
12117
46975
24810
26519
20301
51576
8383
48703
10221
20087
28245
49967
39559
47633
20839
49413
9205
60293
51733
23537
45953
37768
47621
16678
19240
16679
52079
32645
29992
61655
15873
44453
36623
34774
28895
14247
65496
43480
32934
65045
55057
56961
41583
24183
12261
17483
24522
26713
52799
47156
21312
22716
20151
50146
9305
49041
18556
17094
26001
27251
3588
31515
21786
25794
3312
24737
23666
27943
31273
12
1278
28415
3724
132
27539
2521
50254
26843
55515
29886
24165
33589
3150
55478
26070
12101
21358
13198
18357
19534
29193
1556
23814
19905
34187
29633
9156
12608
369
34907
18034
22027
52863
32768
22667
21894
30884
25413
28446
47112
43016
28622
57285
57294
28238
42425
54600
57109
27413
56085
56837
48862
27589
30010
41773
22753
60716
42440
40090
20260
32321
61172
22250
54037
38033
39212
6159
6279
44694
31248
24239
19662
32802
29870
9360
15635
3102
36604
10875
20647
52089
34212
24103
20527
31728
53024
39887
7080
34161
50446
4966
1914
49694
36295
5165
39623
30933
65487
20855
21375
52832
41951
14266
3617
26181
30158
37476
27086
44610
27982
38180
23047
3937
27845
40157
2374
30885
25578
53036
57025
43255
50369
8090
5281
26737
41903
54759
12052
29311
6954
48804
48684
52122
42026
16069
37422
25583
41992
40288
51905
43793
24945
39200
12493
38254
52127
3399
1359
43878
28883
49980
28183
53538
29954
24058
33572
3538
55459
24623
9028
22001
13868
16820
8524
32355
22084
1792
30839
24710
26033
2292
26126
23873
24971
29459
2747
913
27909
2875
3968
26804
20693
41950
33214
20926
25358
54537
46520
20958
20661
32990
54085
43081
47177
33205
33246
28165
50452
23750
7874
32845
32513
5135
23574
32273
57613
4881
22987
29252
35270
23883
22086
49668
32581
42193
24126
61070
25601
23445
36645
52184
36453
21301
57156
24478
24366
4793
7128
41663
24602
41772
36258
25036
26017
54771
46018
23825
22212
53276
54036
44564
47331
33188
53532
28410
24346
22823
58103
26535
27041
61359
49057
26407
22959
59681
61231
22298
45610
45738
46881
25343
31360
42706
64349
14444
31416
64000
34487
31805
13146
62603
54863
3142
33235
53594
53644
31753
28707
1314
53596
44556
30402
53252
33618
29164
41907
53388
62436
41284
36484
6339
7708
32164
42709
31441
6078
41217
43470
55823
4302
44366
41140
6872
6468
42820
4373
7620
4369
44197
50564
28558
19724
21154
24750
58793
59659
52690
22947
17874
47577
23824
58073
47012
45602
28409
3856
2347
55292
42994
31150
57332
36850
30507
44963
36636
65321
42772
34595
4768
5934
29433
32741
61
55233
14231
28856
57173
36696
30584
16287
57313
62773
42821
34614
62101
63469
32341
26191
37864
60860
26801
49358
18118
9678
27970
26036
58951
17897
40304
10357
61012
59441
49605
41775
29576
4353
44017
31393
54261
55816
41233
43695
4993
5845
41237
56197
7333
6952
31743
25839
23101
60615
27543
27320
58549
46264
27761
25807
58481
58421
23622
47926
60319
60647
27477
979
42018
63596
15602
30210
62212
35500
29068
13555
63106
55828
467
35604
56563
35612
30820
24714
21889
59500
23809
26114
57354
45826
24972
22020
58759
58244
20947
48863
47107
48855
27919
26160
50802
10077
24924
24760
10937
45233
27965
24666
10811
8319
51013
45380
11674
8684
25017
28799
3889
45313
15953
51713
4293
17400
49425
21359
53313
17551
49429
65253
18687
65249
30655
51673
49182
63245
23820
43265
59651
61613
30680
12298
18907
4117
14298
19728
56591
48594
26372
21363
50414
8540
23500
26306
9044
47810
25068
27283
17228
10873
49476
48100
11408
19323
26772
15456
39098
43993
58789
28588
47523
38970
13422
23830
54368
50775
22292
18015
24744
28405
26612
21103
53211
27604
56276
53179
19125
63752
21602
54449
48911
8150
38729
18393
33855
13442
52150
39764
44374
40677
55556
30156
54026
52358
40785
44100
17305
26221
44611
6486
43726
42921
30890
44918
25723
47879
43783
42187
57091
49079
27421
44979
57159
49014
43843
47939
53952
56093
41632
26341
42542
57800
28075
26029
45222
34478
26749
20649
46717
54032
23829
53520
48800
48430
28149
37200
16074
23353
54777
29869
56063
32058
37726
44313
59984
41111
43802
62906
31138
29428
31989
30341
675
56077
34173
50107
47705
44320
30941
56733
55944
31228
27456
34208
30695
3962
49497
50448
26474
64936
58423
29645
63145
23427
32285
57948
16414
27244
373
61290
26428
27194
30880
31215
51938
57037
41464
32684
53497
46027
29303
41894
53480
9331
44560
45545
7082
7201
30708
27017
24230
59150
59112
41995
55808
24102
25307
59549
47579
24829
15577
57589
25069
21366
44137
24054
49282
28181
55328
50103
9914
16386
22008
54190
46582
9683
37199
11731
33577
13867
49503
2297
52310
30837
59658
42247
57348
37424
920
23763
5033
51547
15839
17494
27138
26383
28163
13049
41949
15156
60212
25357
8118
8123
13470
61265
36708
54592
52182
7126
61413
21742
44726
29914
42992
7883
55607
53175
9152
44083
29260
48231
4893
43675
52854
55651
27693
43494
52147
25674
42204
59314
22274
25612
59663
35505
25164
14607
59969
54346
23764
36052
53770
45788
25098
2035
42529
15913
57824
42439
4191
4871
4082
58270
33008
54042
32330
4495
17636
39660
44447
25710
47588
17829
46187
22714
22500
45386
52981
11814
23513
26161
58975
47564
36909
60032
24524
43871
13783
34502
63605
32106
63845
33322
41413
35910
33983
43303
62826
36239
43592
29672
518
31572
50721
55993
61920
52470
58122
47898
29113
35641
5017
50205
47866
45455
830
2620
39082
16240
40775
53483
3787
51098
61370
46902
31203
42843
36684
49213
45206
20086
7483
62028
21190
15901
33862
59778
14693
15107
12773
61737
24531
40446
36344
795
35428
35416
19995
33286
13261
29534
10789
5625
35419
3786
23322
56639
29284
64800
43833
28897
34234
47857
2444
63024
38061
39133
5689
62845
27237
515
15168
7465
3914
32152
60173
31106
62880
55902
5937
8549
955
38256
50734
61243
52683
27744
18169
60633
26928
22462
16622
25819
58464
8464
45643
11758
39072
636
17734
34007
16304
23488
24182
18544
13334
2221
36555
37964
58547
61373
64471
65200
40903
21067
47753
18152
27056
40614
23689
11542
37750
49613
59230
49192
16629
47627
8680
46937
21515
41880
36634
33796
33976
37376
3471
60804
43876
63513
14453
21980
18793
35313
29486
54325
1287
51449
24626
59904
10272
26515
57428
59252
27657
48089
17321
28540
61331
48451
21646
38443
24243
25237
1404
45253
12005
44435
65456
55267
51151
46917
48991
31211
4179
36419
49224
53041
16048
38106
31282
47757
49656
29008
62400
56128
50822
27405
17181
29515
55888
4585
10461
11393
2995
16346
893
34093
3576
41366
35423
35638
40998
12909
35201
43581
33686
61925
55181
65053
15290
53137
65392
46164
48984
14342
3651
35034
27545
10473
28389
791
62470
36812
50226
9525
13772
28509
38497
3171
50418
41226
31224
22710
51344
25333
1629
1877
52724
21964
12804
13262
43468
43859
31051
39924
15085
37135
27993
42263
43209
1249
23792
66
28355
41096
25976
28471
52230
31578
23897
9653
33993
1957
4291
58362
30901
64195
12122
24211
63945
58981
40099
23465
32170
26992
43645
18961
42955
40100
56000
18303
39284
1986
47645
2673
64196
46966
63249
55069
27808
24861
45174
27365
6143
42755
51954
43566
43338
46894
51170
27212
26613
6895
56535
56768
42699
29533
20626
9299
2932
52643
30576
32853
31587
36777
52790
20821
5802
20783
21157
38050
31149
32221
39666
6871
19697
31747
52550
35321
51667
35304
7611
22517
10931
3300
23269
38882
30397
28784
15444
30166
24432
22453
31839
52467
14665
51683
31119
14480
30902
23456
21286
23183
52678
51068
6778
55677
31171
26534
31859
48240
27254
44205
11431
43547
55712
10695
46875
6058
51884
42827
13982
51588
37500
49600
30296
21158
30230
21622
32136
14180
31844
38060
14655
20776
27069
41883
4163
22518
64234
30646
24722
24718
41571
14891
39676
31453
24917
53295
25660
46566
50695
52886
40037
2133
27641
14276
32255
28051
25269
52388
3162
39018
29350
24240
12736
15284
44467
27632
41181
5316
45798
24004
46598
36212
52132
8831
54416
12305
59055
56640
29809
42221
28080
31194
23801
61518
59944
437
10682
62611
213
17447
6476
39923
16565
35481
40931
23017
31930
27354
26951
53107
55080
12745
27897
29815
22037
4631
27113
20600
52131
43752
36222
55116
44211
50428
53274
57328
12183
25014
24858
53718
25334
48096
31715
24795
53430
53452
42027
5354
24780
15586
54499
38170
11513
15876
50430
36903
12420
11553
39707
42380
52991
18976
56796
56515
13506
39221
21825
42730
63607
40378
43093
31352
38202
7405
13126
22903
41423
29665
58087
60721
37557
38436
49964
62699
29132
40096
62404
7033
37920
3278
63202
50206
64192
6371
19486
8476
39076
13781
4049
32892
3778
1962
36809
64832
12314
1995
34126
221
63939
62020
63261
65041
12965
3650
36681
25993
4853
15119
32753
53122
1237
11810
44577
792
25337
5509
35025
33476
13774
39982
9248
61474
31424
40623
2937
7715
36911
32172
64670
50471
62884
5275
11543
11424
38062
37502
9520
62833
50422
39871
39125
4666
37759
32407
19368
50231
65471
9069
10471
8848
38334
21471
49965
51577
19948
23558
49748
38206
23066
17134
50660
25816
52665
39228
47889
47239
39077
15889
62933
33752
4041
21161
628
64479
21977
2209
36546
40914
33957
62910
19986
62117
4001
23313
46214
50159
18320
3781
50526
39479
13647
16871
49902
30189
52063
16432
56887
48122
21512
40241
61311
13264
64454
39865
41873
29474
39481
63516
14455
21314
43113
5349
57650
59295
38321
13876
41788
51744
8482
15555
51444
37934
13539
11035
37651
42098
52393
38444
35954
53580
14516
13877
881
58855
40337
12746
58805
18294
13290
37533
57400
2685
57546
20095
64493
61921
14517
38260
53052
18973
51447
40368
17423
10453
39280
52136
17169
50510
17926
11146
8830
12012
37556
3913
1406
40991
7713
15808
41717
28888
67
5912
42373
14667
30639
32641
34684
36418
12980
12769
62581
58942
39317
14345
24191
18548
13961
37266
60817
786
58297
20424
61730
64661
13249
44257
50018
55004
16738
12643
44010
20229
42628
18824
56519
49765
54115
39124
40918
39132
14999
51849
2621
18130
31933
39012
9312
6223
50131
433
10971
817
8964
6966
6215
7224
40032
49391
43097
49015
62539
37525
57434
5812
53110
5692
45105
41412
61343
5209
42723
13120
40346
22150
14827
17281
1883
39935
60010
36585
21295
3666
19085
4066
58357
34611
36578
36155
23798
40252
32806
9277
30058
23642
28384
45699
39478
49771
11868
22924
46170
54781
18315
64874
20635
51176
41874
46642
63676
37267
22506
8041
50916
65499
46993
44649
58963
30772
13776
14460
39325
2027
50417
34439
10337
3178
14128
57183
1578
7992
34716
41621
63222
26661
42293
26657
91
12426
25172
57105
20302
12901
5622
57536
16175
16460
54663
28105
57093
61364
49220
53049
3574
20775
63971
63805
83
14230
20774
35978
12342
3181
16743
14893
35162
32923
33165
36243
39671
14119
26014
46476
20146
40432
41606
58559
20611
17480
54007
27487
9712
24185
50229
52786
14701
49538
63034
10717
30394
38758
51331
7040
51589
31755
8460
2699
12134
4951
7310
4447
38508
42559
52073
35441
19086
15263
54106
17923
42106
17292
54855
49412
54479
17417
50819
38096
12634
42553
20541
4940
51032
14484
64080
20031
41843
52919
6718
21985
62292
18230
48759
48440
12624
227
27637
36834
9352
3673
61584
46757
4073
9937
32828
52399
36697
46191
26143
25477
1875
39216
14727
9538
29293
24217
48979
56853
38196
32257
12091
13608
46537
53898
65153
63373
22355
41442
57578
6542
49247
15712
307
19504
41097
52318
4434
22075
63840
16471
45374
48543
13980
27472
3423
878
49919
15009
51193
26263
25790
51617
352
1367
53163
22730
12459
16041
44202
41476
2776
21758
13358
39432
26806
54742
42162
34021
21237
63817
26043
26075
48975
25666
1973
31492
22614
49743
35232
161
63151
22662
29873
15472
9396
21851
3444
34134
23211
22438
40356
23157
14878
60584
15528
23214
35241
59848
22398
14793
35192
35445
15481
60537
34725
59166
22437
41078
26235
52087
10018
12462
51199
5139
15736
8867
51951
59001
53159
31266
33189
53533
44448
30816
20895
51273
65444
39342
6822
16106
29454
1811
9040
21399
3093
32927
39335
37551
51104
49360
38911
61704
63969
1550
9904
547
40414
62103
5853
40951
37193
63988
39911
39663
28928
1557
12899
29399
27366
37064
31491
27387
3454
26603
53203
13404
29879
26614
23431
16186
37321
51834
31260
63425
31911
39329
6563
19138
40049
2735
6519
64020
1812
11379
18340
10012
51114
43734
15865
52955
38010
23230
29033
51703
15576
52455
49289
13819
29451
37546
16109
12517
27824
44784
30423
40945
2604
177
24991
46355
42414
62500
38906
63199
25543
24610
45945
25579
32186
51401
598
1105
26533
12466
52899
24667
50632
27310
2916
37997
30119
24918
15036
14083
12559
25253
20702
43897
47993
20670
32949
32958
25774
49096
57257
32981
20949
33237
54389
42014
20917
39380
21238
63410
36845
2737
19124
15328
2001
60413
64209
21755
38735
36848
21227
21734
3076
14671
23106
25211
45595
15026
25254
54390
23761
53926
25718
59727
25771
42011
34740
36049
14084
49914
24604
29204
11235
22209
53450
34465
53153
9410
8179
57364
15743
53530
5140
29740
25034
21626
60477
60311
27847
27720
58440
25781
27879
23247
60129
60245
60605
27485
48074
48353
25653
51584
11550
62061
24172
42961
59868
166
30605
13674
20363
7589
34567
40363
56682
48524
27092
28906
62001
45415
44727
52433
4216
37877
49447
25354
53303
19311
8616
3736
10410
7799
31055
27257
30225
47025
49614
41150
6661
53426
26488
49349
47682
4212
30537
53727
10175
11330
41221
41769
28450
33195
15118
49154
17668
59820
41246
14848
33566
47380
40403
57876
56329
56206
52836
3958
64829
55191
42897
32072
57144
16213
30701
45002
36727
65109
55224
14173
4806
6120
30005
30089
2541
55054
14187
31176
57247
36753
32222
16233
57230
65509
42879
34794
65129
64907
29333
49173
21297
16811
52904
24754
59066
46514
49438
50089
16413
58676
23875
47183
18681
20008
25023
50404
29736
45518
27486
42657
4975
55969
52338
27321
46062
6677
29151
56111
8633
10302
43263
28549
23271
59149
25197
27329
58575
46273
26584
28421
61400
58607
23674
48106
57957
59277
27551
38355
45710
20076
22514
27934
58654
22784
52620
24563
16514
46857
60843
21006
47091
57884
25897
26170
18664
61020
20913
52606
18045
50633
27964
20660
58167
20121
19915
51400
48819
47175
50805
42630
7377
5979
41319
42878
56017
28873
44347
41043
6797
6068
55218
29096
7571
4391
43541
31188
1505
4558
3838
50849
53439
58209
31810
921
4126
17199
25055
36415
64340
62082
32207
43732
24786
36023
427
30984
18688
32775
44097
1734
35548
53471
2006
60883
4549
4382
50953
13082
6280
4455
15271
31761
54056
43525
41255
43770
62423
4357
53672
43880
7414
64285
29743
42785
28398
45276
19794
36896
53869
58433
24708
19000
55207
25663
9515
61134
37958
40524
14221
51513
34695
16450
30477
21993
48956
44712
50499
3329
10571
36392
46462
41575
7895
6024
22835
28900
25637
57212
17629
1337
61675
46616
32624
9863
53298
51743
36670
46209
26154
21462
2355
15072
12347
33774
22359
22783
19046
65076
1252
24216
35388
13794
17263
63280
17121
59373
20838
20779
61578
49031
41878
40022
52787
8832
22922
43884
47355
39307
9302
5479
35980
33174
36956
30702
52001
54913
18439
2698
34651
57137
30255
65357
55186
45029
63021
47352
13638
22551
3387
40253
25585
18155
55454
506
14307
8021
39475
57218
59229
44629
34410
51343
44841
31714
2459
1766
49753
54344
58578
13055
54634
16563
13365
58907
5101
52660
57263
20409
26137
25732
15722
3308
32995
35212
20630
15702
37258
64646
14624
23644
33179
13965
63830
61532
60651
18330
22263
15421
50514
4907
59566
23907
41514
17589
1568
61393
56157
52053
46435
40516
28559
26670
14839
52530
36342
10829
28682
23098
48795
25196
51765
50955
11708
59276
46135
42486
10126
7535
24043
41103
28468
35089
18750
16261
5421
57467
44826
17724
53463
24697
57304
61250
49203
40768
38
26245
34795
9175
30558
37935
60039
16030
25370
32444
10888
62178
58152
14172
56956
56638
23078
39226
26725
61240
54322
665
32851
9743
38197
54910
16621
25007
36756
9317
31348
42217
3475
23171
2445
45854
43863
40532
12112
7903
21289
43208
46220
1409
9652
4742
35048
35895
38736
24865
63379
6456
28756
14822
57853
15463
41013
31848
8545
35885
35127
12432
53640
56724
39975
23585
47974
37754
10137
1397
52798
19511
12351
8673
37499
7917
50239
19792
56647
48298
23512
2361
65150
41002
65047
12400
44837
7640
1331
5933
13782
34635
31007
4737
33516
36146
16196
37092
8764
17453
49575
36928
17617
51208
40928
40104
17953
11854
18141
52071
18302
11644
40772
13429
1297
18807
37553
15786
34233
63344
2682
40381
61304
2333
32963
65140
61773
64321
15877
24184
36724
42025
6229
2821
42481
50466
21572
7042
31713
13265
28265
7973
18558
58037
1458
38894
11856
61665
51878
37967
18440
29271
38639
32199
19704
11063
65345
50022
8567
10176
40526
39134
12256
65490
29520
39119
39701
7914
40927
29292
63678
50151
62927
9469
8839
10336
40910
889
25479
50905
19596
23722
52884
40942
14912
18574
50308
25617
51145
37100
56142
6379
22543
2929
65301
58494
38325
24073
15988
63519
13337
39858
17089
38162
33541
65486
64466
63669
13729
15182
46122
53135
16736
16063
53150
38631
1305
18311
51342
42295
51359
18912
7723
56144
21665
3378
33465
21968
62118
13535
29217
8834
2693
19996
15895
63512
28457
7781
33153
34708
15998
22159
10285
51680
11746
23254
53044
20030
21546
8827
38259
48088
49225
18236
60433
45527
37653
12421
62161
34284
3474
2330
36734
3515
13610
667
32830
64989
63868
690
61997
64801
16149
38100
50668
63051
31580
38848
17327
11029
38608
30910
62530
53118
19110
10282
10462
11148
40644
24399
13634
31359
6961
3507
44645
31000
20598
4424
42213
14716
44463
29985
59213
20088
697
15649
65029
34440
2457
24345
62146
2817
20617
497
36242
17106
33816
1465
19746
63477
529
43451
12782
51044
40908
50800
28984
24342
29094
23494
28776
14724
31364
39708
14175
22264
26445
27658
46919
49859
43304
13945
27177
7031
20901
32535
26521
60792
50195
56552
12414
43340
43587
30474
23081
61625
60149
1605
10567
62700
3333
17658
6579
37923
16456
35566
37523
22425
31306
24832
55357
34500
48454
25364
54075
28353
20900
60799
54960
55409
54130
28253
13937
42573
25472
30396
11866
28005
55023
32640
20780
33163
30464
42638
26354
11067
20614
33178
51787
8266
30780
28685
39970
6666
39983
31443
11709
35118
50947
35221
32064
22821
10828
64658
23701
39314
29005
31437
22546
9923
12772
29475
8861
34270
29091
32873
51062
21973
9196
35010
23909
22258
31725
28090
1097
31686
22528
28543
1770
26132
22479
25075
29087
1603
1253
25481
2131
3161
25914
26284
55450
53248
45255
25990
55452
26715
27910
45376
41331
55435
54667
26010
42715
54906
26668
27079
2114
29172
21420
25395
3309
25989
25011
24070
31384
4057
1571
26658
1897
1618
25319
26285
48582
27797
6447
43475
52258
56366
42938
26926
51602
48204
26917
7327
43735
53360
41339
32192
14900
32262
21184
22853
31295
51747
14265
51091
30575
13280
29510
21520
22774
23663
49270
26560
56445
19119
55152
39444
55931
38849
38852
63348
47782
64625
64114
26573
2321
43293
27152
29130
21465
18885
34393
29813
9703
34428
3269
33683
8394
22035
12152
33614
22771
20841
29674
31920
8765
26787
42552
29508
22144
35041
436
41847
24937
11841
21284
33085
36929
51533
29744
51660
7370
55750
6604
26902
7372
27851
27846
56342
52250
56347
55579
51658
26907
6426
52252
26473
21782
22489
59029
43995
56027
61181
28427
22758
47360
27949
35854
57384
26269
22726
43657
27578
56284
22340
59348
27612
59857
15039
28604
35073
60095
56250
60418
15362
57306
28636
28634
31498
43296
32368
55642
49735
9083
56412
32700
27786
5030
44267
11981
55692
27389
42902
50243
44544
59454
31552
11072
14398
65422
40789
41915
12221
7936
61013
64350
39774
46406
25419
13705
52591
61836
40415
4563
40577
9607
29444
50439
62978
8202
63588
11777
30828
5075
30338
37002
29029
3859
43990
34246
51275
47678
56827
29453
44518
55909
30508
48059
34075
31127
714
50745
52377
42276
27507
62723
39918
60140
7426
50379
32131
47764
44306
60306
5506
41212
16035
39648
43011
51669
12623
20326
14385
54226
19467
41911
39808
34308
52446
55473
18909
51819
51046
13188
44532
57836
32467
8500
15906
61580
37716
42412
9148
4196
59540
65122
37212
45939
26338
12323
44276
50575
15380
16495
15138
54316
19719
42156
40586
55971
52689
56226
17873
49255
40458
14883
24981
53550
20853
48400
28189
45085
13993
25549
57518
46790
55456
60840
41387
46352
24622
24613
52896
27018
3349
58458
30845
63006
60268
30125
21043
16553
27788
61896
61319
26972
27738
29456
41670
47995
27610
56282
43899
57308
28602
25773
57276
57274
45766
56252
27580
57200
42013
44816
51395
41177
28234
6496
40673
58162
7358
50631
31792
46003
41294
61009
6622
42587
44384
37860
49670
64398
40153
64729
39822
12248
29877
50187
64184
18693
64341
11022
31502
5190
29915
40837
30623
11490
44662
53541
29212
53294
25536
32711
54189
53397
11203
57003
24990
5146
31265
31012
14831
53821
52461
11496
14157
49973
18517
13031
11206
38006
53941
49480
16701
34767
55159
16197
1158
61725
44429
11564
14156
26905
5903
571
7674
24704
64960
42776
10194
36435
34951
15066
37866
11073
18679
3521
38732
63815
50191
40684
38575
62951
8884
19463
29361
19908
16753
39498
14864
36892
59341
40124
12301
34310
61644
15485
39354
60027
61466
15680
61722
64698
64732
23808
21369
13329
31762
6286
1543
28404
10521
20859
4361
29732
35354
24738
53038
60592
60238
2063
39653
10301
62109
30669
37197
62792
30133
39917
2501
63976
10421
64957
32349
19653
11389
37701
38357
50413
64779
32363
39629
65477
8136
40413
29961
62942
9333
1910
4838
11781
11917
39877
16
42305
52434
17025
22023
49615
17892
379
19300
51679
46047
49346
37857
6345
7710
15802
1044
40734
19660
39102
20652
33711
64173
3100
38576
17522
18704
12570
64277
61696
63710
24228
16345
45031
52696
19853
14791
52117
17637
14299
20069
50565
57215
51912
39661
53769
53899
13007
1679
35800
27948
16923
12573
53028
11529
2183
10224
21779
35846
50962
11918
35834
35873
13077
13626
7800
52716
10359
37149
51791
16980
22663
11971
50922
10405
51010
19249
57615
36161
118
21888
18396
36443
2295
14109
35357
2483
16013
1427
33677
63242
34763
3079
65274
20012
22800
39386
50033
64700
29186
37068
61642
9121
40156
29876
63964
9588
37146
7807
11012
8913
37322
23107
14039
44152
7378
2491
27913
4127
22343
7359
43545
32835
40968
49170
19910
16763
3078
20516
20190
35063
3320
38684
62481
1542
24108
1270
34337
19712
64679
2056
17136
18222
40724
14165
55259
50781
50744
12939
38358
11782
16221
9030
39094
34569
52621
11656
35141
43341
14729
15210
18667
43517
51596
21047
43552
7258
16220
6538
26608
20118
44269
7308
62944
813
21555
39770
18385
39818
63311
39820
65420
2740
40796
18945
65370
19460
64348
1794
18756
39489
40842
14432
61724
24118
18659
12621
58955
37066
13149
17815
58192
61898
60861
37324
62442
812
14032
37204
60274
42748
1051
37196
41764
7337
37724
6688
14499
60611
41234
6958
58595
23266
37700
37205
11741
3638
7494
40589
61582
9
37725
61624
61525
19717
65131
32011
17989
50765
36997
38901
8749
544
5904
38685
65310
32681
40957
63918
63993
8869
63403
29435
18709
51485
40725
15971
57042
50940
50455
12620
49183
18676
13148
8979
52730
55476
49426
20001
34372
12498
12499
12788
64286
22755
19689
12572
58226
39616
13308
17563
59028
64672
57804
39886
62496
2606
13076
14324
53804
51709
51496
14108
53029
17141
16380
12054
37542
53924
50968
18221
35092
43292
16148
12789
60478
51708
38363
22763
1043
4448
13309
8320
37539
60240
31788
63707
33926
14984
22249
3734
64798
51548
50247
2283
51594
11011
37885
12099
52314
61897
52364
8919
17941
120
1312
21232
64396
13024
64394
15341
58603
40794
16381
65372
34038
64346
58013
39772
65418
40844
13344
40698
11793
2275
64788
37148
61468
29636
37884
63170
62963
10404
61900
32418
17940
36881
36890
39760
57676
42589
30252
38733
42713
4559
40797
5866
41312
60858
41288
4370
58682
21308
39488
38900
61838
2858
61829
2860
19170
37712
40956
62317
64255
63584
19356
37214
17792
37006
2596
24507
48233
18069
47547
38166
60526
52653
39110
8566
22329
11560
16424
27136
50920
47417
23515
