15898
20294
51408
4759
3095
56858
53097
53113
37105
5935
30495
16164
10363
36971
32919
39072
14698
54084
42570
5636
15277
1605
14693
2378
29181
1546
42661
12676
63956
13453
62429
31221
50777
10779
51481
6291
65485
50921
15892
56852
38043
4136
28696
39771
57290
34967
9195
39369
13520
19063
40060
5254
31928
34595
26213
26736
37483
4835
28942
13597
45949
24673
33270
39274
2412
35537
15381
54134
41048
3306
2414
31923
41624
43235
42606
599
6662
600
64123
43518
27305
18689
38149
11359
5796
28421
40632
34008
24164
4356
49172
26532
58821
62312
46593
21353
29109
55421
43232
43510
56341
9440
49412
8827
41041
41619
53678
51889
10634
11362
5181
44901
26373
9908
38586
42660
64211
18394
41394
64278
23501
15274
4517
23565
5838
35419
10148
26309
42581
6845
51888
6540
7252
25568
13521
55069
37969
4839
28930
27473
55968
34248
54253
2389
40627
62731
2492
10072
42500
34003
44201
42686
3531
4357
24767
781
57089
41410
58061
2220
39114
46376
43333
49080
41380
2314
22623
2309
32136
42501
27855
3495
17848
15716
17847
51253
28581
17876
38218
5797
35431
40714
1240
36167
21133
64477
41220
20653
33711
63997
12036
21861
27401
49073
26293
27848
5637
9989
28882
4530
25028
41381
8277
28420
7273
5826
8545
27849
49433
6379
32745
43159
36634
8489
49361
8257
91
41119
53455
39451
10480
20390
9371
32601
1235
62230
1582
4516
14861
35663
42702
1724
12594
61914
41221
2632
5810
15302
36263
14684
2243
36628
14383
6375
87
30739
1487
29983
41111
32751
32607
152
7191
663
65325
43167
19585
37518
39412
30128
3327
10666
31974
62196
8698
5591
1841
37188
62190
30538
8710
11376
55963
43907
53047
26339
28560
8076
27719
11147
45203
12267
24983
41030
45171
27456
56294
55882
7227
37945
920
30137
2291
63733
39403
7624
7059
6360
571
28749
9401
3363
62178
10988
18855
37295
38021
3146
1928
9229
30020
62069
10867
29955
679
19080
63455
31869
16711
10575
9092
2921
15758
3855
41101
60792
29668
36325
54896
14453
32388
46733
64447
42733
19204
4985
46386
52734
49548
38942
40603
10219
22786
17532
9804
38380
21074
12187
19934
37707
11809
47481
34983
12463
13045
43082
14253
53981
14548
53973
56387
44101
41124
36088
53466
13645
32839
55375
17976
24979
28571
23059
40128
61337
37869
61083
10128
61211
39773
38689
58403
37408
57640
9955
6392
3013
1087
32723
647
62068
792
5311
6890
29967
3752
7303
6931
2535
61656
4901
34150
29433
30592
38172
20530
63345
26081
10208
57212
40174
21078
36738
8745
28651
62171
54654
55537
52799
24627
51433
26523
53366
25409
47984
48170
28640
28305
56571
11641
27211
7794
47141
9879
51082
50934
39402
21820
12176
38983
19958
45452
18470
40343
26603
17018
21628
8679
12106
17862
28313
26512
28441
36950
59169
38161
57888
12256
23568
51137
20273
60953
39142
60955
9518
35985
12958
14580
44078
16298
55466
13606
56996
53498
57156
14278
12356
53790
15946
53782
56352
34354
28976
31995
39653
23614
64761
26343
10139
55168
19490
23348
14193
8675
26592
61921
55020
49030
15925
898
14574
32650
17295
26342
64820
7052
63604
41014
52087
60910
31722
61041
57315
42182
53110
49475
20587
31993
39669
31153
21619
15945
23139
28977
43180
22651
29401
36993
14625
40690
64847
57908
43289
25509
34162
42260
48840
13433
55505
25250
22927
54495
44510
809
2084
27992
22827
15651
18683
32465
14579
6415
33932
52489
21623
6482
51289
63530
11973
12955
26632
12539
51528
50813
24936
30593
39816
31963
21367
13633
23399
29435
41638
22792
29953
38061
16338
161
43378
30283
23976
44641
52215
53175
14667
38372
21751
28779
642
13265
26808
25732
40728
41133
48080
46297
55051
9124
25881
55820
52943
43284
7890
47719
41636
26458
5081
28432
42525
49819
13576
14455
10920
56561
12391
57308
17267
50609
18029
55547
50993
18901
54750
42856
52251
41010
48575
45649
7137
49480
48353
10254
30113
41477
7422
12161
44165
32094
9381
26351
43186
49243
13080
14631
59748
5474
13047
12051
62284
25345
17399
8102
28241
35081
9663
16040
50699
37373
63454
65150
42352
27524
30720
27149
56841
37752
44921
25741
52589
55040
25348
3136
39640
20836
59327
20015
45008
25764
2121
42710
45599
834
42457
27565
40436
45075
43474
15369
14850
41666
45791
48545
7442
25604
47121
6175
25940
44309
54633
10402
43173
32175
54377
26911
26898
41613
47024
48825
4678
9864
28649
10963
32366
43012
4209
10749
41092
30624
8965
26080
44045
49464
14571
12915
20326
41026
15459
55582
17651
49689
37341
55953
52377
18544
57001
12379
51640
52838
65006
62193
42729
27269
5590
26626
53857
37957
56433
24706
51619
56761
25605
29616
39025
1074
32551
41340
21243
30825
27274
41736
15680
40485
21491
44369
2302
13607
52927
49403
2420
15400
50444
9181
6117
476
56747
20582
9844
38645
4594
3261
15177
28542
38506
53779
38786
3060
43587
48935
13827
24515
20264
15751
17703
52371
20407
12711
23615
2419
21811
2687
31629
23382
51646
6420
6116
3030
5860
34205
54185
2458
5886
64599
1626
53784
15691
26350
37942
13275
38467
51466
5196
2566
54480
52068
26229
37252
4478
31442
14913
50042
23405
35660
40365
3494
14041
14670
29564
15206
30988
1186
30990
41462
42622
31586
386
31452
1158
1600
44530
27553
39385
39280
8216
20423
22016
17864
57901
23947
18359
48212
20907
60948
18493
50697
21601
31252
30842
44917
44540
35536
4581
9896
8564
12397
41470
55001
2749
11597
19047
5162
28772
24327
22195
20411
12707
18371
16811
63179
65440
24512
24519
62979
20736
61883
14091
18179
20935
31572
31258
31157
7494
64107
42725
33698
54481
1085
4466
5793
15197
56283
35318
29674
1220
38173
2256
3193
10015
24503
59173
41121
16128
242
18355
27832
40936
32521
14251
60954
12907
21079
26671
27683
53183
22471
40175
21080
38371
49213
24499
24776
37012
38175
24119
38931
49816
22439
38259
18763
61703
22455
17931
62349
59546
22912
20419
63143
22176
33869
37421
24323
24199
27137
53177
24496
24783
20403
16640
56418
63243
22475
22467
11285
22027
4305
65451
8665
24769
39606
45038
8052
42901
35756
4500
19563
9973
3946
42738
35859
282
10098
39901
8686
12374
1656
2793
65345
61699
22451
57492
12747
65291
15497
18375
13831
38693
14000
16288
33093
2962
1844
13605
33602
45029
1644
5078
573
6610
42748
5746
12381
1790
30133
2556
30138
42909
6403
60658
23368
22242
50396
33166
27997
16373
32267
12773
50445
8906
14226
51292
36847
54102
54727
36212
58677
26074
41923
47299
23858
59761
13425
46038
25803
44502
22655
14645
54487
34868
9575
9782
28973
39883
50942
12772
25256
2451
23874
14938
51076
52694
40246
25513
18066
58872
19498
58285
60148
14781
51462
34425
36923
14324
55398
14052
39499
9651
16045
28246
35072
65419
20279
55681
54923
15821
28006
35570
37282
43831
17720
12692
39819
47197
42040
38017
33702
19652
35383
16849
19825
27004
31636
11739
29133
49934
62264
50761
42039
5063
51920
32088
57723
64200
58956
34151
65524
31256
27201
63205
52886
167
9563
1725
25419
47568
42852
50994
63763
20374
9136
11543
46428
8309
28965
51622
28818
48354
41479
8689
50913
5315
50735
44175
52835
6347
18166
6552
5693
41300
49538
63124
27563
3389
59889
3015
52726
10603
1224
25761
35159
59042
35440
32838
53979
57712
41911
28250
12541
25884
47527
48396
15085
54028
24352
41639
22323
59133
34550
59320
61156
22080
42183
45591
12632
21369
33666
27100
15261
55723
23054
15668
57389
35425
9163
20088
18942
53071
43583
47468
52561
10705
1064
47730
52114
42167
51205
31173
11991
17201
64035
59371
11803
9280
30440
52576
41607
53033
6311
11134
31021
5043
26092
28916
37360
35975
46547
65426
14196
38582
27465
61845
49460
15466
52758
275
27720
48556
203
53150
18158
10583
55482
54299
55456
48650
42163
25949
41675
47126
28125
46182
25531
54368
26906
43171
44394
46507
54125
57143
41334
20882
50028
15169
37512
43571
37412
13973
28269
52919
27451
39417
35988
63880
62154
20364
11787
16795
39458
29386
2140
30908
20354
9244
37916
64559
65515
50
3223
40459
15837
6655
4423
18439
20728
64372
25989
52298
55949
40831
22691
34552
9540
26509
62314
42104
40214
59081
60706
8998
39878
11542
21449
25369
46747
50734
50894
18065
46619
23963
18064
27938
62560
59011
57462
61757
39350
1843
14435
16352
59494
16864
1203
62899
36733
15958
2694
23821
15622
64110
63416
34541
23894
33005
31029
39614
5432
22240
13139
34909
64184
50225
34432
29809
40411
47614
45640
10754
49316
16903
37742
21973
10376
52239
50857
18599
59857
40552
18796
52593
33987
64650
63467
54429
27153
20880
31855
30188
62811
46112
41237
59664
5495
30546
15005
519
17059
17347
19240
45220
40157
20735
27231
38419
59956
57562
51157
19525
9752
20823
22695
21687
1207
35525
57617
6631
49490
16875
14789
27152
47505
51692
31327
18779
55837
21697
64058
42024
61018
34912
36278
17510
22535
1123
21964
21427
35275
16899
23820
33546
59574
21703
38237
13019
21015
9525
5240
58118
21159
36109
25481
50549
54148
22531
22956
35239
10609
28292
59475
28388
20999
47359
45127
12248
22375
16456
38309
22602
11517
40915
27759
60548
59604
37629
18595
49736
19808
17756
17591
45473
53000
21155
53193
51903
17351
47061
51982
18435
11442
52164
22950
40475
60876
65424
7702
48539
22043
28108
32718
32558
65425
47913
27417
58921
6182
198
22171
3606
33891
62300
64482
17063
23672
511
21443
38639
34449
18255
20995
35445
17335
23448
2471
15638
3767
64719
61988
18155
39730
7863
51609
39209
7319
50108
37724
65332
18962
49563
65338
29220
299
45710
48240
13648
50375
60545
37151
44262
63785
14129
39578
6603
41710
39204
20998
61897
20689
13992
15861
58904
16017
36129
23326
60997
34853
21285
16334
59633
57512
21281
34510
32965
39704
46137
47852
13657
52680
56379
49363
23019
18501
12859
50883
17304
21689
51416
41698
16549
1910
48527
47225
14442
37181
59499
38846
43234
64190
15963
39984
64054
44671
39608
23815
63342
12289
54521
54575
42495
23384
46578
23310
26914
34309
41618
24414
34385
42031
24328
25668
57429
212
38562
37039
12059
28875
19220
31514
8410
17945
50714
32682
65474
11179
50715
20425
64463
22310
7813
6382
32613
25757
63574
26384
2225
59925
28753
26000
60061
3589
27165
3597
59342
1830
39624
38037
10541
30609
9245
30480
9237
62766
51749
30096
5574
8653
29969
19091
63438
38834
7583
9001
2223
49495
6290
49420
37650
19471
3778
52316
19028
3359
52231
32324
16745
23415
16226
15193
61419
12347
35819
12303
60351
61193
22250
16266
61323
57426
16306
36748
60271
20948
23748
12719
60434
14274
33042
12575
59359
35871
23071
15535
60578
57762
23058
36009
33193
14258
23652
21135
47799
41554
58596
25020
45583
59881
27071
44124
34098
46951
27058
59999
57689
125
40785
39765
10470
32310
19437
28675
11187
65470
50147
30851
65334
8278
32694
20272
61541
23335
4766
7200
31950
27540
64657
27418
1318
58159
1990
25498
46023
542
25364
534
60367
22390
14929
13374
60141
41558
54454
14270
58597
58750
27059
15408
46438
57688
13793
35376
59246
2994
56981
57123
43166
40244
49142
36879
26150
62335
41110
38495
62258
27950
39028
28225
64367
22700
57506
61001
9547
38827
26844
37593
8921
28491
52297
52393
20722
10155
38219
61259
28233
43321
7672
6979
62386
15766
30240
15829
64890
43639
1004
13262
41275
64868
13133
4897
42111
2137
11099
11705
12192
18678
30905
65221
32453
37867
11985
40657
3643
32717
63523
8123
40377
22947
57768
59358
10621
51041
23616
37893
9984
25921
50544
51813
21158
8557
38145
59981
25669
51599
61794
63423
46605
24161
39945
15630
53427
30180
28416
21349
49794
56166
14520
18948
29817
21961
60769
60933
62825
62402
21429
20175
1135
21972
62642
3794
21700
38228
62431
59569
21721
31845
5997
6064
47603
48289
30176
58533
26528
1457
45638
25048
30545
27309
58846
5501
517
27221
17604
17450
54985
64198
39450
62670
15772
23021
35611
28945
20829
13250
63776
10772
21685
14437
56157
48048
10858
17762
44976
62569
30554
21425
9995
37892
15953
31339
62911
57101
15797
2144
54001
54318
7169
43858
14608
15881
62654
29665
31422
44905
3414
62049
13234
34262
32382
30969
8756
5247
34817
13506
31209
21023
36101
29508
13246
13737
32146
61016
14804
5490
52783
21445
20068
20090
62414
35131
37866
33903
3571
22605
64806
13490
23965
936
35194
17332
24277
28505
16977
17589
56494
5713
51893
65134
13518
21428
53521
28673
27476
13729
62398
11441
24249
31945
6091
4633
47356
61355
31785
61097
28329
1323
45122
24786
1995
28587
59468
5419
537
2496
56722
56108
6674
12630
13865
13502
62508
31270
2588
43614
401
62658
14822
33563
29742
51454
61640
65061
12043
40587
38990
3775
7871
32557
51209
39017
49398
4183
2279
20433
32293
6486
49020
45443
12338
50636
20856
39400
42867
62201
15493
50269
29403
45035
37417
61314
63982
58866
13567
22680
22831
14581
35070
22818
60913
36350
59425
12946
23880
57935
15653
33826
34095
18740
9772
53562
3739
51406
42871
50436
13546
19966
13706
50260
40481
37675
52702
8091
17791
64763
47477
46714
12909
49750
59012
39954
44919
62846
12420
38811
5478
42360
38369
59757
64729
65378
54094
55884
44792
24113
47863
38402
43559
59621
42999
36946
34945
41768
21361
46072
20415
35940
20841
40441
27836
32420
20002
43703
11737
62255
51225
42855
63732
45324
29460
59314
35519
61339
5445
8051
30632
26513
65416
28443
2173
58670
109
28315
46534
1496
25873
62893
61209
6230
40245
38289
50917
31989
9664
30897
8897
62197
11297
28721
29405
11701
29397
11709
63726
20417
55791
5674
12900
49746
8183
50902
807
18809
3831
49350
17714
14772
51458
54660
18142
60045
14190
16009
23776
44647
56843
15368
61161
58239
26812
14221
45927
59326
14452
34678
59909
59048
20677
21151
24350
13044
33346
13848
58441
35145
21801
12456
59892
60382
14628
32977
34526
63634
40703
22914
49951
42351
58681
49938
46178
33855
46514
32450
12916
11999
42175
19748
17193
64765
38862
40510
50464
28808
11958
31965
11966
63605
53230
29437
6253
10000
30728
18214
64725
47565
8160
6131
86
28569
1864
26904
579
61081
3235
24984
28187
2278
28185
65329
59685
47211
15673
13697
25530
42339
54624
14562
57905
58501
46518
44635
25613
60911
12917
56763
59513
33585
56362
56304
42907
38969
27469
22648
43811
20031
45043
23864
3698
27179
40313
48379
33653
13980
49742
52294
27758
29074
38897
28956
21878
13090
22374
31132
44491
21006
30994
38304
15129
23657
33124
33919
54806
28321
14825
40979
56789
13796
41758
28576
21122
56237
43032
35506
14271
50778
23838
21286
20994
5057
16022
7075
34282
51204
58763
31510
52564
33375
5077
14542
49162
15600
52597
51313
26223
29750
40550
30464
22530
14865
24674
30080
12694
23823
31414
37731
14302
3177
32073
30756
22959
43862
52978
24755
13588
2564
21154
44896
338
13529
42509
50175
38847
44202
45483
47066
8108
12203
27162
7084
31658
27163
6939
52183
42955
53191
7962
48155
41242
50480
15887
14514
51976
55702
41042
55200
18446
51901
12129
41542
50237
19813
55824
44911
51120
42288
45405
46261
6544
11505
27365
10144
29902
42417
4385
49734
42801
31430
9694
47597
42928
28496
13343
22802
40404
6747
12994
10074
63519
28429
18594
30475
27485
64937
6666
13743
27392
38531
61537
64446
55419
28299
1760
27402
56252
40705
41964
25482
36998
53355
28427
65398
39685
38575
16580
64479
56539
26539
1561
41436
53722
3860
43548
27306
37026
47047
44055
65490
3033
44992
45229
48853
55900
46434
25365
55130
42095
25361
54450
26379
44737
43623
54719
46621
27408
43146
45147
48058
6272
10374
25578
11107
31568
44987
7654
52605
44603
32614
12032
47339
40970
51610
12990
13798
51153
54930
14166
56268
17728
51476
19622
44331
49556
17070
54041
44126
49434
40176
61889
62510
55782
26497
30992
26368
54462
38209
43758
25984
49830
53590
25857
64038
38878
1742
41711
44263
22702
32082
26507
31498
14381
840
24310
30300
3473
15893
29444
25993
3029
15178
21868
22402
42933
31300
3112
29500
20646
32198
15549
29770
41943
28590
31538
531
1680
15418
64216
2373
54093
41112
43274
44115
43269
664
42565
43155
41559
55821
41560
35447
3269
51338
22878
21558
42932
5880
23494
43991
62877
49828
35927
32077
49284
536
54180
26318
52394
22307
37802
40619
43785
31101
2237
43136
26530
315
44980
49891
14925
27311
44342
3328
3212
39994
29582
32312
43689
44429
3783
52307
15956
12712
42948
26675
391
13161
29037
940
23749
43418
46603
28426
10394
6295
25930
31494
6925
27483
7495
32075
25755
12115
8029
47435
42586
50288
44207
42946
7022
55619
26290
29307
12194
27965
8117
45715
50557
52180
6459
43967
26672
25824
45869
26149
31229
7205
46965
25211
53730
41105
29173
4755
27361
55612
48258
45709
43152
25472
13151
23890
31698
6535
25026
26397
63576
51053
8132
49895
28301
3329
55981
43727
51808
2928
65355
1580
48695
43239
64371
27130
43308
37115
56698
44412
4077
54603
25339
16445
38650
1788
20408
1541
46375
41623
1610
42604
42506
88
43338
43516
151
49079
41047
20263
1646
25488
48141
25861
55690
56372
28485
30493
5336
25681
53620
41703
27537
6819
5576
47181
27216
44522
46379
26922
51261
6371
48762
52551
7467
41627
32131
7552
25579
6396
10491
48523
42490
49738
45006
12486
6085
54863
23222
32038
60523
52020
64531
56826
52292
26370
5777
25022
49978
1827
35563
43452
54413
44264
5331
26864
42542
25195
53621
41699
29981
54054
24817
61949
23692
1779
30101
30621
44997
31620
14132
31402
12861
15860
12493
29578
32173
13653
29860
13658
13999
37595
40098
37625
64555
1938
8923
29225
61993
11340
29980
1484
19698
63426
31787
19708
8953
44321
29572
31626
9188
27549
7147
28229
8314
54851
50922
25493
54934
11908
28493
4921
56821
32289
38593
40350
7958
3734
65057
40222
11550
9760
30750
2254
8086
11206
37670
65486
11678
37901
39528
38766
64637
598
18294
29301
63422
9598
3296
1379
17766
63336
30177
19075
9349
28024
13921
12373
36616
44593
57345
44517
60350
55525
16318
43141
47233
35672
25569
58981
56718
52770
51586
49807
17842
40388
9444
40409
16911
10319
39359
39113
9108
17506
39124
9529
11769
13021
15528
14286
54605
42945
34598
13013
55056
54574
42272
44197
34246
55213
13585
36083
54005
37917
25492
27546
46612
37325
60196
37909
60714
10787
22042
51909
19096
60868
39213
58314
9365
29300
2644
37209
7175
594
63410
1215
8636
10729
31932
1391
5426
4439
39346
64623
5183
15883
30081
29758
17846
23895
62646
28393
9445
54249
39347
22620
33627
8753
25572
62816
56969
41538
26680
44421
47329
25748
56801
25673
48757
55631
25573
26009
55698
48513
25924
55438
45727
25828
51448
49395
17176
21559
11053
21007
20035
48250
37667
22879
47671
20136
21879
9109
45711
40630
26001
25749
48145
52056
58397
40638
58389
9189
27157
53086
17245
58049
37816
58816
11838
15899
16322
16025
55339
12491
56859
15897
56857
57132
44841
45001
36754
53451
14379
36764
56985
13494
31122
29084
18711
20792
61730
25829
8490
56032
39471
22867
35377
9364
27373
63948
54334
52850
3924
3647
65458
28731
20082
52713
19945
8170
2281
30777
12171
19282
50923
20329
7743
22513
57934
60916
52350
39594
46039
38262
9380
27466
10820
38758
22271
8718
37962
26064
27718
31643
4474
8349
13280
14576
8006
14663
20023
26602
63611
13467
44172
36211
24099
31468
30279
15926
48574
7508
8706
40269
6148
62954
29601
3562
9125
17803
2186
29279
65008
43198
21478
23975
60383
58437
51530
37229
27091
39380
9221
27213
51829
49572
20984
8666
39293
22090
25412
52728
64478
62585
50698
23949
39295
770
56590
31355
25349
40292
49543
6924
13174
38613
29505
24257
19721
60784
65233
63739
22752
58815
37434
22859
62075
34146
21147
40645
18474
39097
21457
30628
6106
4613
48455
60077
31861
58335
25765
1405
45384
46756
1901
27562
59715
30026
1492
23383
17635
17051
33046
2006
19483
62432
14587
21216
36780
63062
23632
13456
62192
39603
21479
3684
7098
56757
11229
18823
43013
62430
29801
13293
9220
17320
16013
31648
63868
32522
948
678
56905
55104
31961
12395
15438
13569
62064
32630
3072
42849
129
62169
14459
14556
30017
41602
11813
10218
2057
13051
31868
22552
61155
53031
14448
16033
28923
20159
21799
30798
26084
21655
61043
19851
62699
12923
18667
62282
39069
23872
63728
62363
22672
1162
57914
21475
21831
26449
16921
17120
53458
65382
40112
62942
13040
22763
34774
7329
20571
16041
63600
52249
21937
1878
4798
4772
46913
23511
7236
58688
25508
586
46847
60582
3242
25262
60922
31982
1510
2865
53536
53499
2736
15456
36674
13291
62203
30528
64731
15195
3326
62688
12912
14894
30438
51083
62191
65009
26638
37770
17224
14573
7522
31552
8964
24198
50931
57013
3452
38265
31975
43485
37106
23183
16311
50991
334
43825
22179
30880
12544
31352
28186
22443
32649
4072
29787
32455
885
17704
43599
42750
46519
44628
46520
2558
48936
42900
43372
41743
43374
29658
3640
24712
23867
14643
65479
49192
14019
55720
1094
51625
12555
6788
50825
63549
28180
20939
49768
24359
21607
39924
43521
52456
1649
32395
20903
29291
13835
50471
25885
27560
41089
2518
246
37021
29937
31622
43937
24632
3058
51143
15755
21144
12715
52791
49751
13409
49752
13419
20676
44445
27136
25353
45799
5874
27209
6822
11960
44372
8228
55691
41364
10013
4961
25408
41309
51531
41128
14247
6878
48165
14007
6390
18087
24625
62976
47146
51825
47716
7298
43704
52795
26338
27183
48929
31621
4606
45441
12274
56457
45045
52376
8165
41445
6946
24948
45183
42898
52619
13400
15671
55906
11316
12743
49095
62342
50273
63147
10397
27521
63905
46536
43976
49579
2630
15484
30940
45795
42610
11955
28157
44105
52647
45295
43382
29446
43072
25076
18211
20871
12683
39957
39141
26659
41458
51226
41318
26815
3457
27695
44534
32171
27827
44386
23786
417
24978
26639
47361
6980
41330
46657
6232
9669
43349
48191
8084
42645
7432
29905
27727
27986
43501
26656
27689
49811
5758
47993
47495
4162
42996
49205
6464
42724
53883
9972
46192
44797
52344
14283
16291
65459
45215
12723
6706
20743
53049
61856
55877
49481
20395
28737
22203
27448
30909
29468
54539
56191
41342
8909
26610
57153
26986
46904
45028
29904
43561
26357
7427
52907
29799
28733
31472
14279
53055
14985
29800
14720
22687
13984
43912
51395
15927
50639
148
13560
64741
48646
9066
9392
303
31147
12337
6151
39796
5319
39649
61945
43184
3983
29267
61313
35572
4477
11418
24437
22270
20287
24711
10827
26605
18034
22516
20520
52339
27264
35704
54919
18994
58401
33695
51945
1731
5059
21654
54036
43815
5672
37211
2856
26910
13210
9403
47766
63964
19319
48397
61738
2792
29792
3687
43011
59016
5299
2327
64126
3962
12424
508
17255
62315
61906
62577
1770
15160
56582
29844
2533
6790
41907
3415
34433
2591
28989
64379
6642
59755
48450
45382
50910
39851
16754
38049
22848
9862
39436
24930
18162
21465
40326
19926
10737
33562
61517
4615
56618
14877
42179
28840
31871
64644
53541
42516
35365
30787
1895
15258
63661
20341
16868
20382
59347
37328
22258
39879
20246
22498
60331
40717
16894
39610
23644
22517
18068
62413
35604
33832
29475
343
5303
15812
43285
55965
31471
31688
64052
42522
13469
64301
54164
58803
65035
32881
17628
22130
38709
24262
24558
36082
16766
22790
61423
39100
22418
37578
34982
59597
8740
10221
37644
20978
57576
25729
51824
48951
22142
23974
60564
51529
27531
20151
46392
20468
46925
46844
39946
23148
18174
40589
58187
49478
18134
37031
20850
21827
39408
18292
12173
18896
19990
18402
48089
38406
20990
26450
40124
20370
57808
51921
18046
53022
37067
23980
58715
59950
4795
6307
45358
15130
41927
1883
8008
72
56212
23062
35743
31977
4003
25792
64562
34431
35809
65417
18293
20862
40084
20884
20450
12353
16882
24436
59189
22245
24478
389
35474
36664
62184
63993
25520
1599
4972
49462
63780
29003
5047
23345
2930
39406
31386
57021
7229
61946
24278
61425
21680
50647
36069
38458
12433
4955
23265
38730
6618
14528
52567
33363
3051
12333
35429
33912
61261
28102
56797
23134
21877
34104
26835
22160
55501
60424
21553
34547
14264
36941
50209
10902
27225
49400
59954
28586
38038
59636
20827
51443
10413
39374
28324
21691
20692
18227
21719
58795
15802
40061
35002
24368
13003
34358
21435
37232
64115
13738
23357
36204
12406
20717
44402
55348
14794
20621
34247
39534
27954
64104
21707
22144
34445
41791
38760
13531
38840
2855
18030
16392
9035
52635
16455
30291
52995
18001
51274
29594
18075
9734
52054
18172
3000
57840
3799
63691
31669
25933
17328
50492
28866
18999
50865
25664
60483
32687
50231
64851
38891
16784
59962
46263
8957
51745
49827
42300
27375
54619
10053
50208
10512
47591
42802
40189
14315
37243
32232
9009
30415
49799
17355
27296
40273
60584
52162
51596
19591
853
26541
3351
20945
35724
36092
33067
60299
22251
15242
15610
23082
60667
57466
15338
36842
60459
14235
24375
20807
12619
61279
35588
59979
20891
33095
13919
24335
36692
23626
15002
35991
58882
23378
60570
15106
20971
19621
16968
46455
24882
45575
51904
50645
18833
27775
26940
47451
11485
50369
60554
37137
64307
20380
19239
11654
50150
36995
30970
49962
65435
11891
32227
18144
10283
32411
38534
71
57594
12987
35890
49438
28484
18990
50067
14171
9165
39446
28234
47322
44121
52120
17600
39725
34611
34448
56598
59277
27062
42083
16272
25363
47270
45571
20960
54707
58925
44742
14989
20550
2935
41704
56381
21440
52839
36760
40111
24886
63988
23441
40842
4967
26942
37620
15901
468
59234
14959
13444
43792
48862
14818
57117
44456
13807
41745
45222
57977
42659
43029
12729
36020
56980
36928
51414
30490
61994
14372
8290
53106
16462
29972
62148
53290
52860
16396
12319
20134
45398
27939
26152
4515
29381
25864
25995
56041
53294
6613
31949
46270
54332
26505
26371
56982
19364
40911
2980
42972
47068
1554
56027
41383
3871
43547
45479
16601
27850
44058
217
63186
64353
76
1579
24762
53434
1544
46327
43307
16460
42503
56171
61621
41548
45644
37045
19447
62552
44659
43238
53664
12997
51894
51812
9596
53438
56339
14753
17598
9354
51049
29107
53352
55207
27308
26535
4268
49324
27159
5804
5799
27164
5660
50855
55068
49175
4119
26396
55831
65106
50780
52562
8352
40688
30898
63685
6344
37868
10462
39073
65260
28701
65069
28860
17330
56151
25132
26919
8275
28755
28423
50167
4908
53804
5635
30310
48060
7932
52988
27404
54007
9348
2665
1876
27395
60942
39938
33537
41053
30191
28422
60776
8825
42592
14517
37135
6514
54513
37242
40059
28928
62133
15384
47976
26742
16908
31933
62561
53797
28019
45070
12766
17511
17602
32492
32738
53450
16026
51474
53153
12110
61628
55327
14532
17452
12016
37024
49436
4178
36456
42579
27478
8554
37481
44982
63849
7255
21438
11276
39268
36542
28939
62132
40963
33720
53446
28579
28328
53596
25193
25368
56410
55652
25374
55737
27755
56862
41223
53940
27411
46614
12017
4037
3736
49164
20092
38977
63668
32340
32547
51202
20066
8256
32602
2282
37086
6184
63432
12780
43451
41219
53941
2376
48886
42529
45580
43272
55133
61989
44320
45134
469
59275
41674
54119
25277
26071
56781
48835
25532
26976
55648
28112
46108
41894
28263
55741
55770
57015
38798
17793
37956
30134
63476
9386
31968
1535
11002
29402
63470
39668
561
7239
9472
10102
32336
17208
37409
50920
6136
8896
30910
50638
62965
50990
4334
30125
52568
5592
9139
65249
15344
60477
47191
22086
54298
46362
15075
28011
56587
27099
35619
42156
20870
41914
61219
33142
20867
35937
34946
23782
56842
55308
15365
24114
60788
26811
34675
28010
22353
14463
35952
57608
16042
36772
34296
43079
34771
54739
14559
41640
55117
44104
53471
14325
41127
13635
36682
56900
12602
19190
9062
27003
6959
9180
31011
52097
7613
50754
54506
32202
50422
30437
60028
61741
37177
47558
44311
51938
64461
7619
23056
42655
34463
31525
16828
1688
24977
34327
10684
57633
2035
19649
18481
50470
4213
10416
31955
52817
65144
53217
4675
32355
51142
30725
19488
63448
3436
64251
6502
1767
35813
54016
2330
29789
61809
41917
64954
15246
407
2789
63100
62683
38058
19108
18824
3143
63349
10499
30031
648
8573
29965
62170
37253
1956
31859
19018
9284
14238
34193
15940
44065
32935
57002
13600
43183
57338
41039
34576
16372
41665
34887
54544
55078
3523
34455
55757
29485
61882
6586
42527
41368
33064
31460
6933
319
44439
14867
63011
36119
52684
10349
50390
53060
53556
46188
50926
51966
6595
24953
11049
43351
49288
6696
10458
11702
12341
5469
29915
25526
64308
7532
39662
31178
64249
32186
60398
1666
50262
64036
55475
63464
28268
33586
12913
25527
53869
53856
14569
21822
59781
25264
57020
26989
23860
34168
54204
61042
64335
43475
47127
56181
57549
11981
13834
11300
19496
8244
33242
59188
31349
60605
5130
1653
14881
53104
10829
57356
2012
16888
1078
59773
45052
57709
2742
12361
22652
1532
16510
41366
60346
51637
9490
41374
3238
10130
64998
55465
58854
45042
2896
59222
54289
62960
8677
21482
58042
24362
25875
12010
59162
8890
27829
52453
40933
45285
45077
16431
50474
24506
16419
38163
62160
16345
13646
4684
32780
53968
13582
29966
32624
6014
55054
61566
31964
14460
32844
30030
52242
13573
14458
49573
36048
32778
34978
19837
37430
39779
57305
40118
17624
34294
55045
37570
48094
51532
51838
52883
37066
47998
10008
46888
22028
51007
26463
57820
48679
16573
11644
27150
24333
22204
35517
202
16579
35789
35501
64160
39596
14955
64010
39692
61629
20503
57628
38765
47038
52252
50622
44796
96
10222
62161
53969
22764
43006
30638
57532
53467
65142
8748
21950
38941
2512
1662
56286
24509
64329
51140
13836
22424
33244
53172
40164
43534
38749
33804
24263
14555
51525
50803
45317
3078
19317
674
21370
42998
60170
31954
15425
22789
646
17619
44786
39613
14572
34173
36960
32940
34669
35222
18931
38300
39597
35344
38684
20086
15947
32956
37949
50690
43701
14010
41321
19642
33050
49092
64262
37222
2988
12053
22022
4561
60621
56085
49570
59354
52341
10818
29071
23639
11138
64269
49055
59910
53144
2986
60326
53576
19651
45173
24330
2676
4069
64065
34586
37050
33154
365
35334
24479
35750
13837
36901
16314
40138
61487
12792
64494
14638
34882
4590
34662
57003
13292
5586
7238
6130
35772
63473
31166
34166
54288
30432
20041
3572
21823
43282
48552
12921
42271
26821
35186
44766
45785
58500
42148
54225
802
2095
55075
50443
52691
30136
62715
15689
57344
52095
19448
29913
62179
56315
28529
19303
13608
18297
48569
27172
24622
4869
31137
25614
49401
55177
53496
8901
32341
54360
5673
27268
26628
55081
57615
22356
40596
45014
46303
2114
42704
25284
841
42450
48083
19791
24781
43481
15362
14857
61918
15483
30939
27837
56585
39144
48451
44098
11738
26804
53504
64894
43078
45391
39960
57722
62495
30839
44920
55004
13552
31160
52133
10879
32771
55774
15785
62691
9027
37226
31255
4111
53459
27558
25762
56332
52655
25874
53515
10436
43295
6361
24938
53983
48215
7634
28438
42515
36576
27985
29535
9481
37885
32271
62183
32209
62439
11685
37516
65159
5460
62448
43185
21472
53683
26662
27682
11283
32110
25346
25738
8009
55119
10421
29088
56767
54652
52223
27142
56899
11589
2977
1154
50695
60787
39284
777
44385
31356
25352
19727
8570
31595
13168
38616
29518
56649
38477
51463
31451
62576
14657
11023
26232
16767
30977
62681
53568
50039
60163
14034
19923
17632
45025
28799
54549
13307
29727
38764
11253
61543
56745
12947
62615
11385
38573
51633
32944
65039
31575
44376
9939
38026
43016
64977
6498
13283
10511
40357
36467
5798
62587
32519
959
53785
25252
25518
4889
26980
28190
7700
25268
54040
53865
52905
57000
5028
55657
26900
26905
10108
564
1022
26625
19847
40261
14563
29545
5702
52495
61040
11261
44632
62331
38258
31978
65253
29467
41484
41732
54369
37413
46921
41038
46183
25269
57023
62705
43554
48120
888
11996
41372
36216
18495
60901
45206
2178
27722
17266
49043
20018
45354
45046
22645
46662
15678
53575
6771
22521
22264
48108
49484
43654
22248
33016
61577
53565
52349
10138
34601
37097
41018
34542
49283
50266
51398
45781
17654
21490
19226
8337
23602
48546
20083
51958
8687
59227
21237
39839
44798
16564
61160
16569
46892
16014
25422
21374
46887
61166
48686
43004
38409
27212
105
48680
25141
140
44640
16857
47996
37429
60944
48816
14329
17534
46206
24634
16620
59177
38863
16032
45897
12906
255
62485
22854
31539
53009
61658
19689
64995
21458
47680
55055
40123
29845
18448
25145
19409
17522
8208
20012
37433
22793
51465
11083
8889
58041
49308
50896
37708
37070
46194
10986
11051
55866
65068
40480
44167
37511
35303
52038
33415
39399
8336
37676
37872
28828
11399
50430
37008
49756
48092
19824
21758
47033
10217
37017
46302
17630
52096
11808
16412
23465
21084
6265
56641
53579
56901
28646
25082
52610
43562
48957
55114
51426
57200
41765
27526
28149
10292
9519
23971
20991
54501
51830
43916
39099
34639
36734
56298
51522
11491
36563
24545
42126
63500
48195
153
15492
19936
23884
31389
39607
34663
16542
62621
21837
48124
61468
36880
52016
19183
10286
54500
6951
33295
38379
28922
40353
810
10891
65098
38929
11500
14783
38027
41615
9201
52122
17012
17406
9407
57915
39057
38986
9169
47756
11969
19754
27707
50447
59771
37951
8263
55008
55079
55024
55084
49388
26365
24717
54829
49383
53501
26349
4236
27180
50828
26620
54925
43914
44368
30827
17013
45446
38292
57647
11867
16369
17650
45178
27709
48563
57489
1157
12697
24481
15320
33784
23317
36398
33582
58897
24312
36392
21288
32961
24318
24485
21294
35790
36805
30100
16524
10252
37145
8492
62767
65115
30907
37001
39202
9362
30618
236
61673
63439
39019
39617
57658
47546
51155
9246
17733
53819
27364
41564
50648
8646
38046
25834
55273
18341
15419
23204
22292
35492
22297
34585
35353
35348
22436
34580
23060
34724
22441
23209
23065
34729
35497
13922
34812
35372
23305
60345
34319
34807
23079
22524
24324
35668
12383
22316
34604
57439
23287
43416
63370
64748
41235
58398
59934
5988
30187
604
27158
33992
25758
29306
6073
33221
1383
4004
39890
20388
49180
4124
17951
5655
49319
19218
50711
4263
201
50860
50716
16585
63183
30865
39697
17297
28688
65056
63534
17169
52673
11046
30737
65217
28816
50880
37664
61646
9118
1624
16540
17962
51968
11184
20229
7927
49959
156
53005
7005
39774
52780
7724
19310
4087
25480
15105
36696
12293
57070
61198
54248
23377
57064
16305
56968
28302
13909
25582
60261
54158
31105
60291
61296
437
9454
64693
36461
16358
24160
39601
5176
29237
12403
36528
61806
21357
25490
61584
6160
27420
60716
58153
4289
32545
158
25362
60866
27548
32288
61456
60361
2246
30084
436
19026
30474
62137
64697
63924
49499
9442
31931
62052
29241
31322
39353
63343
6463
15442
22276
58756
25018
53945
59887
47803
25188
58594
27060
55131
12857
27754
27065
57695
59993
51330
180
63540
185
4332
18553
9186
40242
4327
2274
7730
49292
38489
50924
16489
6207
15448
35728
54032
22277
58606
35189
32918
25373
28320
21880
57681
12853
23331
56848
33125
24566
13229
64250
5335
16519
57413
32106
58637
50650
33144
11786
61101
15349
19527
23669
1671
35171
62668
46478
46966
33366
39460
22414
51615
44256
6811
34798
37914
64041
54753
49559
21862
29730
39373
59087
60708
48535
16659
28106
18712
25375
8493
47919
8648
37269
46615
39203
22167
10645
21959
19507
61821
60294
58074
15235
58123
40051
36103
57459
58539
13482
19062
22538
24381
59482
14443
64622
61873
18230
60858
304
47330
39605
56802
16867
61019
15708
19633
25583
3206
55433
58048
6277
7905
4200
27160
3664
21966
2238
47512
4286
26398
59667
63496
21704
2157
25121
37803
60144
59213
9355
8415
38794
9729
25923
19981
8826
11170
40618
47430
52997
39563
17248
20131
18880
16673
45394
40925
20793
28591
39440
61428
57788
49365
20293
10769
20647
22875
24279
38998
60622
57624
45718
11189
20883
18609
27155
11752
46115
8273
40275
48150
37813
23702
10302
61011
33644
36535
33991
22541
13002
39264
21436
63853
58396
23808
33539
33719
37485
14763
37565
62048
45967
48754
36455
39357
24172
50494
43241
6449
36540
37552
63920
55412
50232
21351
29297
60874
5534
5926
6081
22039
1950
21455
1312
46743
63248
27423
58927
62737
23959
1478
27940
17516
62291
19894
7108
52228
40396
27310
50878
58797
11033
49417
17674
5816
26536
967
21718
21863
61434
48855
12029
59146
52899
11480
28495
18248
8261
46948
22415
47175
40147
40957
17827
64874
34131
34792
60870
40820
12437
38314
23278
64244
60206
40458
63103
59830
38900
14541
1239
14678
64201
62498
16791
57829
29900
47592
39215
53734
9242
58461
12606
18964
27363
2715
55614
34615
2803
29869
44355
53285
43271
54765
41352
29971
42568
56989
53946
43395
44261
12666
64557
61099
24489
24306
49740
18396
26843
17874
49826
28492
52290
10146
57417
52396
38220
20556
47170
53814
27219
25688
5264
51198
27368
11424
6593
42430
6702
50678
55278
28950
8913
25827
56502
64507
40755
2957
25130
53802
1607
54139
44423
4067
43335
54523
61482
26682
43242
36906
63094
19341
3950
2897
44668
48764
1766
46599
43867
40718
41963
48519
16496
44908
28428
112
17928
5992
31843
30550
46323
26542
30182
59813
48294
1470
46400
27304
6078
25053
58065
29299
62728
54423
25484
28295
11930
32410
25927
4992
5005
25580
4938
29691
46124
52973
7917
25676
54247
11090
51612
49554
7827
195
50914
57295
57236
39452
7973
32712
19388
44583
32791
52716
10770
56967
28508
27479
7808
52864
25575
9827
5718
44988
5088
50061
57068
28678
8198
28396
57095
62571
15088
14237
44400
53429
3303
6657
29245
13587
43245
56161
62138
31104
31925
380
35286
58541
23205
22433
50291
9998
23622
18696
51046
25934
50550
8552
58064
51811
38158
20803
47432
6082
31948
29378
48892
20652
31778
59561
47266
1324
48969
28578
63260
24795
61003
29228
62738
56152
31027
50230
5260
30559
25574
55982
54685
51902
5610
31330
48062
42054
55064
44515
6840
48534
25987
26504
54410
42815
28488
5523
6904
27374
55935
42295
47918
29773
5928
28227
47590
65229
16282
44743
32490
61626
30749
7188
30612
16175
32740
4180
61477
30106
3098
35
34839
18422
2766
1169
42208
46974
30998
48134
42065
38222
43745
45702
8912
43600
25870
288
19665
12799
5133
9674
48643
60401
51287
24447
10715
60469
11627
59215
24472
50435
60017
44387
35700
64238
45179
47747
33001
38697
23176
49469
56445
30539
34696
39656
63481
45036
52380
20617
6710
39733
58408
59545
45349
18374
26827
37859
47122
11408
45202
19379
40081
26901
17702
25795
11245
24259
18215
8893
19324
57673
28243
22784
51456
57572
48384
60880
22431
39500
22137
36922
58045
12896
63442
62065
18220
57577
29280
26094
38382
53371
8880
58032
12425
39961
28652
2044
53873
59420
4680
4221
6101
23574
133
24258
2163
48278
61443
28434
60462
1493
21142
675
47250
21612
60235
46294
11584
19420
50284
51934
27214
19313
8569
45321
39929
25420
38400
39920
17622
19583
19425
64149
19228
39888
14900
22445
64029
23362
33111
39943
19454
38576
22188
39833
60664
37568
57362
57889
48684
16560
25280
38174
25886
8422
46894
10014
36926
28444
39136
20636
8737
18618
33798
35698
36115
22129
12793
38059
14063
19512
33071
37643
61413
14771
37249
15776
17863
62940
46200
47991
33283
40161
23439
49810
44922
7302
32895
38171
64638
42357
50998
21603
5618
59941
4326
7411
61616
20508
3320
21661
62797
24619
63405
23069
57497
2272
22684
62
47773
17360
62493
64488
53695
39435
2975
27554
1715
60145
64282
50897
19065
31253
20902
13402
58283
37119
45789
45996
10111
57707
50086
40707
46658
19198
11249
16602
23170
27717
19158
49770
16504
34421
32996
35470
57641
39801
14065
38792
35560
38692
35736
24440
16447
22249
39673
14239
64136
15161
62689
62969
9395
59185
30123
26346
17698
56448
8907
60399
15489
39397
48358
29776
56299
33895
34375
41946
7559
35795
7635
55816
31311
2629
7039
56232
33151
6471
14851
64509
63965
15644
9537
52288
46945
2587
18254
2505
21872
43931
59136
28953
13858
58625
1179
17062
41881
45400
10775
51487
41883
448
8495
63950
56594
23011
43929
31425
57779
54988
62502
9367
59832
20167
60461
14915
48701
53727
61818
49076
31091
771
56691
47044
64986
9709
42511
18231
18621
65126
36049
14878
4742
56249
33056
34818
31408
29678
5344
53346
64944
7174
13241
34806
6257
51134
34820
14521
50792
55838
53433
13009
19969
37976
49262
55214
51896
17253
35265
53348
38238
45474
10614
50547
50487
31663
48755
12117
54349
28431
29834
53188
47071
46483
6920
48518
46594
49167
47793
23216
44116
63187
60176
43988
63261
38823
14170
7077
40711
7365
34471
48065
52399
45138
11446
51891
42486
31582
9443
63598
53526
21439
42128
32609
48063
56480
64945
8758
59570
37562
62214
2227
53666
42504
65050
52309
44991
13485
55071
24757
2311
54786
29032
64939
21955
13008
9080
51326
47972
31409
19968
1390
22537
42129
45065
30478
14614
58116
1105
19821
42494
49439
34225
13792
52385
34332
34736
15634
16966
38039
38816
56265
39447
17838
33691
55121
39375
27406
54964
26297
30370
6671
45337
26392
4280
51048
28879
10079
28424
5742
55976
53700
51822
45224
9543
52303
29693
12650
8319
6821
56132
23555
31733
43620
57555
54266
61917
11911
48136
3539
62749
3109
53448
1543
34799
31407
15539
15348
32787
31503
1608
56504
423
33367
13226
62662
34322
13097
5275
33200
56604
35249
31001
31264
4393
53585
61742
6683
14816
35739
6433
54322
63192
837
7003
36128
64814
33752
29455
43642
7609
36289
53740
5639
13123
64449
55668
44367
57963
59257
33368
2375
5923
31673
57552
1569
33507
1247
42567
45217
1723
4760
3344
57960
11575
11247
42663
1267
8927
43602
31646
60179
44463
2472
57971
29590
12636
10151
48072
7922
19636
2575
53350
33817
61881
58644
42499
29519
56240
33442
7465
49085
14815
63330
10276
11832
63371
61932
10077
36111
33237
55202
56800
64796
4355
61012
7541
56966
53529
59336
65195
37902
55204
55065
865
35285
60857
5993
49321
26296
3669
58053
38152
50852
6841
36180
24766
58050
46598
28419
31851
3529
48051
18639
4359
21983
29020
2210
58399
11354
64980
45142
59858
40383
58129
21280
21858
62240
36384
3544
33511
40583
21132
64974
37863
34143
62461
36545
39023
60770
48694
48611
27853
3429
9987
32674
29756
45343
41379
39000
60943
30091
31689
8550
47042
29305
4930
30767
58532
13233
11849
22613
13599
29828
58073
15886
31202
35282
15720
11764
50495
25125
19879
20188
36194
2312
7909
40974
47065
2491
36543
37557
43336
45476
42673
7553
524
37599
53441
32784
1480
33610
58592
7118
22380
38583
659
36271
38215
27746
62992
58449
52159
24254
35092
22809
37796
63929
33305
37556
65044
24168
40617
62057
21432
62377
63844
33444
21358
60872
12039
51215
30406
13372
11711
35183
7640
22595
32206
14674
60707
5795
33911
11095
59608
32046
54756
44266
61089
1003
46972
879
14371
31741
60992
3513
30246
34840
3463
45698
29685
5368
64406
7440
4519
33907
36175
56257
7145
33257
5343
33896
4419
7483
35600
35748
33883
16285
12669
55661
20547
48400
54227
60134
25197
53949
26845
60310
44739
23683
27056
35827
35891
38315
38866
17906
1836
63273
9692
5410
658
10059
29979
62155
38905
3273
31788
18428
9721
3222
37144
18840
50211
5934
10515
7190
50376
61985
51752
4758
29376
51907
29982
16787
64718
15099
20711
34439
20812
57644
35402
34535
20615
32999
23623
33175
14234
22156
22252
59290
34444
22151
12290
34386
20716
33004
34540
36612
23380
57346
22247
32903
20620
24409
16313
32908
58991
13741
14296
36033
41539
55070
35872
34264
42950
53793
42278
55208
12992
44195
13598
34803
54773
1687
39798
20365
52556
11564
20298
5101
52877
19430
51271
7575
39836
50048
50144
19452
63027
37830
23339
46027
52512
19216
8976
46610
27538
60194
50721
11201
39838
25500
22044
19344
58316
3981
37041
18008
52960
7904
18147
7949
52061
61617
50157
7821
48
53072
32688
16432
65381
13158
374
64573
15331
60848
36835
63933
37174
62141
22246
36189
15955
2611
39344
35712
63840
39277
37128
19553
1907
62128
19568
5496
1873
8817
3302
62061
37472
3173
30190
16771
10629
14539
12306
34962
44588
32796
55324
34834
44738
53291
44834
53442
12441
45004
14380
32924
55449
2391
12589
60054
29930
8633
19180
55832
25750
58390
51691
4436
37980
43411
27166
61754
35267
23099
38733
9645
25210
45545
46346
10534
51192
9238
27764
46139
25692
50675
51758
59274
19088
2135
1831
5575
39916
19433
6330
18715
50379
63268
50107
19803
63
39580
39465
61498
62922
23686
12721
35121
20963
53936
55728
36017
21560
57969
27069
34614
25184
23125
13806
33072
60526
7706
32109
50627
43588
56305
25274
45039
27701
6614
24613
55087
54379
43908
55921
29655
30899
59214
21233
21503
52337
16807
28122
38256
51631
46663
49487
18176
60404
49761
18759
26070
27712
53481
27988
25950
5870
51960
26606
11777
29393
54536
6142
49294
55176
4945
10661
26340
43193
33148
38813
52829
26669
53577
51223
43376
24628
29440
27684
56640
7644
25149
42617
23783
2624
16707
1953
3713
42358
47999
30726
27139
44642
37749
44914
46195
11523
42854
25359
3142
39637
6111
30631
29288
45898
20899
31864
60884
47528
1395
47685
27567
63235
46759
58445
30023
1503
56611
25734
27522
46570
31737
27202
5190
12088
42735
12079
42124
53551
9629
7025
25414
43491
60336
49457
31391
7407
1702
31727
34589
43842
64023
7166
1882
64343
56472
34476
26337
39600
53875
26454
28242
5440
52101
28642
8669
6241
43023
8062
50419
53375
7334
11528
26086
44035
64976
15355
42150
29563
35584
30987
31449
29057
14926
42609
6921
61817
29947
2560
1606
13276
60890
23460
21752
51527
16643
27101
39391
50280
27203
51832
8671
57669
49575
39283
22087
25423
63408
29265
30127
48206
22183
30543
57926
28116
62791
48127
22432
63399
46497
58362
31969
1504
7103
29847
28984
4928
364
42728
56274
56049
2739
6777
31662
35763
54267
33238
29671
31263
45353
24708
27278
5711
43650
27470
4328
50984
56040
46911
28831
56216
5768
6910
27716
26345
63471
41677
41900
45032
64363
32208
3251
31481
34370
31609
32947
64497
30520
64219
30135
15397
11776
3377
1534
42722
45448
29392
26633
42350
18760
42878
45177
9389
44370
47368
29622
39038
6956
2431
18472
56766
36598
65265
14666
10420
48359
7778
33836
55179
41733
59437
62697
30282
43597
16457
57732
36586
37418
4598
14006
60333
78
33926
2429
24618
59356
12
4323
2786
61050
48101
8242
42149
38301
9378
3020
32753
57542
26820
3459
58502
28985
15467
8709
57626
53881
40725
38383
4108
33356
62073
22549
26805
53034
56846
36574
4172
53178
21802
61662
26095
8741
61504
4620
10010
61162
57893
53470
53374
61513
8885
58037
8419
7804
34780
57375
33292
39378
53461
34778
1198
58659
36330
8158
39850
24502
3456
59423
39286
24943
64524
33973
53170
60958
50700
25358
28832
3836
48830
58036
8884
22860
29289
12905
57900
8221
20007
8380
21470
21485
22828
33581
40700
65264
36605
63879
35212
37772
22919
63980
40684
65063
40493
33324
24205
58382
12012
45294
24778
40499
9230
42857
30601
59164
25285
37573
60796
32496
172
8668
45086
30785
43385
30284
60885
14454
11082
40532
14668
50999
58442
2050
31867
13278
24125
46207
52888
26660
58378
19279
33806
38381
7024
32514
57818
3186
36220
38164
27693
48085
16134
5198
2262
38269
34588
32941
3635
61082
33853
64188
23143
37052
2550
35139
37964
37036
61600
60908
22205
39090
13077
14634
21615
62844
33354
18632
64843
23942
40442
63710
22758
33794
17719
36565
40290
58410
26629
8962
29785
13707
11858
64839
10437
58182
30881
3484
61078
5124
58682
48565
21834
31467
32554
55931
57932
3708
45447
15757
33606
53139
60925
13286
28736
13610
38970
8268
29063
7027
5308
7846
5125
57917
61076
33052
4226
34690
8900
36218
10141
56302
32934
33861
64297
21241
35316
24104
22820
36600
36606
22825
21502
33790
24110
33321
21496
21236
33576
35113
33316
30515
47104
11626
39393
4503
62713
33006
32266
38532
1071
8672
31483
43190
61572
62949
20622
40254
8986
45660
51208
5320
17662
4137
26601
42343
50398
11710
2456
50724
55172
18549
32460
23461
61384
58772
24337
33359
34121
13845
21746
33858
21794
32981
21759
23457
14639
36830
35793
12654
36672
54748
23041
36335
59631
32835
25883
25770
21362
33205
15753
24358
53978
60597
23539
44447
65347
5386
42519
33827
35109
4309
31860
1935
43288
36127
41363
30797
63242
34335
3747
14191
60002
17394
27835
7903
18473
43706
52642
64804
51218
55050
3839
24939
29471
60601
33204
30524
18738
3368
30130
65277
65269
39404
29637
5779
32469
62188
32765
50258
62253
62953
8683
453
60652
10268
51926
7605
17278
53882
53026
32426
49921
4371
3381
26091
4175
19166
14218
52623
63074
33665
3844
53363
58229
29679
15672
56182
14456
7807
27523
2900
42723
17935
7538
29945
18042
45827
2580
4579
63870
65034
43021
23429
2536
5167
29056
3959
32885
64217
40298
24976
5564
7843
26897
36247
36255
63420
28741
4088
44319
58400
42647
31970
61613
59694
1849
32501
63176
63796
32733
62074
62847
789
29780
4583
29956
65237
30602
31693
2538
65493
7464
3737
18676
21618
49940
53860
57913
49945
26985
35135
25273
7705
13700
52900
55732
17199
19746
24704
34872
3442
14561
4231
19855
26336
831
5772
3711
53472
50823
23857
5863
59518
53485
15935
55580
56992
22644
33848
57909
53788
28176
25517
21630
60905
14721
26903
57005
33663
25260
41873
63087
64884
19284
47907
3385
47176
39039
56141
19951
48536
43920
20228
28483
1618
54261
5375
22694
20734
46129
52295
42803
40378
32814
63209
45536
49743
6730
36550
38628
42296
64860
50680
38557
52675
45223
16963
24319
45396
11045
20799
48863
17064
51187
11677
57786
24484
22871
42482
61269
35592
57425
46127
15198
47426
24325
54340
60341
45714
42137
58881
25935
16225
46495
26676
16262
15152
16737
48767
357
58059
60387
13516
18181
48514
44431
57398
58394
40024
13739
46334
2215
3788
64856
21976
52542
51129
4121
18874
19902
21726
46405
4260
51892
29496
16988
51346
19049
18180
10075
19743
37215
17362
52234
11844
8634
20162
52639
10763
39135
40018
9209
11669
47417
45547
33362
37677
42812
39077
23020
12285
33516
40213
9763
59826
40701
42290
52808
50049
39995
37178
45478
19973
22437
8386
9450
40394
47059
19809
52869
8763
11039
23201
39115
56974
55801
53796
54004
25576
25337
25486
26921
54152
53801
28398
54254
55588
28296
27124
28392
8757
22951
21164
56628
50552
44607
24240
33308
33712
48617
50302
6517
33447
21437
41858
36448
48895
13659
14137
17601
22599
49552
51989
34748
17957
17440
24287
48970
55122
38429
51601
19907
8761
5023
11554
65188
39348
32409
39273
37657
9604
65049
37561
10735
62228
37476
30964
50290
26932
20389
20040
11213
58602
40341
58628
51413
46967
11541
58452
24890
12253
21882
38600
46479
7481
55445
53293
56977
50919
24816
51343
26144
5767
53280
52719
5868
45857
49287
26865
32116
43400
1595
32092
18340
46963
1279
60877
11706
15262
16975
45704
41347
19255
60197
2724
13254
65113
9820
11698
40865
12096
32345
32296
65064
17211
40702
12030
63724
65477
8093
32603
40370
57957
50772
39770
41972
6723
37626
33884
2974
58899
44026
5365
58739
966
35561
38308
48069
29231
16523
11788
39618
10796
61999
65116
32348
40818
38041
9369
31783
3899
65513
63428
40460
36453
54867
48054
39524
9593
41040
29810
63412
58193
38761
9359
35006
64105
5428
44909
15800
62549
43149
44592
15009
54565
49488
17514
38796
57278
14277
54526
18878
39559
17676
31325
53349
28399
36454
36272
51585
47231
5237
58060
23891
14619
49797
48521
41844
22614
59674
8760
13020
28021
34305
16309
16232
55534
57358
44520
60337
44600
12382
56965
26737
34389
45873
60264
41870
44334
4980
30330
49972
46627
7148
28232
8311
44029
52026
48533
42534
10383
49149
7474
41973
29822
60301
57456
2648
10734
63413
36451
12336
22534
37214
5173
30184
16269
34992
61793
23811
58057
58222
60936
30082
4905
23893
52772
5236
58788
29753
7929
59679
9535
5108
22609
21714
60777
28497
27477
26008
4981
37477
65196
1116
47647
42229
11829
59407
1387
62236
39265
47049
42101
64859
64489
50676
48243
4426
60867
39743
13857
51194
45701
43645
37719
58917
5364
15632
41545
47336
41845
26673
47407
56814
25666
48760
42228
27957
45721
43298
45966
46580
56961
26015
52857
65460
2287
3922
8172
20089
52706
19938
28727
3641
7737
53115
18009
9787
16482
30783
60869
18543
20087
29585
56044
40250
42100
6989
59645
31632
54329
58147
5109
55943
37716
24280
17609
30779
28729
16324
57130
50377
20128
52896
65468
16031
56991
18732
40950
20302
51915
4185
39650
26896
54039
49465
64451
7629
60102
54943
13983
30360
19132
2853
45345
15127
9404
20881
38632
27171
48939
20931
18368
57490
17213
59548
52368
24523
18099
38702
58413
37414
57637
52029
23766
26078
46036
51086
16810
48116
17798
10671
21498
51956
19456
23514
8705
37959
46926
21238
797
13866
43283
32147
64186
5306
54980
53544
12696
28991
5653
2788
56615
35533
64291
15815
14551
16351
13637
44794
36051
53971
34980
53976
43005
42997
57311
15432
53463
34301
32842
44788
31953
14553
13632
30633
36620
34768
34145
62070
3718
1888
56334
3846
62162
34955
53465
673
30417
41804
43598
32140
34304
4473
6818
4465
12710
43918
5641
2571
5195
64102
7488
43938
1751
15059
61207
15203
57539
16589
34407
19658
40131
40791
35546
22458
61709
22461
61706
2925
26324
26330
27093
50426
18947
45381
18852
9224
21757
49541
10975
23261
8663
18829
48458
23972
22795
21468
23118
52142
18140
16761
10913
57814
39809
37228
47625
38466
48082
18022
19920
38054
38166
26665
27680
24777
20400
59182
17857
57894
49206
22464
11294
40929
60946
18486
60956
49809
1718
14624
34891
336
34656
32939
33595
62972
1520
3243
34492
2000
62694
12918
33040
3382
27828
28447
23571
49247
60442
18362
48216
18365
36957
20563
48917
40727
10004
61271
8213
51144
3255
44069
54850
41013
64364
7153
64605
6905
13996
30338
36787
3024
6120
475
6127
14285
40772
23621
58946
38762
57708
19441
20333
59052
39678
38566
20442
20857
59357
37334
18303
37000
15393
13614
34884
42910
32938
56999
34198
55471
45050
45044
35856
12367
53777
15943
53776
42902
49013
58971
12733
65327
11971
35779
55725
321
49474
33161
6410
11145
65336
28183
59932
11400
57321
48564
46430
32080
9379
27697
18561
62974
41480
30118
10240
55173
64993
37960
27455
55378
31158
24715
27267
36841
8908
20853
18744
42877
1529
34693
10675
29404
57147
37410
24434
1073
9084
55896
34391
35084
9658
35354
61335
63105
10881
63049
20259
46718
63910
46541
54805
10747
9516
34152
34951
18899
54736
36618
36770
9869
9553
18037
36684
11502
10744
34289
56325
11467
23165
15374
14457
22320
55306
56844
35944
61154
23940
28252
35955
25351
59313
34948
34672
20840
40935
13414
15234
33555
45824
14914
19195
34356
49757
35375
18044
26813
35165
10598
13270
38807
42263
41738
46525
25258
56771
48845
45915
47456
43360
25510
47388
44496
48647
42173
54490
44631
3147
25736
27527
34051
9648
22132
19650
57223
641
36735
19500
29958
54664
17713
22797
1954
54051
46198
47986
22330
5084
25081
64246
11965
54836
52938
35452
55855
18221
4966
28144
55613
54643
47030
48818
2032
8963
24633
19112
65137
55396
32352
19011
57215
63441
17288
25136
56429
26635
13289
34161
27994
53859
53862
34866
58686
22917
25942
55484
25603
60900
12920
56764
24194
13894
23779
26810
23536
55578
45594
35389
48395
44395
25772
34339
43483
57718
54103
57379
12678
41741
12340
14990
59945
11628
15182
9581
12776
50634
35733
47107
52922
58930
50395
15396
29805
47657
45172
47758
32170
54380
26353
6237
9667
41448
25943
6170
56213
7437
29910
26623
46642
10981
34875
12925
20350
57004
34659
35217
49485
49682
16885
55568
10137
12166
15938
36796
10584
35040
48561
4959
37513
11251
30820
7223
62462
3559
37880
11388
65162
62180
31558
44638
58166
59514
23379
40795
41459
10131
39419
63017
4081
57536
28567
5747
58496
313
34697
37507
59930
31981
48640
11623
37950
4506
62706
36846
30823
39807
2452
10976
29004
44624
61583
62181
24433
63503
7095
56760
39845
10874
44645
5105
62578
33597
38031
9029
34931
64465
6795
28778
62292
63775
32394
41093
15273
55872
29781
17363
50282
36611
13566
54089
63971
39923
19071
29130
7951
26088
65036
32894
50425
46716
10211
59408
20542
15426
49536
47486
28647
40540
60457
8751
14550
50036
1545
13182
111
57203
60789
4916
36328
43910
16005
6271
26237
64436
54845
19215
32130
43563
42611
12263
27443
45200
4235
48375
9868
28563
53051
47658
41024
45181
27462
56288
41463
31042
19322
48387
463
6883
62590
63498
44643
22136
1077
6447
31350
138
36725
61913
37639
59422
19714
60790
32510
8012
24112
46388
10215
59899
30604
54649
58668
11816
12183
40537
58273
59662
49241
20560
28319
12259
38016
34060
1929
60444
26515
9509
58236
3744
65353
38057
48926
42615
35822
61570
51075
45440
10135
59951
40754
12366
51963
49018
26595
23349
57502
4467
14882
43073
51439
28643
52793
48172
53360
46065
47990
26519
24624
47150
44107
11634
47867
7801
28312
28534
14565
62322
15934
4234
19844
46646
62271
30348
2180
57312
52090
60897
31719
61054
41021
59690
61053
17292
28988
55180
38971
5879
12179
23878
32758
5676
61072
4471
26599
23859
58871
18912
41022
32644
12949
56316
31172
19577
50093
61546
13298
56355
62618
49772
19445
50270
36784
39396
52123
43578
63532
11982
42874
9572
13543
37886
33418
10687
40494
17307
52689
32555
37508
37857
11546
45659
52837
5317
17649
7977
27698
41482
51617
9150
1061
52127
55183
20085
30747
43480
40923
20746
35050
8911
1088
55022
60323
28750
33920
6405
28191
60636
4233
2285
31458
40721
42036
31639
34063
9657
32583
9894
62359
38018
63562
12048
38370
35156
10594
42356
39841
22226
13575
3908
63765
47582
30445
10272
65498
50619
62435
46812
22849
56335
11497
31016
40742
31446
53884
4169
26451
54025
11957
45891
43001
50756
28255
55808
29441
44784
47695
10003
26999
32726
13410
3579
58325
55310
37703
12119
35323
49748
59722
7948
29954
33697
47192
22788
49357
51410
29663
46516
42185
48549
53858
54724
47301
43369
43169
46553
25615
54484
44497
7449
32452
28439
27140
38615
35086
9653
886
6268
60122
31858
33660
11290
25880
46805
57214
2513
30790
15364
23049
37705
26460
6367
20009
55895
11730
3476
52937
56330
2116
45323
5060
59321
12628
2584
59372
11804
49568
5045
19838
54650
49305
30935
52590
6675
1000
25148
8015
16862
15479
30904
6953
55170
44399
54382
8904
48201
45041
24959
25944
55487
29918
41369
48117
7429
53058
27143
27834
51231
41120
47583
7897
54950
45588
32162
41641
46803
50132
45085
55714
55052
41323
31154
3735
14732
58700
7785
21626
54120
15686
51397
60915
54206
32478
34199
52916
38987
29796
2082
38991
59762
52687
53871
57906
9154
47465
14655
25938
6169
12927
11988
42164
19759
40338
21832
3874
14207
17376
48553
28963
10991
34666
52752
62611
46549
23881
65308
8350
50918
51639
32302
17937
37678
32710
63520
65070
40209
11537
52118
32462
65230
32550
9920
17302
61633
50078
49733
19917
19237
22692
17731
45130
45407
39875
23268
24314
17061
52301
50888
60090
48884
21690
15903
12022
8270
31943
62762
56863
8297
49289
40918
29391
62159
14375
51339
20236
53447
49374
29311
64180
39609
31847
62905
63417
1204
8635
50226
30556
62063
30178
6746
18770
63332
31039
42021
63367
63468
43725
59678
57630
5999
29244
1467
25024
33989
26913
30087
7353
33224
522
40629
5986
4537
38232
33551
34005
55209
43870
30226
1125
61023
776
44897
55833
58056
28889
37903
6667
31930
26221
59406
9996
15617
53437
596
24672
60773
38146
54880
34904
8551
2409
13497
62424
835
850
33568
64800
15832
64887
13447
3388
36302
14827
62319
33789
64961
14703
13534
9351
8828
31334
62901
55059
47973
28288
52226
30547
62574
13592
25485
48910
53670
49423
52777
10610
50559
38226
17183
9455
40402
16900
52980
37983
20169
49956
18793
18596
8754
50169
52606
16987
17594
22945
18437
45637
8393
49503
37655
21157
19822
51320
52306
9759
46321
40476
1237
7105
64272
2468
35187
36170
56270
2908
15035
1274
33893
2381
30290
34320
36260
41401
3801
17844
2319
14433
35097
62649
21012
36104
3492
15710
33449
786
59477
35236
62050
39119
40670
7965
30741
53099
18556
11998
3764
7860
3741
52841
20073
38982
8026
63543
8358
2245
25839
10312
53059
37832
59882
11043
20996
20045
26503
40339
58463
27367
18597
58759
11672
25999
27945
61590
7696
26315
58156
60713
4302
28830
3873
28105
60873
26155
30870
65296
60354
3600
36931
39360
37265
45401
12101
23266
28231
19142
28327
60092
12019
51421
49425
49140
21692
24570
1824
18968
39205
51613
7214
9235
30486
9240
657
49557
4752
29974
10947
5569
16797
3278
44332
38318
37622
46958
6697
40150
28955
58758
44482
60416
5276
42530
20993
6594
51166
42700
37244
851
40278
7119
9594
37659
25670
9809
22525
9753
9356
40055
31672
46589
3354
23280
22304
30853
32305
4197
47395
2230
26390
63569
20936
8126
45712
23085
3592
47821
3587
23758
52595
7942
30384
43147
47228
7648
27399
56251
49254
44348
48522
51318
57196
49003
7814
50787
49898
30318
28760
53673
54131
32532
49901
57172
42237
56351
48691
31095
43778
6541
31705
26003
41706
6477
31301
41981
57125
53631
41709
53624
30616
44021
56979
44260
55683
56376
54407
30099
41536
37733
40545
47983
6624
52993
30470
59490
41414
48905
4736
43302
23812
6742
51973
44192
2858
18038
40819
50171
9004
16458
32237
11901
39734
52986
7578
38443
9088
9014
19451
1587
115
20401
38581
51254
6368
19427
28685
11197
81
52531
7811
4070
12112
8022
16438
3941
49728
6678
31006
43318
48254
4398
26374
54449
49825
41278
45696
52289
55888
46433
5270
52384
32076
10477
29555
26007
54570
7498
44411
56695
32317
42234
54524
30759
47162
55351
11927
29568
32067
31941
1997
53445
5759
15543
29767
35933
44020
36627
7562
30280
42936
6900
42943
41978
20972
19533
50643
25991
47849
45578
50214
10056
50374
26511
46140
27067
9715
10897
59271
39568
23338
30110
30614
6094
46639
3105
27415
62870
23956
64528
48538
25367
529
46020
528
22223
11097
10652
8482
3997
65317
52025
15895
56855
19147
32451
65219
18108
36762
36756
49979
49426
