30713
53097
25068
43911
43373
13143
3440
48844
25873
56032
57113
32416
46993
720
41021
249
53081
63186
34059
528
56845
53945
37557
36693
18613
32428
32704
13783
35243
19970
54737
37829
16294
62907
5842
12867
57064
45782
62579
6787
4611
48882
49139
13745
6130
19435
46551
65379
35722
57836
42585
22524
23264
32711
64297
28337
1308
43361
41913
16445
14608
10017
32422
23696
24383
12377
64201
61989
64809
44889
13541
62133
62405
15840
12816
20624
64953
13337
12441
41013
15414
63059
6657
23475
14627
46044
65258
5371
8155
9384
47355
14022
4737
63459
47681
64602
4739
61594
12342
641
1195
45670
41510
12835
16326
40299
49800
5370
23987
44308
48522
65427
29286
1469
29655
41608
42468
513
547
32659
29206
26191
643
30044
30962
28398
1703
4038
40185
2561
38501
52191
46296
769
59865
11643
37643
2373
26744
39489
38773
4609
1696
425
18485
60566
3226
21054
21655
30912
39203
2326
50778
44343
41565
36153
3046
39722
29849
58932
15609
62885
16573
15216
14800
54045
64265
33474
33714
29853
30919
42601
33885
63749
56039
61865
40947
2730
36970
49734
52692
4006
515
38003
40803
60675
579
37114
39034
58074
134
2691
31546
1728
31265
64347
43320
4012
60341
30875
29468
6659
28484
31062
17608
2341
2689
3120
6137
64033
16288
1954
2563
45932
44511
55528
13233
51598
50036
6785
12869
29720
47456
61689
47296
983
54557
49757
42249
43197
2518
46790
27066
55002
12880
30375
32455
26637
13676
50794
23798
41149
62883
64330
17453
13079
14298
18610
65298
14806
55485
23271
63747
54461
42602
15466
49229
11174
60348
46205
51062
56551
39424
33049
23639
24986
55191
52470
59338
38753
27626
8365
60636
6351
22284
6913
60931
34482
57520
18131
22123
16832
18894
58788
63398
59486
34745
4295
57521
34915
38877
6369
60899
20446
21366
8517
38574
20464
17662
58195
39408
23944
17616
32865
62958
31568
16839
35310
22496
42697
12773
65106
18895
31719
44729
64560
64697
14173
41255
31806
3112
56307
19031
47915
43823
61785
41007
22433
18282
5905
22288
15509
23056
44027
37308
53406
57629
33958
40412
6445
57894
16599
22054
9545
40103
17306
18679
60102
39162
21233
19738
33217
24363
54527
19025
53804
12873
43648
16148
62093
17504
17592
62469
24575
65510
12962
43745
55963
49388
10324
21517
11707
51428
57101
37866
35445
24430
35429
53902
50010
21120
40251
54384
8284
43598
47008
7277
29406
62160
21349
50901
60302
7781
34941
23925
43680
58736
39341
20493
45566
58859
56127
11457
6443
22831
44176
292
63325
19392
47073
42976
21823
37302
14226
52257
27707
39431
9305
23837
5341
59350
35869
20944
19674
23713
11466
19399
37226
64969
58573
6934
16743
41003
48127
6817
30747
43231
23200
50132
59901
6048
33313
21056
41215
61254
52898
23057
45307
49645
9302
21532
10174
38067
55879
38624
36681
23207
35524
33954
51766
21146
37425
54314
8541
24446
54368
16487
53885
13317
41833
16133
64898
18543
19714
43135
23168
62329
21101
41079
55950
49484
10660
64445
47996
52746
30141
39946
34485
62814
53552
55645
50858
22352
40555
31712
8620
12770
55146
36012
30510
42768
21967
41283
24168
36516
35773
24245
12633
23558
42913
23575
53643
39966
10390
22764
11742
39891
32770
37696
34281
21383
7252
35666
37059
60986
40689
36276
9629
58156
36340
59767
7756
60228
35442
58153
33140
57730
34361
34610
57492
22922
60818
33401
33788
58737
7477
63809
57372
58308
16686
32940
58978
61944
33801
36610
60547
59143
34980
18720
4925
41853
18528
20471
32493
43957
45055
42421
63378
17663
18194
43311
41061
63017
65117
64210
29550
13080
28325
12172
28184
15893
65417
13077
63884
10633
10732
63977
13221
65513
16040
65516
25512
61261
4752
63527
37303
39514
17703
16732
60589
62972
36118
32989
59126
60881
17514
11818
34557
1580
55759
9777
21483
21391
61781
53307
19872
18736
40993
41200
13977
16577
56719
37304
26315
39947
11140
23021
51756
53194
55022
10956
62318
20798
32112
29453
50564
64781
8900
34741
9612
42526
18854
34177
14962
14953
23605
24962
7855
35715
20695
21423
63168
7335
26473
21997
30376
13292
55407
17297
28396
16105
61605
1460
65181
18672
11032
64277
13193
38182
15954
61464
54107
38631
17034
59457
8823
39290
33613
63097
34118
58877
5526
36509
40762
22672
37431
34854
17980
50459
32420
36765
12328
12533
22160
24824
10089
35318
64188
64105
42447
10860
27637
58913
29634
39438
10630
59692
52269
49302
33042
11469
20583
22167
56810
53367
37219
23996
11718
5908
12173
14061
35152
17719
62334
61568
42303
28814
17071
19263
43591
44969
12629
19111
32096
64690
54878
39451
9364
63613
10203
51524
29566
38474
19685
61582
19541
32318
53140
65072
38907
19717
12188
16130
6505
5623
55730
22969
20735
13828
23547
7167
36391
23343
24425
21834
22892
21319
26210
24178
5448
77
23039
7983
27961
9215
52042
3318
12617
1175
58162
48455
12027
56455
6213
4847
45245
37053
12181
9373
3929
27189
58037
37717
46125
49680
6887
5309
25693
2791
48613
16963
55809
23041
32758
29864
44966
57187
21619
24419
17624
41539
19009
33393
33377
43585
54387
63819
35879
58699
65156
19578
9369
34101
60278
60666
37871
40247
61948
7800
35645
12178
36399
17135
31816
44110
36757
35320
40767
31285
50405
49301
35150
57893
18043
30590
30600
63090
32037
20004
55883
20764
30106
30972
41210
54980
21066
23210
19227
64980
17227
35116
53931
44076
55076
37496
36686
58926
49798
46704
17027
57238
550
61331
42726
41601
38542
26925
54013
17976
33315
21112
10785
51745
12934
55811
53862
49046
49699
53190
23043
12936
23169
9240
46280
55937
8739
7797
48135
41083
25984
27502
20614
46447
63498
41066
55409
15619
7293
30731
11879
21368
47999
63534
18146
40818
62005
18035
10389
5779
59715
38532
63093
37438
62968
4686
35230
17918
10724
36421
24802
23559
17919
10386
144
53759
58393
57433
31559
52521
4910
34775
25746
15437
56191
4675
45438
41448
28662
27133
24563
48995
41475
43651
55585
12870
5710
31160
47470
22056
46195
22827
9003
52263
14746
57162
54522
46489
40212
49306
20756
21675
24571
11026
47260
53660
11823
40562
32893
58344
52873
48143
19850
54144
3507
57398
41850
44395
40071
26849
56686
17291
34933
39150
4476
380
57909
6880
47184
9971
51670
1642
2784
605
36925
46913
10225
45117
6516
36420
29148
51746
34179
35713
57497
31876
52665
51913
6382
60896
35916
48610
31596
58146
30532
9086
103
11616
4750
5367
873
27253
58018
6255
1136
729
4215
58477
27353
49280
49294
27857
14087
6341
48044
47776
61186
45081
63189
34402
40660
8926
25609
39106
42912
58787
205
45084
42769
18596
10444
9920
38430
17370
61731
18120
40228
10030
46864
65019
63942
37828
41132
19501
50972
48038
18237
11322
39495
29104
49161
47783
38774
11639
10026
51041
52058
40182
44237
27691
43607
56319
27448
26561
51817
53477
14253
30569
3445
1232
45500
15246
55824
255
12434
45358
44236
18374
47566
11975
38351
30227
64411
20164
39200
39727
48151
63889
17690
37312
41368
17387
43601
47935
30780
29784
37168
29620
39261
46928
52969
51125
19169
52818
20406
38207
41019
6700
1981
4804
25803
24917
1725
7962
57829
5726
548
27118
6112
58523
59728
4042
2764
56029
3329
54438
33453
33622
3261
5840
21942
56401
57878
7869
56758
21153
59494
2758
429
9771
52417
46335
11835
10033
37104
48356
50285
48544
39039
38000
11297
52610
45494
40959
49563
27250
15533
34665
46334
48551
58277
28997
65186
36517
38096
39135
24797
63405
31961
60009
12674
53480
2721
56115
55384
33473
448
25347
22977
55238
3765
59664
55825
15960
8150
3125
136
5870
455
5968
26941
26562
1737
26293
59282
6607
59317
2351
4391
59709
5657
304
318
19069
44476
46166
29806
28756
40167
20224
38329
48215
50355
48050
19946
37457
63578
39478
43629
7292
52493
7780
6140
6784
49933
25050
61189
9070
2522
25101
11632
59819
1120
1386
3180
29111
15639
46169
55245
27734
215
53718
15360
56487
2006
27917
27418
1229
15696
49514
41324
37327
11157
62257
38111
51269
54251
37623
7396
20539
11096
28219
50581
9702
40446
16568
10649
39476
35995
60670
38772
7490
34020
37938
21567
58491
35742
4404
60450
35907
23631
32846
17540
57843
35982
64763
40788
58642
10019
16996
57867
62510
33758
33460
57470
58798
34251
19490
5269
12399
17233
19957
15295
48056
44843
24151
37156
19099
44581
47403
41144
64414
38326
41973
34921
16212
6310
6394
2484
60950
64052
12882
62514
9348
60970
38884
21446
22679
22733
21402
25188
58240
34805
65437
60617
38495
11307
35786
58280
61586
35516
33560
60149
60012
18772
9761
36480
1590
6602
11834
62259
20538
50739
32051
18627
10035
43674
41926
452
17610
56666
40020
26963
50819
8322
20882
50118
50711
27107
10435
63672
59368
54023
30902
50034
21346
9922
54818
10115
62921
20429
34803
12448
15036
60648
27552
5035
32830
65391
21275
38417
10607
27244
20885
20138
41782
34906
17050
52966
2996
41875
52824
39832
19859
38676
52771
12372
39324
61020
64196
30803
58777
18228
61324
59465
38015
32808
24311
32805
57592
6460
7064
37183
36841
63362
36844
36506
50883
18633
34864
14900
12486
57747
25732
8804
33941
20682
65364
38346
7594
28070
58678
29381
36975
9349
58929
49561
50624
26155
10185
21339
57755
28897
54204
53125
61521
11973
4536
10377
12751
5713
18229
20617
61665
50667
56681
20427
11323
41888
44828
440
18597
28753
42549
35273
50067
8594
20610
52803
45634
30947
39928
39731
65000
56882
46387
50722
36079
39503
54130
11667
21408
8044
10127
24080
6588
20523
24225
20527
4347
63471
6955
24508
63371
24505
64143
7840
42289
27678
57695
30064
56335
56884
25223
2117
1429
64366
16002
15451
58383
28078
19283
26343
53464
20150
20612
28110
53615
14059
6231
19326
64744
2085
55666
55220
60911
17760
13299
33548
45074
35072
60063
32833
34794
42574
53260
62904
20862
13222
14012
30677
21348
31670
50079
7959
52398
56596
51796
31955
42191
29131
30546
28114
3090
52686
41439
50395
50948
27844
32163
31234
25420
9169
42692
55447
29778
41300
29378
65232
62918
15945
42767
47627
43487
18637
13722
49115
30285
34519
22144
34539
35873
42495
31976
21844
20991
12602
13766
31954
64598
56508
61861
54798
41783
24856
896
40955
37105
30565
33579
37177
2725
18836
19350
43614
58783
19180
32393
26081
2754
46293
50676
20620
64481
54926
4129
1719
53070
55402
30033
14094
966
6121
25247
48347
53720
18617
40784
8567
7498
15374
48349
41244
62727
64138
23596
56757
41126
46298
2757
17921
53244
31419
1433
32553
28693
31683
28316
50191
49503
43511
43950
49320
2121
46939
31130
54060
55020
34236
62774
55687
56238
13715
32366
23423
23604
22287
15941
56344
65136
36455
20820
30136
54253
20413
42351
4939
10876
12709
47691
44230
63072
21908
61754
55838
41364
45265
13696
29618
13965
45266
39589
62776
23612
55807
5858
1472
50175
31542
56922
12706
313
7213
34661
48973
41320
27571
419
40189
37964
31842
19063
60455
14
19958
16796
44466
39482
36138
46165
53534
12395
26559
915
24767
43877
30008
27560
25202
1762
2098
42357
43960
3651
27247
55428
24600
45314
8922
62374
30571
53455
15387
20129
18903
63004
50367
56274
28116
38928
20425
43620
9693
19656
39508
36115
64725
40398
60514
9218
35790
32990
23903
35844
19875
7363
38660
60683
37298
20699
64244
11888
7442
2095
26226
8743
19336
11390
33124
55691
13300
17798
37935
5903
65356
57534
36927
35190
12364
13226
30280
64220
9486
33144
26489
26119
821
11008
65444
18387
37863
46477
14959
20690
42358
43880
47615
55783
15919
13311
61908
43515
47973
35602
14271
8610
16247
833
1391
37697
55341
15942
37231
55474
65094
38384
17586
63236
1520
18477
15876
39435
779
20958
40752
33321
41452
43658
19675
64529
7175
34380
27974
27725
60101
7434
61606
19743
63101
57239
42393
57624
5003
7823
18275
21288
43657
20933
45297
48112
55802
43756
21493
19038
50476
8274
1411
18197
31484
29354
13960
44
57095
30254
52093
50541
47167
54393
970
22280
60424
42561
22118
62844
58994
57737
13699
52350
38575
64644
3143
1449
41379
37335
52320
23560
13832
25484
13296
64187
13289
16012
11173
28193
63423
64111
61461
64424
28297
10171
15904
8360
13089
61883
62454
6266
18178
38079
7390
20045
36492
5495
32965
35752
64100
33593
38944
7635
62753
41767
13988
65517
58184
58869
20899
123
40096
63110
51836
49545
42490
37073
3215
23070
16146
16750
57763
11028
31889
32246
20907
49639
53325
19474
3452
3207
9301
56614
51770
21522
60126
54913
41413
23742
9614
11136
32388
24434
13225
13621
45559
47529
55139
12359
23177
19563
42541
19115
916
33807
39455
49810
50574
7131
55602
57202
64355
30067
29428
33119
3652
39694
57371
1655
38240
38471
55676
14084
1535
32264
63300
37375
35803
15940
367
18764
65030
60626
50446
28393
859
5431
25481
28300
57428
2159
61068
6202
7426
60164
25580
58233
25860
60594
3762
25268
24428
36748
26212
6508
59956
607
58418
33924
6524
59252
8124
61417
8121
61420
12811
47571
40909
12189
25828
27324
37363
13435
33380
9365
60092
61268
9937
35436
14956
38465
49694
29257
65447
49099
30361
30658
51908
43471
39340
8906
47436
51156
31442
50900
17945
53036
41682
29364
50786
30299
46676
31058
53076
41567
49746
29284
45570
51460
32514
42511
30212
50866
49675
47327
50114
17911
27429
24616
38394
15144
36262
10393
60445
57542
46555
36033
12536
37703
44754
47590
42590
49006
18467
17230
50822
44328
48531
47459
38190
37779
30445
48286
41214
53117
51640
26998
58977
5761
10467
8417
1667
52712
10323
6019
49377
50006
24840
8273
49233
57608
2312
57013
21857
25438
56655
53463
58726
2882
56746
6224
43
202
34237
53499
3239
1288
15880
30758
41902
46542
46486
32413
50070
52931
52904
47299
47181
52806
29517
50133
29973
50477
43032
28181
13224
34193
25509
28328
58262
16037
59549
35062
6221
60998
25368
21824
25365
58669
15896
26899
13992
54958
29924
31346
1699
50299
29828
25285
49634
51764
54814
28987
49538
4062
12830
25161
1707
8183
7919
5099
57764
3042
7514
6650
3303
58
26188
7255
59
60114
722
32489
62807
46443
16975
19015
52324
42050
46282
11882
40747
39578
31922
47771
43687
50556
44722
47334
37713
9009
46470
47976
49971
52835
39816
11571
11016
52851
45240
38262
9478
37048
51384
55519
58791
54187
54735
36551
58314
16036
59591
34986
28379
61146
33751
799
34266
795
3794
62862
4173
2697
34421
33097
56937
8958
51417
928
14221
14759
23687
50240
11767
31616
8050
4141
31488
58207
11671
16880
13831
25799
35086
62734
51225
31197
34681
57887
53600
960
24759
16460
55222
24484
32171
29123
42513
33452
34792
22200
43076
31016
18214
21572
34390
41898
56028
64753
6954
37258
16758
64825
16887
34717
7549
57415
37949
64633
62503
59206
7222
11664
16871
33570
28701
41471
34878
33949
61833
32050
42752
44192
24181
22336
19175
43903
29789
22015
31266
17960
53532
20822
31121
31691
42442
55640
22308
22212
63251
44580
19500
23014
35276
41366
53736
37771
35361
58677
45946
47619
18230
55345
1813
57744
44604
42840
39553
3808
54472
20020
33768
23292
10016
50122
56020
14163
54865
48587
47406
50717
13051
14051
22497
51236
45509
53930
8236
4429
48394
43622
26542
24675
23777
10605
20156
44220
13523
56248
7542
61958
9066
23286
45325
65426
8684
58367
17391
19168
19440
7736
58432
39561
65154
63373
61597
59509
6033
18943
5419
34418
56327
64608
18942
19447
13728
55182
23007
21871
42816
44761
35917
22272
55207
12681
31870
4984
47617
44084
26753
25768
20886
47211
63926
41302
16102
14099
6721
44724
8801
21811
45179
22072
11303
49552
55014
53524
55754
47517
52783
50633
22360
14747
20892
38677
48066
55094
9774
37261
36326
60054
45317
52580
19516
54446
27582
60653
42088
44212
40316
1043
53331
17542
35405
57399
5241
1446
6697
22400
30061
11260
45789
3847
711
13824
64381
52954
10992
26713
7233
16764
29721
49344
34801
32816
23623
30561
31495
41431
58400
35709
36137
50352
28761
39481
31953
51961
10405
40017
52601
49664
26044
40295
5652
58715
26417
27084
50080
4534
37486
48353
9385
38500
34210
21928
59859
6158
6580
58062
62149
21170
20162
9923
58322
17876
21765
34078
8799
61379
34136
38306
58403
7150
16915
21752
38131
37592
19954
19091
58814
11343
23779
17362
33443
23609
48209
20165
22313
6113
50716
14279
38324
9931
43440
48828
40161
63838
438
42432
56153
308
56768
36297
50979
51994
38484
42142
21198
16991
60342
59667
3270
23901
44487
60618
54335
60496
35267
39585
61152
59173
17179
24113
8260
37803
17041
19867
59077
12102
22424
18961
35670
24371
54474
19802
13030
13332
44886
12888
62520
16979
64948
41699
23194
63548
21196
41018
54323
53078
9554
24482
49891
48866
53942
37944
21555
21176
54002
57139
50615
35407
40175
57303
8787
41129
47777
6565
63705
16913
21432
40615
57459
4968
21573
36328
43537
59390
40918
24485
48041
38195
27482
10186
59875
59178
50630
1848
39256
11971
52202
51638
60474
39772
1996
49562
47923
57513
18799
23127
60672
58069
5400
23405
17183
21454
10177
11979
40815
18960
22958
4540
35753
43667
48554
7526
41491
63514
24515
49832
58616
4771
22758
21539
41162
59521
39084
20566
46323
52281
10581
23121
39871
51685
57116
40503
35364
24523
33880
53915
50768
36838
38718
56033
11097
23289
55889
16997
13535
54456
41916
21159
61668
17243
41589
30955
23265
62606
24502
44896
54441
50598
12194
21842
51462
47111
48822
39272
59731
40632
55751
26198
53207
34335
37647
54711
11939
15552
55895
18788
43801
46865
58651
43948
21429
33730
22805
7864
444
22952
43536
63071
56230
46573
58711
11824
47245
28002
1343
45829
60802
6975
40197
2175
27826
39053
4873
40021
50526
4881
22972
36339
7841
8041
57826
4880
20863
33083
60227
5234
6585
60830
22889
57491
21409
9692
63965
11679
24593
26553
39502
12449
34395
16894
58307
59058
8912
34979
14268
40180
37831
28894
61980
10438
31694
45508
49426
17680
40921
9927
52179
46290
29716
40609
39370
49347
62381
54043
40812
57028
28363
10588
38489
54047
63847
18778
2271
37385
20412
16034
20409
1487
939
49118
62887
18928
25058
27677
37119
12603
36547
19455
57689
58821
9175
34650
15553
40944
42670
46572
38481
47215
20267
16417
51813
43675
48064
8800
38559
40080
45496
47007
41153
50057
50523
25051
57869
6132
4332
11232
3966
92
9566
6798
858
50621
25605
6228
52157
1780
59052
34333
22717
4800
31239
56602
58125
49511
56524
34157
51802
3095
7862
29802
3548
59046
22177
32556
62401
47567
47516
48072
52421
46612
39085
11968
49737
52693
28696
49826
9494
50841
45003
26290
21953
35130
25186
6317
60565
54799
23550
35731
57977
60741
5405
22919
34256
58937
13915
26040
24525
56933
53291
31420
61344
251
30554
35232
3231
49497
5649
56212
51820
869
13150
28541
61351
4736
9710
7399
4095
52286
7775
5375
52272
1369
27346
11088
3159
60005
3950
29118
40636
10598
16461
17450
49154
41133
45511
9063
37014
37159
48052
48582
42012
49507
63069
24763
40637
7476
27499
45157
50670
5386
36981
11326
3700
47230
48053
60299
39008
820
58204
20231
59612
17002
18775
5578
58647
17930
21977
34252
39178
6359
34842
37463
22729
40794
38503
18372
50751
35515
63394
44798
907
60895
28312
54056
16565
54255
32403
5979
49791
36968
60623
44932
61739
7282
49903
56898
25204
40229
16437
11635
57080
57151
13611
35723
18242
25934
61683
3989
64626
33099
44906
13596
29221
62371
10243
34021
26077
25098
13694
5378
63003
30027
39477
27503
15035
44943
15211
41141
49147
15125
28203
13099
44792
44847
45160
43503
26555
48885
12453
3978
58218
40954
13033
15637
53124
43189
64805
37107
23839
41711
163
61993
22713
57508
50019
23653
61829
36845
15514
42586
29474
61898
4875
35362
27260
25553
14069
8193
62915
18974
62857
53808
52420
60499
10371
7562
29237
24372
44890
1683
46330
47270
54479
12442
20630
19807
50838
45621
894
29986
30886
30412
13038
53082
53946
47395
1383
51201
30082
54237
1303
14075
1779
44196
24509
61827
60656
60028
13294
3177
40923
61666
50793
988
43550
38309
49153
14067
22186
47238
12483
20676
43069
15698
47347
2538
51684
44852
62658
43166
28004
60180
2835
9380
16186
23748
64659
9073
23519
43391
25416
63817
36146
4219
33874
55454
42548
18493
64325
6667
63130
44944
24521
62265
61316
57590
16277
49283
37795
64053
250
53098
41167
39594
106
20565
16213
19311
4085
8472
30618
32454
16274
3225
54033
46379
49281
876
31109
56044
50777
23134
57445
55204
49432
13973
7049
8321
29490
20720
13084
1512
48800
49068
55902
44905
23276
31107
44239
30963
1314
54094
51358
42575
51320
51572
26164
53988
54644
43061
30363
56990
26690
1410
53044
3237
37633
40181
15315
54450
843
24074
17442
39499
43380
55330
2571
64323
18621
50831
58729
16108
25377
60446
16009
25577
36196
25584
60371
57539
23567
60754
13196
7646
28401
35931
28192
53882
17153
62321
28473
25682
16260
45909
40421
61571
5298
751
55819
10477
10333
23051
30723
45600
8125
61421
33396
35452
53141
32115
62307
59957
14972
16234
47646
61441
28673
39454
25269
51527
53458
812
43514
29140
29860
54681
3028
196
53033
50370
49570
28236
56258
32764
55369
45690
46558
42264
32569
31116
44938
29637
51221
41891
31095
49897
46711
32478
32424
42732
47315
32329
28434
22087
36387
33608
37071
56292
20586
61337
15393
12534
45863
23740
53371
64722
55775
41709
54829
3917
38984
38398
45616
17124
40756
1782
17816
18675
42625
38626
20338
30349
26918
749
45528
37336
63608
61569
25141
4836
3930
50931
28801
30822
2654
2796
6892
6750
47430
56950
17676
50098
7759
7239
85
46927
43690
37721
21323
20730
56328
43595
45527
1005
32260
51265
32631
50919
43152
30022
30966
46650
51578
53050
42304
51357
50685
45687
31031
30097
29418
56870
54027
21996
54768
26781
20643
54639
59625
21386
35806
60693
54081
36471
26706
23576
57012
53792
30216
42510
8820
9842
3984
48451
41203
53077
63211
65412
54849
44072
48206
13901
29365
14663
46412
37074
24299
21387
5327
7717
150
40100
56380
56714
3991
3117
4904
33186
47177
44668
56510
1393
39234
37367
48479
34895
57498
3171
20475
17658
44139
58155
32839
45879
57056
43121
27323
60091
51248
45237
30851
26250
2420
3892
37045
51262
41064
5899
26475
16488
25322
28233
9943
45019
54778
56235
12452
30372
37401
65450
26663
3359
27858
45586
18860
13132
47583
31997
49546
27430
41328
50237
15500
25677
31639
56365
13465
53578
48528
48282
1862
15847
51831
39
40911
19206
28141
2224
54796
11703
35176
17672
29174
31137
969
33126
39103
55162
39447
12401
62308
5888
36104
14451
46813
18556
6030
5646
8613
47614
13158
5760
64884
46912
61452
17800
20793
15399
22131
22401
31146
18734
16048
13769
44154
44652
19334
56301
63264
29180
22242
21294
15492
61469
18466
65092
41354
54306
63238
64678
54317
14150
22003
17597
14148
43751
12514
12577
64102
5338
34584
21715
48199
18913
6647
4567
8356
11170
15094
8186
62070
48458
61873
8187
62463
14881
3914
2551
46976
30764
21717
15088
39427
38766
6655
33816
43081
47745
62251
28812
854
29760
61444
43147
1645
7608
29438
32733
59237
26229
30826
19109
2275
1917
225
38478
352
39943
47437
51157
1376
26894
39807
38255
6926
3701
37360
11895
59648
3197
382
33586
21909
49644
24367
23035
31734
11819
14112
41273
43744
42881
36484
26401
65071
28829
58664
41335
37056
36281
55117
1056
56385
18189
34732
35852
28825
31740
51769
35529
38064
56608
64733
37707
511
39425
47180
52809
496
25307
39280
37216
5336
59349
38399
8817
2527
2625
2635
28977
2710
32042
61875
62568
503
5918
19874
28743
58532
4575
29830
16580
58387
1100
301
5774
64240
12413
1648
1902
48745
29261
14453
13152
39951
52866
6016
36110
42197
48263
65358
47767
1450
55273
49385
51287
42337
27505
31181
54967
14214
54790
45769
29072
3590
43889
3148
22139
44134
61916
18760
63302
13738
55160
65028
63140
56177
15878
20874
19212
14086
15436
44152
6271
3211
4199
8191
6651
3210
1279
59308
7018
25671
1866
5499
60121
24900
119
3442
26484
2647
6743
45555
47009
58980
50325
37582
4703
10193
39379
24844
39440
47632
57612
1250
46115
43681
19105
49091
8897
40899
41635
62712
17059
8737
37923
47633
65350
20438
39441
42056
18735
41415
45563
17727
19255
37370
43839
52076
47018
11899
39802
16679
52340
31929
38475
42786
47076
41355
29058
24979
55198
49540
13461
1182
46143
25678
1859
29154
12613
53571
51826
42210
47919
41211
19660
46543
47307
37066
44740
63740
19882
11815
38954
45099
62762
29652
39959
43819
17123
43662
45374
32566
29325
40755
41555
49752
46131
47597
49894
20350
50869
32517
38638
42216
4835
2641
6737
28470
25688
3926
595
58424
4691
5304
739
6881
61414
8118
2785
1256
56693
3181
53384
54117
34925
86
3685
22625
56678
26808
59574
53261
13059
5376
232
2942
11811
44190
45310
9779
18750
38387
50995
51080
48115
8830
39283
17710
51829
29157
37710
52008
27973
158
36013
45311
48123
60582
44031
40391
7616
11735
39898
27720
64729
45103
57565
15182
54307
510
53656
57283
53934
2707
675
12968
54515
26910
531
55886
13843
26325
302
1096
6447
2715
4551
26265
25244
2714
2511
58012
5322
5906
58388
7979
58921
28436
295
1826
18559
41063
45115
29577
32098
36922
43119
39004
48474
47340
52660
16503
50100
17161
37867
44402
11891
52321
11361
5763
6017
50534
1923
59752
11875
26481
2310
11377
57606
24838
52337
52088
56111
15532
24722
56373
56157
3242
15235
3421
28105
27512
2822
56343
229
56326
3147
15179
61203
35761
9647
6808
5437
62662
23112
8774
10918
64834
61985
60592
11087
21985
63663
33496
63313
2598
28714
18742
20353
59305
6085
64978
44537
61436
59719
64006
61643
6856
6874
1949
65169
39604
32787
20208
9117
61065
9327
23326
23973
21303
24188
62278
60616
8555
4986
38738
44443
47938
58582
30916
29602
23248
50084
58957
6109
33430
36861
41039
61430
50642
21697
52548
473
65315
16336
5799
28520
36874
28834
32856
12518
8590
9100
2675
57342
32657
38405
61513
61507
60447
14581
8350
18167
39046
46731
59323
21588
23419
63725
63018
15918
4258
60303
53220
21456
25099
10098
34253
26203
21290
21969
21287
6220
16690
5532
16308
61819
16306
64127
7901
39223
17020
6385
8841
9868
22768
63113
36422
5616
58769
24109
40938
33581
40935
33574
63978
2155
13120
62555
55391
54635
38208
28310
16722
64015
18576
17905
1295
10068
54685
39153
14481
41177
46152
6622
17319
32712
20662
38359
58225
7425
35582
33585
43555
57678
53208
24533
48087
65283
3296
43177
19080
17724
58470
28568
62488
42134
59202
57969
64698
43074
7262
59823
3862
58633
16362
44927
34156
29534
40778
56526
7371
20500
19704
20375
49923
30258
26172
40005
12501
39652
36396
7413
8587
5111
21050
39650
33513
8074
23342
59884
58665
35651
21831
24053
17531
14536
28382
37498
28355
54734
65401
13253
63100
10615
10554
17975
13269
65337
13784
62012
2259
59341
34001
11692
6544
8081
64937
22166
11849
11433
62364
63559
59926
9036
24385
16410
22294
1275
62287
13457
25252
26274
37120
30874
35502
14912
8838
9869
335
33987
29687
37985
63643
15745
30732
26509
36195
54152
51616
61540
26997
26208
37294
51534
13062
4366
41851
45376
44410
52823
10686
33368
48703
46654
13002
39999
33828
36804
16184
12843
50864
35560
37358
57270
40639
51602
11054
19768
45823
46078
14388
39679
7140
32820
50488
3819
50469
11496
36942
29667
38703
38129
5196
51210
46243
45227
4054
2659
53112
45569
26755
28664
36938
50052
2779
2145
58486
21134
54285
64777
53888
55918
41737
16229
61554
18434
19823
29570
23152
62345
24333
44423
13429
38091
9259
18573
10148
46843
43141
38650
19429
16517
64606
44782
53028
17901
37195
16389
37418
2439
47886
38879
55690
53611
1359
42374
42571
47426
35748
54779
271
61860
44040
60322
52848
16027
32296
47240
57087
30338
2291
42751
55535
25476
16178
14382
42724
29678
42318
28532
43300
44376
35004
62500
47955
27739
41763
38230
39976
19752
47508
46488
12468
37268
58812
41627
63670
39422
6013
52089
47600
45486
1280
1664
50546
48647
7013
25998
37184
40047
270
2957
59765
52540
10427
33901
11604
45883
12896
37690
33909
36709
23150
12926
50106
36733
37099
55920
40378
43149
18445
62025
32304
31838
44879
42325
61730
17474
18383
30354
40965
63129
62909
62626
43013
23979
29259
11118
7631
25490
2447
39631
32371
46469
20843
14715
13124
19464
53026
4367
62676
1131
27915
49732
54367
53454
53108
41045
41774
47176
55455
32562
211
44959
12466
2299
52483
15953
31153
25185
56883
54936
51370
42292
25156
28586
53240
51275
13846
28536
42728
49110
44730
21553
54300
63668
54355
56011
44982
24406
64232
17080
30772
32568
23082
61492
24348
43100
13494
27952
50103
53617
15868
13274
43473
42058
46432
55558
24953
2409
25437
48013
29404
41457
49209
47209
40718
5816
51655
50448
2332
39199
33620
6420
29622
14426
49005
18520
11806
1617
37743
49831
10462
11864
51330
53109
3674
40319
4500
5460
26339
2452
50128
5944
9342
46518
37599
17552
23079
41817
58508
57414
57293
40310
47313
44989
2220
53002
16535
49882
7548
55376
23088
35125
12733
64601
63630
61552
30039
44405
17106
62898
42231
45017
33085
62681
32013
31545
12597
51196
10715
19293
39787
50548
44624
40570
33077
17749
33205
14645
50906
35133
11131
31968
38874
22923
19313
42826
43505
41427
13786
14710
32379
31196
23400
13683
20858
64260
55048
15356
65139
16039
32477
30813
16014
13893
14528
44671
57247
54105
32549
43167
42505
53822
31102
57273
43481
39729
27580
39188
1880
276
50454
59830
10216
11800
52795
50915
60650
39908
6428
51660
52150
18931
20849
44170
59778
57721
54625
40565
47575
42252
3063
1497
16881
51017
11133
56198
22147
48010
38155
33213
50332
53018
14781
37914
17253
35253
28784
43104
46444
19821
8731
12605
40042
65086
31677
63257
14653
12725
42521
14773
19426
18706
64338
42479
64736
65257
35261
42903
44005
3479
45591
31617
60766
997
14698
40383
54915
30054
16851
43507
793
34664
47330
53626
50217
21559
36327
41497
42190
40991
44985
13493
29422
30749
14398
16165
20512
43247
54290
14535
64992
56928
42509
57277
16076
42682
43031
43290
25450
53785
28426
2214
54957
47201
32273
45005
42345
5942
284
38228
64817
20714
46673
44470
18456
38584
41676
41750
4508
61972
56764
48730
342
47651
31398
62678
53192
37393
40723
32728
64072
17112
8854
10904
50374
65526
17110
38081
29944
53686
39833
51661
22097
22812
22036
49614
46482
50457
34611
33179
14282
47509
51986
22872
8480
17846
3013
2354
62829
24071
23780
2658
25598
1317
19333
35970
24154
25231
3550
64312
25023
53430
27302
15286
21329
21009
272
4865
22033
55057
7760
5837
13510
21846
4822
2909
28001
48255
23936
59448
50530
40455
40970
13197
24664
57574
30820
17260
52073
26678
15630
44427
33653
29443
1108
58459
50014
39101
61555
1676
26251
4068
10288
8254
63590
5988
1803
63617
28650
54239
5545
14548
13762
24087
58138
54747
58135
35036
28324
5548
22697
975
36570
2251
28322
5817
34246
22500
61287
59613
60453
34311
23630
35624
5263
4350
61120
20879
36560
59186
35164
12250
42068
3010
65479
63517
62742
3275
47714
49599
18857
17837
39078
28079
51131
63948
53268
53365
27744
15731
13166
22541
182
25870
21249
56577
26707
4945
15712
13155
7680
3384
27534
55923
38038
50321
16232
20993
24323
53137
49048
53014
33414
35464
13414
9411
50200
21601
12067
46815
15791
2204
42667
63964
65498
13719
27819
20
45775
12231
39337
28410
15122
41643
54089
28596
36714
21114
1643
59660
60132
28594
60130
33915
6538
4491
57946
61241
4793
57916
53867
33562
12138
24090
58828
39356
38585
33559
62983
18876
6313
12135
62042
21929
17081
61127
6316
45328
31946
63763
38605
40471
38175
17937
64555
19995
10133
11410
52169
61843
19994
39374
30657
45066
21654
60221
37740
37377
41398
12376
25038
57632
20058
18001
50278
27477
13336
43868
32998
65018
34355
53980
44507
43297
41254
54484
20920
55265
29691
16840
63891
16203
55782
41946
35578
5679
27284
59161
1687
556
2602
26130
61228
5148
6095
6859
58004
59033
25108
1943
26514
26089
25428
61161
903
3708
57524
25346
58748
6380
7535
7275
2106
58249
28164
60242
28242
8003
9861
63971
4081
2381
24387
49009
44913
17016
55702
57329
59893
42550
47472
22936
8840
62592
28724
46257
41998
43244
38383
16896
50610
48098
47704
46391
63540
40881
30900
39654
31328
3412
46421
7659
2827
51325
40117
7690
37757
12013
25995
8302
52784
60539
47109
996
4954
51055
49146
32216
42763
14375
13610
31699
42567
31020
47698
54775
2298
49182
29225
43524
48293
54566
54154
23476
13821
2093
20691
54647
57522
36107
35749
4302
14582
23663
26857
23496
56892
29478
29605
52757
50577
44589
49958
46360
50648
47128
47344
46577
43248
50085
32277
52893
30920
59376
9092
17521
2014
2161
21987
46853
42476
20203
55976
54577
59523
43528
47226
23110
8576
58522
24885
4635
1051
2541
480
4634
59117
6077
28571
4446
59701
59947
27061
3866
27338
44453
32708
10257
43806
51500
50729
19984
53202
47378
48296
49143
41626
38353
47380
49171
17312
15779
30006
55419
3358
14711
20916
28095
64526
19384
25502
33122
14650
994
32368
13123
53348
49018
46576
44582
44855
43388
44922
29485
49965
30785
31113
48951
51593
42480
32326
43324
47345
17700
36852
14122
42396
43084
41034
54828
23259
54348
19396
16555
63732
20932
53834
43932
35227
20451
31365
51173
44849
41597
40931
32696
53176
46312
47408
48945
62085
50773
29189
39230
29752
28621
44151
55770
44810
15402
42029
30929
45190
54496
3744
1162
56461
25961
30508
44764
53181
46208
37121
4380
52125
49190
14119
39696
32873
34585
53482
15753
45441
36188
11537
412
39520
52733
11217
7004
37998
37123
15161
37488
34457
35929
4372
22479
52294
6556
10609
27882
40400
18591
22091
43568
59640
58693
53745
59508
47949
41329
50316
49529
17915
52550
7794
54416
24479
33175
488
63166
20601
62435
48188
56583
17436
40124
41936
43562
5688
18654
32232
30301
12567
50646
9431
34143
50803
36879
52022
10104
5686
11350
14751
59219
51785
33183
10359
15961
11992
23622
18670
32465
44244
44832
12329
55259
19890
29735
13891
20661
24559
31096
53997
42506
35708
42887
48429
56631
22446
59925
15350
63237
33188
56458
16415
64420
51945
33986
9406
53280
43840
60987
56290
39702
2460
13865
44064
2324
18925
19229
38744
61877
21999
39398
55570
52113
3044
19708
24558
42497
60480
61300
53309
7031
46156
41191
50697
74
20382
48861
10360
54945
20812
46689
36871
35103
49942
49449
2017
10264
16470
6070
14441
44342
45191
33647
10007
14615
38408
23785
48104
19998
12575
1766
49450
35095
12012
10012
42725
40116
38371
18414
27064
42256
56247
53177
30535
54634
3877
23557
13369
45806
35413
28720
44788
62661
15433
55028
19202
16038
47133
22686
36475
44320
43159
42314
41338
12841
18184
31553
21710
20947
21827
62645
55628
42039
22767
55280
51949
55847
42812
43642
43852
43814
27785
55114
24646
3056
27293
28044
32065
41111
41344
6548
12578
37206
22587
21375
28989
15844
19933
61885
44433
41024
34450
64790
56690
46902
404
52188
30533
37650
3526
1855
10925
53414
34748
61917
58131
57785
50254
35032
53556
9643
48409
12786
40523
48633
56548
15748
6855
5413
38
48380
23388
20490
1058
2973
59539
34729
37874
56447
61171
3581
55007
719
57529
45897
40148
3142
23031
61225
3391
40354
52986
23399
4933
408
55107
12789
31460
42127
25080
46219
29819
2606
50994
51940
14126
42980
45455
25845
55854
42753
61160
4593
52128
50420
31874
62601
58671
5006
41174
41252
44514
39658
22676
47709
22317
3417
57999
1494
58057
14693
64512
52132
39637
2681
59951
22128
43909
50500
49904
58303
60406
42841
53407
46263
22976
3667
79
34470
56846
56130
59094
773
2964
4637
54101
49418
29034
24645
24725
23504
46047
52900
60630
32418
10279
7453
39159
38218
3059
65097
46031
60845
56318
28709
63807
37506
32693
43363
49189
26150
1606
38516
43374
53173
44019
765
14736
44030
9956
14109
56805
2589
42089
15764
24718
45417
56107
15486
51898
3119
3048
29708
24820
24993
55254
1047
37454
46508
15722
43827
33133
60822
489
47869
21252
64694
14206
790
59711
8130
39756
43942
61076
37242
63846
43103
41295
14277
880
58191
40880
42255
42143
467
3638
49168
63289
2982
53647
6174
40618
49829
59913
9161
18765
34567
40004
40768
1167
11554
30373
58835
24768
45540
29060
42879
26131
14789
49524
53966
25118
46306
686
1747
42815
14805
54947
50306
29746
49394
48431
64681
27685
3475
11436
56216
36305
36887
60365
57366
52043
23318
53491
11689
31810
43582
22830
4853
45123
52213
47678
20452
40932
5880
43928
41027
42872
39218
62095
30597
59032
7014
58302
16849
60876
58132
63774
24026
5743
18899
35337
21103
5480
5991
35035
61901
57424
20079
28589
50881
63947
62739
21010
3783
14534
52764
8963
59492
18030
57274
50873
24414
26720
63906
53001
26298
64386
61813
22623
2190
52884
3782
35557
21663
62933
46627
3909
17333
2215
47046
40983
21333
13404
12310
5832
1034
8715
24350
22731
65460
48332
59604
28113
7763
43712
55171
16797
56112
52110
52224
17771
21122
13273
54621
38823
38623
53601
15863
23161
19306
18837
38087
1498
53737
38967
37103
65123
60264
43413
14681
34422
22403
40735
16661
1395
19462
3068
14130
55052
23514
43470
62992
21791
43475
35704
36571
24125
23781
12729
24182
18897
23495
14196
59554
18690
33362
60814
59973
61123
23413
16543
33733
8483
39828
40719
17566
34638
5812
24287
44381
60454
3788
21085
24345
62229
51144
1571
50874
64818
64229
12473
3640
52244
62146
59196
30613
41425
23654
13442
14857
34142
1919
7890
21768
23975
21471
29133
60377
26375
35664
41459
11609
25953
41373
62636
65492
22792
3484
12905
43293
11264
40549
9042
55929
794
20833
27526
43912
20969
15255
14696
22022
63188
43421
13797
13593
65164
64628
44038
23390
41237
63404
22834
60332
6162
34668
61057
60531
22879
59616
16883
34404
17952
63381
58836
18929
7662
33209
60697
1884
56605
22559
39361
38170
38580
61968
33838
17074
60216
57635
3094
24037
18455
61131
13497
6245
22238
20254
61122
38591
40475
24084
5027
18463
36788
22723
8110
4715
18875
38600
21861
54352
11420
28246
52577
10
20318
21564
44986
26305
37547
37843
56007
14540
20518
18527
10134
40862
5344
2608
36724
21642
49101
18568
30721
4029
13452
16138
37933
44406
16518
46224
8174
60045
25817
61285
11488
60217
28583
47965
7858
61394
52829
1465
58439
40629
27737
25184
27149
8304
24681
38917
27141
1199
777
4717
5186
6146
654
3919
60809
58485
8105
51309
48493
20541
17632
64649
4170
38026
33277
9468
19233
61821
23452
61930
21549
63274
8438
35712
16615
62770
31673
52356
20303
62713
11404
29938
46108
52236
37531
39466
64487
50212
31401
11908
31970
9587
48230
39686
26230
1891
50438
26984
6008
11784
59240
1651
39814
59766
5734
52097
48008
34116
16890
37423
54646
15203
57385
32396
48562
9255
2109
181
23546
51433
31844
59538
18939
33145
35977
44544
29141
43951
13776
55150
55618
56839
43518
42319
23536
14709
53679
14695
19341
8490
48326
50393
48308
51027
36928
11868
8717
48605
52578
51717
39830
38921
9814
38135
47052
21896
19322
37695
5455
60409
4157
10738
17484
37095
22779
20554
23409
62020
8697
6197
17787
59016
26374
57702
9187
40246
26209
48440
10424
58888
52529
50102
59249
40374
45142
26502
24952
17967
29129
51012
30185
43871
37194
32338
11788
47068
52876
52228
63385
52740
17753
39419
30610
8175
8240
52704
48928
50373
4025
25149
25326
47293
38094
53029
58425
58549
27221
1079
10302
32809
16528
63305
53429
13509
61817
32082
30478
19277
15214
12757
62521
43791
31317
23543
17559
61949
34633
13920
33258
23446
30119
19249
57020
14039
14684
13590
64327
44726
35898
31136
33149
39996
47030
49257
18986
64918
10893
29900
47901
51725
38807
39968
38881
50969
28870
11657
48316
52682
29075
18651
38940
51486
37136
18650
63009
18193
8347
9885
51093
61515
30995
37652
28842
53540
39060
52119
14027
13019
23258
50583
8395
49194
35226
36860
13556
11215
51244
22476
9519
54708
2198
60366
13666
2226
21370
1021
7336
57363
36489
4919
14436
7589
3649
24124
25888
55843
25077
14115
16328
13022
2595
28632
16344
54344
27077
28616
13557
14019
27093
1950
25848
51040
22579
59942
39181
51211
44260
13534
25917
58853
20321
30043
52612
27336
14561
43526
21744
22634
2361
803
59575
44558
62950
3032
6754
57791
4146
17805
44627
26104
631
20596
3523
62057
25508
16908
63927
3611
1311
18698
13778
56859
9836
25506
14532
40887
55327
40890
9833
25877
54179
24102
942
3800
58150
54750
58157
34881
6384
5617
2243
22000
26645
61085
57032
46035
41609
51511
41934
44760
41939
50748
46732
53226
32421
46030
52901
45705
43495
44744
32746
13472
24707
54481
21213
14520
3301
6608
13752
56296
8129
25950
15667
24529
26627
2582
24992
13482
39317
49946
21212
14776
20918
52507
8654
49440
35579
34353
14131
45979
51501
24532
40346
40608
14490
51892
65233
41490
42516
42930
25591
1321
9165
30370
49828
45419
3628
62422
42095
59590
54868
36168
61137
514
59113
6160
22135
35308
7416
8071
2399
57390
55567
57379
33702
32692
46703
43444
50779
43442
53172
32690
53170
29195
45679
46699
41583
42607
30980
51538
45675
48175
28916
64282
50626
51227
36890
29979
62284
19932
11929
9116
52628
62874
30932
39879
31643
47731
21237
59806
53096
51470
43635
16273
28561
61219
31059
32616
51077
27024
12877
42808
36643
16342
31724
26281
57336
35928
50422
44920
5123
27270
52802
38104
15590
26959
64699
52905
29185
51005
9393
33996
10069
10840
13561
38448
33353
35497
23243
21714
51942
36652
40929
55850
38832
39886
10273
34876
11685
11432
23919
37872
36585
33673
60507
23474
36883
5612
38209
32948
40480
39163
6466
50294
47354
46583
320
4090
37134
46973
5283
4526
38223
39523
1607
1265
57924
23113
54504
16910
55970
57137
41194
24535
62444
19900
32654
16475
24547
64126
16312
44800
54487
49955
10535
32911
46584
10914
64851
40008
12006
17206
16098
39864
37151
35823
40775
14479
11560
3285
47217
48718
56488
57143
57556
15371
64018
9435
30347
32962
3962
42312
41965
50815
27394
63323
19928
7531
18287
10834
60325
64677
35588
7279
20686
23512
64004
32946
36894
4307
64275
14396
55298
63526
28218
54583
61653
1364
62765
18509
11203
19662
13177
38294
13746
64968
14516
40009
4728
47373
48290
49137
118
466
36875
48508
26366
4200
40771
50814
3953
1744
5959
53174
11191
36783
48952
11346
13366
39656
33510
35414
12866
21688
52457
33871
38375
12969
8888
12303
30904
19790
56402
46385
64020
21943
38444
16940
30110
8651
41958
64558
50616
41797
34823
44916
18203
25999
48946
36002
58468
49966
19893
8291
15944
21682
23572
56948
61906
3829
30792
2289
28279
40403
55440
54769
37135
13113
64728
11230
17503
16747
1344
61637
13692
37995
2170
14225
29809
25852
34755
35496
52217
61779
6111
25081
37035
39890
14918
6875
64008
45130
42982
21147
54338
62646
53914
57335
43632
16324
65405
17421
17491
19054
24399
65334
16338
42033
13348
40231
35189
3863
24054
22836
29181
32906
31713
12669
13270
12778
63822
55308
17715
46023
5161
61426
26436
60073
5615
59444
25084
27442
7612
57820
2871
234
59723
60345
24628
25849
27202
4991
27780
60681
28489
2554
3194
25250
6476
6924
58530
57812
61060
57929
26276
3463
28034
24478
18803
63109
12148
39311
8094
10488
18504
40942
63803
65396
22856
65059
9717
35317
20462
63469
48100
49409
65008
62100
9090
28832
46882
49266
36902
38447
40683
48401
31380
8577
30640
60298
45189
7691
1956
640
49264
5802
4733
11533
1604
59909
39045
5963
28517
1290
27754
63370
20383
11565
14243
14384
21839
29027
32375
18754
2581
13680
22687
46270
29497
39657
19702
34117
4927
15225
30025
51353
32
55799
5138
28135
64418
36895
59541
22495
28569
15357
36482
9507
31893
52549
46822
43312
38211
47448
47368
47944
49805
50806
65173
49669
30293
39166
48024
22337
18671
39661
38793
59636
34190
11504
18731
62834
64122
21796
22766
19777
12276
6813
18294
59212
25717
59099
60730
40501
27277
24666
11197
59917
954
52448
57982
6331
48181
26284
26586
64400
45460
48081
42837
52794
40783
18000
47106
46146
49411
50041
39316
10497
46420
40006
31936
60816
17797
26807
52687
43504
12665
27343
34574
31613
49967
61909
22927
25122
54912
784
4153
20463
17907
65093
57120
14838
40943
29245
45805
10286
14845
3872
63876
43376
30342
63874
18590
62962
4655
12793
34083
22771
45207
36411
56700
2599
15249
12358
38946
15338
33668
31737
34370
38456
30693
51845
17187
63733
9864
32152
48424
49528
40606
37667
63982
52005
28917
8837
45544
5800
23565
20180
40884
60441
38673
16907
6762
17424
22693
21594
4205
5541
35612
65042
61214
18272
25073
52380
64449
61654
22492
50999
15856
43815
4106
60265
10845
53286
51946
23239
25840
64429
49530
27686
63885
40928
23402
58542
64463
15248
36649
23034
36880
11284
57811
32953
50311
48020
44107
23232
15768
12357
33229
3395
9991
20945
62556
64009
31890
37898
27470
6086
41119
53676
9880
54989
3081
49267
16471
20544
12330
27697
38357
39642
55870
44809
24548
18024
19607
37653
73
16064
39653
62841
64848
1603
38851
1850
22516
21040
61913
44703
57349
24164
50698
15376
54498
18699
62745
50707
60442
20188
35053
36119
20773
58854
484
34632
29214
63167
56273
37991
9399
36301
58109
58950
23488
22848
17914
36006
9514
65177
37130
18583
4653
7190
63241
15666
21797
51004
12994
14036
64726
52892
20757
41449
62013
63094
15476
59336
42281
64973
61080
31943
43566
22232
12496
15076
7249
27613
7644
20669
65295
20506
45464
10498
25723
34510
44252
12126
24717
44567
62419
61722
21693
53178
13370
50977
61039
40294
19559
14496
3113
23003
26273
15370
59108
42681
22234
16309
64025
44063
60595
3114
61811
62441
41189
13861
50726
62931
23584
38404
35799
34211
57667
58224
59226
5166
20368
35417
64415
39318
57561
19700
36477
24261
8882
2968
56136
62649
52939
42271
61881
43039
35137
18188
59793
22048
15397
21024
32475
38748
15653
5280
59933
16407
38743
39610
64279
63418
7328
19418
32790
23968
4513
7585
17420
40140
20896
54431
17810
26518
3467
3199
16737
22680
43641
53661
40353
40144
53755
42044
21317
17488
11924
49656
46096
39616
27364
1114
9896
54411
33291
40734
58460
61364
51153
21514
55914
10150
47662
12653
40263
45728
31926
15194
34466
4585
1296
45991
65112
21940
14295
2391
60304
35173
39677
31744
60912
615
34304
22953
21775
47829
49999
976
22414
20815
15209
49918
52655
65134
6777
3153
54288
15456
53274
42074
27309
28076
30652
12765
3015
49593
1809
15130
47722
28000
53437
44171
23533
7811
45391
51113
45143
33615
57386
7297
42235
43738
43788
59547
24057
48447
21822
45285
59274
1932
28597
57936
37813
46662
50755
1546
57917
60133
52560
38824
51107
40285
5748
56367
56490
3375
54709
24144
3290
56936
6333
27927
3688
58630
15305
2229
34150
3067
56315
27145
56480
22799
12240
39081
58325
18861
19266
36574
38142
36943
3488
63301
17833
57954
55143
31257
38714
60919
17337
62032
44240
27827
2773
39545
65127
62976
44480
3438
1987
42919
7210
15422
56070
53
53327
15785
27745
27634
56796
189
3483
26
15293
15684
27817
27523
56440
2622
38721
47094
28787
44390
8030
8164
4026
46753
64865
62211
1213
1084
58426
5200
38648
28996
23449
61179
29956
65130
51737
54752
3075
60490
51282
37817
42922
3713
15189
50322
34095
24948
27225
58553
46803
39334
58884
45774
9262
4786
39409
37187
1898
37408
12224
59244
25650
27674
31321
15321
5558
59846
51721
34909
35293
30471
59501
61392
51034
24064
36800
3495
56775
51885
31705
63141
25017
3008
9122
55132
36376
62930
59730
58645
52695
22964
56518
8869
29149
41047
59169
7552
47834
52646
29037
32810
37353
6909
42956
44054
42173
60311
62522
31593
60465
60753
34824
10157
6198
4152
62117
21382
10053
9893
65533
62542
58291
9805
20600
19152
23814
65115
1552
32534
19252
16696
58020
28213
43051
43210
60040
58443
63155
44952
26270
7939
3677
63387
50927
57316
18431
19710
60804
26879
3624
14483
61502
24034
64547
1595
49026
8307
3730
42177
48604
59395
17094
17356
24339
40870
59976
4824
36147
35480
40986
57475
37852
22616
50390
1934
64064
15757
26981
5741
38159
29424
54158
13056
11913
11394
256
36197
31406
39783
62206
62204
804
35343
8857
10898
39813
7076
14818
12943
62849
64376
64068
20818
26107
9584
60875
12898
6407
61001
55647
34391
20559
13924
23627
6978
36505
35986
24329
22010
22028
22775
2319
60306
18411
5259
7679
10882
23955
23807
36133
4339
57659
60200
37359
35554
61810
35556
23332
39009
12307
14491
18512
33623
36931
26452
46651
45028
17567
16542
58122
28308
27848
38139
13403
42238
47069
60160
29349
20397
21253
50853
60542
7694
34944
32910
43728
58752
38621
23917
51013
64876
950
31296
18570
16523
59749
7507
41550
41632
59021
59262
62212
64174
25400
4352
3377
52846
14863
23970
32355
17761
37199
55609
54674
13135
18938
16891
38144
35791
53586
39415
12935
59548
36171
6535
7930
7419
21647
58265
34676
4495
22071
22498
57380
34428
57378
36729
22602
21084
6353
60740
6490
5569
64228
24409
64226
9339
7060
8507
21270
20639
21277
23963
57866
61022
35096
8872
6965
4510
63684
23603
11588
9124
64152
64811
58901
10824
20776
20243
24243
1121
61482
14417
4710
8108
40707
29891
57240
16150
11652
10888
2778
55347
28875
39019
62609
20291
35462
13430
45041
42200
45014
57201
16248
53761
17571
32760
62710
23139
54275
42225
33416
4576
25033
59829
350
1810
1561
5821
57634
6418
26933
26258
59289
57653
6425
2397
26461
48309
5465
39909
49262
3330
1519
8973
57458
7138
47237
25474
2911
36997
6153
52798
11869
4214
10886
64490
104
1240
20774
45067
41400
18401
56147
53704
58614
44116
46083
23345
11660
17279
28777
52708
41863
44290
37098
29442
37820
48572
47162
45147
64905
50004
18441
38971
32130
46054
9046
39142
50561
51976
50147
46344
40056
11752
11107
46472
52563
38278
11782
40280
47192
25929
45487
41546
13820
15323
12500
30284
51730
29915
26777
24770
2991
53145
30676
14588
47607
53684
56404
44771
12642
15326
13603
31758
13682
57067
55695
54782
15299
42373
56079
14651
31576
31252
17350
39193
49611
51992
52245
9756
37853
11805
46255
45230
44483
40873
11798
51138
17100
5493
11401
63604
1421
2830
20598
46455
40971
19836
55430
53352
60288
41866
47887
22664
11906
8163
27222
58550
3889
1208
4022
28600
60136
4792
5203
28472
58422
61238
4790
1073
25656
32585
20393
49684
42647
42770
51732
30226
38620
8732
47610
45483
42159
50852
18713
49820
29346
57210
28771
64771
3895
1202
16244
46061
50158
30840
5215
28466
13412
36949
48565
21611
30849
24788
45219
42772
12482
42162
41396
31250
44254
31512
56239
29026
50276
41391
32021
15307
46251
16678
33178
14774
41416
43803
42266
53688
13867
55580
31123
30107
64410
13875
55060
43457
34609
16618
31318
52153
41051
42168
37344
17340
38589
47037
47967
45406
62518
38233
17078
39735
32092
37232
35048
6806
45422
45964
65076
15070
28384
5429
41992
44780
37748
25619
13281
62598
33869
57923
46974
30520
4086
1613
36851
53091
29187
31363
54817
53830
6478
30392
50702
35224
50291
49786
48862
32456
44857
42620
32650
41925
47125
29603
30327
45801
47479
30174
42456
31036
51411
29158
27286
18587
61784
62472
59903
4382
30793
17407
4092
2375
42118
29484
5139
8004
26525
57254
19546
25001
53827
35763
12275
17523
25091
27267
48095
45638
56374
6617
20202
11513
20323
46850
45787
17318
41227
13095
54682
62929
31199
30404
46271
56905
26700
10256
44818
31332
11997
43251
7375
53413
51246
63442
51334
47476
27114
57146
15115
43245
63428
56085
7647
2927
48948
51441
29303
47415
30864
30193
43254
50746
47482
48954
42493
51245
50496
49015
42727
29990
41706
18267
17398
26731
16642
9407
26096
17741
56836
25967
54061
56902
19044
54194
10272
26865
20113
41574
27696
16633
41592
64443
57987
25123
29222
20371
2002
625
43834
32223
7093
59385
28614
5965
48507
31334
478
881
34099
38413
32436
31796
54483
57062
6264
16902
49931
35574
46861
32644
18074
5481
45807
35807
28554
11557
30901
45923
56275
53993
36036
36362
18761
27813
16627
52437
55340
47700
31912
32663
43418
41394
26697
26009
52510
43335
53066
46852
1324
44451
29698
19475
10836
55441
64686
40222
3721
10754
56864
54256
13111
15996
64931
25889
9988
25466
10066
37512
33358
6558
45702
46733
62083
16278
25126
8083
42545
41585
38517
26157
16205
18147
21027
55185
19046
25851
33048
34003
9727
18145
27103
25087
45900
48713
56054
28635
17014
10491
18257
63615
40969
45284
41865
40962
8250
30831
39100
52570
46060
48564
19831
50011
17255
10299
44418
15798
2774
56502
21334
24337
25024
6246
22801
14278
5565
6416
54289
21841
8097
27485
3425
22554
40714
34074
58826
38588
9817
35017
63751
63834
5079
8713
17084
21927
20311
7879
59564
48727
39253
55990
46562
47589
35482
39986
21020
13514
55992
54292
46672
24401
38894
33841
9663
7505
22627
45381
5089
7651
31392
21377
39389
51104
32734
17104
4947
50862
23928
29950
32774
14559
58841
54228
13775
21783
5066
56996
59415
22698
26075
7898
35031
962
34220
26827
3746
9419
38036
29445
8667
47428
28773
38652
65213
63584
30189
31669
49044
42334
38731
30861
12074
42004
62230
9753
49604
52248
48325
10698
39133
40640
47826
48597
32024
40871
9665
47042
62156
7058
63284
7946
4162
9343
33734
23794
22557
59558
5820
7702
8511
24407
63346
33372
35876
48444
38996
55925
8379
47332
35456
37692
21005
13408
57213
54277
45914
16238
40427
33422
8378
15733
3072
53363
13157
21261
24662
28261
22529
15718
25528
6326
56589
13160
5485
27960
2958
6300
24052
26127
5452
6980
36713
58263
22796
59753
54962
35257
4244
13931
60706
53858
33610
41545
65497
48916
42649
41234
47812
31183
39388
37578
46668
47060
29906
50859
18119
45724
41634
47506
39829
17334
48962
47173
53332
39666
61116
22618
48312
27572
46485
38225
40270
32088
8495
65002
43702
48313
41044
43704
8496
18522
39357
51024
48306
47029
17633
38231
20305
11063
44380
7774
22979
47830
7406
5925
28874
23608
39132
52650
20241
18458
5829
40865
22312
29889
34227
62783
31831
52363
62031
17479
11130
42226
50378
51980
8859
10906
64743
47652
43737
9595
31551
3158
56013
15469
15642
29884
25808
3500
42842
14301
27591
45401
273
56346
51722
24589
56656
2842
43705
56537
61110
6417
47721
22621
22944
42857
6253
8096
47036
34048
24336
28071
15815
45831
37390
337
47559
46528
5930
9759
15706
1820
19761
32826
45568
28854
40645
4577
37730
7169
59582
41464
7628
5060
30480
32986
1897
42961
54402
55913
7683
24959
22692
28974
57437
15151
15578
24623
16053
36541
27818
15976
59472
3529
28264
5478
56087
25525
21766
27643
15355
47100
39332
31973
11115
46468
19504
9594
22864
43856
55613
53589
46762
54965
39812
20030
8666
38698
52246
47833
52148
47032
8432
40540
37472
52640
48482
47717
11041
8969
38582
9463
51148
6306
63855
55993
7566
6901
27846
35957
63689
15808
10689
9674
12143
20240
22517
26460
34271
48252
40459
12606
46236
49098
34784
10778
44384
14269
18574
16512
48650
28789
37572
34542
40044
15413
56417
62
15695
56791
27398
3058
15786
3517
28059
24778
15549
53316
3289
27768
56195
7084
59599
53620
7809
7299
53593
5088
63910
14186
31182
18112
5540
30419
60725
55090
4121
63791
41241
45380
44777
31666
8698
44626
40554
51114
48780
48228
18215
46340
62905
10747
42898
45735
39077
48310
47234
49029
7226
8319
59850
2906
26456
25028
45984
5814
38021
11057
12255
39994
45393
49255
62506
19745
9328
42188
52160
50189
10135
11408
37345
45337
40982
8311
47962
4878
23006
43725
7874
9823
47898
34068
3494
44311
54364
53446
4821
27146
63828
45329
21870
1933
29405
56717
5989
26254
52841
64165
55413
54112
40034
52850
1536
32782
44878
48249
42048
49878
4827
10347
53235
49995
28582
60035
9331
12131
25464
25155
47324
8315
59979
26721
57859
628
7547
9467
16191
13102
49028
61493
19749
8435
54050
29423
26696
18978
20706
26875
40307
22321
11047
47565
55123
53707
14794
49605
48687
46537
13880
14635
20778
46638
52242
54966
38688
62019
54273
33889
45046
43736
32678
16227
33907
36707
19160
29251
17473
36721
24321
29937
13427
59151
11134
10743
20836
13947
26111
62854
18244
8703
36059
56900
26994
17996
64632
7074
40560
43137
25787
5211
47152
45150
43139
1674
26996
28468
36958
51438
40963
4363
267
16387
746
51336
55336
55451
30773
54066
51443
1588
47588
32564
44946
43054
884
25899
1320
48964
13028
14260
36540
19256
12655
15582
54675
62816
35711
35892
54898
56901
56088
19582
21767
55611
65206
21128
9249
46225
53894
55912
12902
53142
45603
49094
23144
12920
23158
10776
51736
55926
37411
51008
6414
11111
37285
50766
25952
59008
11135
9583
7182
28277
47581
9591
57726
27533
59136
12922
18433
18561
3897
2738
57220
50005
11749
16515
6834
25327
54283
9197
37821
33899
43011
39790
53874
36258
19299
30088
51711
20831
56879
54271
61867
43339
50549
35858
14050
8671
21519
43864
27422
26930
31589
56418
15924
2671
26693
26005
42382
15986
15540
28530
222
30179
1983
609
30748
55377
25219
28667
49766
44947
53795
57286
50059
49784
4058
54248
41771
45834
41494
63270
55068
35160
41411
44059
30154
22102
34596
34500
30248
32292
19244
33256
22044
31169
14262
53975
23222
62053
16194
23224
28730
35570
63724
64858
29301
19892
54497
62590
36657
32608
24543
64794
40153
6870
62362
62279
35488
10490
59725
59296
36641
33344
19927
61425
9719
33985
40364
22566
58688
12154
58774
21805
20361
34960
63868
39305
9964
18921
34893
65335
34289
16956
59633
59695
2596
4377
1689
3884
27290
27087
57900
58570
4370
5140
4651
59031
28619
26519
1938
48412
41251
63652
37660
50718
8640
17324
63777
63430
11556
10528
46894
64843
30408
9156
41178
36174
61306
38799
23598
59116
33690
36088
22567
59642
18415
7722
33516
63355
36663
19087
60485
28091
50613
60724
3083
50045
11349
5484
39037
40496
28276
11525
48877
60283
45934
25396
58298
23988
21369
17190
60500
23730
16549
7738
65069
63728
11288
19221
36098
38289
34103
19912
22588
3605
13267
34086
933
1496
5014
56997
59437
22774
4941
7750
26648
22013
25550
7837
16072
5164
485
58052
2587
1773
24880
8140
59885
59216
25124
6069
6638
58411
26206
28618
2586
18642
39638
59813
61506
65313
32854
11506
59505
60774
33861
35046
17425
59214
12273
36773
38367
6161
14004
24051
58833
3842
5689
5069
22903
22842
6979
4729
27058
60718
54882
4243
21462
55410
62438
65013
13794
40120
19140
35890
39212
62106
32293
10004
19896
64302
9521
29685
20607
3817
948
5609
905
1404
4180
26735
61052
59450
4098
6916
26860
58247
25963
6994
3666
13354
23257
19126
23236
23250
31360
33434
62077
62560
19128
17413
54343
65329
36855
29745
21708
52015
41028
19482
50639
49947
8394
32452
63564
64938
9511
10282
48427
62876
29611
11207
43931
61933
48187
50945
19789
16939
10367
41168
51103
52594
8342
9887
38379
52678
43556
10102
29021
403
53752
12798
42212
29810
26435
50315
42116
1070
46898
47668
12590
29156
49535
27214
54421
51172
41332
29055
2323
55582
45444
13006
709
50239
25262
26275
30690
54997
14035
46210
42034
47741
38657
411
48029
45206
35119
11280
15759
14114
34875
33679
46966
53476
40390
5675
39533
6611
23309
43996
12116
7369
46883
62052
1156
42030
53408
55860
7424
2976
23498
31513
57886
30647
12335
50265
35101
28344
24831
22230
15973
15359
5798
25445
27435
58048
13237
45418
41226
46502
38057
15193
46723
8303
9523
38787
2387
52019
53711
26166
47865
22985
39049
35897
40611
40483
44069
45125
51686
31213
9715
51544
51555
52211
45709
46726
20014
48901
42677
10494
52120
9319
37977
53285
4861
5878
56469
34368
44708
15347
48843
30159
8554
29471
58000
27544
16649
47366
40199
14103
46022
45465
6627
39107
44339
2024
32905
17203
48505
15721
38857
34601
39176
12573
53310
1053
29703
56619
28021
49417
15252
15230
47706
27807
3304
42090
68
26582
53665
9828
23465
15270
4595
4992
24884
58517
41669
13375
17865
46787
4265
65194
24192
56512
37471
19245
49444
52134
30654
48876
12287
63152
51311
50431
45411
45961
10539
39270
50612
11510
44048
48637
39846
27876
9326
8547
34111
12144
14799
15167
27036
54937
48374
26132
39302
7739
8400
38451
28990
51854
63523
18510
10611
44440
52627
51064
11934
9107
63214
48165
41029
12158
46899
6877
58397
41106
10071
10842
31535
16826
3061
43851
56728
53493
6102
24643
62570
48171
20909
54956
49441
55568
1289
49270
44519
55517
53402
27622
52896
50426
55869
32617
54508
43265
42263
41113
20956
19133
3398
27469
55110
60682
11424
18182
46220
45449
44108
11681
6919
55853
23241
15648
35596
19917
64799
19419
29066
21033
18054
19622
33998
33187
56129
16957
35148
29751
23993
35327
38219
45127
24123
21364
1063
60965
24726
47946
56554
15754
8082
27549
6184
12791
37887
36903
12670
4639
36161
35307
30528
56588
19542
34560
54182
53562
63054
33636
31720
47129
2583
57041
19901
17827
32331
17438
53401
34635
17209
19145
55027
32853
54503
16771
33517
30314
36363
57577
4722
26022
2591
13936
43904
48091
10917
27273
671
22373
62837
46580
45645
2137
6977
15671
56109
46908
21698
20948
44022
39700
33221
28985
19125
63331
15482
6088
19218
28704
2854
24133
28130
35687
44617
47143
24720
14815
8089
4185
19362
8399
6190
35319
25106
56317
15231
6807
40782
48858
20602
62947
14205
7457
24889
46144
14442
43830
34446
25542
6626
535
40012
42460
23229
18691
28381
25724
56800
7682
10922
19897
46697
24826
43565
9637
11521
55766
22235
7469
31614
4959
48402
31053
53641
4631
34432
19552
45983
16805
35186
6815
55566
25536
28087
13578
26604
30297
13892
23221
42137
32290
7251
27802
43395
64863
41184
54933
10008
44710
56861
24194
7752
28157
14839
3881
3385
51273
11428
27894
33247
58575
58351
11682
48716
56441
59461
54425
44071
24865
3468
3193
42865
15654
31369
55072
45126
52208
53756
29756
56653
43581
52378
62975
2594
33239
24099
34888
48425
15332
32874
5145
56209
53494
37666
35676
56699
31815
12799
20100
23789
5496
39410
37193
40423
22607
4250
7030
20292
62714
19596
6299
36167
37682
21813
