23998
23372
27567
33718
2053
61035
56140
58255
15823
28151
33542
21394
7559
56334
58800
5600
61715
30152
18505
19736
44542
42148
43668
64195
44616
18753
17649
29379
61560
19705
44062
30339
64885
8347
47173
17277
41920
41931
49307
37061
51325
9549
17309
47301
38269
31893
64325
31557
40211
2682
34460
8977
40607
50084
57164
57923
12748
33938
11970
657
5953
9676
39811
46463
59171
32964
34956
7700
21498
20948
22785
23263
22593
35159
4657
34659
20498
5626
23315
36698
63423
12241
17594
17079
62572
38756
39522
64211
37559
18100
8658
8659
63777
12252
39354
18111
65203
44169
31737
18360
42766
43108
17946
62595
64937
29169
18433
42225
17288
18697
43454
28899
60851
40943
10547
4472
22478
61138
19550
62293
62515
10296
36562
37643
17490
35493
59925
32947
60949
3916
36851
11794
43203
2219
57177
58597
13562
33848
36552
1037
5186
16579
50463
54654
22302
39658
9788
33302
58048
57768
20463
62191
61708
9266
33224
37380
18407
36809
61209
6773
63253
23683
24826
36395
22537
63432
54874
57939
15866
26417
17149
21556
6276
34096
20670
18761
57781
27042
34675
4466
13475
1131
14696
60117
12916
35512
33240
25301
59922
34467
3967
57134
59251
5876
4732
4721
20895
708
2498
59043
59202
6770
33218
25763
61201
36812
59971
57215
38837
43888
31685
8893
49760
49771
19312
62277
62405
32157
8717
41885
19789
47365
39653
47845
64805
10962
18223
16674
61907
40299
61544
39790
63412
16427
11992
11989
38580
10963
38591
19246
60703
5575
54083
4887
13215
24002
58775
23491
2114
35905
5111
7887
23665
27903
23676
35916
54011
31712
14316
33537
38134
55630
3522
47060
1793
15647
1006
30243
48445
62089
5612
2107
54283
12982
51586
57150
53116
57264
46250
27115
47527
53235
49731
2413
53998
46146
13529
49857
54516
2571
40954
33805
51092
57114
47264
55620
45555
50677
49989
14785
6637
37450
55013
50125
8925
47434
26374
11732
27534
10837
8063
11677
6841
25026
47346
47984
8852
5110
48163
46364
45883
43240
4068
46398
4079
31973
25651
31976
26930
14643
13039
50443
30805
54354
41790
516
33703
59092
17750
34658
9705
7292
51506
7281
39990
49124
29746
58791
35364
18445
6835
49135
26779
21726
45426
54686
50476
25968
37572
53611
40831
51059
50003
36789
55006
47186
14537
50129
17062
57612
31701
12233
2111
12057
45246
34567
52581
32363
55348
6890
34364
27651
37536
27731
9169
49612
26213
9692
2208
11091
6590
10129
58469
26472
25592
47738
9884
26101
40511
27673
4966
6627
32269
18344
7258
5408
46783
36343
45289
29138
25752
6988
33282
34865
9758
27013
54020
44510
53538
54591
51589
26095
1892
48603
1727
14271
41614
31669
45278
46152
14339
50424
8897
38786
25173
12236
1120
10819
4054
12049
557
28504
25096
38644
8732
28421
37279
27065
9165
53156
8022
10180
27374
11077
2471
9501
1592
27010
25746
37115
9748
4614
47475
28540
30868
34480
51018
6301
52532
30074
37835
53668
38849
52597
49749
36627
53517
37722
24645
49885
33383
57895
46062
36828
49925
6586
52280
35105
51291
30040
30731
61393
5306
31797
58476
46574
45620
38157
22842
9021
57857
32595
26879
31058
5178
3219
13199
43268
19686
21228
19680
914
61017
16837
12173
38021
30272
23862
15416
58841
65437
25944
28376
33753
38565
45565
62619
56110
38732
28769
32435
18241
62147
51143
38242
36876
63668
45234
47042
48748
61665
31427
43642
10623
65097
47116
45287
37455
10876
44742
63848
64009
36967
31416
32456
30569
38159
46999
49815
17790
40268
26830
35707
59470
56384
52679
64500
40140
15563
19473
19953
11679
57550
33691
2198
31514
20970
19094
30485
34647
14179
59143
51915
63129
42872
30328
53604
10128
64141
56031
23274
27327
37354
4915
36068
63582
9701
38711
23190
59033
58626
35469
18231
6128
21811
17160
37688
19178
65004
19252
29523
19793
62419
44391
44135
64620
41761
31970
32098
19727
64545
31699
43818
19647
24300
7271
6186
36183
23866
60929
23655
21868
21281
7207
7479
6250
23591
4154
60396
35820
61001
7067
33561
7501
15785
3782
23451
58825
23944
35965
36253
7838
60541
35833
2928
56176
20864
7779
6946
22767
36079
57757
24486
24480
23394
6422
6134
5312
20591
4914
59396
34441
37248
20390
45710
10118
41390
61853
44955
40864
42120
49035
45483
17600
39190
47790
63113
30325
57689
24749
36425
5981
14185
470
205
60409
15990
4173
5901
28073
57485
35337
2592
27312
59276
25593
5451
58462
27104
1959
41153
37116
1437
16449
34705
48812
60670
4619
1078
55930
61785
29551
19687
62447
19388
41430
45014
65497
43778
32600
29144
16702
64367
32007
41735
20270
65113
4151
36444
11750
65033
40246
57351
20538
24289
35809
19718
7482
60385
16432
36944
8416
24204
8853
30278
21731
27372
24209
12392
20528
51869
53291
56994
36361
65438
53505
57858
53363
45075
2866
18444
27520
63437
6430
54224
50676
30613
29749
41435
2470
60669
44551
6956
21467
9653
34837
10667
63598
9332
33896
62931
58722
40116
9390
58580
35960
22708
59695
35285
61971
18867
35702
8617
8368
63258
33442
40814
22984
61658
6357
59554
17682
57447
57809
33126
37758
27568
30130
4
47433
36557
29149
31767
60171
53323
4045
8053
18011
51656
4282
30727
17314
54974
22562
47972
14293
61363
19646
17070
15304
12232
32467
42916
23652
15899
50803
63701
21204
11081
43510
12534
18819
16425
27514
61384
38406
20689
52164
26227
2918
62772
55897
55642
12211
36031
26649
49101
21459
17186
5035
42348
15463
44071
45769
37576
27677
13089
40821
5550
63679
16620
61835
13195
64828
21471
31344
13671
62823
13095
13723
53365
64155
62247
15781
41376
34239
47737
19807
951
49600
36005
32359
54653
39576
54032
1377
5555
16610
37195
58223
31708
35019
18000
43467
21917
17903
32956
56096
16301
65501
12290
44274
31519
23355
61538
53312
31040
36629
27413
2081
31794
3758
65301
7215
29376
3323
32685
30735
44642
3287
2184
43823
59603
62155
26154
48570
59426
2012
8046
30625
34072
50854
4990
60628
11310
28705
50973
39125
46794
33496
24604
30033
60369
28506
34774
48582
11380
221
32790
59819
10543
46774
53238
11049
29425
5316
36638
27531
47006
35772
65212
10404
45008
16294
40975
25440
58219
46353
15106
38854
7597
62501
19082
49526
3448
37274
37742
55850
21972
61489
58292
12456
55854
43686
40417
366
362
17710
55839
23393
32314
55017
22481
18735
4974
41122
18345
45422
52680
22955
15254
42993
19385
58308
30095
11040
42903
35913
43000
55568
21410
27155
22375
44459
50184
10531
26192
63537
56291
870
31920
53792
27095
41945
29719
25821
43434
50541
53105
25818
609
57270
43190
4028
27097
41596
32554
55016
24883
31717
42831
25249
52425
43361
43763
26796
967
55575
49163
1796
24891
41744
4181
29335
8377
48926
57080
8456
33954
27516
34669
12223
26896
32173
27114
27475
30932
46017
28501
43053
49044
574
16172
48160
53978
16136
28513
29427
41618
44134
12891
44943
51417
12903
19472
14804
22838
19071
28901
35727
53089
40134
41016
3988
57231
60308
64164
35296
55743
32556
26044
6622
61375
14442
46001
54214
62079
19637
17426
57956
50342
5339
62430
51472
54688
43050
17706
12764
12757
37738
874
19086
17845
19020
62421
55989
54670
55996
61948
926
37278
54570
9870
30380
37733
38901
27849
20020
33387
27322
36821
9662
27690
30663
364
2268
11011
55462
12217
55788
56032
16419
53331
7150
20271
19328
16560
54815
48195
56092
18767
34185
31006
28537
56398
39134
42527
14581
53113
56506
21090
26149
24367
42946
43060
11301
2014
52451
14556
41638
6883
8515
51245
57615
57296
18322
55590
58932
25785
52438
46521
19076
59218
50016
18175
53869
6991
30996
52024
27059
55051
19963
28529
57586
55896
51671
49084
11080
4052
45294
29378
54439
55673
4573
59233
24815
44627
30887
62229
20259
63356
58306
2269
4772
19376
49656
56728
50361
18812
57828
1256
62636
41936
35567
42454
63905
50102
14648
55781
23092
38001
13365
20799
30128
27011
43784
17146
8016
14082
47402
25546
14834
55091
45982
41979
43479
24326
62103
47957
13223
25085
13387
13803
26277
190
54848
6153
8077
25864
21760
16096
24477
25733
57019
12741
3590
55046
65137
51805
55962
36880
35513
11996
53318
10973
49212
51084
20678
32330
48781
22474
38823
26519
39026
50728
27343
39966
6780
8665
45127
12248
50745
52617
37063
48767
48408
58063
40358
8712
38888
47171
10761
39107
47593
49300
10936
51313
9537
48785
51560
8889
45251
51049
8314
32317
14150
3046
31292
140
28905
47088
53335
24637
50841
490
12289
55168
27969
42762
1847
35060
60758
55070
33018
49619
7299
1782
34136
280
55942
30513
60472
36441
31443
60922
46682
56822
44420
40941
31738
38576
35609
48399
35974
46603
39948
52716
15352
17290
45549
64938
40295
17659
60859
33920
35893
400
12101
60423
17947
58445
35927
56631
38603
36133
55024
58117
27628
8962
50363
9036
12037
40396
48364
2971
11186
52546
7245
28061
52322
8629
48028
50176
7024
34827
59574
53829
32768
1998
5614
59798
32955
584
35149
55197
57448
34992
56005
60937
27209
28209
21638
23645
27385
3040
56154
9360
5457
7181
65520
41344
23601
4745
56669
12793
49565
8946
49757
48780
9717
59308
47500
57517
9554
40471
24717
26429
50487
8789
27388
51440
6688
9208
49446
48403
11257
58531
48265
39841
12120
37652
48001
25073
53046
8537
26275
52649
5658
32151
41847
51688
31695
39358
19324
46862
19527
47462
39177
51177
43922
29519
47032
62415
38758
5124
59483
24905
7315
51004
6495
55
12104
1933
27617
48390
39419
5102
46602
59647
45136
28929
1915
12328
30307
2835
47852
27961
54854
27608
12345
16010
2717
53630
56852
51055
3569
37947
6971
50267
38480
58325
829
2875
8661
813
40765
46672
25557
12253
49621
2848
6944
12801
43357
24246
13642
16544
41612
16423
29337
18208
64198
35514
42300
54534
24266
30861
18343
2199
42678
59579
124
19662
41801
18102
26624
17598
57453
4220
44809
24685
59599
32118
19910
662
61506
20811
2681
48044
43084
48146
25294
11663
16331
57152
42447
6808
12736
32375
46071
62194
54589
42845
62853
24236
12855
64173
18495
24109
41015
31372
29424
18747
44784
13708
35372
21236
55974
64833
23178
41322
41521
16278
18675
12662
64660
36675
54009
16625
20890
43562
32746
42230
51496
15704
15449
10969
51290
45140
29870
46942
42744
17945
50643
56536
24025
45654
11985
21499
57259
40468
64655
761
13111
1492
36261
536
57512
5518
54239
19362
39155
16256
25946
775
44050
13336
3904
46586
13184
25880
25455
47123
15572
56410
15525
28619
13561
29575
26870
63634
35483
37655
61516
416
12957
4011
20175
57739
39842
11407
53957
17863
40444
14960
28544
38964
26072
37462
39262
61145
49910
51960
11987
3672
38193
45146
45742
10968
51001
1369
10777
51261
52289
12870
51548
55804
1257
54669
26684
30860
13569
30185
3225
27133
41482
25665
53821
50225
40977
1917
50730
54986
12938
31809
25849
32122
2461
47596
42490
26278
51052
55057
54417
13069
38491
13245
15280
12245
50256
46683
54117
46112
15115
35760
53205
35595
21349
45357
8669
58376
28566
63618
61251
41532
49926
13623
5022
12941
22011
35157
25354
11412
21247
53226
30032
62360
56166
41400
64329
21443
13201
23398
17422
21432
42502
31561
54025
17926
44494
15226
35706
19530
38111
41077
41875
13609
54862
24263
26252
21887
44701
62006
9772
431
43358
13513
15928
31582
55183
24818
41267
32139
26424
50835
40968
52040
26431
258
55899
42980
2895
27379
41359
30447
54394
27809
42092
30845
25074
41214
51714
42262
28147
3732
54852
49847
1402
28588
44613
27694
28864
37475
60734
30122
29400
34759
25930
35279
10938
26254
30877
3786
1193
19006
32500
6489
42834
11414
58106
15247
45150
24835
22845
27540
9370
62711
41019
21127
64640
50995
12594
16501
24196
12932
63680
41580
54655
43572
61608
41505
23025
35148
13732
63510
12959
24223
31471
53475
6826
60284
14238
45544
57083
61724
19241
19741
57703
51195
6102
61914
85
28927
52707
11187
13308
12796
37230
414
49022
19232
20367
61916
54864
7241
57180
62453
37786
878
27619
47381
31984
37228
2261
48019
45924
33245
28652
34476
11184
24671
29943
924
2037
49006
28056
18990
16076
14287
62169
12969
54574
19132
17733
62063
55884
17802
54604
65168
43251
24126
55950
34176
38874
43904
63740
3054
53343
20951
27225
23324
41463
37633
8233
2042
40937
14325
49560
28607
45950
51026
975
55039
29858
26344
2514
24899
49211
48101
49012
2066
49423
31909
53563
25971
20110
50209
61075
55756
30923
55940
3236
53786
50740
47843
29976
60804
49770
16533
55186
27205
8111
58739
704
29222
32148
65136
18108
18555
61121
3384
4519
62575
3113
31946
42846
17951
884
58433
64933
41279
57135
51976
38596
49636
61190
36688
3940
40312
21756
13231
31573
8076
42161
30200
1279
13692
46687
57075
24465
54689
18681
63645
42500
13380
42309
50396
16018
48012
1053
30987
52655
21941
5648
56837
40183
54637
16896
42765
1787
50050
43701
58533
24173
16569
19996
4317
63338
11638
34781
39786
20577
38582
10144
59351
32797
22390
57372
35500
37242
10940
17267
7384
37487
18456
33217
64217
60109
63784
7641
60833
19313
57979
60435
36803
65049
26089
18405
630
3689
17871
29197
28738
1384
30844
2712
6777
31163
61160
58062
31328
20167
55888
22301
46598
14332
60282
16416
8649
12541
7014
48394
49553
20695
44679
52041
63452
57697
17806
15910
44564
65273
62163
54666
23206
63800
21016
41201
55946
13622
63318
14243
16042
18986
35626
48771
27403
20905
16685
7846
43839
15156
42587
45461
37325
24712
12680
60336
8362
64812
19551
13099
62343
62517
20896
32640
15154
64466
12683
23805
56192
44971
61739
44540
13104
35628
48960
29733
331
768
19372
29495
56203
53195
32143
2818
7100
31778
955
57792
32560
36269
18917
24299
43074
63232
21189
54752
15003
64107
12925
62871
28748
13675
62141
44751
15968
35440
24713
1928
20285
52986
23328
4138
29173
58870
56123
17212
44343
52
39041
42576
59305
61869
26972
46313
59165
2300
5834
46225
7030
51709
11642
57559
8224
48353
2141
38876
48281
4454
27786
30505
58392
3498
35235
30966
16401
3126
18451
59046
9770
31062
3366
38099
28841
34721
34416
45852
25958
21701
17083
11687
43525
13979
43453
28174
61030
48002
13437
58814
11439
63408
12099
998
52545
37790
37226
28650
60257
39940
57718
2966
26345
53142
38120
410
922
11193
54858
21624
31448
12739
21779
18106
36569
43921
34264
30521
44790
22214
44404
40990
62563
24225
61800
2844
52645
65465
13161
13160
6940
37883
58287
48000
20457
1015
39808
41998
23534
56302
13524
42267
15940
15379
45310
49683
31362
53859
32389
14852
54867
43439
54724
15859
47128
47092
13250
64328
2167
23375
48288
49941
31560
26831
29561
146
56143
44238
4242
13260
11659
48635
1192
55159
41324
59022
19347
43027
25847
49665
26284
32748
26997
12876
51898
59285
20100
29636
38820
54690
63629
36894
3827
724
14898
18351
16002
63991
10634
53983
16555
39161
1299
27219
22466
18996
21617
22908
37183
41570
44900
34723
61924
22212
5663
29395
35233
58540
64239
48943
41672
47238
23978
13758
31285
43055
10145
13361
8361
34346
31310
49802
15498
15886
29227
32306
60872
44892
58099
39795
12965
868
46425
21563
49722
6494
32789
41789
24463
65199
3966
54575
2258
54407
42042
2325
30127
894
25142
49933
27130
31833
54707
13392
53228
13006
45940
55467
65188
43708
57852
62746
20894
12968
48988
21138
49628
8079
19315
41479
23116
62410
23182
57214
65234
1418
52985
64037
15925
41643
6698
37620
61098
47754
17756
561
38286
62000
13605
31365
50027
3956
41652
53183
27043
13349
55595
47317
53791
42344
31790
3950
47570
42195
54290
25304
49764
23172
38882
39651
5887
12927
57204
46291
33091
51554
32703
14755
9780
61711
34626
25762
2155
48413
21455
57573
32617
42174
11693
13207
11429
35708
24805
50048
15228
2144
16872
28936
20955
48996
22290
22047
49875
41947
42459
4462
41506
23259
6702
45934
5828
59299
44847
46382
40363
35732
41800
39952
940
930
15252
19918
13169
64662
11392
54211
19654
50165
60303
27535
33942
41327
56946
57246
3166
6464
3729
45367
115
15948
22617
30444
46815
55384
661
58166
33846
14148
38285
36858
52037
54878
47103
35302
45307
39420
37964
14856
33354
9037
12787
49554
33943
631
52360
57247
50553
54863
48638
6471
48294
40185
38985
2706
25167
47176
13516
52888
8664
52937
27331
12249
50090
48942
6778
10392
58051
26513
9201
46409
8345
48371
37182
48003
10294
62177
60481
10554
60492
19545
4668
17757
5623
61194
21596
62726
16988
33671
62522
58375
36546
58129
29267
34252
49667
4211
40753
32788
50260
18769
16903
60324
34842
30991
59594
10730
34966
20906
48461
17818
51797
53326
37319
53558
39792
49484
39004
34345
55034
8797
44691
52786
8648
58271
30268
7022
58096
10773
48096
33842
49420
32061
4865
8175
36095
8089
61141
5468
11986
50064
26268
10965
52991
46383
5808
9362
57804
24845
6397
48972
11413
9724
49877
24709
36568
61082
31343
34265
1278
6958
47850
34962
51043
30471
33526
5443
32924
55806
58329
8073
34871
41274
56711
35312
58704
34282
263
48694
2892
12636
37961
31577
47674
5094
21145
37629
8642
51227
4748
11205
415
49023
2619
10770
1922
6493
5133
51618
11797
8092
50117
26341
11976
40328
25731
9673
714
46462
1780
11032
1041
8065
4753
52392
8985
27027
40606
27203
10391
21711
48760
46495
53033
45135
40646
53655
38270
52809
37977
34428
54991
46168
51404
49464
33234
60946
9450
35759
37900
5823
38205
5812
37463
11494
17213
60114
7539
20284
60879
11488
9271
49890
13700
48959
1347
20460
5114
20449
27892
22010
22604
39175
29923
55362
41999
59537
22560
21506
24887
61822
10560
22630
56083
61066
55020
28324
55355
24049
58463
17558
38859
54766
62588
19092
29251
17425
42154
61842
51655
39372
41585
47426
29842
10143
63857
32755
63107
32636
62233
45775
10567
61823
30287
65016
42438
62921
51858
30024
29688
20126
39631
17559
42178
31769
38940
518
33803
60702
25973
40690
54810
57676
57312
33265
18625
455
58094
7883
936
16451
58412
35169
53855
4641
13363
21607
2306
24426
13028
57316
25650
4716
22823
26931
24362
57327
62508
11742
19384
65205
19381
37991
63841
40810
36971
18727
8913
8924
61662
11739
40552
20266
39100
42522
30371
18609
43114
40450
20351
61772
62627
29122
47106
41415
16769
29955
61667
46524
22570
39904
8249
5041
22634
58321
19424
65248
64825
11581
33633
40454
19805
34268
58668
5564
58137
1712
34361
6173
24222
60920
54960
59369
12761
33037
6349
1894
4589
34249
57477
4165
58489
38920
9019
24099
4287
58029
18010
61788
19685
10033
33453
37127
63717
36196
60884
35193
62585
22106
27347
16925
41630
37581
54975
57692
12755
25042
29848
20743
5969
31221
63865
47429
58041
6715
33465
5309
20798
59144
59915
61401
22504
6589
33901
4414
59693
36825
59109
34533
58492
25822
6843
59326
57269
57746
23188
59820
2411
35185
33953
6143
59102
33131
616
34435
62137
42135
29079
40639
45295
63240
19486
64905
18044
32168
29192
44454
62543
10247
51298
31161
63664
9693
18464
17197
62425
39014
38253
62937
63670
19638
9181
9177
40118
9689
40112
19632
59418
5999
36833
57647
36844
21409
13716
21932
59655
54658
26868
35018
22115
5175
20834
56451
58197
35949
25429
7517
15717
21259
23565
60373
13291
7261
27965
36197
60461
27605
23520
56288
62019
30982
30697
18504
65225
41617
61537
62723
63414
28897
30609
30730
63976
28825
42313
19066
38981
47725
47029
11853
39109
51357
39533
39173
37563
47853
48797
45568
39661
45253
49264
8304
38979
8340
17276
11841
44492
51345
44226
37059
64834
19314
17298
47299
38257
19356
49274
31820
21087
34056
56912
34946
16026
20996
43670
63989
16102
31373
55095
17054
21851
53500
21827
56042
62035
5878
33097
18257
38668
37940
59803
23038
59213
36680
17412
5374
23174
17930
38490
10735
62291
32728
17497
17496
61913
41777
43828
64467
41304
19537
32049
29651
63016
30265
44889
19242
21343
5835
5918
33931
21758
58114
23508
23519
20760
4132
6196
7535
22043
6654
61253
35923
58181
48322
19731
9026
41978
925
15528
60357
41748
35608
33784
25541
39794
19699
52300
56457
21061
6598
5136
34637
20880
58008
22219
23237
21629
5659
5371
6094
22909
5872
59977
36677
37518
35800
6233
6232
15673
62712
65526
39598
21334
10630
47094
16814
57384
24633
23646
30345
57941
46583
18499
4738
12954
573
13718
58869
43073
34120
33288
26864
38274
35219
2444
55785
58499
48033
11852
4481
1996
1265
50583
40179
52855
9538
4754
46074
39809
6812
1562
26956
62693
17931
29925
16877
62565
41997
42507
63077
42173
20461
28941
29797
65469
30309
42672
18096
37870
6651
33413
9444
61955
38971
21764
60419
21064
34130
18491
6207
61256
18751
39263
17902
21315
4109
56766
36161
3791
59538
13
23566
3771
56294
56721
6149
23526
56259
57420
24652
38710
46245
39991
37682
9744
3798
1494
8921
50939
51512
47662
7742
11743
47964
50429
5422
1895
40999
62072
15034
18863
41338
19636
47040
18479
39371
6591
43882
31430
21091
30487
17604
16065
44042
39629
519
16833
44560
18731
56937
19377
21864
34163
43728
45712
6844
42058
18603
461
13765
15458
2049
25597
44316
8324
4501
27675
22264
54809
64511
26723
56556
14400
48801
61841
31405
44578
64140
21215
12641
65480
19722
61979
43876
30323
29129
16439
42927
14892
36787
57745
55354
23704
21048
31977
49505
15021
11674
15361
61687
35468
25033
35070
36846
43062
31276
41421
36948
42006
42521
9683
52524
48167
16789
47146
45005
20341
39743
18168
62638
48673
9170
24221
35634
59414
23424
3802
15975
60210
35008
61012
60589
7040
36367
36013
61177
15148
27436
3681
23435
23892
3004
24745
15984
7051
7683
7822
23298
56252
20629
6914
15834
56605
28077
65015
55407
60331
22683
27740
12717
60152
17324
3282
38305
8330
33269
36549
7301
14343
27161
40247
11000
51284
36954
37550
49581
53165
9180
49686
52274
47919
8693
9681
52947
51737
12053
52694
2934
16049
49184
56016
14121
56182
28122
56848
103
45232
12457
24791
44649
25014
53606
51159
13817
1287
49974
54278
378
28695
26528
56390
15046
31418
52170
25402
46560
12889
55207
15830
52447
42651
42141
11735
50985
47398
36158
47954
15574
35886
39486
29893
18032
50012
8920
22326
27489
24205
59113
44752
44758
15201
36601
15911
23446
34537
57050
7062
22320
52153
31673
65277
29849
43777
62612
34490
16039
21979
18224
63174
43739
28693
57040
17155
30282
13313
34079
62173
1079
46732
64868
30286
24123
5395
40694
5676
45086
31061
3745
38130
19690
42184
54560
20738
64130
12977
22099
47530
37263
32625
5903
29212
2407
57276
63123
35332
13530
10116
46247
24052
44995
2562
13410
45554
40590
29981
36499
30276
13761
56346
61685
25199
55023
50207
47270
59387
13024
31968
980
54216
40259
26529
49511
25661
30250
35406
12572
51206
26047
14366
20210
38055
35378
41602
39194
730
57650
16225
17610
12839
44948
49039
33027
18855
49907
59987
28460
21671
30942
22120
22379
48165
61746
64050
5322
44136
22951
6426
8451
34782
5669
43115
10835
38811
46865
21715
64078
30172
64995
9378
12647
10659
36799
47472
49436
13866
41673
20050
29537
22694
43808
59193
60537
24127
24116
47904
22285
52953
5712
35961
44653
22096
22688
60387
35811
60724
53549
44505
57439
33013
24206
25053
52838
27353
31664
4335
14256
52144
24067
7496
36248
37825
43021
8021
24232
56499
57752
47658
20983
48208
6794
17692
41431
21003
35710
14548
35461
62305
2602
51107
62764
41632
61848
7983
37367
58067
46623
31971
471
39562
43071
64133
32633
40456
59112
65256
39909
6718
22501
34536
11582
34645
36875
19429
23102
8251
64830
33115
4411
37122
14814
50539
51304
25819
20879
35458
10047
57272
64004
18003
59027
46046
31925
12981
6132
24072
50316
34492
49867
32004
63317
10408
15777
8615
35859
54713
52761
13319
47685
41907
29405
21101
11016
21037
24352
40510
65035
64264
33497
65115
24422
7968
20030
8038
58073
64341
11093
39078
54371
65425
37282
26207
61172
13735
18592
13828
42491
46478
36607
16835
12172
1234
25882
26536
23559
63888
27959
51094
54814
25349
27016
8857
15413
15653
16376
7255
42816
56300
3435
26475
22648
49186
55918
39199
6581
9171
24699
9682
52179
49427
58827
56958
46866
21102
38052
55236
57549
52026
26381
37281
35187
8917
28788
11738
51925
52757
62916
24653
49546
6832
39083
8461
50532
5446
10244
4217
46768
52423
12221
152
48194
48578
38411
8372
28310
46570
11391
32104
16052
50808
28885
2607
45237
45486
56244
47787
43694
14115
98
56879
25012
44654
468
7569
40952
53329
33332
47961
4236
2731
7142
2865
26232
45412
57405
18824
32310
8019
47663
56779
13078
52450
56238
40127
35957
47210
56395
48231
50435
52915
15565
54158
48562
21422
39012
18333
38013
54111
18160
3439
10825
1284
18813
994
54754
56930
39366
17424
56287
37264
24755
11777
40418
25413
11020
58309
45242
1478
9649
893
25928
28360
36868
9148
27589
52588
5502
36157
39624
34279
17051
24810
7136
3995
35885
58625
57227
53675
60525
19067
56839
10574
26229
28114
13140
44939
24787
50805
56255
45726
27730
49051
43413
42869
15362
26707
28955
15827
51144
8689
52775
28181
11004
58069
46618
60584
11089
59419
27416
25048
52177
11868
27349
51116
7982
12029
52273
27526
9460
5673
45072
38306
10845
60326
45074
26530
51933
11348
24886
49034
6431
32164
15259
38154
56733
40545
19475
46176
31876
48643
52997
49589
44193
35917
52970
35696
37995
34609
38797
28083
5642
52949
5722
3028
19078
3618
53284
32472
38646
8521
47982
59196
47918
30674
7
43769
32006
305
31411
28373
55835
45561
2926
3443
15048
56289
14170
45280
3746
31230
26303
44325
46232
2098
50430
49342
55919
52587
32443
55380
1891
53714
995
47493
3155
9625
52390
4083
47256
705
52894
26356
9097
25770
61313
4673
52616
48264
579
46457
2627
47507
51623
2357
46226
1133
49866
28630
46211
25296
3928
25320
50193
47490
1253
49020
2489
9580
30234
41235
18529
43105
40463
65407
18076
62628
29042
47330
41420
16881
43235
16611
50620
34204
3316
43315
55442
49668
59546
12081
34954
46131
63825
17127
58241
54660
41711
25923
39402
8156
22881
14655
4817
13364
21612
26882
33978
53763
16356
25682
58039
35111
595
36650
16367
12089
9598
1907
46136
50081
49470
60026
45209
58052
26433
9089
40649
48840
50051
48937
52099
35694
35660
3359
33638
2059
61029
15180
7423
15810
28039
33766
21407
7671
13294
5552
58848
10853
31600
44405
8813
49773
49765
64368
19605
62411
32077
8941
41872
19869
49893
10981
51941
20425
34394
1827
17069
41624
37568
14015
5692
12756
24866
29768
20748
5937
41605
18809
51525
34105
24691
42943
55352
1272
58169
51946
53404
51044
30695
33414
3738
57026
12942
27742
61321
19397
37019
50581
17357
41933
41925
45211
11893
47296
38221
17229
51323
9597
41797
19269
43845
20428
64148
43411
17569
42145
61855
47559
8828
29386
51522
29762
38722
18801
42115
18051
44924
48179
12159
437
47154
2221
50138
59838
47811
58475
26552
25480
37571
45506
2181
46380
3097
7087
58823
15507
5031
13202
24015
5527
36211
26783
23617
4999
61042
35953
911
35964
23628
55567
2354
52238
54322
49931
515
48184
53843
47157
42328
30955
1108
28644
41813
28655
50670
7011
37132
10065
8137
22905
61151
64606
19509
63066
10328
36386
37637
17980
33309
58016
20659
4546
1064
60091
6766
16309
28543
53955
6674
26987
23235
20755
2466
4398
33211
622
13476
5733
59266
22897
8140
22147
1125
55656
5925
35476
23224
33064
555
4636
33809
57759
16174
34886
24339
11597
30788
39509
12366
53068
53590
52080
9282
11810
22057
53524
8749
42362
50479
16850
40232
64440
16485
64437
9919
18275
9908
8299
64223
38691
39634
20014
11563
40558
61908
10326
30980
60529
45652
60540
64601
6866
62813
5543
59060
33058
17670
43346
33559
44883
59071
11938
521
34027
7086
1397
46367
13553
5266
16352
21635
65139
28492
6414
7803
942
43204
21120
44000
33506
33761
38430
21142
58258
51034
59875
21391
60862
41265
48477
18200
58860
61147
63562
22192
8772
6221
52259
44692
50077
12682
51530
37701
38693
20897
53741
11556
69
49883
34903
42531
36231
53899
58656
21994
61423
48726
60236
33874
8568
43865
46884
5046
14670
39445
4552
38926
9051
32979
57535
6677
62516
17458
64741
37459
22293
12271
17669
36276
60883
22472
21642
27147
38420
34029
51571
12788
47269
22938
49060
37029
40309
55187
59885
10100
14053
50123
33878
55745
38173
54404
39749
13918
47522
23014
8443
39442
8562
55816
14660
9085
16154
53119
4261
460
33153
9644
61507
2213
16217
7941
13850
33880
36472
1024
5788
18545
40703
13694
37466
9485
23076
9053
60083
62513
7855
63804
5844
60355
23839
16906
64742
34738
64736
60866
19413
37415
63783
20444
65322
40293
16488
11710
18785
61483
11816
40491
9402
8737
37996
64302
30448
1003
16267
56277
1653
49552
7175
17536
28571
23639
56663
37965
54101
53531
3429
3052
48893
40225
2950
46842
58921
8208
11948
47709
7078
49404
1932
39645
48474
24918
37290
59303
47868
37419
49170
45221
59679
38828
4269
48732
9634
141
26461
40487
46885
26386
39077
59936
19507
61784
44888
17977
65326
41786
31540
19747
32726
64593
32081
41764
17449
28968
41433
64298
28049
49542
12369
55866
52057
24716
26608
27622
27441
1689
49642
61
30601
32342
314
50999
35135
24294
12331
33020
12403
20995
31382
17029
53352
43661
55127
62024
36432
56850
24218
15082
45325
52964
58694
45066
57465
9904
48543
12269
24728
40092
52556
50699
10474
28230
40554
40391
6200
61819
40845
12277
42560
35934
33593
4136
20381
58681
3673
23512
8469
45453
62613
15670
17464
41906
64743
19471
64444
32601
28990
17960
31490
65337
41305
45016
19903
32231
41740
61910
10750
21286
1368
4153
15150
62718
20470
10014
56376
39302
46982
61720
6185
28200
23865
42633
56637
37446
21991
31376
234
27616
5264
35933
5377
24560
12672
60429
16960
57063
51097
413
18584
51431
49383
10655
39548
30025
18281
18920
8295
43529
44617
43270
10479
46919
49820
65222
18835
42934
43704
16537
62846
41626
16481
18659
18792
41185
30529
43233
18409
32376
44745
64122
47884
50365
52290
46693
40063
40300
27547
9196
48327
60493
27981
52706
46309
48498
37989
60272
35058
37451
42566
36611
2796
34115
56841
34139
47773
12336
16012
21768
17486
53729
57871
16017
26122
3627
1656
27587
51759
1852
24631
45385
27307
3041
48614
51085
28094
45492
3759
49232
21493
20875
9633
65020
2585
13116
26068
23835
6904
4264
58766
13090
62231
37002
12704
1370
47452
55433
25863
49977
54502
25745
42492
2557
15430
53913
41473
48193
849
50656
55609
12940
51248
48506
56006
51164
55063
28425
13709
2135
40983
54529
42473
25417
1821
43706
26314
53853
23338
50449
6923
24350
28973
7702
44066
56116
63067
49099
53056
136
57254
2992
10260
29527
8003
14417
35992
21054
44265
49130
54000
40084
56321
18687
21234
3990
22664
24558
43065
41527
14928
35243
9734
14879
2938
61472
49046
53501
27494
11268
40771
32983
28834
39753
63791
4074
28480
55413
56418
2058
25485
29687
50595
4043
3099
54446
13558
31762
2228
15596
54672
51338
52977
27442
16482
2944
43328
59302
54229
10490
31179
16853
62523
26622
7421
62959
60204
13117
20902
2955
47560
23484
30951
40474
45013
53758
42418
25445
781
49395
56066
51529
7453
42064
137
27046
20445
49171
15136
57386
32683
5622
35643
19410
64607
24628
46580
63056
59678
44928
19599
14514
7083
22677
3164
57216
25262
64418
27858
11939
39156
16299
24187
60549
14348
758
63329
23414
49142
37040
29313
22300
53001
34761
42321
26672
2295
61612
4199
3930
33206
49993
61625
62738
24797
63923
48502
34605
52449
32865
50870
47613
2396
20509
35272
28
33298
46145
780
19855
34552
448
48657
56560
1304
946
36996
56532
15450
54037
57675
13849
31660
26758
14327
35681
17716
14057
14682
63447
25353
32508
31222
9230
37784
34720
56214
63875
64441
913
58382
374
16631
57754
43564
49929
54583
58184
55981
34299
22869
993
40257
23180
49514
42320
60878
41436
60042
37834
23173
867
50521
21557
51754
59742
20501
41776
20988
62748
57758
13615
49087
53806
46443
51310
25643
54434
14767
51666
16312
29283
42196
28532
49960
44213
55653
531
50021
4419
18948
37135
6020
57301
14635
51243
23170
30056
44078
25790
38738
63059
34559
25128
12515
4628
2940
14713
8680
56971
29831
64297
32029
4076
51477
5926
65315
57429
30743
46004
34335
43048
34408
22373
52261
32559
29407
59076
31848
34735
59300
53092
22312
58917
43109
49876
59737
31191
11462
2435
23439
49246
28516
35133
7060
9924
63007
28731
55794
64528
51498
16175
26901
55552
44256
979
54136
46020
650
49132
25693
42033
13000
54519
51209
1471
54702
43039
63735
39712
63823
23625
43294
14331
13303
2033
14828
62459
37224
38865
1616
61475
15331
872
14232
4397
2538
239
30756
44687
41856
61905
29255
919
2267
59162
64432
53022
56648
50366
21888
39203
64384
42383
60398
12383
16220
2649
15132
65423
39859
36905
2579
40889
14608
53118
11123
43008
61269
24238
15539
28542
49713
36751
52304
58100
65186
32604
20997
23422
14547
12971
41268
14056
28628
44005
29298
1923
52430
30467
43284
26799
962
15103
45067
2483
24923
41749
43870
14615
4338
44842
19851
26456
53108
28680
39752
27090
4031
14939
31073
60239
25105
29714
2271
54956
42538
59381
20098
27854
25174
49920
26385
44121
13747
57136
49516
23118
11155
55323
58097
31496
19108
61264
14783
50996
25539
33532
55764
11726
64939
30527
36614
64127
52053
13218
20949
37348
35239
21676
39507
41941
30171
57784
18994
35547
59950
50104
58481
59674
61759
50478
32780
60519
58842
36151
23857
60938
35943
35004
33754
60455
7511
59569
35879
61018
7148
23532
8179
52129
37020
4593
1991
1274
46487
9091
48844
38210
4674
50049
11137
59212
26138
2380
5689
173
20633
5949
14182
473
24781
7561
57033
57421
6125
3350
4237
22505
27168
2736
56699
54185
40044
15646
52583
23669
8196
15435
11535
38321
12001
56525
15614
40428
21416
49338
18739
59126
22169
18225
38663
37939
6555
33422
6032
24392
17636
58504
35462
61930
9818
39407
32184
56931
38553
44581
59191
49333
9974
15284
10224
64134
34641
24674
12511
57834
44648
58970
9619
37012
64716
11921
44487
51354
31938
11891
19871
64370
17218
51316
9585
64844
45178
44108
24973
54421
21856
277
60934
13888
4200
61325
6249
20667
35051
36765
4085
24288
12747
58862
32071
29644
39273
44415
51046
64380
47464
64583
9998
39608
8936
31634
44191
38889
62402
51689
27938
54067
65440
3619
37277
15295
10694
3154
9408
63869
18253
56322
1331
61824
15828
39497
35221
59846
61344
34717
20893
58014
34507
34677
33984
58907
5259
59256
35197
57728
6729
24389
26439
10447
38457
1919
52646
60028
48950
49223
45529
40792
9096
8391
49359
40329
58050
52361
26555
35022
36924
14270
51111
59829
48081
123
48860
39761
8577
5579
12494
38796
21096
50714
4249
60315
23721
7581
15782
3785
35739
6265
36350
23677
36173
61000
7293
23945
27504
15216
29153
26565
20537
41395
60913
51948
7224
13894
7481
21848
34948
27293
14030
24202
51042
60547
16441
57399
20540
11526
65030
40249
4103
36442
36362
23521
19942
60753
7137
65104
8272
37088
44655
44973
54261
31535
21458
62149
54631
43234
54236
54683
12405
41597
44082
15787
20245
21951
60842
18728
5294
7187
21011
16553
61457
60710
62883
5798
38442
18217
60632
38100
18600
34577
58579
11444
6367
6447
58558
18851
21784
37912
60622
7380
39982
18467
39339
39131
9412
33320
41408
8276
29865
30233
38947
48092
52263
61771
50650
32717
65397
11615
63224
62632
48849
8994
44793
21976
32419
28702
62164
24234
35494
42838
33454
28913
14986
24102
43736
14244
34067
64042
61850
43693
32479
19084
21202
12650
20424
64993
17061
31588
42611
41334
61495
42914
55852
24499
61033
31165
25289
5566
63615
19040
41026
3816
42444
27288
60025
30693
1382
58056
17003
20087
37941
60219
46133
9808
58331
816
27451
37163
25552
12093
50768
811
40925
49627
27424
60192
13056
9819
54112
56240
37925
48944
50779
13243
53200
56075
23472
46117
23307
21355
45533
8493
40252
39672
47155
8282
37544
49568
49069
37671
45737
48178
52015
37259
38353
52948
47641
40725
42752
13677
30879
31413
21195
24160
55963
62189
53952
17815
41036
16107
43275
44738
34229
23152
2204
30390
6245
24700
62334
31897
63158
2285
65390
4205
57468
29929
109
59586
32198
19830
1900
28711
17102
55994
61983
30410
64692
51069
62943
10699
59839
32186
43718
21092
30631
17524
37582
31783
25452
12149
21269
17775
13693
49782
15520
25953
58803
30908
53197
58210
17362
34939
62366
15206
29038
19273
21444
13210
35686
62696
33646
30214
43849
13286
62982
44488
56186
23418
42915
40904
28110
46707
37736
21203
34260
44580
4963
53416
14894
61976
52068
360
8115
62766
22697
31520
59190
7289
24114
24115
52000
22272
52950
58960
23673
44640
34384
22701
7139
23523
49763
35460
9999
10979
57743
55759
16244
50212
22163
47458
44991
53779
38452
61698
34706
25618
40462
5864
19982
11237
59230
35333
22248
40280
23093
8203
64485
34654
36923
64824
33083
4443
1468
57902
359
14433
40419
54134
30583
64693
41244
2746
38542
5163
62424
38907
14352
20052
22479
64052
33994
35196
37170
41583
32612
22292
16643
34500
58911
41508
22945
58535
19183
53039
3925
30928
9418
568
20786
52256
35380
57096
4355
18849
63868
31846
53813
62631
51414
23279
1198
55239
41319
5774
64835
30115
25735
49674
284
45036
2421
55708
47802
59291
20212
29556
64586
38098
65181
41876
24120
13902
13644
1676
16071
62789
64046
38444
418
62166
13510
13614
2629
58399
3777
717
63326
32068
30797
63164
44656
1354
3118
4375
62562
60728
41850
29224
15438
39128
61943
14587
37272
15546
15036
1573
12759
64076
62762
39973
2008
37729
14551
64142
65187
31420
57847
17690
20888
12974
53084
21151
49623
61327
64371
41484
35404
62401
35470
16254
42735
16330
7667
42087
65093
24962
42264
47618
61694
27812
1395
13892
45676
61076
1052
30843
44208
14800
5951
41942
61839
25645
64132
46445
38547
5684
60131
16310
30825
57602
553
18242
60723
53725
44502
4191
24197
33022
24877
52841
1833
43952
57583
55904
48048
24068
7576
36168
61324
29802
18601
1266
24210
50783
54692
36753
36595
16552
61557
30212
54419
63693
50391
13695
21088
39688
33488
36640
40504
65029
19208
21030
20021
36710
61216
65112
61286
58070
19285
39765
24208
23346
6313
35712
3793
15980
6962
22653
7731
7341
60288
24290
23725
61174
56108
2860
50234
28689
26560
46634
12666
55802
44097
1158
43978
27037
51692
30858
1702
51047
55201
54337
52697
27510
56938
45088
14112
56025
15222
3361
12448
24679
49328
56857
215
44646
24934
53686
23743
1449
8597
21460
44332
4891
61666
56423
64319
10904
51833
3101
54234
49613
59422
32439
21235
15014
19866
35466
41313
41530
57238
63620
53705
19604
24387
12934
61681
20881
31274
45034
14014
35039
11530
14299
353
64702
31398
56264
45513
16433
64138
35940
56997
37265
63707
14890
665
16450
33173
27257
52508
30108
52242
632
39935
57291
16192
30847
60056
12749
32455
45959
52108
25760
16992
52642
15981
58896
54635
11511
36357
19051
63973
26363
46079
63245
58539
13792
22128
52396
7694
21707
42928
11543
43451
54939
64005
25960
1513
52098
54464
3686
37663
29421
2837
26842
17372
3752
41389
60463
19099
27899
16885
17767
61676
27863
26878
64823
59604
43632
63647
23195
9132
16460
429
12944
28587
65138
4597
11170
40079
12923
62919
40439
55920
3968
39612
64707
28121
37474
44569
33137
43350
6861
43737
27702
3210
64369
4805
3489
21619
30854
38325
21925
47008
63592
49530
33976
40993
5474
52074
46758
1578
23672
34915
2007
21029
30481
3690
35723
36147
27580
3609
53440
60299
61156
57598
35586
15292
36421
60162
15825
56749
27933
13898
33998
18233
12740
16033
63162
54582
31633
57049
18744
62862
34502
32195
65270
62564
13706
22329
2913
36592
5865
44765
44761
56161
24198
57052
35734
22249
15905
60310
22333
48057
43961
43059
36655
12763
48355
865
41641
62901
42959
62427
15029
13710
21103
30239
920
49017
13610
3731
29974
46298
25978
12924
28821
14980
3460
14762
46644
51939
32398
3233
49761
30925
55106
618
49009
47312
28604
13344
31180
14630
1057
3945
48342
50617
29210
2519
50029
29863
53949
38805
47009
21716
19022
43052
19203
9234
12652
37395
24511
51568
46764
54826
41670
20018
29617
63632
13729
54003
30021
41575
16031
31284
63622
29402
35313
22860
16004
42488
12946
54652
43759
38060
23090
29439
10522
721
57663
57185
62577
53980
32660
53135
20964
63911
49908
6739
3884
3390
18635
37476
27689
43034
31294
34679
61130
21119
39610
1678
16576
5491
1190
29398
32388
61806
27420
52651
20409
13158
13166
60188
37877
58274
52096
65513
1020
11136
41992
35822
15342
2149
48557
21442
4325
42169
32622
11549
13212
37653
23420
229
48368
56188
2157
16648
29160
62314
27178
51108
17708
41645
61854
61231
37372
58068
50719
44259
476
10890
43058
19077
44921
62009
34175
14274
31070
12966
15934
64188
44688
62050
14924
62858
24268
28789
43252
54569
14990
13263
19272
26828
35663
49936
48293
43848
2162
44233
24722
15183
29566
57490
13255
11771
48523
20751
19074
53866
34387
49690
9983
44913
59362
43436
26983
16316
16707
23044
13521
10228
46103
50345
17570
37739
47376
889
30170
33467
57955
21541
38334
3114
18895
8127
2263
45921
55318
40357
23444
29598
11280
935
943
56212
64888
54218
19606
40064
13172
64710
50171
7055
2959
41631
3937
25614
32655
41949
12908
30166
41604
45929
55608
14821
12833
53140
13371
57132
42416
34266
11232
40537
4961
22625
58330
64480
16384
64822
11613
33713
40457
19773
22572
5420
58812
6851
59124
59852
4801
20882
707
27074
4371
6047
60018
33138
1044
7953
21628
6723
16255
6505
59963
22889
5229
20792
59150
6667
5161
34574
59837
33981
57688
6445
21545
5861
22245
26699
21720
37196
14414
40498
1392
51834
53691
49607
10049
8993
24501
12590
38956
14534
39763
19055
40913
65386
16999
62567
38755
10850
18211
8812
63156
8482
37156
18721
37932
10682
63167
45915
30734
61290
51294
58471
44261
8145
44264
4828
22817
33463
46347
42293
21548
41784
59834
11171
27258
20812
9121
40594
50083
16204
6547
12743
33858
11890
666
6033
39036
11139
50559
33862
41314
24140
13390
58326
59712
58691
45399
61073
34882
36392
42732
49455
22569
667
60206
10311
21698
40521
51279
37176
49231
50505
53575
52934
10312
8488
22140
12671
37929
51399
53038
54244
44504
20828
14431
37549
1519
60138
48427
57607
34791
16918
43957
52782
38009
14340
40729
35502
10986
37212
33446
58061
57774
65519
18703
61703
9298
33144
37379
18183
21625
7961
60021
33863
25292
40105
13391
40600
13903
48296
59719
11774
39704
11896
27282
2463
39033
13511
50558
54507
53865
39340
13406
37266
16304
9972
2539
10239
40721
8817
26989
14606
38012
13526
39491
7337
26288
20825
6317
24216
60926
14000
6665
12758
33261
6269
1897
4365
22649
4229
57413
9303
45583
21930
50271
59585
65516
7076
65505
5034
20500
36466
10503
44803
22652
41986
57459
17760
38365
62928
17373
62422
39017
9581
18473
18537
64694
9005
37670
11446
38953
11440
64688
12185
3535
28962
27662
2437
37616
52192
54844
50879
32093
5089
268
56239
25672
2101
58716
9117
49540
61270
10650
2798
47941
26623
9613
26168
59900
58444
49403
9354
4838
51091
402
12188
51229
2434
48277
3964
49567
27195
8844
27047
59741
5357
51074
47237
25666
50112
1765
16483
44457
32024
18793
43449
43107
63002
20467
64542
29057
18657
42234
19449
29416
63246
41187
33783
58449
62806
35084
38377
7244
8764
7233
11318
40714
62556
58871
33370
18669
57866
37895
6867
22641
13698
5546
15491
20947
35073
34607
54676
22871
4689
22452
34844
26756
21418
24410
8765
38858
26598
11322
2958
47701
57799
48541
60089
332
39052
11120
47770
4998
52531
52978
36571
21519
24919
18126
39232
32958
15857
6388
14060
3722
22608
35971
7999
17478
38853
22534
18280
42140
28999
8303
49391
31166
64934
17400
63100
44425
62185
31881
20383
10471
51311
42760
19109
24058
28180
34256
13806
63438
13914
6451
15123
26449
17037
21555
4346
55387
22633
63817
4870
1802
32493
18937
60506
5456
49415
56823
49385
41308
58441
27468
55820
34897
38137
58109
19880
49778
39239
18127
42575
31774
32414
16504
47762
62873
62345
42440
10111
17479
42191
44536
18083
65096
42312
19625
44057
42147
31380
18291
30150
63809
17537
41588
18553
29576
65022
42627
9532
37829
24946
47413
50460
52799
59056
46748
61311
25069
6285
37324
48069
47234
49872
133
7844
59314
24545
5855
24556
35603
34970
32786
6407
22012
59530
20676
33203
5207
20847
21489
36668
2178
53220
56575
53231
58380
9533
5354
47410
40166
17245
57943
25411
29778
927
40160
31429
53147
15423
29099
3426
51150
25860
29253
25359
13794
57010
49736
32651
15663
46709
179
48121
40920
52131
48552
58532
40361
11169
45401
9123
52097
24961
37158
46632
275
11294
58906
46755
38354
165
47010
58075
38051
7336
48419
6309
2840
24872
37668
45090
1829
10527
61230
19212
64308
44083
19761
62420
44396
31847
17340
29658
44258
32178
64994
19489
44323
31530
64703
53498
3032
15022
56996
49620
3578
26358
56921
25006
14982
30545
3414
53288
42787
27411
50778
34314
64150
43685
34615
14180
59148
47819
16713
30670
42616
53684
38733
19085
14127
35562
2751
47625
51558
50579
46952
39108
38761
45204
8937
47306
38209
48705
51176
47592
52851
10686
36986
7221
23661
3125
7485
15723
21253
35853
7461
54021
60509
27997
23995
7213
3365
35808
15328
20229
62987
44805
16653
62571
41984
30219
16821
29792
65517
29165
42171
20413
41397
30384
63152
9968
65446
51710
10230
41384
61840
32667
9232
29950
53131
45339
62589
10518
50974
18057
42613
53248
1288
14741
56939
1992
3593
6550
35040
25246
22861
55117
59622
54763
14197
24766
2633
9621
51821
51813
11933
39115
51344
10861
8933
8805
51949
48717
49901
10989
52853
45168
36976
10908
41057
41059
18321
62148
51148
9570
12012
18531
49330
46962
52919
16609
42867
31354
39295
45155
52327
3221
48482
58315
39011
26054
47331
25536
1352
28280
51377
48354
3445
11455
58750
35987
57357
15214
36241
3778
59551
24589
33774
28261
15334
56641
59627
35814
15731
4172
76
56019
51883
2915
24932
52955
467
27604
30494
28383
12324
32296
49432
46712
52670
27183
52014
44348
13101
31986
41429
24341
61856
56114
62295
57261
36093
15232
41355
42075
43807
21461
23340
4124
20010
7121
57818
34598
11718
39882
57565
20502
6048
38871
9910
37142
39721
19114
57722
59356
9406
6571
59567
5236
9930
60278
38685
40052
4311
36896
11706
59435
39215
11470
4534
42233
10078
56534
15833
8744
46394
49236
42008
51494
30456
63001
47139
23896
23598
47833
11809
47945
63254
53494
43002
61481
7034
4553
50694
32977
48538
401
60262
44625
14937
22490
37217
62207
15917
31451
65264
21791
12860
19117
63570
34267
28727
43660
41613
63325
40981
16044
23084
7088
32495
24580
38857
36477
16861
44031
2827
12363
24981
57805
30299
51016
57530
16492
64796
10590
50203
11319
37695
38416
25945
28222
39640
46843
8761
50998
1496
40226
52060
50416
61142
56409
45871
30363
42128
11559
45622
51774
15576
52050
56638
24022
47400
42107
63088
48188
38697
38963
61016
47416
38713
58670
49913
47864
40484
26070
9521
49242
49688
37414
51758
3801
39449
30288
42827
34205
44556
20668
35616
53749
65341
53250
17404
44535
15163
63719
12352
63424
20909
54602
29674
10957
524
16753
30973
64208
13574
64433
36457
24257
31069
49741
60092
32666
65040
12810
30496
34152
16074
18459
31228
61479
41542
63787
19142
23226
30812
16054
21875
28832
18199
37312
29728
28621
58213
17170
19420
15243
49483
44055
27394
60348
32095
957
61301
20437
36125
17797
42054
31489
62611
22202
54668
36560
63803
18118
30512
44797
13629
62436
42570
13322
24231
49562
58296
48068
52686
40883
57706
7009
52705
8136
27542
1769
37238
49592
1651
58307
39865
37642
21423
13855
50190
3961
49566
64288
41468
65327
13904
60489
20956
44453
52291
873
3043
27471
30595
47928
1795
55275
32251
1683
242
14936
46911
49410
47944
340
49390
31391
12687
271
45945
47575
972
54295
30463
1768
1874
3953
45115
52197
45379
2071
53180
31904
53595
41678
45225
23571
24078
29229
30175
10001
13370
10264
22058
43598
47610
15786
13753
18997
32338
19584
14164
35126
62108
41189
56207
45315
40086
28728
5274
21751
2964
62081
23008
14095
41266
38819
24194
30203
39081
1306
723
55858
63250
54695
18935
39306
12834
63517
50574
61171
2643
24661
19148
37049
49662
56968
45320
20764
7036
34749
37223
2043
19885
59242
2899
28723
52547
18981
1084
50828
64867
42574
54565
61089
9614
58924
52982
62013
25994
38143
64746
42190
15931
54718
49148
22204
49861
32228
29403
40473
56458
8471
23969
15880
47350
13324
51781
31843
42837
65247
3754
49182
62160
13600
41637
59946
37619
58643
51850
62812
570
40697
43349
24117
43653
12265
22380
15072
63546
12371
27630
61911
31616
61616
12791
37777
35612
42908
21897
43006
408
56339
29811
27138
13423
45442
47272
41205
13764
42564
56979
15860
29979
690
14063
49071
52878
13523
20101
54721
24051
47126
47523
43650
12980
42269
55812
13907
29215
24132
15386
8446
46980
51189
19621
40895
2256
45937
47875
33069
57708
33810
39856
95
18092
58319
2320
49001
27976
8222
13492
20369
37295
1631
25875
57087
61611
54788
18672
39158
13730
61812
40844
1247
3828
62716
881
28564
41973
44844
12607
47880
37953
48993
7942
24400
484
49992
16271
13228
43861
35903
58493
59670
34544
22153
58127
35796
36143
36774
57380
6228
60850
33808
6022
57744
23635
4850
902
58699
7998
2528
27020
30874
9602
26013
62867
21059
50679
5006
4843
1081
12945
6453
52759
61505
6908
14970
560
54678
6277
28865
21832
33512
2189
11916
34625
1964
14825
56710
31905
40893
32020
50864
23321
48226
23686
9739
39858
9186
56312
44164
8685
64531
52460
9220
58196
23780
17726
38373
10591
33438
8008
5378
23029
62047
59899
34899
17384
37694
61956
32349
56008
60390
30498
57484
41193
10747
12375
4157
40776
5348
53249
14875
7489
43699
59743
9106
2168
23419
5534
15424
48204
29603
11122
56523
64419
62339
52418
7806
33611
2201
41969
1929
35847
64123
27991
39246
12790
7525
59897
10952
23509
21333
34041
60503
16971
15340
58123
44426
56219
37044
56653
50666
64929
46181
64762
46436
38501
38117
32243
23629
10468
23408
50189
28241
57336
23597
26392
60384
15194
9931
58705
7277
63003
17547
35889
2440
36189
13854
40773
34043
61108
60194
34063
23791
8005
33198
34331
35682
60078
57998
59083
36543
4946
59395
21752
14154
4301
40020
26605
53130
22465
45616
41114
48177
39221
39045
20170
77
9348
60080
51453
55270
17860
39517
55156
49168
23225
46391
12358
47837
38226
8834
32966
41076
11917
22899
51596
7317
40258
64529
11164
43802
912
56488
7541
19444
23320
33672
891
9084
19841
52684
15497
42844
24583
63880
32230
61267
42753
6197
15088
12280
60430
58179
55193
15329
33364
49376
59634
11278
59277
23181
9738
64234
38965
34052
5091
35478
21842
18523
59474
4425
18263
38716
62958
38332
41242
30227
63585
30817
12002
20431
63052
17572
41423
51215
29047
61937
30179
65251
46444
52245
23443
44230
40443
25511
25362
56643
31944
56433
44360
52725
15476
19870
48144
60815
27647
38543
23103
43431
38900
25297
4434
54458
18068
55591
42097
50348
22244
18431
47386
59219
28636
20622
44320
27177
60824
36402
36436
48080
15024
48854
464
23966
32445
12765
32901
60899
35587
64373
37013
50587
62413
29645
29563
48709
8395
46461
38989
62352
50555
10432
31813
64837
31637
59833
59957
22886
58477
33080
6120
6117
8150
35560
58045
21600
58968
4816
36649
57829
34309
44990
3356
11285
61704
54118
54200
7084
52352
5026
40352
41230
25479
52653
32697
24046
56078
39699
1914
34380
37793
11922
45844
57244
59715
53703
21663
40655
25153
59281
9596
40323
46543
42259
42940
26140
65268
33176
53784
48956
14668
45527
1276
41923
29415
14279
19267
22414
57294
60441
432
34393
59565
36504
7560
54880
60137
53718
20736
59584
26550
57613
34169
61061
4245
39605
44400
31605
37485
45677
45755
19392
64581
17355
44432
37376
29517
64925
47589
38885
47621
14719
64051
22164
22418
8498
29362
29875
55716
18148
13428
1199
43300
34803
5775
63471
49119
23269
39694
23099
20795
11832
20203
19950
35384
16475
20968
57653
61528
4366
6750
64853
11061
64483
1834
10515
65074
29357
16712
8159
50716
4820
38063
41834
24871
51105
29996
63365
32713
60019
59123
59847
58049
33170
25204
25215
5796
6722
59250
20943
3860
5290
36732
59203
57295
65404
64147
43412
62625
29857
16706
45692
10695
31089
49730
42143
39490
17098
32643
61827
32716
22681
36771
52085
43155
45613
53406
8567
12601
9083
50764
38236
34521
12707
51541
30154
48722
27267
32238
31476
309
55266
46900
2963
15090
14932
48542
44539
31314
12776
43599
47925
15759
1854
29228
48326
682
54039
45118
1764
14171
3185
46740
42639
32341
12823
44048
47578
53586
50019
56236
21679
37134
28617
49102
19408
42236
20447
20944
3486
57148
44448
50122
6926
27395
36746
26597
12273
21504
46916
53748
49397
22929
50820
10480
37789
55876
58093
39242
54789
52549
37327
11909
642
37824
28620
49103
26453
38674
25116
57949
58368
45599
38941
1183
11157
26117
28815
11216
64124
15774
30600
55291
23836
6682
34743
64941
49416
10193
57808
41043
56067
3566
10789
47514
1801
40403
27646
45787
4551
11333
6761
26188
9612
45981
37523
58361
48339
48882
49086
55564
22368
43219
53299
25448
16855
31872
16480
34332
47939
54263
41628
16126
31150
24984
40671
48064
463
37584
46508
46559
5728
38047
8143
256
59632
49052
40336
51455
10805
24821
17738
34400
51786
59536
48468
32404
40304
54922
10097
52637
37437
33185
12544
40026
24725
51029
31765
53795
14168
41679
28677
54178
46820
52424
32350
1684
54927
27764
41492
14085
55663
28978
42159
7491
1137
65013
32732
57311
48622
50292
46266
488
12597
25779
40264
13484
35839
31541
16117
10707
64533
43180
25526
53311
33063
59353
33554
63004
52195
8409
58019
53177
55712
45384
11125
46099
58454
38851
27150
46027
27266
37035
24926
59895
8012
46363
37140
57865
47555
24978
21561
53882
46587
13555
45949
54846
51842
21222
50461
10743
40780
55278
12868
52293
57258
45378
64595
63064
42072
63065
20446
29521
32083
19412
29737
62289
44346
44068
20438
41438
28966
19418
43261
44870
64945
44874
34410
14476
32813
29232
16761
64221
16400
13616
31745
61898
54497
36519
43404
12333
61995
40976
34223
53847
18192
30007
34853
65063
63404
43405
31453
63653
56855
35548
15488
22155
40580
43804
27305
54103
26659
56491
6030
2072
2297
15394
19442
52906
53533
25914
63640
50663
52967
39247
10956
43081
19126
16910
11964
43526
28745
43273
9474
51100
45639
20166
59733
49175
65089
60044
56010
25181
55369
5627
32378
22600
21006
1421
8439
22426
26391
55561
49718
53019
52562
52316
9888
2137
24664
45790
45445
51768
10793
1502
48338
40412
46221
7894
37778
1400
23931
58702
56464
49996
31764
11727
54133
64420
19587
52431
4296
21397
26694
29681
41975
13746
795
13632
27708
13440
26904
29615
25391
50596
46474
16293
54731
1008
55527
25334
60485
39746
62225
39756
31658
25421
54046
7115
19843
23832
21502
3195
11463
65018
48503
56569
62520
44210
62439
64751
19308
42073
30296
16862
32239
65334
30297
45022
19298
44300
29671
16854
1169
13649
13126
14681
31753
50410
55693
45978
54250
42487
55692
3993
54774
13321
30806
29239
4073
1654
44567
1658
31452
46054
55388
27798
55056
14477
12848
3297
48065
14252
45489
30000
50522
57432
49702
51753
5598
45702
46990
46548
26665
52820
40666
51480
10808
37598
28198
10921
58098
3206
59467
61278
26880
652
30017
10495
26688
62868
35139
50684
7416
57861
25686
53905
63811
43702
42936
61513
17870
29249
20154
17668
17086
44769
42906
42465
18950
44750
32374
19146
35802
47235
3261
36782
28971
24825
64599
56659
44891
50763
8573
6281
54297
5051
45219
32087
31324
28396
31478
44297
24913
30465
48
15101
50822
27913
3473
55878
15841
14938
45056
3724
44592
55166
27496
42975
28178
28681
51853
15959
43
46742
1770
57066
14107
2931
31331
26455
62709
5040
13451
23856
26309
12181
5100
61723
25669
21335
15676
8565
21293
12709
6912
27404
18273
56649
38422
8288
30593
55287
50697
35446
41041
57552
60956
28807
7868
4385
54793
52553
26940
8681
4629
24748
26307
12179
27977
45696
48499
7724
8400
9187
28192
10719
11161
26121
27273
33772
18845
3388
46918
53750
60416
59894
39238
33584
15677
36742
58199
43584
56076
3552
25357
20159
28387
47513
53392
17467
19591
27835
34880
26187
4557
17963
45694
4202
17679
32247
35925
10110
22759
62101
24586
4875
8013
23515
6378
24573
54912
7099
63355
15884
10654
24989
49040
17440
25712
27488
31663
19519
33664
46197
29583
28143
7020
19759
7653
8133
17968
56304
33190
4992
51784
35692
32487
48881
65328
54920
62951
2821
60848
9601
56815
10102
27632
41296
7235
9358
15953
21043
47929
6386
27277
60424
27994
1686
46826
5467
62088
44601
7987
46903
58371
7760
376
60826
47839
6463
28252
37960
26389
3553
52489
8837
60902
49507
4348
45104
3642
54414
56379
1966
28091
56122
40781
59473
3307
20477
42624
33626
648
15141
54958
45389
26871
18515
7466
28474
55865
9112
47937
25949
56969
6685
10199
12264
46217
11225
18931
24977
16489
32287
58667
18787
48504
55856
52193
36538
50872
39453
5927
56960
33406
6162
55983
45377
53251
27299
4978
55753
46312
34288
29063
19417
32027
4535
46987
27193
20435
26669
30207
9185
10586
10464
35121
37680
4833
17457
58876
63799
61265
5018
21495
18913
62438
23020
19456
58188
38969
29411
27796
49715
25410
19513
59735
63581
1410
7937
24412
18665
41554
15503
32563
5351
37326
7068
41439
58217
27125
10917
47872
21567
46703
44336
58122
7951
24060
1182
5584
5436
28980
34025
1620
31493
16967
4849
40089
31460
63873
255
3407
35207
48869
26596
7984
62336
28527
9081
45612
7071
57343
18095
5353
25135
25667
48725
47877
8563
7823
49004
19616
36656
35200
31488
15084
21258
9350
33430
3404
47706
26593
15863
58118
28977
52528
63881
5388
59472
26843
18847
8297
49070
34297
8552
53751
25495
55808
8551
26619
17403
26890
27443
16595
9105
7102
6403
44544
63406
7226
7899
45319
35983
45065
30300
8009
5010
21007
22586
9902
4861
47525
19440
12143
4149
48275
11107
54832
28428
54959
11104
24639
20479
27596
27040
12137
7321
55192
26160
6065
24591
18513
18679
44416
16849
30535
60796
3669
26609
19296
45448
35993
38121
35615
4387
63574
22383
9481
7618
10583
60356
9049
40705
20316
4114
22308
63488
6755
9223
20959
6172
50404
21420
48911
5743
10320
57780
45663
37862
62256
5935
58225
42047
7372
11264
22588
30419
15135
13045
26715
34058
25063
52793
28018
13916
40777
31545
51155
3310
55710
8845
25538
18195
48478
26979
35072
19883
8001
25874
33369
47698
45314
11128
25635
45070
19151
34039
31550
53903
1303
32730
29579
6457
40769
32494
52296
2642
25058
33360
29370
25463
27123
17543
15813
56342
45839
56094
37823
36037
50609
13131
52332
46340
49331
54128
15608
52578
33704
10420
20938
36728
17118
36723
22547
18026
20518
64881
21982
19158
61465
33145
64708
63656
17508
36369
21614
34082
9059
35109
58547
19566
63768
21368
40910
17876
63763
33715
21931
38084
18651
33316
44652
18059
15533
31532
33746
31424
55484
65250
56359
14461
22725
18245
64306
35861
29101
34159
1948
9586
45534
27263
37662
6860
38438
52807
40926
46646
52105
11900
49346
52648
4802
11542
37370
45095
171
10892
4827
46762
4894
40273
5403
3352
478
48426
36919
27173
47015
8158
40364
28445
29280
11295
22709
5792
12523
52610
13664
31243
64176
24965
52391
62059
5291
36541
37390
10984
50580
10985
10436
47369
48707
38840
46449
38977
52890
45758
39270
45171
46950
8394
41472
33003
42439
31408
33483
54528
55109
41659
55677
44610
65228
55477
64011
17791
56941
35520
40458
11234
3227
11244
5067
45162
26745
39089
27773
2120
3790
12003
40039
27509
48487
5582
44444
31863
45582
31615
37566
19404
51944
62279
51561
10502
51945
32079
44178
51048
17346
10166
43257
53286
62884
28697
17108
54778
34585
41558
35096
65041
22442
55385
43734
35091
56993
19162
42922
46710
60616
46714
9064
56026
34851
44577
7348
22552
21214
30489
52065
8126
24929
17886
58277
25889
29660
5406
62485
7391
43389
797
44960
30055
62911
25388
1446
62418
6356
17019
37886
46630
52132
11145
5284
48377
11546
37976
11284
52609
506
46169
38454
26131
48550
5802
1893
34168
48863
55998
37407
6501
39972
3707
38367
48084
50707
6261
12488
51106
33384
9236
29053
38362
32534
41241
48852
11607
45919
63051
46420
29808
20421
39975
63230
17576
40538
48095
23619
57344
15208
23953
28354
6210
28384
35848
24763
15846
15770
58859
36105
56179
61004
24732
22250
64153
43691
22327
55140
6119
46965
18070
31352
41336
12643
39501
18416
55855
22506
27247
20716
60524
58833
23863
36145
7905
33724
34151
35873
58151
60732
58801
33756
4186
60908
35596
26695
62985
5563
3708
32200
17224
29161
1517
30392
7856
4300
65512
96
6338
64841
31641
48422
60313
53425
52768
34621
34646
36169
2849
32909
28348
45152
20614
220
32358
57833
34313
60501
23648
3131
60733
56683
33771
33760
7131
56555
58205
3376
23483
5072
27429
24032
56064
25158
62924
34379
1913
11767
18498
11551
2424
11287
54389
57232
61554
60062
53709
65100
11519
22853
59849
61357
22429
33181
4680
33141
35531
36733
57627
58613
60024
33472
5760
59209
36757
28337
23712
35668
3516
7926
36429
4880
57572
5398
36335
56172
21885
60175
56785
23936
7152
54253
40912
56509
15792
45531
9307
9296
15547
48987
56805
35680
38443
23301
33643
37200
46640
63827
59129
22166
63281
9991
9300
4677
35320
6733
21576
62467
61320
34809
18154
37210
10511
61529
57404
20535
40198
19974
11606
7916
32817
32993
24033
64777
60241
7434
16464
40528
8192
38528
65449
51704
38902
29096
16717
29765
12205
32648
50315
49573
65405
8873
47646
61833
30405
46161
61690
27261
49450
33169
33412
17219
3974
19265
25152
47372
62852
1705
46951
22410
36755
26551
61500
18808
14266
30626
16705
32179
51837
28706
8821
6511
64481
43721
33380
63372
30403
25964
26584
58559
55393
50147
56478
30578
19557
41247
4788
46102
26325
17368
49680
55547
30804
