9401
53015
20272
5444
42421
34256
63297
22785
61527
42783
5895
17431
36527
12639
57103
50238
3818
27725
23727
28142
1854
11851
8931
11876
20531
27751
25927
10820
10859
21999
25965
2730
25832
25419
22259
25986
3138
8783
54756
8667
15412
47002
48442
10283
8303
10579
28523
2872
6322
53902
4857
9096
49795
9090
26808
46590
43502
54345
48868
11704
46329
52818
54261
44349
65259
41028
5551
44344
15076
23940
35894
6027
11417
44059
53889
34580
36123
34195
42344
63393
28413
3261
28869
26915
40889
30329
4091
18983
52996
30808
19444
47837
18102
57596
49710
38910
60748
25565
21852
48709
25694
10967
56883
8868
8789
24736
28631
11997
8363
15679
25250
2138
17599
62343
22949
30755
55357
33095
39926
17348
22076
26969
43342
34926
61265
37897
37887
13367
22662
1409
35296
6281
52532
9358
51289
59889
6450
54067
25224
22666
46072
2134
14655
40427
32293
41512
20735
31156
55621
34432
37297
60506
16183
51241
6382
35371
19455
38896
25170
57076
36431
42462
34053
11657
44542
36215
15087
4145
36080
56479
44151
6071
21137
65193
42409
65111
62699
16145
58886
42036
64484
60200
31225
59569
18009
55688
13896
57713
46264
18774
13185
15259
42237
13870
16466
43395
13955
61225
51544
48574
1624
10468
20788
59182
46009
29426
55742
64349
47171
27867
47589
45645
25522
8412
56644
9931
54621
27164
47882
45415
10927
55539
26278
27992
1275
38513
30991
26868
39928
45524
59135
18648
30403
51496
4020
30833
16683
59843
37819
37121
42232
55729
12041
42371
61513
34121
61675
33915
41124
6043
7729
21684
34150
36854
44923
12628
21958
52114
23938
14762
13389
32733
38175
38907
17732
12375
55262
30579
40892
15770
18156
16115
28899
2720
15257
29238
42038
51874
58083
30976
13539
59122
1842
52624
32706
57497
61376
44003
4656
2873
13397
50667
43147
51822
1508
31945
14468
4094
2638
49577
53006
21221
57593
42224
28870
5431
40537
53002
50362
61155
775
36458
2238
31855
32239
34285
58726
17679
5911
52982
22162
44438
35683
23013
1107
46866
40248
25799
33859
7362
43689
48400
27597
38808
4608
2825
18738
17149
59465
62046
64904
13379
2341
13645
57934
35205
17491
13298
60728
3828
36132
62713
30121
37132
2729
48287
28143
51970
58790
58117
3635
29685
39925
26624
18012
48191
18780
51001
8272
22174
16850
34060
65106
38195
39111
52353
18469
34922
33773
40089
38171
49498
11143
14085
30978
31972
2821
30400
51440
17892
17164
46987
38994
30491
30011
57496
20065
46672
32100
49490
17308
34132
20003
13575
16062
40329
39388
62743
18877
21344
22757
62773
19857
40651
36561
39138
12092
56832
18201
21408
14389
31605
3473
37901
60809
32860
42754
29916
39927
50993
21765
12706
49141
12088
39573
46076
28220
35124
18930
19048
40242
48705
9009
36760
19780
20229
47688
27189
46591
9210
37945
27127
27975
34019
39262
36173
40334
45638
9270
35325
17027
17145
11850
26687
11420
38899
15925
49313
52801
27614
673
16479
3396
51549
37309
50953
1623
21920
30195
56812
35845
20232
59925
33522
64825
13113
2301
3096
60994
33869
18932
16291
1348
462
33134
64147
21075
41417
33829
13293
2228
48158
38275
26564
33672
44046
43624
47897
28533
64830
32674
3413
2477
57762
30065
61244
24994
38393
38897
30705
30585
58394
59709
38777
38257
38265
48972
25626
40903
31285
28007
19654
37286
61336
45574
61397
25750
31272
32568
60053
60120
26887
32549
39447
36875
31715
26721
16467
39907
58340
45065
57561
27545
32443
29675
60313
61108
25857
28851
39787
62186
34732
56935
4834
64226
11437
20704
21010
55189
7757
32829
11692
23114
13726
34124
64106
53767
23187
29207
47504
54278
40867
52683
16846
29718
57710
24328
39445
40056
51568
23765
56683
41483
48652
10615
7171
51717
42501
55982
7831
8565
10196
45069
43216
41070
53776
9695
52695
2394
45394
26743
57951
2575
57544
58819
46624
28358
48596
48212
60357
46891
974
47570
474
62365
10400
29979
34057
44559
53916
65198
60820
7696
24184
9675
28015
12909
38163
21269
43114
38203
60063
52833
34096
63392
9639
34194
58643
44700
23946
23706
48806
24094
38292
57999
38683
13576
11727
4714
20566
55043
41122
64234
36525
6754
23073
11460
44572
61514
62050
21113
57051
13774
22469
47578
58277
26784
3081
3332
45402
48607
47943
59054
466
27825
2514
8224
56951
161
33190
42001
20652
15308
10503
4780
45670
42188
35351
36807
9366
11623
49825
19478
15121
15527
35584
42199
23605
12789
9741
7317
9580
41221
34702
34398
10252
10093
41623
32864
12663
38385
30713
28017
30201
38905
58100
60671
48175
27337
30577
30193
60105
60785
708
30073
38769
43434
46086
8977
4815
52684
43456
57002
32171
10364
11739
45575
42006
41495
25887
10592
50289
25498
23305
29547
46738
56073
37859
50952
18184
31587
59533
21332
39779
38328
50646
58978
55505
25837
27116
24978
42274
32813
36594
61690
58474
42877
6090
44588
59885
34172
61420
28522
57730
2826
24802
14239
350
60037
8939
23637
10173
15075
27063
25312
8420
11703
20492
26301
59244
2648
27110
12627
1714
57485
12015
12381
46215
14212
47194
28300
10587
9660
61413
25275
57731
44781
12341
63321
25987
57480
20786
54254
11816
15246
48436
2633
20728
10562
5465
54606
34690
63239
41187
44694
64254
35395
33336
7365
34782
43683
41511
41526
32920
36142
5376
41150
34662
14324
40181
26562
16197
61224
31491
57262
6776
24952
35822
39859
31950
5733
8393
64552
59170
1274
28658
15052
26878
60197
9719
9717
11645
14325
26231
25584
11517
10103
21244
27005
57724
62698
63148
42140
43070
35653
12189
34352
34845
43941
55693
16354
5034
20874
35218
62282
33132
3819
3247
15248
52964
18313
22078
5090
21578
64482
25928
51
24490
10318
21472
577
59238
44792
15449
42947
43394
36749
7074
65514
23217
41325
6205
64322
11268
34380
33014
53940
34595
65274
41202
44748
56669
23218
21085
23644
5930
55810
56538
53852
32973
24026
34242
42365
34684
39579
13983
37126
39476
33097
61272
36658
23402
37369
3208
16355
58881
20878
36752
97
33126
64061
16213
39666
40067
36744
60249
65518
23224
37304
59364
15241
60510
22146
36089
15502
33058
28408
26102
2869
26914
61229
11772
54013
47895
14893
45514
25644
45879
11388
45877
24699
59171
12711
38406
25798
15165
60201
32712
9890
6247
27593
65358
40947
29451
4382
10656
63079
57718
37182
43510
41411
61621
32904
36579
40974
17486
42856
7767
44678
35320
34229
32677
51527
33059
27178
39326
41088
3532
21775
2811
34940
18788
65175
15190
20448
627
16783
5674
14552
53329
43432
37031
13992
6597
12114
29599
12112
37549
22213
58175
18086
50586
18857
57323
1338
57316
41742
40849
16333
5632
5116
46739
21260
39320
23026
47411
20457
25499
20454
54874
2363
42749
50276
8725
52315
49567
48326
36199
2198
11088
16902
7946
10775
7296
21255
27531
5122
25288
28507
42385
16233
48208
57541
51371
41463
1298
12557
35273
4879
50448
2212
44870
62116
1736
44891
57557
40809
35078
21331
63933
1195
8695
38116
19927
61118
33037
14711
28486
31920
13832
54372
1018
27883
54274
4773
17097
56304
40557
11488
38966
58879
39373
39065
56139
40519
49832
42881
8012
26156
43871
32572
53322
31558
43846
26609
28762
6689
46897
42736
28743
31583
44282
52766
46361
53242
51363
46537
6730
52207
7151
31999
5070
11805
31823
5722
51082
6307
25549
56251
7350
27686
14342
18832
12823
17519
41404
3531
58631
36315
10807
63756
32641
46928
53223
27435
62157
52294
26608
11350
3780
8636
17694
43575
63497
18850
882
18451
12161
65124
57319
26029
5699
37021
45993
30259
35805
32575
8015
18073
10365
6958
34409
4394
52282
8985
49214
27048
8114
1688
49062
31215
22718
18838
8112
58339
8567
5306
22229
34007
53227
10613
53220
43133
763
53482
43980
4240
19542
13516
2152
21916
50409
45811
37384
3046
53546
38017
42398
44081
18137
36885
8191
34313
63102
27441
11057
39848
31274
18397
35752
54826
24652
32559
61588
24666
54027
63090
58636
58098
49556
63495
2323
63741
36694
9731
51567
315
42672
63752
3277
15350
58471
39675
14913
12378
18439
16458
2463
38576
23983
21980
37499
40476
57743
21451
61408
17888
30541
45740
29237
60642
61006
60640
46986
45221
31255
48522
59933
60775
58770
32366
16556
31027
46209
46755
50670
36925
57922
234
58475
27821
28768
30028
59464
58732
61414
28955
61417
43253
7502
35900
42116
25144
57487
15243
22263
40171
6201
30083
23175
20799
64348
10589
9522
21913
23060
52906
23782
8355
653
39479
49287
27293
23915
24136
36893
37399
40606
10113
8879
19708
46974
43982
40795
26120
7076
16198
65319
44905
59071
49017
57309
35819
15354
60087
28674
40508
30942
58114
28130
31221
58583
1840
48186
61264
48282
29047
48058
58791
3490
30125
17232
2051
22637
3496
39775
36668
40011
35654
62377
1841
59131
20871
38248
16367
33897
59844
35221
62703
20107
17043
43059
46393
60043
64495
22948
19519
10724
32072
61028
22075
14483
33585
57910
38748
23227
14138
3003
65511
18411
36737
16220
3142
57855
22156
64583
64335
35616
57591
36095
15785
10170
38926
14134
23632
39287
60044
49212
37367
21931
24023
50871
668
19986
11313
21762
22838
35601
9110
9017
34355
11032
36671
22628
5785
5192
20868
9233
20875
35219
34955
36767
9202
20925
5634
55608
65508
12057
65515
20919
54936
4995
34377
11134
22159
36860
5166
34549
25833
31355
60502
52813
50014
58332
2634
58283
1626
30636
30416
60891
60844
2870
49041
29427
18691
46193
42129
20479
30217
57188
15153
62312
43944
57787
47992
41745
65355
13480
59604
45830
24406
22568
24980
12513
56484
20029
36992
39195
49170
21871
21065
2436
20119
37179
21723
9923
42361
20330
63348
42945
7727
49554
34255
39325
65273
50413
16770
50282
20460
41201
39308
4132
27779
19482
25016
56046
8629
61903
11347
64714
27221
39617
16671
64017
20396
57326
40828
12168
53378
20331
26557
57066
10428
61779
9567
40855
28252
39512
16771
61915
20453
53332
40150
9917
26067
55173
27534
26379
48822
9563
46736
9683
26848
53351
54752
10067
10203
25502
11934
45240
44869
20497
37240
43768
31269
55503
36035
54730
39621
2986
23423
56849
45996
65454
12412
32552
28485
27173
12664
25655
9254
58110
59701
23667
13555
53803
25328
60101
23848
4014
11000
12072
25875
18138
56142
57006
10053
39836
9667
62810
55283
40529
18399
63450
17388
54190
37820
45128
42357
43845
63358
51374
31557
32968
30256
5696
39845
42360
41203
35749
5931
41207
6318
4142
50130
51081
42941
52740
30649
4180
29586
4962
52194
42349
41186
7138
7892
42253
32404
30397
51554
43705
37229
49562
29836
33364
18844
7359
38114
44241
41567
35337
36305
53226
7428
32653
55650
32887
12653
56580
10937
51360
11359
62926
14857
38967
19216
44663
17317
57322
62752
12173
53026
41289
43588
51956
29001
31997
32562
8002
41465
44109
45042
29177
6692
44285
31284
31821
52403
41397
41400
52571
29830
29271
31200
7347
42070
41607
43344
31317
7611
53230
6894
32648
53778
57563
55844
55978
11596
3045
11471
999
56831
28248
59315
2919
46053
53956
1462
11341
53282
27433
14100
27453
11049
57549
59042
22034
15305
53284
24818
60361
22388
12493
11069
8260
41139
24443
38878
44635
32432
53699
34131
27047
40533
318
20771
54395
49061
61448
3856
28862
33569
30878
37790
6185
51438
18535
64511
7167
18144
42703
50791
30336
33729
63604
43129
37760
640
46910
12459
1259
2987
11048
22870
8803
22214
26984
26184
8259
9432
13035
48542
16
911
45364
16321
26852
308
9249
9049
9177
24569
26209
26945
12073
11217
13137
47252
3871
21431
24298
62043
10421
44526
11956
28245
60924
4691
55794
54669
21951
45821
3767
13356
62080
62022
10980
53905
62715
12545
20948
35267
7238
10511
43384
57268
23657
4395
62120
7592
15471
544
18378
49674
28158
39517
30589
60656
17877
31746
50622
36909
30076
18359
718
20055
40156
58695
46094
12887
59462
3419
46190
14582
11939
59872
25507
25304
8917
9160
15947
28181
2480
17195
33847
13229
20000
16113
36216
40645
58377
21961
604
61995
35093
57869
39032
1215
13132
33665
60907
63802
35004
64826
23995
40540
59638
33535
13296
12935
22912
58871
39089
14406
37455
17082
36443
13000
32178
56824
34747
39516
20162
23798
50674
42424
34259
16634
40413
40492
12838
21121
7630
62158
21695
37943
28999
13321
10991
18853
55561
51486
7200
12113
15716
56681
61984
63823
23467
38401
62714
64266
59255
17148
59830
16396
14775
13943
58998
60855
39409
21739
63087
63920
20938
7
42078
15198
59949
29269
58812
57429
54205
16173
60540
48829
37463
22618
14032
59713
48644
1002
46153
28244
47978
54521
9417
46050
28591
24785
45922
12225
13345
25625
1471
815
57601
50123
3834
38855
48602
58818
18803
30144
37415
3290
47583
19838
964
17659
38518
62390
7156
41921
43096
64500
34852
34390
5814
5833
42715
41761
34425
35035
62216
6152
63103
37708
52034
51226
51261
19266
17213
17980
30284
52130
50714
49980
19362
18458
37805
30893
17946
4048
27269
14955
2571
57702
12120
61328
11445
12550
27832
28643
10979
45454
15367
45406
60519
223
27529
15313
1876
60297
9041
59106
46722
15193
26033
25583
11097
47242
1690
46932
58977
13696
14876
14299
57070
22405
23796
9555
21039
14163
53837
15410
23247
11556
13659
23866
20583
64624
43587
44315
37287
33142
36808
31136
35957
42182
53070
45043
35491
16670
41671
6910
35867
15478
38864
28023
15096
59941
28686
11459
5590
27333
61624
36949
32256
6104
53963
34571
60535
800
27429
14199
3835
59254
46654
58160
9589
2976
25976
24819
10229
47134
13815
47310
58999
62272
12652
43031
65275
34678
8705
34243
22882
44742
12977
15375
9372
24020
62382
21738
34327
38287
1814
64362
65258
34668
20683
34143
21312
63247
13639
12448
23456
24107
62442
60987
16481
62143
63359
44497
44372
35513
4292
35935
34169
43529
42276
61689
7887
34593
61956
36593
36049
12988
55986
56794
1258
57708
61341
59794
11452
25756
26989
28642
23042
45450
12813
11533
23770
39967
12646
37233
64170
33148
60423
36047
24416
39628
15463
16128
57606
23259
65450
60059
36625
64608
15324
39639
64238
33205
57437
35923
20703
39509
12429
13906
59148
22452
64523
22426
36823
559
27177
282
28148
59945
47418
47410
47378
306
27761
25343
45362
45338
2362
48580
60529
13852
37238
26737
14273
59260
29383
9679
6416
28364
64635
40128
29894
7547
54186
33191
58993
38496
43955
43227
39918
35763
33624
30357
18021
43779
50055
41814
35587
18574
50071
31726
34523
30077
2368
41051
30588
42763
61232
40652
62676
34054
5305
25662
2478
61791
50986
35249
42451
55651
36972
26360
54286
56318
34319
45573
62001
45301
37937
39825
61585
35327
26888
37452
54851
54226
1638
27901
56074
54522
22099
45068
63835
45820
50408
3048
13835
6483
25869
39302
57122
45928
7582
51614
47974
51723
6875
56070
48645
32656
54784
44135
4819
45063
55512
55509
49875
51571
61462
3844
52686
27229
5062
31984
13732
60418
14577
64459
42411
21449
53243
13647
28601
55667
31325
65284
53707
42065
19901
22982
48160
35161
27767
49850
19666
60791
57339
48590
44985
8984
39212
55710
10357
56734
18748
28357
65153
8707
18575
40433
62202
63583
26744
17802
25187
5400
10413
53498
6259
26797
10017
44022
31734
46652
50629
54644
9804
28919
42827
51315
54642
30061
32164
41677
30825
52676
7540
43017
30729
31138
41730
41501
6418
29965
44644
43113
51570
6612
11720
28471
4575
24999
23931
62479
31324
59808
52236
56443
11302
16906
41393
52690
26901
47572
13612
44855
48594
44488
58274
27228
65048
7414
34854
2106
13773
63683
25009
34123
43285
49682
7140
41188
50340
52196
30653
6601
31097
5721
43389
42685
30393
32125
41636
5284
49282
51555
11102
54872
49563
26859
48823
7942
29397
9046
45015
54199
45237
31447
43272
5134
26243
10621
37558
54532
8572
55194
31205
27340
14523
8207
47235
52568
39399
55379
28029
58251
54626
54553
31736
61608
55492
44024
18302
9983
46639
34499
25981
49198
18035
46890
53297
47300
41027
50645
65503
37069
50951
52986
7945
17664
14792
17906
54520
61780
43265
24566
49239
14630
49186
47836
26685
33478
30321
42592
15607
39025
64502
62359
4740
53797
58940
64129
3340
6179
43723
55444
1943
49145
53659
55355
33001
48902
33510
46070
52541
38893
20630
4665
45833
40423
53556
53511
39908
46576
54895
55631
12520
26113
6649
27121
49797
133
34393
41704
48128
50228
55543
31599
44058
32684
45159
53200
8032
55147
28682
44039
56166
31387
6769
47878
43791
42508
51905
51208
64145
18121
49611
25681
4259
18886
21155
59737
56884
63288
4767
20543
30294
15675
52212
56257
50471
33779
56342
41615
18873
12971
61050
62180
45515
29777
20014
59766
21455
24698
43259
9241
37975
9106
11030
27291
4850
27590
16102
12176
32386
50429
33360
44777
25801
61056
28308
7529
55582
11504
5910
55242
22554
65190
32593
21964
50886
54810
8519
17355
43759
51465
56782
48741
49768
4613
30572
49610
4378
42911
45832
7372
42655
52241
5230
30209
56979
54163
50190
7030
53361
58284
7265
56432
22800
64865
17863
12999
49631
8615
24177
17423
63686
49344
27562
30841
15863
5856
45535
41383
20732
1039
64921
35232
7747
57085
21189
63286
52223
36239
43166
52638
54920
8419
51882
52970
30897
7343
29912
5615
44817
41857
48056
29041
4755
43368
26606
49569
41914
4959
52320
25984
46006
44187
31354
54763
4507
10475
32442
32726
8143
44922
51425
11120
52724
11270
12049
24687
41566
24945
43097
54938
46478
51637
31026
56968
26560
30857
55959
56744
53172
35993
55201
44603
18472
21935
45355
34099
26225
49963
16852
59505
11318
27000
43748
51911
64504
57938
50902
49967
44180
37643
22271
37876
53827
64649
5827
15419
17088
55540
27994
56561
26727
32797
21199
15865
31449
65194
37593
36418
59104
27541
29393
39505
41036
926
14964
52280
1818
12648
7221
41461
50351
23701
51658
12549
57551
2991
52506
29391
3224
1738
41288
41198
283
15325
5600
43088
49555
21986
49675
14418
60659
307
50283
31747
12445
3275
43966
49668
6882
2008
31759
52575
21998
58630
8320
3667
6762
4842
22421
24167
24667
4706
51892
16286
44305
36632
23555
2565
47135
64174
25468
33141
31148
42191
46362
28353
39955
41674
472
40862
18949
61208
18917
62547
14837
3576
23214
58435
36280
16990
12661
12878
3187
36051
61912
25236
39799
1816
8850
56034
52751
8240
37645
14245
17910
38854
51418
17673
24635
37879
27268
41050
35730
18046
30444
39826
61605
51195
30523
18291
6065
32772
38675
41031
50720
5772
63453
50126
30515
39901
30147
51187
32925
28767
28815
38665
7710
4158
18329
6026
50778
29971
52014
26343
22275
19668
58256
2277
62178
40193
6890
19897
24283
21848
64098
62058
52415
8374
2926
54839
44762
60516
8438
14275
32374
56042
37749
23138
17298
51356
29559
40648
27791
62733
15134
26365
11065
39453
45305
27449
36813
19657
19481
37289
10061
9981
33193
35357
40909
45129
26445
27896
8693
37224
45814
25654
35166
16979
35941
38115
11591
10743
33029
36238
39944
11333
24904
42413
39633
14877
4268
44604
26371
21164
1288
15666
29273
39513
28379
57430
56378
37457
42829
64717
16841
57373
20386
61897
14018
1988
59300
60185
35444
19661
15129
12317
1650
36626
64020
12292
42203
34526
21849
3666
45331
65262
25206
34997
32661
41219
47387
27336
61541
51607
2013
58928
58174
47833
15610
55933
38946
38444
721
30333
21116
24050
601
18634
2641
59415
27557
17920
28910
28316
20469
39477
58094
48901
60381
27285
29735
29239
57501
58558
45836
31678
38800
19699
31035
24979
38494
38798
61154
26125
60856
26477
29616
32480
59880
58290
48131
32043
37171
5429
23789
42898
49892
39556
47785
235
22343
26472
30025
18233
8366
60495
33004
11661
63285
9484
20628
32352
11269
55955
37429
49614
38622
31253
23998
21224
37013
39214
51207
22493
56991
7369
48142
11122
44958
49624
43875
27667
44062
12056
9826
47881
44997
30616
55213
10968
51906
17404
30461
25804
47442
338
58366
59120
45354
27589
45530
47450
61389
59511
59842
30845
39884
21397
10666
32111
34540
43922
27801
38715
38164
30483
23367
9902
50607
3201
40340
21533
55440
17135
16545
28310
30003
38707
45224
16623
60692
51097
48516
60644
45729
59211
58771
20033
39583
32863
8392
5909
14055
56174
50969
40079
15498
31844
24396
8610
56466
18225
63287
22315
42761
21186
23757
30844
20720
55237
2386
346
50730
45522
24183
22014
38594
2522
39117
10794
56780
60582
34459
42134
57401
15161
12184
31913
48737
41385
19016
36664
9105
47720
29334
18283
12710
20530
36862
41410
3128
12616
11161
52376
10862
41320
16515
35811
12046
45161
7330
35406
15346
45657
45649
26563
50173
39725
58610
4090
61051
24957
30332
30972
58872
59772
57590
47825
2649
6544
45825
9238
8098
49609
44963
26532
50539
11033
8558
48904
41878
52248
28075
10346
50182
49045
22872
28947
53261
55140
40581
50901
37416
28782
21938
24297
39219
18526
51912
58510
53507
55809
19269
15705
42524
4938
43741
62378
17968
63565
41650
36029
52133
64602
21007
51262
11711
26596
19040
27481
28139
9350
64057
10720
35840
25686
37373
19010
64150
36082
9954
37127
11145
56807
16713
27984
25999
9089
64136
54250
20274
26801
40885
19598
61945
64606
8790
39668
9392
50945
42476
51436
26320
46007
10464
53255
6097
57015
47003
28294
5457
9824
30364
41066
32447
44014
23062
39683
42039
29734
55209
35125
8896
38131
14333
22345
56742
8386
34453
15047
31667
26682
26108
14585
53792
8779
58611
13054
24100
15688
9271
25638
58877
22853
58162
54561
10287
28068
60368
53554
26539
48710
63314
9888
21840
55344
51293
19378
14080
5458
10658
2135
47689
44301
45026
64002
42951
7712
33598
34240
4490
65269
42519
41776
36765
34839
7260
43373
6834
26638
24803
55125
51978
30908
5098
4108
10350
44636
49249
50671
9966
7018
9477
25960
48053
52135
42486
38965
44252
4794
34018
61962
36475
64957
4506
42124
34296
35180
17312
41083
30784
43181
35548
64418
53658
9356
42949
22940
33282
13538
44798
34597
44300
33008
5692
64858
6978
49502
45027
43747
50426
32076
31217
4860
4494
44351
49729
43327
32600
5194
7253
52360
31365
52721
43516
42239
51632
29319
29782
41559
7457
44427
32235
42118
29434
6528
31036
41546
29775
55207
18361
57078
27679
45633
14270
57258
29666
54346
25525
59070
39906
54622
8390
52820
11840
56062
28659
15011
57082
11855
58356
22002
20766
15929
54090
25599
61384
22605
23749
57166
10819
44539
23337
40437
41856
29627
55832
62446
46754
39096
15397
23624
56265
56526
33523
2877
32032
13428
46732
38355
12799
59116
38363
19279
52047
38747
22977
59498
30555
37807
17172
8703
925
37431
48258
26023
18742
61343
60184
59795
48256
45990
29720
45444
57365
45451
670
29205
3226
37867
30281
27041
29667
17977
58436
59119
46735
49065
31595
30785
61209
59489
916
29539
38561
62650
34176
62110
42066
8757
22410
15184
21698
36064
5117
7822
21858
24570
14558
35068
12855
12952
20499
25196
22787
9158
3940
38056
31287
25745
8635
23416
60061
53067
37397
11398
54699
37390
45692
43484
19536
45061
42621
12791
34830
41229
59322
47741
6346
63159
14709
58834
25863
3466
31093
2318
1263
17142
47803
2211
46896
57859
47508
32120
49072
46651
3614
48530
39415
39124
22885
1305
40450
33481
61982
34933
13417
16045
58830
24024
19880
14594
33560
59587
63917
63563
16966
37540
63728
21820
23918
63490
22691
33442
22874
36167
57955
21454
63588
21743
1329
3806
21977
12821
1872
35926
61575
33212
63602
14903
60666
22449
36510
63228
35293
60866
61960
15896
11440
39285
14531
59797
52267
58473
27276
40392
9979
45447
29175
28655
57965
10038
12814
13105
24431
41873
21500
34496
10359
35266
22883
4876
33831
20954
8982
21726
63908
35142
63147
14839
34428
54023
10741
36690
8573
36688
21458
9733
6334
35629
10620
23482
63758
33712
65290
38977
30163
1284
51257
30035
61137
319
45375
57439
30369
30683
45247
59809
1044
30889
38235
39364
45942
41750
17090
29964
55770
14541
33960
43207
60894
48759
9361
63870
13081
59859
49921
13060
24441
49951
22111
12233
37700
39915
31723
52132
22737
21540
19364
37739
37731
9919
55745
3776
20284
64935
1137
13210
3872
33553
19270
38246
14219
64599
2033
19594
21724
64351
20998
5011
19612
24489
8102
10735
28818
22934
17045
21299
46386
16437
46480
19516
9967
57904
5689
8128
17971
21493
42651
41777
24734
13201
20287
14644
25150
40173
30361
40167
22784
45881
10588
52134
10010
17103
51818
28615
16998
3687
33546
39175
4511
48150
36122
22678
39071
5831
45263
46687
9622
64420
59654
58355
51118
62635
3502
13540
35903
4249
52634
1850
44011
33427
61385
35279
20157
38968
62107
13800
34020
528
13178
37506
18902
58291
62254
21675
2209
19834
33625
43177
59888
45295
53663
31910
20476
14502
3733
58006
52789
46066
18693
38892
53567
40428
30099
55270
4487
25079
65183
33484
1297
19984
45039
2250
17153
33818
27723
62374
31372
46683
7248
52626
48408
32592
51104
46796
19729
40604
9963
18892
5803
46865
31371
33681
26592
6548
47557
63503
36209
3777
15979
61959
60843
17002
62400
2416
59398
35168
13594
62575
18454
17674
18860
25087
33285
51179
2246
22928
3066
21615
19810
40363
63471
36092
1230
18240
6991
16019
9964
45733
4484
57493
45228
30000
34948
17068
4491
17890
11025
6219
23400
33809
31968
9240
31970
46767
6183
17385
27815
49898
21379
37527
33914
1518
12054
6543
35005
35174
18863
11130
29494
53516
46585
21136
43793
49307
40791
13329
39919
1425
52621
27134
19711
1927
14528
51251
7328
7398
60376
39581
33455
34281
62280
3754
57163
40510
17521
18612
65380
13073
27191
29115
20627
57856
5641
13405
769
2548
52322
62310
2865
62281
64747
53400
52136
3136
62663
36863
58869
25404
28410
22564
56608
11579
2552
24053
16121
21059
10567
26918
58866
13390
58173
11823
54049
24805
32099
4622
50668
53196
41388
5601
27475
7370
6287
31263
42133
51295
8424
11139
51461
50159
6684
32682
28288
49616
41319
12006
52828
6656
9099
31851
43727
26811
4945
6332
52431
3155
25835
20920
2994
59373
54753
22354
25824
20617
46010
25996
10582
57018
61422
48566
3976
44265
9237
11511
42294
53452
14508
34104
37129
21962
30758
11036
53552
39155
35988
29113
53957
16217
28944
20279
63305
44725
65239
6057
13401
34640
5441
4311
38048
65092
12036
9407
51509
53077
41448
6792
51708
49738
31231
4858
41445
7489
32079
42033
32595
42044
7262
31363
52366
61440
42984
7787
64757
64584
33331
7374
63237
6680
7456
44347
32915
65013
5383
6069
61547
1548
26605
22369
3925
3214
8934
23646
55122
23176
46256
28135
8425
56656
20490
48050
106
40757
42235
4472
63413
34792
62952
5893
37941
4195
5559
42374
35315
65214
32686
29760
65320
56565
25080
23064
54780
54593
58361
22013
12709
24132
10316
26865
61379
14386
23758
8517
56392
3244
47314
21850
53
26965
55808
20536
55865
8798
48704
45520
56834
56886
23713
47682
860
1587
47830
47598
2626
26802
55258
23097
55542
11858
45642
46810
24976
56641
22264
47174
25171
49919
42234
5153
50352
32231
51547
7504
44543
4742
29323
43398
29436
42119
31034
7500
51521
61615
7893
34062
15593
41717
64960
11412
63401
36087
11663
6768
42832
15849
5537
5961
62800
41974
10111
58282
44431
55920
13335
36329
40693
24000
31153
12055
16079
38068
33784
32288
26284
19706
61047
63015
16726
59062
34977
12614
63936
33249
59407
59775
14810
63590
14076
57863
18362
17121
30532
48747
30008
18248
61000
16609
48177
30564
48273
48513
59924
58795
58776
30116
19041
5438
11658
5997
32233
19593
57929
59366
21927
45155
30639
30031
24142
60847
33002
11418
34638
42229
30792
22256
43144
41780
57472
15233
20273
16177
48437
29314
19329
19168
12624
45876
10578
21406
20765
49761
34538
7021
644
36918
49215
49176
21415
22606
36884
671
37529
12090
10343
14326
31597
55965
12618
57261
28941
16449
37110
49177
22352
8405
49272
37308
23180
18154
8387
22843
6164
22632
9012
6216
22555
36657
9953
35713
8107
8545
8513
22939
35224
5016
33921
2057
24168
63652
342
59126
36935
33094
677
12769
35889
34689
37485
60
34915
33432
59849
63718
19850
22953
42035
10729
18314
12774
17054
22070
46397
32334
61038
19514
14489
57911
33599
2640
35761
12634
2993
4081
19178
34443
1599
63055
35558
20614
38475
2624
33056
36849
57584
18696
45345
63844
20465
19377
14689
13887
42726
63051
59659
59515
42561
63910
14755
46673
59608
40511
16858
45743
28137
60649
31709
1846
58126
45219
29694
19246
47319
18010
3497
18778
16559
56802
18216
8357
52804
36916
46805
2625
16465
27812
29778
20402
30676
60240
14128
30200
23778
9213
8666
35770
9267
6537
22815
33254
22791
22150
7062
5663
22647
22687
36858
8135
6190
13474
11991
52897
15152
9893
50814
60047
39170
27284
32858
6109
51674
38640
19993
21774
10668
32849
24104
40990
23520
9829
20020
39567
12956
31380
21676
22850
12941
40479
61488
21963
6100
4438
24663
29153
35083
22747
62474
2470
12071
39265
40192
58624
44988
21616
24902
51895
9910
30917
49208
18130
30152
30504
32914
28753
51073
18388
44709
4149
37012
42988
31580
52760
30245
32009
44269
57555
31745
32177
21989
58635
55175
61112
43676
4844
12446
16016
46934
44397
31929
18662
50084
59673
29672
30788
59823
59105
27521
57665
52118
30383
28465
2207
59545
51304
17231
5980
63133
19406
30442
19309
63406
49398
28747
36984
42847
32777
36883
5952
52000
43914
32978
58530
4013
32449
61242
45341
40692
37119
28705
49268
1196
59698
36985
20095
40569
24906
47388
48802
41896
28812
45988
30744
5724
32561
41281
31617
55490
5061
42721
41468
31292
55316
29973
23955
53307
60829
22792
22648
25057
39331
31815
2404
53590
9974
27788
28998
40213
55947
21779
19760
25245
58645
18747
58497
46646
59800
27271
59416
50339
47513
24631
25062
60821
52510
57996
22537
57329
18596
22097
20769
39073
38630
30347
38465
14351
22991
50767
18534
39011
56241
22905
6719
50769
30519
8177
7089
44023
26175
9793
50763
51964
28764
42566
11052
26444
49441
4239
58460
28509
45936
57937
60113
57539
58824
27431
48763
27913
48217
1742
26614
59589
25821
61404
20223
49396
45695
30196
18212
58105
60657
27169
47732
51151
30207
3268
3535
60873
52852
16511
46243
43277
46726
49067
29025
21248
18843
41399
59499
53696
7948
54871
62464
29158
54398
31081
24261
12494
46090
58286
47127
2564
521
49082
25297
27440
59045
4050
47807
1234
55079
9584
48096
12296
18948
58263
59534
65005
37391
7306
37556
15878
21843
64610
36204
51903
55227
58981
54991
51143
34939
55830
6801
39169
23974
3788
33391
49019
53215
17856
1147
21441
46972
42619
25349
26600
10174
50700
50106
5100
4106
55445
7866
30575
52961
9957
43932
9486
48739
26302
49167
44778
30858
27600
47191
54247
9984
42767
9648
45163
25990
5471
56167
30362
5996
50609
27107
27563
10280
28290
48445
56481
12009
53510
8777
45162
27676
9926
55137
10584
45414
25416
41474
41453
35549
41152
42279
33589
34247
41452
36398
6928
43063
36754
63648
7258
5218
44221
27106
25834
45421
44578
34813
62973
34812
1180
4210
4218
42284
59874
65146
61418
45420
3981
49813
55448
11880
52396
49258
30223
7329
50179
5985
4383
43921
45827
49615
4760
5219
25966
62950
44708
36372
41523
53892
21151
35899
42982
23169
6678
55953
4159
64934
34200
7779
62785
1516
28077
23873
25317
25934
8358
8936
56985
11848
47712
26535
8873
55958
21985
48738
586
43507
53505
20913
44675
7732
62881
34790
62662
32847
4203
40991
22799
65131
36859
4470
55732
53923
50180
6785
53423
40987
17350
21921
25078
36379
47999
52171
32607
2255
11323
46195
41572
2556
25085
23162
25589
1582
9712
9726
56770
22318
47984
26871
11506
55232
21242
46194
3962
26099
28411
60238
25634
57853
54010
11762
27552
23586
49018
26924
45872
55930
45886
46966
40
53167
43786
7121
51808
46999
26123
6806
51916
8294
8043
54886
28684
49627
8129
4476
50785
62972
43005
7802
53842
15549
21074
23642
43004
10973
10972
56666
32962
15628
34253
7794
61562
50848
44795
18510
43740
7514
63981
36108
65222
33458
8042
43404
34291
62570
17319
6006
49991
7430
57554
9415
7176
31454
62398
56485
63333
57214
21844
61117
35598
62949
56592
22281
29392
35750
32163
19881
34503
21818
11495
4874
23459
33453
12125
4782
47846
22222
6303
8681
60991
33036
7829
36245
36701
8766
21914
9742
20930
36071
5114
4247
10220
23037
10240
7154
23856
63335
61206
54026
63461
34389
29032
55186
32006
9730
60664
57672
31078
31752
56938
60102
62983
30735
8672
3609
29962
33476
44080
41920
12649
13730
57550
11355
51782
16130
43030
60355
33954
28026
17557
34158
27330
14175
3318
7026
50287
34688
9736
20455
3443
53145
4986
10246
16084
59311
8003
6431
20650
23418
20958
4778
60051
5242
7230
4398
24419
23710
32175
31283
22047
54375
4639
43286
56582
45568
25361
7440
26748
42183
31146
5233
48810
26063
29211
7628
26891
39451
57372
55707
64160
36800
29713
56720
29900
10496
57537
60177
29212
29377
28011
60364
65451
57041
6614
41936
55049
45058
28440
5989
28022
43790
32670
4568
46251
27843
5479
29840
25866
5292
61395
10401
4801
32122
65406
54700
39443
54138
23560
60126
33192
64677
28191
20885
31103
12641
59644
3432
12556
64816
17092
55488
32412
15765
18091
58865
17602
29585
55323
18336
40267
64378
60918
15981
64498
44773
19547
53698
47254
14316
20452
45816
19715
46744
54394
16799
65159
23200
5813
6608
23614
20782
22717
7326
22418
4574
5607
6327
22226
21997
7568
6117
24432
26747
36290
16920
28352
15619
1481
9436
52752
36117
4865
18861
2162
50086
10593
7839
13422
48640
10079
15637
45070
35931
62864
44802
64370
15408
58109
21761
42880
62450
42204
60098
36099
18749
17138
836
36181
33411
14659
1061
24130
60734
62606
39256
14589
57928
1529
65017
33828
31981
28067
32599
30007
46794
40367
17901
15251
18890
43062
26543
51942
63721
57502
41449
47566
29499
55212
17089
32236
45504
40299
61157
63570
17408
42113
27163
64940
14472
17380
43248
45249
19704
31030
45416
19285
16517
1517
47874
3411
45154
51383
50663
59875
2237
48136
52726
16712
20632
41440
28656
34276
33482
60959
38197
33129
972
39001
62636
47686
34883
40082
2819
7255
9928
1168
40182
10921
22364
17367
50962
58505
39856
15684
16090
19830
17741
28569
14579
61415
49150
12083
19054
46074
48714
35129
18941
39571
19789
28223
9023
36755
40249
20238
27187
47694
9482
20633
50535
11278
10856
40254
53189
19413
52254
15701
21219
38814
17445
49920
14082
11873
17927
28901
48746
20478
19022
58085
48910
2818
47726
50416
29232
57490
1109
45834
52053
18279
49054
22867
53016
9986
8297
38277
52181
19747
30622
16061
13796
37944
17342
52419
1253
8664
35854
20227
3102
33533
36164
14388
1010
59923
1357
62514
18937
12712
61001
4037
61845
35432
16554
51205
58125
60653
31230
1024
45230
2722
61271
28140
49600
27484
3637
45738
50994
17239
61412
51910
60507
18226
30805
2266
47778
2099
60252
52810
52183
3334
3405
46760
25839
29432
46577
9212
17476
46320
45632
63976
17493
64818
17029
27979
55611
35314
40328
17140
56892
47169
8865
55132
37637
8360
23639
17520
27794
18194
40944
15923
15616
31664
60802
50604
15017
21773
33620
64975
1487
24291
36096
57883
40322
34853
1136
2232
62567
24092
35204
37683
40530
18858
3360
32461
17106
25333
49853
20090
60663
30544
19130
49152
49274
28716
17671
60869
52949
19802
40591
46904
34412
62956
61546
10024
34129
10405
34769
54693
53326
9797
9672
35052
28179
18321
16000
10813
20694
54757
12430
11553
9560
11721
22456
56492
53834
11305
11457
24150
56594
22423
21434
59627
762
10418
54525
10424
28242
33878
45810
51683
25480
21430
6488
3770
38022
14636
63552
8685
4880
62966
61563
23252
34248
8684
7803
53769
56500
24418
11345
34981
54370
35751
34081
16794
42433
7721
63476
29037
63487
17554
4297
51682
40845
31084
20458
65140
38028
61567
62543
10408
17343
63996
62394
48766
17146
46083
20154
55557
54142
45939
45582
17663
54371
35041
18731
36411
2308
19744
3418
34936
40389
24233
57858
13311
62251
34067
21444
38008
15951
2495
22923
20202
1019
21680
14583
34993
3408
36159
58864
39231
37761
34191
35313
1211
40268
13126
17847
33873
38349
32437
52989
33201
38736
21699
16636
55795
43444
35289
24571
40670
13350
38188
2095
46084
17267
1532
38183
47802
58829
29174
20094
49861
25309
49087
31991
59593
50291
18683
58699
19210
13991
24128
14247
19306
16118
36444
20678
38239
37073
32988
17386
14407
39100
22
21066
59147
15553
11586
14909
60302
56825
59616
23801
25939
184
58976
46062
15649
3766
15388
62640
9421
58800
43349
54206
47738
29278
48642
48830
54796
57210
45682
45066
19792
55506
22615
22922
34759
55706
23999
14849
30743
15625
36549
8719
37680
38423
5488
17326
13421
65056
16236
64959
6132
4831
41561
64692
36388
35921
6143
6868
41167
42273
32889
34241
36105
44665
35329
24901
27685
24435
26928
55595
58101
59710
14968
21544
11558
28151
3278
15859
57765
11304
8696
51074
29204
7618
50921
49865
44489
5716
52148
31149
7090
7442
42013
51026
6121
5764
50290
27523
4718
29845
25574
52230
43526
9051
26558
32663
10416
6752
44504
28240
11091
9918
52691
2015
26249
22239
89
1668
9055
59117
27533
23476
48831
26849
54868
26860
60316
45236
60305
42819
8989
10236
42739
25506
55295
34504
39800
46650
30501
11897
56138
38853
34723
30248
56946
64383
29550
18581
63225
50149
39056
5828
64372
18151
6191
31584
52103
63737
6351
5668
39040
49442
44873
7241
52473
53060
31986
32573
41293
4388
6722
41469
53236
43769
6898
31812
31293
64112
44099
4630
40864
65403
36803
31143
64126
5243
28997
41464
64680
37285
7616
7214
35499
464
27781
23654
3078
3947
12115
61335
55998
20955
47795
25064
56552
25061
23040
49086
60055
39776
42675
5078
38629
63160
33619
30366
39790
7128
30848
43099
62984
39141
30864
30350
35595
55074
26153
20505
26162
54820
57538
59053
15133
23412
10025
26621
1732
14281
22466
9805
10036
1808
47582
23888
1702
598
25749
22219
55112
59879
47939
48595
56798
56307
22438
45134
1200
287
46548
59628
3897
25945
27548
24564
53540
46061
46159
47071
26733
54527
20943
48964
3775
51891
44981
8115
49750
51595
29264
31207
43704
5307
7552
42071
52318
44374
29157
7310
29160
14959
4734
36293
16143
39216
49456
10497
14948
18862
8633
29717
43559
12553
11679
11396
64800
41401
8824
45360
43359
28576
15814
35156
39645
59815
32188
10870
55851
40274
33033
31933
25621
54387
49874
8127
57286
45009
16908
22987
27175
34001
47728
51722
52314
3520
8694
45694
5124
51410
49289
4274
50441
49332
4185
29597
43117
31629
7778
42989
42733
44553
7682
30052
31581
28371
53381
46725
24582
26043
9558
46743
57048
47239
10080
57063
53336
55046
47253
9582
46936
2191
26905
22831
25577
26948
12239
9044
55508
9252
47983
24993
55748
56079
22623
45924
58417
44661
42565
32885
50085
50766
32963
30263
43847
19230
7795
43000
63150
42998
6128
4894
6142
38988
50754
29468
49970
38477
17202
17978
52042
31517
31516
51258
38573
39084
18594
29469
19370
52498
41833
5481
51625
50020
29954
6596
50292
6356
5234
43021
49924
52674
7593
6420
32413
64838
53865
21097
63990
14769
12127
35272
43595
21716
5235
54276
56545
41462
36259
4632
24033
3456
25877
21830
2534
843
9155
22875
56680
22571
46179
26792
54696
54275
24038
45678
60983
63670
41849
33657
41811
41764
33743
34395
43963
35617
7126
43969
42737
63494
34819
5080
35057
56857
50035
4166
54217
41848
28912
9969
27425
6955
48754
52942
50939
26620
10047
45940
7848
2080
26149
20592
1526
123
46645
58167
56958
60183
48755
26616
53502
26789
24304
45950
60359
3375
27689
61212
25337
3108
47420
47421
25629
57677
47743
28145
28477
25004
58428
45684
60097
50275
54229
9171
53142
26219
45056
7947
52702
11227
4560
56071
25870
51712
5123
6622
47256
15804
56498
8924
2540
3946
61330
59805
55994
46186
46178
25069
15373
25068
23810
8925
23050
50274
44217
20322
53148
51594
33369
18842
43697
17549
6879
44369
64516
64783
29164
4820
29165
14966
30558
45680
15603
3118
20158
11464
34563
47742
42326
50615
16597
34136
11718
42931
60103
64367
28003
33852
62988
62012
8712
16394
48115
33521
55029
53909
9365
45310
19215
56131
40271
15312
56930
36182
13909
41701
8193
57438
47858
4696
55804
53404
11785
45818
59136
53538
64896
20586
16795
10
22402
15197
33208
14169
16784
57426
40019
40840
36822
20462
14289
39638
14044
39798
42005
22690
37056
13823
7419
30151
57609
21956
27730
41667
4400
60429
30918
25017
14412
16506
1088
65240
18210
7859
61239
51138
5135
63318
65369
26933
58533
7940
52858
61919
34235
39455
8680
20351
64684
65402
47806
36033
8677
19066
56549
57278
49075
11352
33196
27267
33185
36631
22433
51659
35446
39623
10353
44486
11980
29376
1708
13937
9503
45994
42007
14204
40822
60523
19114
3851
23136
12551
33137
14854
35532
60416
40143
40721
35871
20394
12647
37244
16230
32987
20939
50439
34739
38750
8568
42755
46240
28677
3893
16168
10614
49070
44763
272
37072
15132
29176
45951
12495
122
19070
9665
33189
48762
44275
52270
20339
36040
10412
41285
60353
22043
37932
13447
23408
23936
18746
1984
34719
15702
38559
37631
36348
34305
2939
38764
57995
24442
40374
16049
20770
11906
31214
2802
23302
56921
1763
49747
17632
22104
2682
2918
21898
64096
11101
19664
64741
65470
48826
35928
10073
19134
54764
54202
45234
9553
35334
55170
33031
61393
15916
62494
60124
36134
58285
27916
7846
64963
63174
828
24258
5067
25809
63254
35143
39644
44755
24003
40018
54003
34059
31757
18370
23803
50684
40966
5974
17917
32012
50978
15654
12537
49703
46973
12613
57848
17331
8613
33528
49011
43136
30811
19758
35045
8388
41718
45
13974
26009
35303
63209
49721
12183
18004
49140
6461
54070
27798
9117
46075
58891
57145
37606
63058
56464
4852
15235
52611
11164
60243
46583
5349
54351
26479
11275
46335
16477
54256
41522
23173
40772
60501
57476
13961
35971
15245
20285
1620
37301
19182
33060
35413
14931
40185
12638
40719
41877
22958
38643
54066
35239
30408
18116
22074
26975
44960
5863
59732
30977
50937
14640
60082
25394
64246
17956
5006
23280
52084
5832
64391
64137
56613
58938
6809
27138
63219
7459
40086
54916
16859
39993
65348
46267
36669
9965
16676
25318
55691
48052
10727
36759
24809
65387
35680
15387
29446
33093
37368
10004
41381
8903
32707
12530
12356
11547
8397
43152
15552
39691
59247
40039
58895
60035
12776
35396
12773
35847
61267
40946
40013
35435
36093
15260
40704
15249
35363
13860
31941
34446
38579
11283
43886
46765
50696
14885
23096
11124
10949
43715
1586
39678
16288
50872
46203
13874
1572
17448
9901
34462
47988
43312
51499
19416
35134
10663
42725
3963
20767
39248
14572
23363
48515
4861
3059
20635
54501
37090
51698
33367
32996
463
144
61071
23333
49913
56659
24388
46468
7509
292
34388
55437
1925
50357
31037
22499
2037
38633
11653
64562
55735
18989
39555
33256
46015
33253
8795
20403
28303
10465
48567
10476
36084
53984
65325
19327
13040
63637
57785
5189
20730
24841
4753
61744
61491
54770
21198
4264
51407
64671
34944
37109
44230
20721
37305
54341
34960
28937
57949
20784
51247
43872
33483
18681
28878
25180
54777
19717
48172
33805
19543
59319
62330
16368
43952
65466
58634
60794
7162
62208
13429
46940
58837
20022
48265
30063
34103
34583
22302
34205
46902
7786
8861
10893
57363
8247
20121
48537
16406
36332
4162
9568
4845
35469
23885
20711
10812
10094
4266
7754
23570
21162
24213
7842
35948
63671
18831
14797
43093
5106
60299
15196
17555
24572
47416
29828
58211
20459
14557
58422
62458
34962
22037
32427
34052
7889
15469
62885
27279
42263
8443
22392
60052
56556
40467
11056
4972
15732
45920
42268
15103
11465
52436
34636
40409
42925
59111
47982
32001
40031
34077
59541
53953
22591
10601
33641
21498
34855
11047
35277
8678
35037
6606
9437
9798
12119
33961
5283
33606
1240
34153
14697
3333
58821
37656
33909
3602
13325
35268
35028
20142
937
35096
36265
968
62539
17728
13224
62704
22876
18532
13317
19874
21445
58161
18507
17762
18852
13416
60988
14817
3805
21459
62322
1884
60668
40833
35760
1043
64506
36699
23483
17556
3894
33758
33795
717
17609
46630
34984
17101
20189
57274
13250
41286
62334
48215
46887
8673
45040
14361
45398
17369
3457
18032
26027
15852
23708
32465
16037
18434
9632
17915
18299
29660
17668
3608
18672
3217
65098
19679
53930
44594
32818
47064
14908
60931
11426
29268
19124
46550
57435
15645
19807
61610
21744
4978
21461
10750
5309
21626
36695
11100
23479
5639
7034
12076
21258
33797
6149
35260
14366
5596
25199
16067
9670
50555
23906
39029
56730
17309
30826
30919
38339
57956
36354
54183
24067
23673
7578
20571
10200
62797
64748
42828
44141
21185
23844
34733
62892
64866
11007
9686
35265
17676
37659
36246
21862
63855
3344
22652
19866
38107
779
63687
22811
943
40396
35025
30989
31977
60382
30407
30759
17897
17162
26598
18621
51110
30006
57491
40607
46679
52633
29117
28875
5424
20148
28940
31164
1512
59392
65180
58293
51809
49889
34274
3691
17665
42912
32299
31032
49055
60235
32485
30018
682
59372
1174
60492
51047
49322
58278
3690
61419
49574
46212
8279
22165
40925
34058
36541
40504
37824
31375
37678
63644
33762
39572
19990
53084
56288
22494
58935
58165
27860
23292
11378
37666
39724
60895
31693
15738
13053
3412
17274
3167
2208
47902
45742
6553
46983
45226
30487
33695
17066
41446
20074
56239
5798
9958
62639
31975
54435
32109
21908
11327
38173
23787
22347
3482
39984
30592
3210
15766
21926
51002
19728
38293
55279
23828
17895
30114
60701
29246
48525
58784
60647
26604
59207
51872
48284
48188
3472
58781
52885
20042
24411
21446
3969
22511
23631
38172
38784
17430
18234
15969
12961
1169
17767
40758
13318
23339
7403
46678
52362
33441
36449
63659
1452
8518
38167
38095
17167
41441
22559
27696
49494
10123
17402
30450
46202
47453
57789
58357
59127
25084
47998
24844
47452
61378
2240
59853
51394
19322
45652
45663
46968
30962
17954
2557
57852
3782
49010
52090
50170
58867
1146
57595
27151
60084
46753
5824
18529
47776
31852
13211
19856
62668
58720
53531
44945
33548
62571
18849
56268
31515
21197
23746
50042
20727
10110
1117
3932
31532
28637
16064
22005
39885
58588
37826
56060
11642
17306
34137
38184
24064
21941
37513
38108
36368
17501
14439
13294
65086
16993
38342
65039
18573
26098
27866
18215
25635
29780
17279
57846
17095
20415
52182
31681
60890
18438
57594
52416
50478
1510
27716
23399
50665
36996
10311
5101
10669
35725
24742
25931
8525
9895
21479
25257
107
42466
54599
34740
28291
59368
10572
10469
8395
22149
27167
48433
11819
8620
5460
53408
61581
9397
50052
46581
9092
55625
9603
26804
6644
27124
52613
48878
6324
7651
27989
51513
55550
63980
42573
5226
41781
63054
21645
34359
5690
6942
57244
55690
35613
22938
35229
41890
65386
11705
38478
11273
4941
63042
7378
64330
17975
42669
44466
35421
31518
35420
14943
49973
14932
63974
55572
59579
43321
41860
47995
31220
45828
30900
57238
54811
46196
48907
18779
54169
13195
18614
62081
17353
29731
25684
34635
37366
21160
61279
54585
42312
36196
20529
38915
12854
39153
22671
1415
59903
9347
55352
7812
25683
33515
46067
49714
50573
24203
4660
2143
37600
13361
32037
41768
60508
29624
49961
35983
39867
22257
38641
56643
7652
35627
23094
39664
54265
27997
2550
50036
17620
25593
49960
58577
59121
30299
19243
53190
28625
31521
18891
59848
49923
39345
60751
1751
24492
48707
1848
34749
55349
21847
22069
50002
38589
22487
5469
13372
848
2721
11845
37044
20723
45636
3145
20661
54349
29677
16189
26805
60254
19341
11861
57075
50521
14142
43506
54903
32445
42115
10472
49023
29779
48135
46003
56175
8609
46967
47887
29437
57088
41917
34892
64730
5036
9346
12781
6014
12780
33293
12178
42485
61486
7642
33015
63650
62044
64426
42483
53937
6008
42114
33261
33602
33260
20993
8034
43804
6202
23988
34988
33019
56335
61480
16789
39950
57768
18926
33976
13566
755
23582
2376
64851
16981
16245
23877
2675
64216
36819
30517
28180
29180
30264
46532
43580
18068
64356
31985
44021
56994
51777
64258
18322
43848
47298
29161
56606
31318
31201
48331
64912
58344
15326
16907
42076
55968
43655
14421
60307
41405
48579
18182
50920
45935
16472
19336
58345
45060
2004
47972
52822
29670
1684
3673
48655
51128
18022
34713
41290
27436
34308
32570
10060
38563
34328
24831
38658
43775
45121
35701
38677
39892
6908
9423
27530
40659
12228
59114
20182
50857
17940
36950
13561
2204
28859
18505
51231
12660
59538
48114
54836
19474
45300
47940
36802
19652
39444
16660
55090
9970
65444
64162
16834
26436
45122
11520
15512
32167
47511
9435
37288
49862
20350
51483
405
24323
39957
19059
50288
15070
8806
16832
52286
45664
19659
16667
61331
45579
478
46187
51955
32563
3230
2563
46080
49454
19472
47260
13828
30875
46749
11220
39144
49155
16600
50792
2274
21337
38499
20147
52950
2925
9183
35522
40900
59309
20397
33140
15309
201
57364
1556
64201
19650
13849
22290
2930
61725
35865
60060
50302
58373
61329
17147
27222
45995
1822
57864
25065
52675
25015
2979
48800
27277
17648
19375
52952
60937
17972
30040
3599
49060
276
57425
51263
50950
26545
1081
46255
52036
20054
47859
57342
20323
45819
46155
35157
16984
64110
17544
56624
10736
65294
64997
18947
55886
48963
11942
55991
38005
9163
59806
31270
27039
60525
37571
15299
25056
32551
57705
28012
14104
23813
23299
43707
27174
21336
18839
23824
39401
36829
710
3669
64774
11335
33970
37225
2014
29152
7364
60862
54909
4501
32723
35048
27155
62005
8616
22754
58297
63790
40579
53410
21080
31357
36753
30104
17048
34360
46388
58011
5780
24484
19505
10721
31915
45281
21304
9115
5684
57915
34558
7335
35898
33257
48435
61087
11155
21502
19174
6207
30614
21143
21561
5645
10586
9533
64053
60228
12037
38792
63208
31845
26468
31940
54932
57845
60485
28948
28933
55957
57588
36853
45835
9962
675
30212
36666
37542
42659
63145
63
58360
22935
49382
14825
43423
61380
35230
26565
20282
35392
24948
15242
288
5652
50851
16523
10131
35408
255
51810
8658
5636
14934
60587
7048
5227
57396
23364
21640
31908
57492
4372
29243
5195
23396
58088
29339
28904
20763
55452
7531
43163
53653
48899
24605
31251
27072
41384
7373
6676
25111
26306
32358
4615
45839
38806
59927
9119
39475
36659
31261
27283
30983
12179
59133
59213
32103
32717
28319
61383
34454
55811
4468
41422
56173
26116
47790
28776
24777
42595
6661
7267
26132
24949
6677
32685
48133
6551
60372
55579
8109
29044
63816
24745
37011
54804
23022
58552
63080
37427
25254
22173
29915
64431
59895
3737
12777
52531
20474
56227
46487
2790
16446
46077
18702
28829
54447
19610
40678
12626
46580
15072
64324
52872
16720
53524
30356
1921
19170
46325
19697
46997
56261
17976
44341
20541
5159
4477
59955
24387
21385
31379
21230
8035
32486
4998
21694
61161
7341
4663
23341
25807
33294
20067
27587
12768
1788
8553
49820
19014
4244
36090
2501
49317
6175
9627
14482
28685
21003
12348
47875
33248
40550
41321
14674
2630
58617
22684
62112
63561
42693
58878
36081
51907
17480
24984
52190
49310
61165
46813
595
24674
18517
17797
2440
2226
47827
17144
32675
63407
5390
36565
15081
44533
62144
10857
61609
35360
8929
7367
41040
13033
7711
4148
65104
12633
32679
16704
63300
44734
65232
4116
14681
32951
7743
5888
39328
65097
8665
10577
50229
14329
18990
26573
12622
4088
31496
12062
44227
28531
35813
18099
52350
43877
10105
36088
57586
52908
30295
59602
27282
37360
2304
46869
3234
57776
58093
18887
26204
1333
48412
16557
38917
43973
35895
35404
41316
2635
1935
9832
54981
19595
7081
18406
15584
53529
7122
12045
14140
63232
6024
44699
64245
35891
62024
6773
61445
43688
4855
7499
61544
62197
7888
4190
32918
28070
6251
42139
26537
9897
57192
31257
26015
41380
31912
4376
54113
27795
32102
30107
10662
12704
19419
25803
15154
59129
53112
11026
41872
27588
36670
16680
50139
44965
9232
34455
61382
55202
4478
41421
27160
57256
11156
31848
56469
44899
30611
5731
57310
26473
6674
7342
9922
51200
18286
28314
49605
31909
654
45525
1538
27294
18942
19790
109
2389
47324
17934
30096
37135
33767
21525
39923
55346
65328
31603
50127
23372
61268
6462
62357
28425
29919
18113
13360
38901
4856
22319
37300
54350
64384
32724
27650
24391
19449
6373
64758
52089
30581
60509
57081
37173
5163
41416
63422
61672
36584
4318
39221
41059
7760
5510
63784
65205
28949
31031
36851
42143
17816
19811
43939
1855
3302
7017
55727
19023
12180
19515
1433
54947
10342
5025
3491
24985
17099
60086
50973
39863
2268
48157
819
59066
20018
18432
518
3394
47891
59876
39670
53504
29673
26567
56161
57249
54659
46801
5161
28543
52622
26094
43092
4744
47824
50233
9920
8524
56839
50996
22544
14398
39934
47727
17596
28129
34748
42765
37130
30757
32281
24277
12717
24182
52125
56810
22810
14658
40882
28689
32291
50511
20663
53461
38904
31165
10860
19340
16120
33919
38362
52139
33387
13670
4497
48151
54988
52332
38102
59403
42615
53526
47903
37580
63489
28073
58880
53565
26534
46390
63325
11024
24240
55351
51282
18002
14087
7858
9234
2128
48185
50959
7818
51434
27607
25431
10471
8407
40975
54704
46998
46470
42417
56160
31596
4250
30047
48063
16024
43172
58582
2251
52798
4374
60736
53649
35407
63457
40426
48706
6243
36195
25073
52629
10344
56984
51884
28828
50897
6687
51459
42897
8097
7009
25560
53199
7523
6552
46485
6790
26299
52637
36127
65169
42523
46876
55715
51111
39375
37841
43364
54959
48405
53078
55275
49583
7130
43777
51815
24727
47883
7275
52428
53350
4502
9830
49370
49622
4479
8138
30367
55449
58848
25796
53654
9894
44772
45526
36230
27595
52530
30178
16107
7497
47321
40416
10665
10160
13934
49501
36572
65117
50507
31600
49817
51447
62364
62349
52356
49318
29906
55008
14094
18540
62900
52987
21975
13749
32225
32730
41120
51644
14432
22766
42311
51823
30582
62735
39149
60880
64337
53514
58321
2431
49794
5739
47177
42527
35979
12422
51256
45646
4464
33071
3783
26629
46984
55134
51980
29532
41866
6108
54165
44634
28817
32385
54926
42652
11989
46488
46677
55200
16473
57083
27153
25137
12469
12058
30850
55628
26814
1630
39917
9662
10102
52825
9520
2177
47385
14639
26857
47417
57201
10425
55513
54516
46737
45329
9412
54799
21425
47257
2353
21886
22478
4060
59413
26791
27828
60863
25810
2561
26160
1566
45405
25097
59834
55072
54640
59677
57773
36991
57676
25005
50465
32297
52857
38900
2476
2381
30708
49359
17697
24908
26908
17118
60877
63932
19120
1879
41773
9253
63664
42077
92
3114
35066
41813
22823
3794
1493
2087
46629
12400
3830
57542
26190
59456
56949
2983
46536
46888
10238
25509
21799
47301
1735
16007
23580
12502
57061
20709
15396
11955
15663
14168
8765
23117
23233
54009
21947
23868
12439
21096
10043
652
21715
14536
26980
17478
52501
1249
57174
54827
48541
51619
16967
55942
13587
62529
21318
37823
62716
33628
1319
19756
1206
40538
22871
22567
59643
592
18721
21734
62433
18804
59592
62278
19826
40461
14778
22572
62534
63735
517
1406
21729
63984
21313
1235
37849
62647
22828
1456
42069
9045
25133
32181
3772
28254
9053
9261
60922
25938
17079
22620
13143
3463
46357
13638
1254
58166
54136
21686
56675
14587
47512
47128
11944
55555
21131
48533
1335
33645
10407
36886
36569
44545
15466
36416
3471
63399
13763
54651
60049
13036
17739
14357
41836
21976
11713
64620
22454
55048
61517
7554
65100
64237
15615
56436
34730
42290
33418
15737
54742
21460
8689
37711
23487
12785
50705
30851
51299
51252
13071
14705
30884
50838
17291
56255
14713
40577
57366
63084
65260
32924
12411
36543
14400
63233
21815
22295
23463
13814
33674
60982
37009
3361
48169
3868
28153
60665
26954
46146
25618
317
48321
48417
45373
28588
59722
48585
3265
37174
58465
2875
38791
36922
60842
57482
2454
3148
20112
17692
795
3692
57734
18859
61423
65276
5933
44746
56658
23634
12989
23228
41212
55821
11274
11706
61565
12812
36466
5581
32972
25826
46218
24989
44589
61693
36605
32810
2460
41074
6092
5420
2445
65148
57740
49050
61410
28402
48573
38903
25640
51540
19441
61227
40176
40895
30803
29481
3258
39862
59180
29438
30197
39106
19325
25802
348
48898
814
60192
28668
27598
59658
58557
3965
960
58482
30458
29644
63280
10861
42909
39553
52372
47780
57483
12336
24675
18239
28697
53278
2639
34700
23786
4261
65254
7700
65188
44339
8937
12897
35398
41190
15073
7339
10849
41025
62118
36451
5528
34111
13475
34836
14488
15167
34358
13899
33103
13209
64481
36667
20865
14612
16358
33891
33688
35225
1270
18465
37892
26873
29683
4017
60207
37635
39931
31224
46260
37748
40950
58483
17243
18783
15356
20922
64346
12619
65505
20785
36747
16208
13958
35814
34383
13863
15247
33068
36855
34544
40597
30538
3501
39472
60652
1303
60032
24812
1847
17063
60778
27722
656
61026
28903
17826
62700
35610
42138
43061
34357
57197
35648
62370
43950
10733
20877
41754
16364
33890
33594
36764
44787
23220
42952
42125
65517
7085
36746
15455
44898
6194
34370
56532
64332
34598
8788
33011
42227
8657
12625
44680
42292
36513
32907
63942
61519
6038
4127
14801
65126
33062
8139
10585
40345
32273
28315
38710
28835
24600
18319
681
51092
60641
47716
25105
54
61027
17828
29343
2655
60852
26568
39722
50893
58621
61226
1478
28530
18636
17186
1320
1148
59174
57857
48137
55181
40859
24754
57068
9052
61784
11967
20327
28250
39507
20451
65494
16773
8372
39643
54877
59000
33405
29208
59253
10934
60975
8626
16407
7445
6367
17426
58154
19222
12164
5473
12167
60541
18798
5486
60706
24287
48419
6188
20321
5984
11219
16768
57899
16777
5677
9179
8369
20334
18958
28483
17541
62552
55591
48422
55877
25659
62035
37566
8702
53808
48168
64211
65491
56136
37930
10606
56309
56725
17484
46885
32865
11731
39839
40447
33322
35807
46632
38762
28008
27528
7573
31086
26854
51718
44038
10422
26549
29024
9047
7319
44499
25936
9912
11093
52696
24430
41503
44867
23251
2574
2977
6725
59002
41470
29724
42177
28
59263
31816
4730
4051
49453
8009
44105
51961
32569
52269
28994
41282
41460
7229
4397
29172
44281
7213
31289
52285
35965
16836
24642
16658
61892
54829
46889
26441
27444
64713
40061
11060
53298
46637
61714
64537
51896
8117
44979
52566
31206
49847
29824
43699
42075
4839
5303
31326
41558
32654
6885
53224
27272
40106
28595
56037
12117
61889
10931
35962
27230
39631
20399
64543
16668
12174
37242
57320
32868
41292
45949
35801
29004
54690
31555
43843
48761
36866
44287
28185
42741
28750
39897
7210
22232
43702
45688
22707
17504
56480
29839
41394
47734
1365
61958
56597
43356
32644
2005
32647
20692
43478
42677
24249
3677
312
7808
60539
43095
29029
41224
3862
59939
4238
31079
210
51085
32169
4733
52201
52681
41673
7097
52153
29714
5725
4781
42002
49234
4228
7145
50301
53549
40379
9684
54524
55196
29829
48428
22235
10207
3043
52563
18823
23475
48173
2923
56941
2643
46219
12632
3005
237
12001
20669
27104
12425
47196
46476
55739
57020
57733
45659
61411
11551
53340
18608
10003
23216
53184
60034
49202
29733
13619
12800
49925
25324
18204
15529
24274
11123
2448
32035
11284
20666
52176
16461
27119
29630
15689
16092
52422
52812
57737
13299
57728
6777
27870
15357
8046
53203
35816
60488
64565
16195
56162
47876
65326
38787
22338
56323
51917
2732
45837
24252
1845
25685
56320
22339
56377
11701
46391
48903
54530
54582
23071
48189
2140
64338
8942
7465
15240
52616
55426
59064
245
6542
20793
48873
53843
297
18354
22270
44338
11996
12388
38807
10965
55960
49735
16677
50773
39486
12885
12936
49294
51696
19408
12290
56977
39574
23393
37131
39481
36665
4024
33090
13980
37364
60648
20872
1745
16357
33120
57489
36758
5216
25553
12715
4370
49604
65352
59209
37014
15156
57237
28632
63083
39987
59926
54172
50187
64050
20926
39677
39560
65512
60244
36750
15443
40883
59369
22153
3262
15234
35369
23790
36850
2828
46989
14225
341
60645
53899
23221
53330
15080
47447
48519
53380
53840
22492
46685
57500
47318
13202
60742
31705
33100
49715
35651
63151
48713
26307
16352
38374
16361
33135
27087
33893
30674
15446
11842
46808
36743
52867
36740
16210
45640
24953
15244
41525
64329
35621
24773
35375
45413
14776
37176
8413
53353
32487
18110
49910
36997
16050
24292
51531
51376
18979
2533
53512
15254
58849
33920
64489
52537
55781
19385
4047
5186
22072
45800
13292
1779
60374
24481
40422
2867
48139
46213
2637
26813
55260
23620
54262
9661
48444
47884
28560
56655
23331
45883
27987
43959
39316
57132
63488
33740
3051
22748
18792
13514
310
20463
867
16774
9914
1048
42746
54381
61639
16226
56585
11353
51367
10943
34174
14852
38960
18080
42352
18453
12170
65063
57325
44660
40858
61561
42959
5631
49565
36479
18797
65268
50402
20450
51564
16780
4129
38026
41204
54392
29394
44991
53702
7951
37594
21622
27168
62465
48327
31450
31322
704
12075
48581
43268
27265
50119
19
56044
23698
52737
10048
17373
14254
40643
30150
50140
20185
45131
39038
3220
51889
35938
211
40207
16985
13710
61142
55168
3672
33434
36237
22430
13712
45243
6892
39940
50296
62779
28607
52677
45570
63688
31264
21780
27226
14591
33782
62739
22649
32555
15937
26884
26442
5702
49292
27455
30262
42682
29007
41295
52193
9978
6951
7137
45052
31818
11071
49207
56852
29555
41030
55497
5059
49191
11055
27439
44027
46541
32382
31739
24828
8257
47305
42408
24907
8124
26246
1190
18847
13271
17510
41392
2203
22983
34010
11095
63744
32651
8688
53217
41291
38318
54854
41456
12124
39060
8624
16925
56311
2217
17315
38242
17433
12171
3613
57313
44670
5701
61557
51365
30261
61560
31552
43840
39854
5576
5928
35758
41206
4135
6309
41214
50285
7353
40802
49564
31212
62132
17516
43711
38125
7169
7601
35332
61967
32650
7433
53229
52958
63825
49196
50944
28876
61777
20176
22904
40650
54515
6489
63961
20774
28855
13355
50637
52007
16403
38610
51190
16579
61549
30655
51087
38660
4151
34590
18324
41196
30394
30518
38606
42826
49665
15378
65196
34098
26376
23836
58840
15677
39519
31753
26070
59318
11338
40404
61613
52955
18019
25455
50947
30355
900
47065
2009
27540
17752
18568
60308
1369
46545
18179
50075
