63860
51147
10992
16995
9702
8868
20189
61734
19021
63718
42637
11952
40296
28870
11302
45149
35542
64866
23341
34854
27500
13014
32066
23747
13203
6978
5738
19194
21363
17146
15060
2151
33885
59490
23101
36150
32842
21507
26690
55684
12995
15948
21831
7162
21203
5114
24413
34146
36264
65033
60696
33813
9183
21603
10450
35188
21091
65244
38361
18444
59765
8975
58020
9474
32470
58553
38702
18559
29093
50640
35383
41139
63121
45336
47456
4545
38271
33468
51160
42155
29626
41422
7683
34053
6757
51207
29070
32478
35044
35348
36709
47697
22708
31834
48826
57768
35802
40372
21625
36138
47200
13274
19771
20657
22929
11035
9894
19893
21116
8902
16094
51373
62763
15303
20067
17392
54913
17832
57049
63526
20045
14575
13794
55233
63592
54204
17267
53335
18016
14999
17411
16976
34751
43115
54393
18205
17549
55097
54988
53649
64776
53932
32358
23474
36439
39076
24281
34874
17685
24076
10315
33678
21953
65088
38221
10341
21468
9110
21257
9572
62946
411
11964
17340
27686
17337
55885
63727
20185
12582
15403
27376
38914
57328
9711
57341
32865
15261
16785
18833
36291
15982
56189
34633
29737
56637
56515
34982
62633
54179
55151
23220
21294
15053
34801
34289
35302
33705
56029
14383
56905
12774
14820
36278
24169
53939
34337
57181
18436
62632
38715
20179
12102
40451
8523
18061
61638
64064
61976
16784
38357
10597
36957
10596
29286
51102
6737
35087
11973
52587
18558
31252
33166
20020
16563
11937
60681
30353
47717
38840
54288
60936
40425
19948
30730
2416
36568
12902
63759
47319
45825
6323
63967
5555
3355
44558
23762
40051
9459
19557
57945
8121
63891
23868
19784
35209
33033
40228
37220
16755
6463
59919
58187
58901
27493
5728
58219
4968
1008
2117
6984
26139
26728
59464
2155
27461
5696
3056
20507
23765
55989
36016
22008
54635
12992
22341
35384
54603
55288
23864
15803
55861
53269
22373
49886
60533
25702
25190
40889
45575
23653
44506
56603
19666
10937
57620
3499
6675
47569
39436
37650
63100
31660
45930
62375
17314
37884
39754
47890
8983
48119
63522
43175
11036
17962
43930
1677
59109
35589
5635
203
53341
20659
2864
7128
53309
56267
59352
22276
35797
54912
2896
59694
61311
25706
8097
4087
6569
4092
58442
4375
26898
25769
57618
1198
24879
6428
401
52276
61557
18277
45299
65284
11444
42643
43573
30536
32644
31320
64372
38756
30501
19669
64005
51684
65493
8629
48979
44237
48989
44227
50389
45368
29396
29880
64212
37124
28981
48944
41408
60446
57567
57018
4273
23650
25198
12492
23066
34775
56386
27385
22482
3774
26431
53786
60015
57556
63199
11199
8383
57348
4104
62991
22485
18386
34532
34568
38889
38658
18412
5843
23475
51474
64543
9468
49148
62062
49143
41713
49434
46151
31774
32105
64841
37218
31311
10522
43761
44098
22143
36604
53500
63897
19554
13201
44362
56903
31022
29081
22569
22370
56111
16972
61871
42263
38611
48051
30128
37881
45934
62917
42780
30680
17730
18274
38964
51389
18389
46623
39791
3895
60636
33884
8124
58039
57175
21199
58586
5170
33502
56014
60722
20738
35551
35306
2762
39401
64751
29706
47361
44887
16905
40892
38108
46295
48951
45406
61922
44302
8687
18924
43601
60654
7171
26489
11430
60963
49790
48781
60047
10788
52769
49193
7556
26017
45139
51839
57460
61168
8122
61695
57360
1084
20222
16796
1528
59208
31020
18839
4402
18193
61863
30025
59703
59302
19552
63059
60646
23100
19374
7167
57492
60036
12111
12142
19016
19430
60270
17961
23767
16830
46496
1281
33046
50390
54382
11230
11502
60582
60374
57579
47133
55505
8202
25214
49899
12023
31146
101
10010
61738
7784
33154
46402
37116
13452
22919
29042
28176
36618
4171
63858
58251
8108
48603
5632
2634
39400
47666
60976
6107
52700
51682
6674
47360
48988
40405
3879
58522
5638
64689
61306
59440
17607
16640
58103
59927
18816
16989
7131
16858
64013
16958
58253
20413
56469
19438
64365
41359
20715
26463
11494
10150
27695
57337
53540
16394
15305
23526
44162
10587
32716
34781
37131
44511
21307
27388
8752
10928
25116
27042
31289
34480
402
24118
43474
20833
8369
24486
22225
22480
18951
11110
60590
59374
12246
11275
18391
35440
38827
20462
57565
22237
34495
48765
18097
60031
43485
27172
59366
10222
51855
44857
6121
29542
57331
52710
24345
8951
28927
35385
39527
42769
21054
28400
45644
11004
24592
25960
32334
36017
2040
15679
42265
11438
30291
16676
59310
43041
24558
27990
11311
6047
25894
24724
30861
20390
2644
20879
42537
10158
25441
3075
10214
49439
28333
8516
8233
36947
57663
61406
27417
28134
12134
24692
51486
57911
4197
47634
7354
60944
37394
48711
3388
6706
50970
50450
7752
45674
45308
39498
75
9303
29190
618
8682
62693
5282
35819
8759
40122
22656
21901
29931
25722
32774
4626
62180
64385
7520
37275
18238
17341
8321
17328
64555
20464
62955
21622
38923
10186
36125
20477
4726
20687
19136
20512
14751
2985
14297
45823
33077
56869
5791
11080
39678
20782
32056
16341
47973
54153
11248
24368
13775
4350
22110
25503
56664
54325
1353
44613
60318
22334
47176
23120
16448
17896
19875
57643
62389
8330
62388
11150
35883
24560
38705
40211
18257
39144
9332
24573
8821
15459
7110
63041
65361
43684
2584
7361
31701
18218
49059
48082
59991
39566
34619
50917
31500
29723
31729
35782
36322
5269
46240
19943
31698
34699
33864
19416
17585
33983
30503
47884
11013
24496
11631
23079
21904
48035
13531
48436
22220
12956
11044
7038
10950
24184
11598
15314
26785
24106
53696
19440
34887
34282
34172
56279
44581
30792
14314
15845
35002
34924
54488
16416
56448
35607
55184
19024
19751
35020
55402
55927
19272
32136
55351
53560
36266
19884
56952
31589
33205
33419
6319
23351
22976
8262
21000
47140
54658
13260
52803
60993
11158
21720
6190
20567
5407
64885
47952
11098
17432
35094
18707
33819
63370
19255
23920
42880
5280
9381
31547
17969
30262
18244
33953
64151
29828
21704
30563
53408
34556
29340
55744
56894
24235
16726
53630
15202
36559
43043
36529
23543
32324
33291
17958
57264
13602
54268
15595
15329
21691
18422
55262
32919
33761
36653
19290
38528
23798
11419
60573
12182
18267
19248
40013
63290
64157
59979
11063
64454
9777
30681
11521
20942
35725
39000
47036
17834
32613
35930
17349
36164
63598
5974
17646
49576
7669
41904
7436
61758
62892
30479
51435
5949
16229
64602
48105
46205
5968
63513
7641
376
32166
15331
7571
41316
31721
17401
24803
17749
15586
31909
62754
62607
63684
46863
33828
57273
8847
53833
45493
13845
23807
12190
23806
12191
55544
35653
51497
50229
49577
14873
8504
23536
12080
36649
30565
15589
22111
48233
16297
4351
34712
35461
40009
64053
1897
15337
18248
14245
31957
30071
48544
12564
42240
24805
41838
47065
31970
15525
2003
3537
46860
43229
48413
44985
25322
19518
56069
50812
44223
35934
40135
28431
19447
31516
61326
60208
14857
51922
27608
39834
34432
21724
11180
27397
54487
10730
6636
17458
23344
56280
62682
43850
9308
25610
19218
5760
46634
33611
46241
12562
22112
12166
21352
8580
55618
24572
50307
37921
45315
14363
8574
24567
10623
64122
35333
30629
34679
33324
29306
56967
64133
18216
15658
14117
36444
57002
55944
31973
32885
62538
35685
29109
16663
35098
18716
54343
42037
16696
12570
14357
34044
29802
56136
20272
54848
32891
28257
14306
23552
48339
13739
10052
35874
20572
39475
39441
46947
15851
5918
15522
45585
15850
19379
31679
32123
18751
55761
36136
14309
30690
64908
63356
34035
29798
18408
54995
17951
44339
36351
41314
18996
33643
19510
54256
43330
20476
13851
14865
22776
31411
56654
20471
33297
61827
34911
14242
19236
34200
32739
53840
64546
32924
13611
13345
23896
31651
55438
31906
35119
32745
48063
42707
16291
27650
52233
48227
30626
30693
3289
14293
51880
2676
30674
43887
26323
22326
11724
258
55252
9127
4144
17404
24375
57276
62231
64977
39058
26549
19769
8023
8922
17170
56577
49634
41834
32902
37794
27620
20279
44988
60294
58607
55043
51319
25838
40791
33519
2102
38291
5532
47166
17657
37939
29766
647
45712
54478
25997
34895
10308
50513
37410
8836
55596
51658
9887
33180
48046
50236
13606
54676
22420
14246
16295
47137
8498
13351
49961
49111
8015
13040
8387
7119
48894
64060
640
4248
59992
3728
2558
48694
35400
2110
36937
29239
38778
60421
26594
10219
4642
3696
656
39564
6696
45703
45090
58716
28139
49237
2684
4216
42124
22940
53411
16770
36525
20778
32289
42281
16543
30638
32743
36387
53618
43354
20525
35191
15855
40876
19844
55945
10731
43553
848
14310
56973
26347
27106
39253
19065
3932
64998
48935
34086
50847
8585
34726
49134
38945
15662
53807
35487
15534
13732
51537
11134
14116
50319
45945
48172
44181
48702
26524
54667
2623
43085
45696
48784
43469
45049
42330
47684
15177
3638
56450
29311
16332
26765
31391
55003
1263
50315
31974
32086
53003
51618
13248
24969
49442
3046
55762
4208
49347
6724
6656
45630
38673
3719
7212
5980
663
152
758
10205
2696
39487
45129
2700
22127
11816
47656
18740
39548
41921
3712
48775
54077
57145
62451
6002
45043
40325
20249
32736
13766
26961
29776
53687
3024
51498
31918
44446
49578
52411
54330
26683
52539
4078
53469
47414
41809
45814
47350
56663
15920
13121
45719
3735
42225
49757
32032
32311
52781
574
54157
37183
58319
27653
4420
7832
287
48768
36898
8277
48791
47422
7557
27609
2550
120
6473
15328
37573
17055
55435
9383
62688
25738
15598
53841
24839
24795
9260
17544
1472
62078
8923
65057
20643
55929
18302
33406
24179
41553
44431
19081
31982
30073
21151
56957
41119
23073
53293
52879
7895
5786
48690
23005
38694
46592
43332
47509
42717
2678
6400
10059
27163
22094
61153
59186
56888
32300
3369
12179
23795
52626
61317
13123
22425
19349
25295
43359
46275
19253
11058
1369
47154
30773
3634
49732
55588
16025
13507
2437
26002
45891
47507
13043
30869
32344
44604
17213
36473
58970
37712
38688
35284
32393
55620
2453
52876
40224
18221
59653
19757
34366
61052
60661
8509
35654
49759
53423
188
25180
11141
30799
19603
19330
11418
60561
26676
25061
31608
8571
56141
16701
33854
6274
26743
29150
11138
55348
25643
48008
33822
17433
30745
47992
4584
57835
7486
41564
22605
11145
63152
48469
60290
13385
18323
34721
28212
62874
11674
24565
8573
33601
30936
30770
6298
14960
64800
27402
29507
47253
54993
55763
53531
17483
25605
44684
44773
7082
32370
56968
17649
54347
16667
53601
11157
29891
26714
24917
31463
36231
55395
19250
31544
22989
9261
14837
58507
52799
17803
32403
13257
2178
46373
5418
47241
62400
36497
53800
40262
62534
24971
11051
9259
22737
22559
24955
43071
47234
12566
43219
6375
6258
47336
64326
12598
10229
29166
53852
48467
29632
18233
15213
60306
42233
1115
28362
28842
55428
27297
20469
56653
46371
55837
31221
48885
41195
43151
267
54265
2194
57277
24801
30384
32313
26554
41512
12662
25124
19243
4480
757
57383
4238
29331
30916
47237
49704
51263
32913
57546
30850
33229
39750
10034
7550
20465
28292
6485
46872
30305
12181
55759
45904
27979
33638
10893
47854
26284
7730
38400
11634
24561
62449
30580
2304
28296
61333
43471
18313
19069
10891
21347
7559
1548
56958
51476
26442
34935
31141
5502
1614
52320
49430
29051
48253
48548
58730
54938
48405
59409
26526
20747
32284
32322
59645
50112
9904
2845
33109
26867
13451
16261
41066
17914
787
11064
47925
6605
47317
47160
21595
28891
62779
12779
26931
54357
4029
1203
50864
9152
14821
44597
32440
57899
55169
35042
33430
26174
58850
14757
58438
33835
26900
28072
13914
34063
56691
59615
26455
17920
27462
6989
9201
22869
55552
50785
19336
47177
41808
31621
58214
4963
47135
53736
33253
28767
28982
45373
25861
36965
16547
1283
31618
26836
49356
48012
52310
48208
55507
19320
11125
22286
48607
19767
60823
4085
8102
1049
35594
5361
15234
12431
41660
8897
636
4379
24867
46504
30940
47314
44708
29673
50649
52760
45843
30885
50596
43107
42431
45839
50037
44764
32258
42900
57061
57048
52488
41167
46687
52708
31637
46259
51016
50725
13059
26035
43475
47922
31548
5463
25715
5195
24158
53784
57933
14562
4913
34906
953
3596
2405
6550
13807
23872
28004
50658
47904
31531
29967
45101
49195
50620
51423
30946
46569
30905
49392
28822
47340
52038
31741
15250
54511
56023
50281
41718
49141
51838
55450
45409
3655
76
16129
53948
49791
46155
31299
25449
32019
45339
14498
32637
41496
1815
26129
56234
174
3759
44134
47461
1308
43536
29860
37693
53632
33163
17232
6621
59860
42496
51251
30856
46813
47284
22784
35077
30949
57654
25037
32661
47649
9246
27071
58876
34476
3073
29739
25054
49904
47685
37537
49137
28143
34850
5916
36006
27178
5145
8794
22028
54529
51647
33147
9278
16277
55843
4081
4780
48620
55527
34799
59267
7817
54895
10121
21316
51939
29638
24377
20467
41806
52609
35267
46964
27949
44825
60719
754
6968
19276
59970
2441
29241
64153
2197
58917
29337
31109
8031
64719
16725
30962
2101
60569
18226
18309
59273
60473
20361
59282
23539
24371
11410
12083
11507
24467
11251
18322
22325
17950
28279
14015
63158
51941
54045
10114
20281
24563
59269
60138
46968
14774
10875
57113
52602
45618
29160
27509
40140
64558
7239
35935
47250
11052
12937
14469
31919
3180
35720
7067
61824
58506
7032
45544
4583
58490
38012
46215
2181
7048
49642
51324
5154
46199
47906
37248
2848
58267
4590
65484
60283
2179
17223
19027
2450
57634
29315
16929
7044
63082
19105
31026
58497
20241
30600
18306
35681
44426
23274
55489
20275
19443
55617
54851
56619
19067
53699
22405
42796
10538
31554
35640
8618
41434
21562
25754
47493
8533
28538
25461
29751
33239
27541
14389
43036
22125
10781
23701
20957
59187
16503
10133
24569
23353
11397
11386
10041
61440
6058
19586
60113
20945
33236
31508
16669
21583
42001
54349
23347
19257
42033
43855
34873
55326
31540
41427
23315
45621
32062
36812
10949
42519
15923
2203
47506
37266
26283
27674
29690
34612
28154
14642
43729
11395
54317
19605
10131
42279
23427
13517
20473
23545
54269
25121
30032
19337
28241
23682
42113
11401
47892
53715
60563
52338
27769
11413
19449
19251
60546
60211
24748
15
11065
56164
49619
3637
7490
49068
5944
58235
39472
45978
2434
8028
50807
51930
5013
47832
48439
40743
60698
8999
32126
4012
38570
64134
4984
34692
47490
40796
16003
23937
31460
928
35566
7975
64895
65242
40663
64941
10455
62566
9169
17424
37405
10662
19883
17390
39280
18442
62897
8875
38158
6962
23831
59389
56642
59779
27580
26390
8019
26099
25734
970
58646
35578
15466
260
59442
15932
59607
57693
26674
60854
32826
25062
564
26963
27325
53463
59878
7114
1722
7373
21943
40659
42893
35478
10468
58027
9701
59814
59974
4397
4637
45117
23933
19971
50774
7200
49243
24856
38110
38807
18999
62851
53669
11793
46595
8433
10371
59893
38266
8641
62138
42756
21544
8564
12606
7680
27198
39042
19107
21760
10377
7901
62412
65381
22749
27226
15450
20063
37240
4589
1869
6897
7757
59529
25606
3169
7049
27977
849
3923
60702
7779
1379
27407
57828
3615
15175
10406
26745
62891
24641
42592
50966
47997
28795
54642
63515
27537
13164
9494
12439
27433
43559
11702
48409
63560
7087
44032
47149
47837
41968
14076
65003
47857
41644
10387
23314
60726
397
6993
5261
58814
4819
1537
3647
26761
24798
25300
59630
5123
2307
4145
3277
51782
49451
19969
45357
62398
48160
62394
40657
10478
17895
31787
39143
31382
45040
9706
45053
47179
62701
40302
31451
21324
10485
31354
25489
48225
55370
42486
62074
19888
44806
59545
65092
42768
65053
59566
47899
24234
17680
56090
30
26273
55207
30333
21274
10336
41062
5486
62381
23104
21627
63325
4427
40448
8006
10470
36925
9814
11965
33307
62950
33168
59744
8283
59757
10290
61165
60679
36571
39205
18524
36330
10643
4785
17477
62927
22993
6326
21254
64916
40498
47341
50983
10842
11801
23844
32262
37553
24948
10814
59795
38403
40423
11948
49393
55971
63460
24117
40585
40344
20018
21711
4915
19749
57913
8947
36178
33668
63811
10447
62303
4690
58708
1100
58434
2980
4418
59558
8010
26662
804
5779
27565
28439
58147
24940
2554
5789
59751
23116
24114
2740
34610
61171
56348
27958
57412
7363
28413
53831
57907
55228
13770
24676
21234
52753
38888
27301
48861
37458
46458
58099
51935
27156
8761
8217
60712
48640
37043
48364
37026
37178
62594
42921
45522
65185
20362
10287
38446
46767
10414
10711
62767
28940
39372
16542
63751
385
57826
36435
4585
58123
56449
21445
59622
6276
33755
57143
59528
35343
24508
34278
3927
59430
60276
25007
7037
59822
4979
2449
1071
4393
28542
25460
58409
26790
1683
7969
1693
51791
22386
12019
26441
62040
11295
42384
52534
48717
29323
31778
65064
5999
12444
8755
64674
50303
61714
9299
45353
63931
48929
43456
49638
46221
32731
30994
62520
8623
45052
10726
45047
59158
60116
26559
6877
58105
25878
1473
59983
5945
25166
24644
60985
28086
3267
27679
57444
60127
61716
11868
10772
21444
7404
62812
60979
11833
34184
36066
63545
10917
64677
5509
24505
49616
64820
38041
46139
62570
10704
29770
53118
47505
29031
31965
63820
9413
41670
10670
62141
44336
63524
61177
32331
64924
16949
56874
49742
26097
32151
31117
21804
20213
41878
8953
63828
43740
58436
50952
55832
40604
49119
11827
49177
45235
12025
16946
38277
24931
21237
45218
39369
59600
60984
23897
6200
58378
33760
33852
59886
6495
33975
34269
59788
34901
21955
33294
58811
39039
63353
31247
47230
61966
17791
39263
37249
45545
10734
46638
64905
32417
38575
19585
41118
3897
6015
6217
49139
8745
40729
49814
1073
46157
25230
27225
58783
5743
47651
37967
10921
33691
47948
11074
23467
46615
37703
14379
54053
35733
13995
14501
50170
9834
13861
51276
47202
5741
30517
18232
57789
30023
61463
1085
5699
4547
1021
3059
42432
16560
3891
63308
30706
40167
6124
26846
7328
7961
631
4083
37329
4381
48953
47698
59071
25866
27173
1041
6818
62247
35701
56184
18090
33659
21368
41882
43052
19234
30327
30882
21397
54176
31532
23328
56219
13796
8677
16872
53331
48187
44173
197
14565
56200
26072
26632
40117
19459
27525
41344
45403
33438
45455
8663
23214
47570
39310
12578
35114
33194
14754
15791
53196
12033
15407
37946
46089
48216
30604
30514
51096
54916
52
50980
48947
48115
52308
41411
42591
45263
42563
14133
55128
29188
56117
27448
43604
54740
996
51768
31205
29013
49848
50181
12483
26195
53125
2261
55480
7335
27203
35355
59143
31794
40158
2873
7953
7089
4089
2716
15605
7270
140
64218
47817
136
19219
11028
45148
11492
40168
49247
2867
47929
24708
56260
37027
8357
31551
37331
16820
31138
55871
25655
41362
56542
2514
52551
32634
29850
52327
52588
12993
28620
52300
474
56761
49145
28963
32075
3065
55694
15410
3630
47425
26865
49822
51871
43414
31989
47
15674
53593
38430
4563
25044
9910
4932
797
50118
39759
11060
45902
48121
59843
27062
47923
2835
7012
14818
10780
17442
57180
8727
44839
714
12778
54407
27863
28082
37628
20396
27196
62586
47863
62094
35455
54391
19457
57127
21113
44892
62602
16871
31202
32009
24492
53921
31375
21628
55966
52177
38240
34209
31719
34926
38934
45424
52347
31910
29037
45294
6266
18555
49338
58743
9597
35676
44218
46591
25855
47238
4424
112
23124
3736
12934
14471
46865
32050
286
9811
2544
25407
3936
45907
55388
47037
15685
15590
25176
15700
2560
1726
48102
25672
15335
50484
56347
40576
15446
34702
20109
5607
60901
15526
3365
56612
27771
46568
21761
36324
42243
59274
27787
33064
59745
4240
46137
36227
56290
46970
16467
46492
32390
14736
7792
4430
53169
56323
21340
31268
45041
11755
28130
37781
34681
14006
32398
26603
50010
53141
63926
47655
14783
20004
59052
35334
50543
48441
7824
2454
11245
2679
34655
28060
16014
14980
52401
11854
3704
4388
50771
25980
43365
48110
57007
28903
52499
52091
45168
30630
42605
13161
42682
46196
2162
51153
29304
55199
12812
26589
48556
41930
45348
41437
32406
47616
51243
2850
12288
28121
42009
47246
45045
4736
49923
25636
36182
27677
40502
14318
25996
56927
7
520
4006
10381
15844
3395
46548
52597
1690
20093
32116
17181
1834
50698
51178
30702
30430
30996
37792
55086
51621
40560
54862
30864
13830
27825
45494
29760
47159
44817
16030
51879
810
52811
56042
55259
51949
47510
42433
46614
41137
49062
31648
31403
42970
1658
24743
14254
15201
49325
28944
48087
50971
52253
30446
1091
21258
35926
54312
7435
60209
30694
50568
30035
46859
28445
36326
35719
16288
60555
5086
30855
37382
8874
27613
6188
18472
53713
29334
27658
46112
50634
17425
9437
6
34207
38389
18413
144
6695
11815
21855
56813
52234
35364
48514
12950
41043
58026
7800
50604
55273
23555
37421
27840
5959
8944
60902
58745
47067
52515
48456
51174
50660
7643
5484
46517
59169
3213
60624
33482
41887
58662
8520
18390
46335
59960
3620
35740
23463
56626
18465
38142
61635
12128
60758
10736
42435
57904
44357
18525
55452
596
3384
25423
5118
46152
20022
22679
29572
62027
34045
17827
58812
5152
38931
35001
18567
4653
58096
38961
38279
18552
6380
17745
5609
38264
10192
10607
57494
11809
56178
28112
25657
37061
50591
16680
20384
8526
7795
6593
3253
54186
9738
57329
11748
33734
6098
45984
48617
10199
7821
27208
28565
27182
18867
31167
48667
5644
59114
5574
63825
22849
11223
33040
9414
59351
60718
19360
63405
36411
19850
40283
23654
9729
17405
55653
20030
39067
13427
62855
28348
9510
12016
26095
54201
56596
17354
2050
63617
12920
39851
29196
34957
62669
55876
18106
28079
10080
11606
26572
2898
29929
34128
13417
18398
57333
22721
9041
21238
58250
65082
36251
18576
58718
60983
9030
9627
10295
33856
65181
35117
38206
62270
26202
11800
9050
1921
62228
27928
40577
11831
3443
14612
26423
9125
27045
40563
13886
59239
29615
54409
40350
32317
19558
26534
6140
48543
28096
2760
31614
35153
3748
19012
28867
5534
30131
32068
61175
44006
63789
27312
25903
28412
27878
25092
30685
17142
3512
42019
41956
11869
33708
60608
11824
60225
7428
29736
46468
50629
50243
39245
35623
7637
18832
7309
58137
11360
24726
10798
4689
7480
25962
46974
10824
28041
48699
45253
7805
8879
46511
26386
7349
4464
8709
58031
17457
30843
26858
6205
60512
37457
19431
16385
9428
33823
5456
1466
30118
44107
52288
17568
49136
37549
49149
62054
64784
9243
18813
29085
40219
41371
31302
10518
51862
8112
12352
34800
34288
58424
1211
12384
4408
56904
2496
24885
24091
24168
56853
25013
61397
21051
3888
4544
6592
21179
33464
4016
15669
25656
56539
56760
58587
58552
25813
35888
15040
57876
15398
33957
6563
4093
4776
4080
23829
5144
56395
27389
12587
23972
24870
6419
2704
46000
50753
11249
17772
63624
43019
62826
48088
18247
37829
11221
38942
39017
30538
31493
63205
9743
13878
27590
24774
38866
63241
13910
11218
55099
61631
19420
1933
1883
55168
19212
38636
5633
3137
36204
4849
60370
2062
12908
7127
36167
1740
27535
14919
60777
27935
26810
59119
50452
42560
48112
45987
42653
45309
42339
44565
47128
29556
32424
42829
52125
30741
28736
42896
46739
44160
31424
45747
63252
39844
43267
47944
32216
41203
31557
41357
51917
32229
11109
62997
58686
1665
6332
4945
12487
5561
956
24122
6199
54738
28345
2871
59401
26863
34268
1985
49214
50826
31578
46673
49246
45143
41153
42810
47927
30350
30551
50999
42846
31546
46641
43969
26364
44833
19818
29292
24137
60258
44961
26695
31255
13809
55119
62590
43767
29823
6396
20511
13586
12353
6250
25452
21422
53495
12385
14106
27415
54910
55465
24094
3063
56863
34074
15249
62936
42624
19280
9141
37821
9140
37808
63280
11067
17883
30667
63723
63496
47920
9782
52166
12133
3201
5297
56522
40264
61864
22785
9288
36311
62195
18963
60910
462
53633
17557
39957
27046
52362
9407
8895
20856
15789
44234
25627
19922
61285
4467
49470
40194
47665
54432
23667
14830
38660
47779
31142
9519
25102
18564
12783
29044
63535
63097
11859
52653
17923
27887
8361
36605
50279
14100
34582
12106
24163
8514
54596
20723
50252
39239
45420
13590
12138
20733
10594
35757
15975
12772
33254
31772
14502
34626
34340
24403
64076
64535
55148
14822
32874
13988
29287
32007
52743
3453
56688
25558
42161
32471
31214
14758
16080
1501
47281
14614
46513
49678
25867
20073
13319
50962
32273
36746
40556
25042
16462
41071
57658
59858
53516
50458
27066
37111
35074
21464
37122
28336
54192
48186
4872
19161
24275
57053
43569
44855
10940
2059
20412
5589
48983
34039
50189
15646
33050
10709
21612
8667
33358
23649
37936
39309
46256
14618
12038
21097
10500
64747
22274
30886
16544
36735
29195
56201
61926
19325
12591
15394
35599
44715
53340
31206
36002
63803
20834
32182
20400
56385
18872
55881
64822
19165
15647
14610
35439
42171
57340
17107
57335
35495
52845
14574
34794
29392
15786
18203
36734
22017
64208
40157
32352
13802
8294
14766
45757
13803
20836
48641
29962
11503
54205
33140
14566
30958
61935
64738
6819
43198
36005
26086
20409
62030
22372
31343
19553
34070
17001
56909
44367
19017
14102
13588
36595
44398
53491
19521
53501
65406
20740
56239
34465
33571
31150
54413
61743
35625
14374
13860
33875
14510
57171
32639
34468
30894
50285
51172
30950
28639
52897
31256
30329
42499
15068
13015
45411
50662
29280
49321
27070
21209
38754
27324
53937
9498
4786
20041
23089
56025
65041
41038
12028
3511
16495
7226
45303
17586
15885
52695
29914
33765
37900
26843
17113
41649
59605
58340
55296
51690
25350
37554
34052
17899
64045
59760
62384
38746
62397
11137
36267
33808
10190
11341
61569
39147
40854
21606
40091
913
19882
37590
52321
63736
59433
31744
47142
47830
29680
55367
64779
40222
31351
37667
35068
24606
34922
37750
1697
17835
58734
30304
46957
47990
41083
14202
63595
59518
56087
40550
34170
31819
47856
63856
53232
8877
53245
16998
19819
9232
63869
41254
40299
41259
31309
37990
48166
39315
33969
58848
58033
38994
64804
34048
10383
7894
17356
17480
22717
60903
36327
62863
9365
61619
58585
38257
42641
44917
38872
35386
20019
18545
45333
51552
61233
50990
21180
38197
42107
1788
29073
61978
41580
24313
60178
32673
26698
31258
54769
55113
62638
43591
29817
58188
34671
55780
59410
21206
12979
22522
16221
26700
53517
56022
57074
34119
58954
14909
58362
21510
21858
15555
64786
21366
13219
1564
23252
32076
56630
56182
6988
58986
64586
15149
62202
21043
2071
54546
55281
58138
876
33710
12535
53345
55143
27418
13950
14463
24174
2887
56857
24170
54817
30349
62584
38352
41158
37366
49245
8512
18445
20182
19195
16920
65312
51003
39269
40454
39268
14784
39502
21114
12448
50803
21560
48435
55354
55930
11043
59039
39990
24187
49919
21308
2937
56555
60206
21466
16304
38902
21003
47139
55047
56282
48884
25929
38438
21723
927
24074
57598
8733
9376
62945
39334
17342
37547
17338
11966
10465
62951
64880
38919
64893
17435
40458
18710
62405
60039
63953
62890
41199
39048
5942
33861
19946
48111
53155
57472
63518
60609
59685
43636
40805
27217
59857
15562
40440
61816
35073
9285
36314
17139
18964
60686
318
53646
63781
10853
45081
11861
3189
49331
8786
49314
4851
47801
27155
37433
40527
60824
51176
11828
51724
9516
31042
56165
45013
65532
36855
65527
36860
29896
16693
14658
14405
12642
41234
35656
61888
34368
19490
55813
41077
20636
56482
44194
32860
19032
18213
23586
22309
14082
14194
35464
43525
53365
55790
48646
52339
43430
45225
526
30211
53513
29043
42617
43121
50948
52605
30957
2575
46449
36663
48044
1765
16316
12119
61271
32700
35787
56277
65335
64330
49410
482
31506
60240
9770
8978
19372
42620
50026
17319
62370
9212
11255
47900
37655
52042
63634
43127
11026
64410
30250
16974
56934
44063
64609
33021
62057
33011
32249
19023
13636
24134
14180
44318
34589
64241
34067
32795
35509
15573
23728
34296
13675
53952
34808
35381
13643
14149
24008
15835
55864
14181
32789
4939
7013
1557
58976
4971
58216
25584
26872
6981
1563
2069
59640
2075
27464
60400
26176
20350
54278
13951
22177
54948
43438
36691
16793
35631
22052
23414
12548
14462
33261
41391
54134
29975
11187
50899
42416
9209
50030
17861
30562
30677
62786
63260
39108
51421
18392
52079
9759
25380
6291
3967
59027
6574
59037
27025
25753
4399
3966
2934
58521
2932
26669
57745
4982
4164
7619
223
60611
4857
100
26049
6905
5951
590
3654
61129
2772
27965
2671
5443
56546
31667
42719
44197
32697
16313
56485
55048
30700
44258
42876
12644
41236
30696
15283
30239
9774
20127
44271
50863
16910
61598
10591
8542
45551
39406
39025
64857
42873
10281
64081
17777
33497
48746
3292
12977
8439
58034
28783
35534
56031
61518
65055
51042
3543
32286
60106
9500
29518
172
34879
41926
47624
33604
10124
29902
54342
5976
7298
46965
22979
40085
34041
48242
44206
54327
26758
44334
14043
28654
50267
43526
41606
48907
49018
54208
2385
46234
27405
12762
49815
32043
48689
3623
13707
25150
43261
52560
50464
31181
31041
30042
49910
55537
28365
15754
28473
6009
6223
53235
37417
12057
45718
25806
46150
654
2703
5535
58991
47652
9465
39551
56558
9250
19843
12881
39403
17022
25424
55053
56966
1771
490
10581
62111
25735
19725
38010
46354
43434
7749
49404
16791
24651
33164
46951
48714
54354
35207
29052
57445
24330
7787
18802
43426
55865
25658
41250
15582
27090
52727
41386
43306
48231
45596
53953
4044
47868
25015
15839
148
64608
30854
2692
35522
30249
58959
3734
646
37375
40814
19013
42579
60190
30878
36055
1384
61370
32321
1864
25794
29977
65324
1888
1344
42140
63895
4412
41215
61815
30574
6455
53241
28964
32064
2889
14734
56370
3742
50417
833
45726
48175
31126
44277
26527
56775
12687
45097
865
7555
49235
45417
4212
8515
48798
48774
4553
8158
27423
60419
40806
7828
47390
1707
61279
29754
2091
26708
30231
64643
426
2346
44371
41625
7043
41978
64041
29111
27017
13309
40179
56608
13373
6084
29991
36901
13553
13105
39509
40082
10047
42320
59170
32087
7225
25223
34889
11813
49808
63796
8738
29633
28251
48778
13117
13361
17395
58780
29773
11608
62543
46711
44207
5164
50074
19037
4987
34691
45319
46218
56916
53897
31459
58261
23647
5287
19502
55778
10770
17452
16220
37399
32551
25290
53511
54410
3287
3548
8956
65452
27186
17575
51786
56363
65257
3136
16368
39103
16381
10460
53661
55878
20146
9689
62444
299
37647
2710
38146
50835
31312
44080
49843
63332
39796
30979
47941
32213
28915
31560
41309
51773
32232
38421
19301
46356
31728
50752
50083
30365
49405
30051
32360
47125
41844
44661
43005
52013
30744
42992
28704
20151
40631
44070
10458
32765
39089
32752
47869
45350
44075
62446
49563
62442
17841
51856
9486
38415
56262
1590
198
38834
63465
54870
11228
55088
16575
19410
1885
1931
55179
63212
11020
36163
58934
42561
17633
41590
57925
7647
19413
30506
46198
48092
58092
37601
34608
38629
42732
47168
62477
52289
31440
23394
37701
29356
27439
48415
55036
30198
43671
62160
32518
59007
65268
56078
38464
16176
55249
61039
22529
6177
56584
54485
7934
32504
58239
21969
47173
14928
63472
56881
64560
12320
53617
881
21823
11585
53557
56949
7025
11077
37407
22897
32053
24533
50709
30571
65133
1569
47888
53399
65120
54124
28265
26751
13682
42621
15351
37648
28774
2033
17325
33965
63114
50816
36118
40357
60838
9331
30555
31536
11620
18375
62067
57872
11066
43974
39873
14028
40404
16161
12972
49936
23506
19760
55103
54399
11024
38566
62165
14887
37574
20703
51325
54754
39028
12337
13244
65125
12375
10304
55305
57055
20219
9549
37653
15159
37782
15185
38244
45118
47962
42634
50769
45150
49239
28865
30663
47930
42638
42890
51143
42894
31543
52161
30257
24421
61160
52353
44122
41962
57720
36565
35347
29057
47322
49921
58323
41278
58803
60437
44782
10300
60941
3210
36560
37288
62348
56410
8563
27185
20325
17871
12750
58326
33542
64627
40642
19682
52967
60531
23717
2230
65465
32474
16649
33139
57019
26077
50129
20756
50609
39439
1291
47588
16821
40917
53075
31949
53085
31939
46264
45365
41684
42197
64180
37348
28984
49600
32560
48180
18341
61461
49395
20228
40116
30355
31432
30533
44932
43653
64420
38676
30504
64181
19685
36552
40537
40053
20028
36793
59587
19621
6841
10771
23778
21380
61796
37695
17247
59916
5460
26253
6917
22245
58883
24779
12381
32947
27595
7125
12349
15152
59320
22500
35800
15184
26240
19902
14053
38524
19775
23823
40378
25825
31735
19228
5129
7115
13025
37436
27605
52122
23376
45499
64964
40831
46128
32759
38064
32764
46249
45359
43282
44253
61794
39221
29382
49553
17085
54430
40981
23781
55425
52577
21663
5905
55192
55941
10862
19144
1297
21391
18245
22437
43701
55918
53205
22037
56641
38063
23905
8561
55400
56133
9374
46280
51569
21071
8501
15344
37312
32203
63636
57375
32320
19618
64965
53404
47865
26447
44066
43405
22434
62789
29590
39535
18772
17497
50911
63187
33827
3338
40287
48406
18338
18405
28094
55224
49776
57891
30684
64367
2995
55570
50413
23583
16380
38069
16375
8656
56681
55887
9419
10637
51664
20754
40710
15089
39172
56354
52765
22255
12380
44464
23714
18192
53657
56207
19131
11485
42256
22498
36966
20911
49853
4308
19391
38623
37055
4100
57352
17935
34744
18396
22244
22501
38665
38882
18402
60339
34515
32567
16109
40156
65468
22533
53079
26832
31438
19167
6328
5092
13280
37346
774
51914
21764
6331
61128
23791
6197
28503
22528
36796
24926
4591
16183
21981
57602
21381
34243
14929
5563
11495
6114
26833
60576
61209
25207
28659
8638
4374
53049
51852
5823
1290
27176
25710
60028
39259
16855
34774
37355
62014
33595
60007
40384
40144
4855
6442
19633
22192
4522
36557
62522
65469
35451
19425
64285
65518
33003
59150
39430
36982
7342
36625
36774
61450
35761
35597
64234
5972
24591
55313
10127
13085
47620
18102
33214
16662
63006
40073
55734
46963
7315
29806
3193
5003
25719
48592
58880
57874
10728
11450
7883
6096
37431
38026
25194
51456
8679
11704
58492
29778
35228
56950
16780
12333
33175
28831
20126
18289
42361
45031
32931
53628
31066
36516
22903
52677
19663
33242
39989
62279
57028
60331
38042
40826
5019
25330
18026
34611
60146
33991
41529
57855
54000
10198
58943
49225
19138
2648
59296
60640
24728
27134
45251
35397
2254
10094
41527
13468
47562
11121
24364
50041
46274
14228
24214
20598
54692
57255
46751
8508
13463
10398
53207
39507
36755
19056
36899
61559
35668
20925
61793
22033
34413
7321
16384
19343
59225
35335
65417
8649
5071
28128
4419
57464
24937
45141
10151
10208
49186
51518
7173
27615
27126
28331
59721
21150
45449
8666
23166
51666
10638
12690
21658
24442
55714
53887
49100
40705
55967
9415
50415
60583
27204
35344
59367
44082
11486
3017
57697
59089
28665
27692
56565
60518
26460
19127
51775
34525
55518
48758
63153
638
31197
7334
5901
10209
40174
61905
25857
41830
33053
48397
13329
17038
35449
54394
64513
16167
33401
32604
17495
16874
43490
44527
36780
12961
31369
33954
14881
28360
27756
46202
5941
58232
10955
9898
5207
4586
37671
49714
25504
47829
11468
9378
60487
55572
62883
26426
2469
10340
54846
18570
28068
27925
10446
9607
18549
1626
62801
26462
9592
42788
57064
57045
52712
28879
50783
52484
42533
51667
51192
48021
54019
1459
29875
47932
31538
50600
30930
47324
44660
41961
46553
52840
51299
41845
46500
29459
30143
49935
47269
32434
44780
48062
9568
55073
31722
13902
10349
47525
48552
32115
43284
49390
26266
18544
45242
26519
38269
41055
28989
45366
1285
8293
61603
25859
31628
26835
45260
48002
48214
52304
55508
19317
11128
27968
8502
56134
47841
56945
7740
7562
48005
30751
19062
19340
11644
7537
26675
4581
31605
41760
54790
28127
53206
32757
47162
42089
12335
49788
2962
52987
53772
55248
51725
45347
30145
1793
47164
30933
218
11773
53677
21793
13491
2533
61082
51443
9254
55830
41765
32264
32450
1338
56885
32380
3185
8566
56646
37418
3973
13075
20593
63013
7473
29153
51507
31541
11068
52070
28849
46195
42608
41592
30647
2210
3756
13695
54121
45229
31077
48090
51051
48484
42734
27309
19232
24960
27152
7842
7694
19750
30900
47333
11675
47305
36479
7898
30860
53709
11261
2946
58822
29935
13337
11226
16373
39222
60
639
63088
63357
36400
41484
40331
55875
38401
13241
37713
56595
2274
20167
53880
62240
3599
1500
39158
38299
10298
14693
65069
54436
9534
46562
47915
31520
42255
49197
45099
46524
47289
30956
50665
43231
45296
41110
47330
48125
43846
3989
37381
27169
43455
30832
58892
6198
27205
48623
19434
61441
9427
16369
58704
6108
42406
30858
8710
47658
27606
5804
18469
55743
31267
28140
49045
46538
32753
9430
24582
34687
9717
46472
36333
34689
42323
58855
7307
56486
28056
56611
3195
51168
34049
23638
30701
5975
60896
60194
32290
56965
42057
36853
65525
13561
38437
43315
60242
4437
29276
12892
55539
19260
19256
13305
30776
30780
2082
12840
29224
2130
43251
49957
54217
55603
55797
43509
25685
32338
44677
8749
7640
5962
37616
60557
5497
46533
48532
48453
50564
40582
7360
58732
11835
6046
60899
40853
35661
16694
14799
26124
1708
31183
11148
55347
8085
11144
36849
65521
30793
47989
25064
62976
27469
6982
37873
35157
14592
46689
19333
47183
29520
31624
4966
58211
47129
53733
33256
59159
18478
54415
40238
16579
64614
3732
57420
49711
60104
6832
29599
22865
7830
19011
18397
59853
47320
47157
21643
41179
17723
12555
1219
14725
28605
27091
46768
37824
54277
32456
44757
20971
32274
32332
59469
46016
38576
2925
24453
835
13403
53589
28778
62970
26723
11061
47928
58782
20029
32067
60999
41860
18733
3528
3743
1356
25172
4742
30147
62198
7616
29844
63622
9021
53643
33152
62288
59869
6612
30208
47300
30853
50909
51411
35072
22789
30952
4557
310
23172
46878
48447
3624
27030
38483
2727
20623
556
15966
56662
48305
50687
26528
4387
47245
600
48109
25635
15748
3101
46388
14094
3676
13711
24583
27872
28582
50003
55814
28148
51158
31044
4491
11040
51605
22078
34382
27029
30921
47244
14660
43059
5722
59034
47240
19453
20790
61523
7803
6698
50588
34143
15363
48138
35363
48524
53910
32397
4778
57488
46967
55279
36228
40032
7796
10785
57937
27829
1386
46495
10821
28047
8389
10203
4246
37551
11822
26396
28123
32569
50592
6127
16371
46269
36633
11217
47705
27171
7101
4331
47126
22207
36874
6825
45803
41476
56120
27445
43652
13780
25572
51912
41989
44933
45752
47589
53443
1619
45397
26808
14549
52312
30594
30524
50984
13956
24628
51092
49603
50755
48212
32563
30303
49359
31731
55240
14213
26829
9619
6012
47153
65305
9412
32755
27218
47653
16185
1421
34415
10307
46417
10914
37508
54756
8680
16869
12371
52283
31885
24773
55304
56197
1496
2277
11445
64515
27528
29019
49536
47799
29157
7029
48442
19881
7527
35553
47266
47916
36190
55384
32113
7500
35717
27547
16731
41216
54726
24975
43392
14802
27579
49554
44463
44079
47522
48315
57292
26672
52683
25609
12509
3473
18236
30597
1409
6846
29790
57466
15347
16179
39594
37315
10774
54310
38467
30610
34760
2666
6965
31564
586
5214
31422
64625
2213
1573
64913
42069
4577
32049
65413
30818
26824
50374
29521
47683
49990
15490
57035
15353
51868
44
32761
45661
31893
32314
52893
27337
13197
48478
47891
33235
27942
48551
7577
10864
31737
31539
6663
7108
28282
7823
11071
35684
45492
2466
58886
31295
290
6347
31186
65504
3436
3148
62544
62045
7120
45004
64237
32185
5005
16377
37041
53539
15161
34747
31874
38422
2719
143
37302
39947
18394
15509
38779
29017
4317
24712
19220
11027
49244
40164
11496
45151
27588
47935
132
15155
8355
37029
31545
8628
61907
47586
41478
6684
53084
17416
28455
35808
48562
47676
34907
34189
29920
61356
20486
27383
17124
56075
8901
19071
55424
53031
17419
28508
56585
55951
2530
219
12204
17541
26048
31390
37595
4628
55958
22901
59811
28669
58024
28656
36200
5141
15435
2630
12699
23924
24877
58467
27680
63072
36268
63971
62032
16062
43035
35217
18198
17542
32945
35799
21673
65000
36135
42262
55482
17707
35004
62739
62448
33545
62888
34241
18589
20038
21390
24202
24249
63512
34871
63651
34284
19294
60155
39285
18225
17332
38737
17333
19880
17429
62952
24365
38920
36922
36086
62563
7325
41914
17599
58851
21765
3435
51431
18703
32465
35043
53862
54299
40201
22740
19938
50650
25760
24853
38078
38268
19002
63236
16245
45297
47334
11807
9731
6645
51095
40753
17082
42470
21656
18243
20894
62076
29827
13499
40979
34192
35610
19754
36784
32975
24232
65414
55711
13082
14265
57026
59575
59875
26684
27853
22474
26883
7629
5254
724
12503
349
58938
26298
60851
34231
6972
23911
58643
56652
57604
1756
25955
4582
7750
28499
25546
2045
23626
56426
2534
59586
30868
22478
21276
32323
33288
64406
35264
36503
34890
21131
13193
21688
61510
54735
24236
34398
35579
21675
62947
4416
45147
57846
46678
11956
10467
49213
21019
42845
24352
6496
40453
6509
58881
27377
21020
58097
60338
2286
53868
7130
36170
26316
27529
15095
60697
27929
986
6927
5438
27473
58332
58193
53447
58809
25532
36551
6202
13778
3807
3015
59625
26857
24252
24625
17890
5285
38364
62396
4772
62393
33379
18441
20191
22900
23925
60776
39138
33816
40463
35091
2470
47706
39391
37567
20904
15741
31946
25616
19932
8037
4468
49614
40418
47678
14704
35491
30687
39518
23007
35718
51211
49372
17836
29712
36332
29616
56419
63593
57478
20305
51568
2664
45790
6821
2326
614
12217
49671
35941
32183
56592
64722
39647
57700
3451
6676
50353
11500
18747
54378
41686
65456
33385
63928
35937
19917
19158
21070
21578
15726
42203
33047
64947
35100
19691
56842
41846
61600
55726
41483
34305
16653
19318
24446
23162
14350
44667
34791
41990
53882
56068
2724
43286
31727
29550
1795
29952
56583
32112
42359
45033
43197
49391
57251
13489
48137
33752
46090
1488
13232
8882
58120
29361
36532
57046
62169
62684
52663
2283
29911
61109
10732
8647
62546
42353
45532
28830
61786
9903
10409
47217
50734
39383
63401
45036
10700
65199
18695
32196
14953
43290
18995
33640
64198
34400
17655
16666
21323
12873
14443
44243
36095
62572
36094
35570
24258
726
34620
4196
14956
27843
5997
6870
68
12871
60084
12508
54730
3686
33522
25842
58610
886
4428
26269
57850
26259
6301
7030
884
3863
60324
3868
27130
59555
6503
16724
15113
13690
19235
54699
41219
35840
19111
34682
20603
24361
15627
42611
34399
44458
57257
31410
58612
50656
55829
8354
49599
8371
48750
48854
36889
62002
38664
3859
33525
52906
10697
6446
4527
2330
61345
28663
59817
28668
5367
4378
2322
1151
57698
1150
24873
58476
28449
7198
6079
13786
57521
35938
622
53452
35431
34778
15426
2639
22450
3806
26425
15722
7199
54763
54374
50657
42250
45582
13245
55718
55309
30945
43502
44522
3501
43230
56699
3590
31185
10729
18959
43498
51457
32599
61961
12220
9394
46298
53047
49537
61698
44526
8681
62476
31873
34765
51890
2538
55251
9122
59328
29546
33970
54490
62226
64574
51367
213
31935
58380
11463
8226
7560
26604
36949
57890
24696
25232
10834
6693
49799
52778
5468
3077
48779
27298
60965
51602
19266
35637
37154
43314
55602
57746
50261
40837
27026
25381
20428
24524
7061
55496
43084
65529
18312
18316
23369
64642
35970
23497
61891
63043
36857
34371
35989
64661
33219
34648
63276
7406
28141
26495
40102
116
45694
8275
6745
10787
36905
38769
27651
1441
10221
47785
3702
27010
27512
45541
61276
61223
12071
12124
26712
7045
51586
51244
28588
53164
11042
8539
60192
17191
35704
56181
63146
21371
33656
29594
30866
19244
42615
43132
33685
13216
31522
35739
15136
37623
18206
35391
39447
42313
33342
59384
52732
40012
26104
5440
16639
23729
5984
56777
65089
58989
30520
18229
57821
42311
16407
1229
60403
61235
25597
26179
30144
61616
25027
18418
42828
21403
47938
11084
23419
50711
9031
14491
14485
22053
54955
54133
46074
38506
56213
47346
51228
40110
19437
16675
59262
63017
36846
59988
39583
57391
4244
4214
18003
65446
6662
33113
64369
9758
4564
25043
38582
58180
25373
46022
11257
11059
49998
52047
6595
2486
47924
27492
60179
13716
47150
8591
22308
53230
45865
15774
15775
23599
56494
53366
47441
38559
56982
46169
52081
57496
48701
6723
60040
49726
8265
3671
60060
57484
25239
25888
25334
37059
27984
10953
52801
36665
53716
31507
65523
16153
32537
36851
35780
19263
65337
64335
54975
13935
19252
29108
15123
29993
36388
55935
61599
21118
32813
29265
32089
19087
44270
42865
33439
12451
32302
35486
24182
4663
28187
47644
60602
57419
8722
8444
28098
6716
50498
40522
24677
49770
10007
10999
60949
4651
55182
35052
21142
1598
5602
55717
5373
33824
2324
3445
54874
21775
56692
6329
1930
39803
19847
34950
62525
35942
63162
60830
36880
37510
59319
6922
18769
21840
34033
18385
33051
62461
33867
20017
38955
22829
17799
61127
40598
38208
5470
33585
33526
62410
6234
18526
23840
48729
4298
6268
48700
22996
10141
9040
17661
9248
62269
548
6405
10048
25333
34921
57486
38410
33817
11747
21446
26042
50080
8785
10202
7814
7264
4475
4783
63923
17470
48656
26855
33061
6497
7797
46143
35843
56300
46508
18406
11818
28755
55696
24720
4417
49073
56806
33628
36933
31071
36234
49795
18096
18239
22781
59002
63809
57611
59330
17818
55427
3481
16656
36083
2255
28512
10374
13196
50644
56824
15620
60752
21126
25096
26302
45827
25669
15111
11981
15387
22156
31930
11841
2383
46675
4421
3752
23782
58656
14932
14423
46447
32060
366
11238
27120
52883
54003
17472
50501
62859
30809
58459
22769
58154
35277
25945
17344
32319
3778
19867
14628
25844
33546
36323
54309
3211
7118
29955
11867
20102
50664
3869
56406
35722
57248
7432
58334
22510
48601
19770
60711
28661
61350
1129
22250
59713
15186
55135
29372
37569
28076
4368
24868
58711
25716
5184
24206
12824
4685
14338
59585
21386
25529
26092
26981
59798
56847
36347
3347
17214
6370
11797
37722
58857
17172
4848
11870
11834
57901
21574
5564
37797
5163
11940
22751
23718
27175
5151
37466
34316
13569
47551
33136
9265
57237
55844
28657
58028
48610
55530
34793
10044
7313
17439
28291
26880
46869
17393
8560
33841
9728
7413
33635
10886
45663
26746
24764
30429
20625
6378
50688
10139
35293
32399
53613
24944
48722
45608
18214
59648
41619
35006
4135
15918
56039
26582
51831
29642
51606
41405
42278
52448
51355
26778
53248
3249
29025
47233
29771
167
28955
48097
14206
41191
48157
52139
51104
41078
30317
54801
30394
53158
27562
47038
43632
47380
26439
34938
43429
58750
26190
48224
45421
29040
52349
52595
5482
13978
48408
6254
1825
41622
17438
11744
3082
9109
21919
54966
32385
26592
45914
46123
18870
37546
53726
20003
6178
49349
39279
7798
50607
56188
60597
25663
48688
46961
16677
65440
8513
150
59841
7477
13226
15138
54505
56026
50201
29430
53237
51886
13098
53009
3831
26620
57089
12988
48559
46144
31300
516
39408
30678
3544
32248
29668
13100
2566
3280
2303
58366
46149
42419
22567
31501
16971
2616
21194
31601
3700
8517
41155
51535
560
118
22060
23415
56636
41903
37966
32310
40800
873
32020
45328
14450
44925
29208
1895
2913
13946
24750
25983
31846
51557
28268
31339
42099
46564
21420
7632
50613
7166
27789
29733
46861
47056
46324
10573
35626
3264
63888
7437
4889
1163
719
31466
15133
11151
41920
49797
906
16145
61475
22313
28211
41130
52514
54336
40851
16317
51603
53520
491
48841
28907
42275
15281
1770
52885
1426
47247
42672
15913
55979
45636
48251
6263
20086
44198
62237
5495
46602
46855
30689
42718
41238
9120
21921
45435
11947
22545
50000
40090
33809
42593
30579
59733
28293
25632
29137
18319
64659
10880
21350
604
6284
12463
44949
47662
9233
2495
5628
22188
27649
29728
25041
45808
47688
8865
53233
28137
34860
5906
8253
19974
23590
38486
4779
36955
6566
6909
4390
57885
40662
23981
63373
10477
60048
9696
22268
34704
64640
41628
15282
15122
53916
19269
32133
34508
33080
23191
64039
56872
42517
53685
54562
33216
63040
13308
32855
20631
54220
32408
30789
13698
15749
23495
23367
54328
63376
35968
18804
11957
40000
62051
8285
37540
16582
16797
19014
63117
63715
38859
40216
20180
39574
9699
44901
19441
22070
23642
424
49528
19546
31708
34688
57189
31704
61902
20798
18215
50924
47877
50096
48113
38465
62828
63576
43243
17770
48085
18250
9157
11224
39022
38937
30535
42725
19205
20577
34979
65313
63889
15028
15902
54163
34639
29743
36035
35549
23453
62585
34861
12319
56758
33339
25024
61232
59840
33467
21176
28592
56776
25653
15579
15829
58555
58584
25816
23232
56368
61360
55280
20544
22000
58568
1243
53344
4405
56901
27072
24888
24171
24088
56856
4053
4533
33582
36275
20545
22001
36701
21417
53955
55449
56911
14724
21638
23245
24089
36157
23441
35299
17880
31568
63104
37813
9149
37812
9136
18379
11056
62939
42800
63499
63720
47931
39878
46646
61267
7782
60481
1523
59481
484
27745
7055
27983
25425
25741
60782
59213
26397
1775
5203
25140
5126
59009
2387
5566
60621
26113
28361
26767
222
2774
59406
57741
25069
59329
4822
19499
11088
38538
65520
36861
65533
36848
18263
19258
23595
63360
57755
37163
19259
64449
17974
50691
11946
40074
37105
23956
42980
8881
24947
10801
6547
10372
40199
38695
11806
15475
20051
41574
11951
60545
22799
51128
52507
18065
31251
33153
28851
32477
38814
60905
18553
52245
48816
17698
51832
22851
62805
1797
62457
47071
19794
36133
26548
27865
49388
63540
52323
62671
3074
49022
17660
39299
51601
18875
39342
31168
45325
46214
45019
41242
62664
37929
29767
37894
18714
45646
36508
38211
1521
16984
37625
30096
48589
48710
41611
44330
65176
61001
56871
40387
16940
36050
10915
39235
64613
4697
61369
18835
36290
19781
22921
20975
40340
37140
16756
58575
7407
6638
5212
21891
59743
4875
21006
33733
6157
6275
21467
21722
59480
23945
33842
24070
6634
28750
13543
38220
61551
20826
49399
25052
20078
20047
4551
6610
16364
38674
2490
40554
22786
47378
19055
39244
53244
17006
53239
29425
45415
46154
44062
44319
65017
37138
31305
37994
31809
54820
15895
22915
16211
43628
22180
34636
55453
54406
19186
19479
12316
20964
20586
22675
41575
54548
50199
21827
12531
37370
12541
8524
55149
56902
46322
10567
53020
22292
40810
24166
39266
31810
35759
21836
12540
18841
64610
54161
32247
56906
43310
41263
22681
22290
56105
65020
20351
18041
50205
38275
62979
447
37033
31253
18585
18563
55986
53975
53011
38884
41568
40607
2494
54811
49529
22860
13296
37206
21355
8579
53607
54346
46164
47401
53219
22600
40863
21610
40862
54571
1817
21900
12880
51891
21912
10051
56727
56970
10948
11337
49171
23944
57599
23964
52329
4665
17651
38284
37619
33732
57938
17756
7876
11839
21896
23948
63689
40232
19752
61013
35135
17175
15081
39308
62460
22358
37799
27619
17591
17468
7005
8078
12515
38946
3855
37898
23646
28471
6844
22924
61372
4791
16215
33487
5303
5180
21214
14897
60866
20962
35545
21514
27706
54572
34011
18160
55548
21991
22314
15287
30104
43256
53255
56544
33722
35655
53680
61483
24032
39816
48418
54351
43081
16531
61269
3672
61221
43327
63321
19091
45653
13299
27996
7052
34601
41924
56873
26764
51336
50472
55604
44633
13555
2341
46418
45605
30099
2389
32147
55497
3628
22877
6162
35382
23869
20551
35300
2290
13395
12851
54770
34122
5882
21171
6394
33117
24092
20792
10830
35370
15912
46755
16309
52676
22076
12844
39828
7071
11462
20624
48639
56284
27513
34657
56109
20369
17553
33475
56862
15277
22521
42137
15821
56003
33702
17529
55459
53359
35540
38875
9294
28195
40494
34460
60592
1225
36917
50479
61848
16800
47615
58774
5313
6709
35703
8742
28120
26108
11760
3309
60961
51131
45716
52728
45069
46563
27824
7751
48821
1321
3555
10848
28276
45727
7505
25280
5911
51118
39672
3417
52939
47045
24742
11566
48815
4348
27192
38237
34855
27957
40507
841
4749
42136
52819
50485
47604
10566
54172
58048
17552
27988
59457
33569
55869
33009
36593
23021
22655
15037
54169
16121
57101
55779
33462
36377
56755
22062
12678
8597
56093
31171
54479
25434
6946
41406
39762
14532
1179
47184
57185
29769
31585
9877
25739
31043
25067
45973
46229
14046
14415
427
29641
51282
57197
30422
26122
26658
47872
41796
12758
12888
6958
35642
13368
36941
35979
51348
15964
13116
46580
25935
9878
24512
26783
34647
59201
35836
36475
19536
32156
33740
56082
15015
64504
44376
14535
54464
33450
18983
55200
30309
33848
23261
19730
35622
22573
26220
12982
44530
23603
13091
60402
7018
19706
21411
19962
56019
26647
45633
21916
9715
28401
19800
40271
42272
45773
52989
44368
41623
20005
7753
15911
37428
16930
29999
13718
35999
18335
55982
15907
41601
29273
64089
43521
41134
56609
34596
44590
12841
53373
8236
592
4188
10069
28055
59173
544
11346
60056
52570
50583
28298
6792
52875
60450
25899
32784
23733
56501
35504
36600
15888
12848
33016
23240
16112
12536
36149
56795
14904
12312
32792
25379
58259
28591
7059
5294
60198
2337
27033
57753
417
1709
5167
27508
2093
61230
4989
47388
64623
10748
45564
19822
49482
41537
48999
50423
43617
41577
19791
8466
43593
39191
31822
17194
13973
34453
19370
56235
22560
41770
29586
64402
43946
41890
55328
35707
43810
13096
54136
28479
159
25585
45555
48542
49487
49702
27086
50429
3409
3161
28193
27465
51748
51534
48169
55788
52476
31130
53596
47719
42108
570
57095
13399
2746
690
48458
28962
2610
44919
45586
9745
4035
8131
11190
26877
60182
49974
9977
39876
51441
50937
25654
4573
52020
58948
26180
31820
22191
34300
55292
17561
64028
13089
29431
16119
42129
44953
34863
34578
15145
62018
20345
56545
51610
29270
56657
45323
43633
896
53261
15965
2816
3847
46208
32046
1159
44269
49015
25226
13297
46480
48528
29901
52522
41777
25947
52823
14534
14798
30790
28199
42061
49803
31054
4163
58051
24767
6851
7673
1811
1329
7417
59337
3569
1533
7743
27348
3389
3097
5444
49009
63996
10579
46225
17595
38001
43312
48909
50269
41392
44903
17461
9257
42055
39405
18711
4928
58981
26213
7008
6251
59413
832
25592
60408
2912
872
6213
26651
2888
58955
26187
32543
32336
63314
56175
29271
35980
22729
32692
43876
35321
33603
15771
19093
33987
32856
29994
63223
56041
45548
43794
20621
9767
2820
61898
45020
5725
8065
53251
50860
24847
8535
23169
41122
47736
53523
42984
232
30233
51129
43532
15477
24756
27871
45068
42675
47715
29113
2796
1453
19040
63107
3565
36034
63150
2921
1955
3299
49001
47377
64248
64493
26721
64415
36058
59035
4447
65340
2936
25428
41970
43524
57754
3964
19549
19489
60244
64322
31407
42188
27023
8732
30719
23241
48490
28782
33329
61176
11511
51810
5483
24640
44798
35505
5989
53961
29983
62825
54503
46876
44574
24455
9490
434
63473
40991
8135
6620
57100
50538
25786
10231
21740
55777
10212
48291
29862
38185
3553
63572
57097
41380
17305
18047
9555
48509
19203
3305
38783
33503
10002
27836
56753
38167
60892
65273
36046
15033
17774
28737
9724
28119
18287
60471
51018
41902
46109
47075
43245
4057
46462
43624
43951
42723
56498
53978
48995
50438
32096
47017
1233
45681
31571
61844
28321
29598
36833
60756
48297
1961
5524
4211
43101
16806
6659
36697
30255
36666
10274
26117
53692
39399
57738
62658
34507
15288
18871
17178
10588
25058
18684
59019
39034
56556
18484
30399
31397
63801
12767
23960
53256
42754
16978
17708
35315
28948
20053
14036
63567
13924
10995
23589
12756
4292
61586
51112
12655
14047
48136
48252
38857
63368
26540
64092
7231
12074
30970
23496
45484
32695
55612
58514
12123
49416
6567
4976
42183
33228
6293
54216
30234
58728
4538
61519
3611
27074
62974
41378
59376
21
20375
18812
57794
63262
29866
44799
6458
17696
56119
17763
18672
13966
65141
16057
17309
65277
54025
54764
53441
18456
55484
62324
14218
57723
11659
7457
62526
18080
58890
59597
60432
37505
64263
18177
10694
23025
7760
6106
18301
23037
20013
7738
58411
37709
33598
63575
60822
57920
9166
9610
17296
58202
20049
7774
40480
14431
9968
34005
13631
58649
35678
59550
23888
22832
5630
30200
5039
34609
51448
36104
61515
23511
11732
33919
23847
45920
13242
64971
20689
22817
39787
11174
17077
21164
11718
57041
47229
63476
35233
17068
42068
36789
28771
16040
23399
64919
12744
16078
53392
20310
12718
54122
34255
60485
47555
34886
49807
32929
5948
60759
38624
62273
64173
64338
8858
27951
2244
4576
18069
46425
24762
5018
52930
14804
50468
51208
18941
38043
29620
27821
26885
46581
2667
21326
238
38850
27809
18929
3668
28501
8437
43113
37291
21710
52056
3579
54115
45651
51726
5802
26058
3475
29589
5248
581
58663
28249
64925
63686
37760
8859
46025
34193
28220
43090
33997
49988
29588
34225
33644
44788
15499
63021
13496
34199
22775
53768
54798
57280
16630
14270
21874
21486
11018
54297
8790
35014
24780
11131
52489
38839
61021
2808
24981
25263
17469
29887
8288
27522
17201
26850
9712
10330
1513
63558
3432
9566
40647
25252
55571
26044
10283
25765
38189
14559
21847
10356
36575
22583
62744
34274
39163
22609
21809
17915
9542
9061
21436
10390
34825
40467
19296
55847
18691
19792
32959
30747
13481
63341
62557
14281
56268
57233
19944
56748
30054
35794
20543
19648
36469
14639
25505
55263
40446
24528
21792
60334
39928
8815
33057
44488
54480
46693
19680
34786
29606
18336
24441
44512
15193
20237
64429
57241
56364
34319
32379
55132
43501
23164
39255
19181
6682
37351
63883
6439
23307
40394
40154
33627
34182
20224
61354
34566
7671
64902
65470
10107
6113
20765
40925
36638
39870
39425
60534
5821
4320
9830
22193
9994
6830
39648
20895
28773
56800
22159
49694
53673
59246
22432
23776
11374
19656
25953
56303
63480
57003
44248
23031
46317
56593
20759
39384
35090
37307
24049
23569
10699
10630
47536
14698
8454
36201
38115
29380
33535
31082
64196
13899
64573
15352
18935
61799
54120
56430
34405
31923
15870
63762
21022
52684
20309
7024
39996
61998
28146
23054
39066
38522
33374
54104
19617
6732
23384
6299
43400
4180
25937
34401
38745
13892
40068
43972
36798
61805
30457
45662
57283
8339
3485
65310
558
26056
25338
12202
59336
888
49720
52114
6487
57607
45986
48311
26261
11461
52679
39207
3095
39519
9971
33238
60451
40055
6809
39595
64353
63190
7175
5828
4266
6031
39881
35693
40756
20308
33631
54698
64404
20600
45028
14936
19623
22439
53400
55710
35845
30371
14430
41591
22825
4992
24866
11440
6912
530
38016
51906
5579
59323
45746
47596
27900
8683
45404
37435
1148
34518
56121
8358
19377
3113
61910
2708
4109
38670
48217
32575
24671
19229
53747
40173
12623
23719
48669
55521
22503
41691
53879
63339
20897
22241
19643
11478
30048
13578
10086
54446
52694
18736
33042
29366
16816
15438
62677
15097
17101
64189
53865
55580
35951
29915
53756
62164
12618
15871
49077
55312
23631
39289
35582
37294
22768
22032
10654
47560
47521
55839
37320
34920
40763
11493
42882
42946
10149
15187
24627
36979
12212
39780
39427
65460
42639
47055
64276
53448
12376
10735
64527
30986
46081
29015
65007
40924
10674
50359
49610
53086
16876
32238
37353
63970
31886
45777
60581
26982
28006
8633
52714
23573
29367
15723
64188
40121
4371
28027
59924
51678
11490
28521
12864
38845
3001
51199
19650
60645
26027
3339
59301
58623
49203
23288
58175
8302
44490
33407
49545
37303
56737
50364
10625
24444
35234
13479
12698
15518
53052
8449
23161
10695
51465
18699
13622
345
62552
13500
26299
40828
31902
64169
49562
40368
16188
2251
37429
26889
14262
12231
17548
30113
49586
30622
65415
38527
9129
51374
52113
38074
18303
32524
39228
62841
17415
34248
11919
11429
65218
33209
58164
64629
7353
39524
23052
22611
16659
9167
62351
60642
7764
5051
7733
35855
59592
24919
21483
24540
28510
57609
12746
24246
4588
33621
21811
15502
7867
31922
5187
46336
14952
10146
53209
37075
46446
52925
38767
64972
10213
28515
21061
50551
9417
10692
41857
51956
39156
14940
54731
22047
11426
59298
61807
40275
44069
44743
38179
27849
14422
26246
58885
34309
6915
26571
14214
20691
26315
60344
14278
14027
6101
34788
23512
13963
26251
4307
63167
9919
10175
5892
59365
63215
32952
63410
23299
20488
10223
10210
63458
59092
34516
25210
2628
23147
28170
43724
11473
59103
26990
2238
57711
60578
15429
6758
59362
19639
52425
31878
15160
3016
18947
16051
25571
40149
32603
61704
51904
53083
12339
27475
37352
25528
13240
36759
51514
39854
12706
51375
47554
20595
34212
16045
14230
21674
50735
37314
22828
9118
49594
17171
54373
65230
10405
55716
17802
1991
9636
40552
24670
54833
15716
18634
27482
17246
53877
13339
7912
11759
64994
29450
2464
24248
12822
63983
51383
47105
5043
63935
7859
27920
32494
21160
20201
7445
21528
37849
35092
39090
21667
21011
17842
9695
17164
59813
10255
7588
40684
59217
51394
62256
57402
8957
13459
24233
21683
59877
5538
9981
38045
12867
64411
65104
30146
2279
7878
63873
21529
39863
20763
38068
1498
57983
43179
32422
24267
64903
11525
23574
11009
51048
41230
23895
39517
43976
63433
15357
2215
62569
57608
61122
44706
14420
60846
61803
15869
15379
5830
18463
65409
29350
27157
60857
41936
62844
50349
52146
4620
10881
22475
47328
30220
18014
4704
10661
63438
42557
37006
43979
17064
62568
28763
35245
46672
8394
23917
63764
57981
42937
8705
35263
23389
9733
45244
42903
42091
23810
64440
24052
30449
4182
62478
47520
4853
20886
18010
10469
23622
37496
6813
38052
65029
62421
8804
16583
17059
6720
39879
18612
38462
8349
14957
62715
38907
29960
29529
347
33641
59554
57293
5390
43192
44745
61111
17051
57261
30906
28990
5379
36357
7269
47335
41310
44734
22532
23140
33125
48209
35028
31322
46522
4472
17900
24875
9660
18620
3117
63711
15101
17161
65209
57245
56352
27888
10466
53744
38377
12614
21433
10321
21062
59618
17863
21147
63656
60943
58844
9060
9589
39111
21579
20131
21654
9521
47264
32012
22621
17587
15092
19386
2718
52843
40196
59314
6924
41993
36432
53745
63422
53749
220
16072
62762
60449
37293
23619
40354
2528
21267
16046
43944
60878
43407
37325
63184
39874
5498
41243
51982
36513
42762
48150
37744
9643
65197
63590
21358
42714
45478
59511
45246
44203
