34594
19669
27042
65132
2405
56204
366
2337
63851
26371
16393
30595
3113
19678
41355
19201
62822
3196
17616
26569
41600
30697
42376
43736
35265
53767
2460
62567
55814
3186
33249
402
28142
9692
26263
36298
3177
32124
47714
46
62909
27231
28844
2617
46627
19665
64065
60833
65427
46735
56110
52056
63778
10376
42473
65059
20564
56562
9048
62610
56723
58164
14468
7527
35645
17272
26125
64934
32623
56294
2900
30349
65447
28015
55030
32319
74
57104
44656
19392
43810
30070
44996
34902
55715
31701
55959
54034
33424
42184
29541
53539
55023
31019
33051
32176
44317
59672
37805
14326
57263
31254
7156
20253
15607
52911
29430
56623
4122
29991
33815
57760
44218
1557
4573
23960
42372
48611
52281
43738
22208
7268
147
41300
4540
123
23931
3582
26022
5754
59152
51407
25111
56297
23592
33814
40909
47527
54217
27383
45478
17265
43889
7572
27504
10569
20640
37130
1784
16714
48030
1552
39172
23544
17674
3048
45173
17108
63300
8625
63843
48367
55262
22456
41857
59192
41097
42885
22980
54018
47446
65122
53603
47597
14308
45399
35373
17112
33453
62566
762
55942
2804
1300
62823
25775
17672
29743
1306
53895
42192
18944
42329
40
55860
20841
24610
47759
22057
41353
20734
1684
48223
28050
6761
45287
23847
356
61590
46668
56592
27481
65319
59449
41192
64806
24753
55031
29529
65175
56262
28721
15665
48466
34866
18037
24674
61868
17251
56044
56670
29570
61611
43875
56572
18483
1593
53291
44523
19137
27891
4137
1143
51107
25566
4584
26168
26387
50082
4023
6600
27502
2712
4980
52196
4606
22336
30467
15447
30055
2387
25600
30654
47415
29070
33107
25223
1861
59720
26499
26885
33496
20025
61516
44729
11351
7352
51120
4528
54108
17233
38838
51511
8502
56146
61506
43857
39240
13524
58377
14594
59652
31161
34740
29698
59716
29764
13503
33492
58441
31199
34777
33465
14665
39469
9391
52429
18882
19612
50369
6849
11501
10100
41420
43377
10988
5402
51066
49834
37497
7477
61510
64437
29442
46010
26801
59396
53333
17920
16063
25553
47322
11707
42624
43856
36681
38775
17608
40190
11511
19603
62631
9415
11495
19175
39576
62759
18291
10515
61731
63907
39192
16757
39958
38038
18068
8351
65186
11938
18837
10736
39929
61474
11903
10944
61984
64160
65407
48617
34332
23967
10498
7354
37892
53517
153
59085
49420
39236
6874
3570
32881
15809
63967
2867
13894
22712
60670
59846
14279
45483
947
61264
14245
15591
45430
48471
33595
35771
14611
59980
15436
15034
32711
58312
35022
32423
31932
60429
16035
33566
59416
31233
34269
33213
16147
39741
11967
37821
16466
53433
44721
56241
4164
11060
65212
41778
19260
4170
52799
50106
62281
309
34262
34645
31986
47519
26529
59332
31923
29280
12703
26914
46970
29115
34263
27232
35097
23837
32431
20641
61380
204
14530
3489
45181
60946
24010
33650
48508
26
15999
16303
36633
9449
38268
41369
9159
8342
51360
7584
18841
19649
52166
50032
11558
6802
44257
51857
40728
51408
18611
37815
20231
54197
44720
10430
4928
20190
65203
45008
6213
12248
44757
44981
62280
23360
60931
13067
58967
29621
36542
48560
58176
60302
14518
32830
2885
45269
15160
13240
16200
53470
64754
29253
19284
328
54015
63494
27214
17977
30640
56895
54792
62219
43058
55586
64255
41517
44723
41807
58541
43710
45247
17323
44637
46270
62021
47647
40990
53924
46133
54101
16058
54651
16142
12801
15257
31162
29624
49605
29249
14066
14268
28831
56518
50603
30434
32590
16051
64828
21760
17521
39093
44148
58709
53437
43641
40704
18893
5811
61501
56641
5847
58752
23221
31064
64442
44728
64915
1721
53941
27340
54102
63386
35004
57235
30108
24920
19663
53338
62643
31185
34452
8725
60254
18294
30463
14090
62587
59011
10187
31544
29194
33469
36158
28706
15359
527
16122
6094
60158
18556
19561
35014
55160
61019
10401
31459
29605
22287
32310
32762
64095
24631
43763
46018
36518
62017
5802
46507
25460
25609
8705
61350
25979
45150
45753
5523
43946
28436
21695
21315
20141
33995
58310
17085
28343
54446
12821
10266
63953
45988
5235
2489
16037
56472
15285
22457
39529
32709
29379
52652
2495
16028
14501
17753
54988
49555
29594
28854
13475
41241
37808
18620
58555
43956
53427
17069
42681
58070
62282
47683
42260
18193
23255
4167
65205
57190
62714
1975
19038
2681
54259
36364
1846
20061
29889
54323
9
43016
19279
17839
64499
27973
44192
59409
33804
33661
5573
45243
34940
35085
58305
58044
24640
48603
58077
5392
43685
62260
23123
55748
14346
42622
58874
54715
43501
51379
20427
46607
62779
53332
8021
57939
23210
30011
65458
65467
61855
53432
54202
25014
54862
62866
65206
55711
31830
26043
53986
57153
65215
36380
14593
59397
17579
36528
31164
58285
36789
18710
13125
9333
36637
30845
37904
59725
13498
50030
26505
50215
42903
1134
4967
2393
2440
41619
5347
22835
51288
47412
46179
55351
25220
50330
32882
47157
21751
53511
5118
7359
55393
15806
47640
43400
52131
924
63193
9668
51508
55568
13523
16519
36926
617
51579
29187
2436
40323
18019
22834
53925
31191
21641
50197
14670
61549
22742
46612
24546
43689
57089
58965
44196
22575
46793
54002
64876
59008
55076
57053
24395
27237
44256
58809
28654
28271
45729
8106
64771
35908
49144
48994
26538
5525
8382
48219
44913
47490
64824
33159
12638
54307
22916
9816
42791
13667
31363
51102
45663
8334
49907
25663
36999
58815
37760
29829
15090
56879
28647
57449
18963
14171
28975
51442
46067
12118
37326
15572
34356
32611
63185
53929
61479
56335
26896
56326
4092
61985
17318
43396
31990
54889
34322
26251
63959
49050
37613
55513
61799
280
51586
9125
2181
63585
18390
26615
7177
4815
36110
13940
36910
54773
15435
20325
13954
1016
53009
31151
29961
37691
28783
24366
54186
29957
15426
52459
12818
52386
24303
24023
22622
56578
4756
201
53471
24424
48451
44937
51919
45172
56943
5922
25570
40376
34260
10867
43154
2036
3924
45976
31246
61895
6191
21033
24169
31929
15427
8199
25390
28800
65247
18717
62754
1705
28635
54796
20
61743
17068
28450
30309
53469
28207
28374
65490
63593
22075
49052
49796
43944
55552
58870
42236
13938
5391
54263
61798
61267
17826
54881
21008
26880
42101
45700
26932
43107
47547
4805
41831
25657
45657
4958
25605
4624
6286
46299
43376
45074
37161
65245
64866
3539
24548
8906
27607
61551
18652
26734
46799
10513
25448
24105
38372
47573
43429
6631
41511
21592
22998
55157
22894
42787
55699
47463
46256
51056
1079
1206
42144
10324
27483
853
23015
49411
51669
57830
51290
32846
48328
6510
8555
32307
9908
50746
22464
26589
40707
9182
37847
45754
22449
18643
47569
63560
12216
23005
1244
65239
25674
21004
40638
19498
24490
57581
25457
39578
41500
60908
40177
24186
28828
4813
19185
15661
5905
55210
22721
56683
24925
3164
25371
24076
24540
47126
52566
25997
46022
4029
3597
47676
4192
49205
26827
50971
33464
60558
15495
4760
51104
58440
6446
35384
58712
51495
5238
14302
42216
41670
14087
6886
12544
57942
34276
5113
43213
59161
9672
14720
60665
45028
7708
59974
39959
49648
33988
30761
64161
5535
37662
11372
42765
56086
61343
38269
4261
51665
16778
55849
22253
28145
65191
59448
40381
8127
40078
48291
22443
4565
48982
40765
10501
22830
57637
7487
13895
23888
38670
2700
39867
9910
36676
45989
22699
32479
46426
37072
58121
28528
3606
19925
23693
20817
14338
8332
21430
45127
25406
52671
53066
31541
49154
24120
179
8020
11613
15152
7810
7692
28347
47696
43760
19651
41762
22521
25210
7802
15032
62743
5023
660
47009
53733
60423
23686
44705
35629
63919
7185
37492
59034
26785
55836
57377
38681
5578
24445
32044
41245
24092
25514
62626
17650
23953
29593
51533
39925
41750
10890
38047
24801
11354
5035
19440
59625
5533
42284
50189
54230
25276
47437
25309
51382
49989
46156
49931
26588
2492
4864
55307
21725
55360
6149
26557
15243
37641
9169
38452
46776
22704
7498
45278
39817
12218
24375
60726
52177
24195
21253
39092
57412
32385
57898
33333
60120
61662
40534
14868
29852
58464
35518
8376
13149
34249
35801
17259
53374
19438
8773
37429
5173
61566
44739
51790
10835
5310
39614
54165
62411
49747
44771
17307
9757
11537
33776
57953
57962
62843
61862
61216
59435
34666
33329
9638
61613
35045
64892
9643
8839
10960
53159
8957
4858
50829
52591
7968
10272
50351
38164
12143
50535
40216
51846
9741
45681
30580
13906
29533
59065
27885
15052
48946
31540
14428
32836
46492
12994
28223
26490
31949
58336
30944
17194
37413
9254
35201
14188
38957
10492
18416
62619
59738
13307
65436
36389
29277
28910
60199
17961
37868
10476
36640
14486
40418
11161
18673
65181
29589
13975
61599
36136
58352
46459
29726
61953
16993
4793
13691
27379
8769
19074
41993
37425
46483
26027
39481
13427
30123
18753
10804
29205
33317
46195
63793
50367
13435
31475
1198
13467
55737
37565
13715
61753
8797
12146
11890
34558
58267
61333
61565
64940
59118
60398
35061
33760
9932
65442
35816
65151
8385
5088
12000
4824
40842
6282
40052
51151
50304
9318
6148
40196
6554
50119
38152
39800
10653
818
32132
58857
35306
60025
34516
36444
21730
29087
58513
33220
28857
32850
27039
26767
32621
46375
28944
43268
29693
49071
14032
27496
4820
18317
28335
16173
46696
27895
38026
14870
28672
9531
9294
40907
12187
8085
50491
51795
5758
11758
51395
38526
8787
50619
51427
50245
9659
46381
31345
16237
20315
9736
25915
14854
59092
30769
39014
63054
46438
13741
36169
27372
30139
6468
10113
2328
33670
47320
13293
24233
21527
30710
3591
14432
46031
51458
13046
38714
58353
28509
19666
43233
32067
46187
64207
2412
45612
35454
54501
11522
43094
811
9683
63175
28841
6935
126
27848
6380
51509
22618
41613
4531
52594
26512
1265
5104
43743
1305
22196
917
12066
9691
49106
8956
45676
46693
46435
48939
12075
7939
59049
8947
46370
9682
46379
9740
9358
12068
42044
45674
4849
34664
36670
6187
48928
28641
44646
12130
34019
25453
35316
8952
15505
2416
119
19647
24156
49493
17311
20658
55604
918
39875
14233
16621
50078
51643
3222
4064
20448
21522
10380
5157
30415
57272
51233
38027
46291
60883
602
3908
14878
17732
17050
45079
8231
14193
10037
7916
11279
45839
52082
37182
46969
57715
46070
58333
22510
6532
9206
12773
1297
40565
3849
51505
20473
52286
49481
32721
50046
4085
14830
49477
1566
17953
1529
49631
61261
39349
1049
22427
49046
49943
23747
33809
51134
55340
51597
40470
44306
46711
49087
8417
10574
58177
9109
45973
48277
48281
45182
8430
46009
11449
9113
48241
6450
47483
11445
55520
46048
25237
5158
53132
52837
25377
5221
51245
26715
1888
53917
42892
2346
21345
47450
20484
53892
43892
29048
46993
39848
4086
48249
26599
57066
8638
24170
1559
6451
50167
17679
13347
3108
51219
54024
24353
18936
50818
50316
980
49682
2410
16270
51843
800
17188
3176
8507
9953
41295
49045
5019
34041
35303
7038
46718
43325
26732
10590
33254
26114
34289
12185
13042
1515
4075
30409
51301
52588
17043
24417
17730
604
39593
13411
20450
38574
50539
1621
42042
46034
49667
2008
22635
47468
41588
21237
26388
51202
55078
28653
43128
44589
45867
4867
48172
41212
8308
64542
12547
25910
4582
15522
64281
11464
30135
45419
52205
31348
2714
41467
9526
27077
3198
35966
50262
50486
30691
50615
26595
2453
9655
9303
33259
5175
5302
24987
27424
13836
57553
63040
48236
23137
19414
45099
36170
8197
25917
394
35805
28134
22261
40203
17192
50538
10548
20717
38905
44074
59439
37886
49466
58271
7409
18420
38020
6955
56310
24061
4060
25542
891
26144
23898
20540
48613
24509
26646
149
45165
3425
22651
48861
48828
27536
52001
34250
59681
33328
11427
43664
57813
8210
34026
59749
62839
4389
12561
64895
42650
35504
51325
14767
58852
14637
9935
52221
60026
8164
12591
58010
36884
7658
13428
52783
50090
12717
64129
65443
5744
38512
8799
43617
56611
9533
39032
5784
50493
17545
44315
50250
41484
64939
15072
37560
8768
37424
45718
23184
6712
46455
39480
4792
13687
58600
51776
21736
21190
39600
26651
13241
61252
12509
46742
23451
32220
49008
16095
59066
20512
3365
35026
24086
21445
15281
10627
23702
47584
12359
52844
49292
60984
51563
12664
45910
8194
11874
14311
8670
4453
23376
45690
44970
54242
62996
15055
23594
56300
21140
43055
16585
60580
47773
44657
46884
47018
44541
63364
61606
4142
39953
58361
27645
53551
10626
39701
7417
20513
32303
43815
49548
44138
61869
17957
49852
19505
44081
39064
42533
9273
38544
42828
18777
5776
18686
39473
6256
55461
51793
138
26261
45280
27777
52069
50821
47754
20577
27429
48218
54864
56160
23840
3389
48492
27217
14126
39941
6622
37761
45925
23403
7049
47403
38789
4873
12510
61059
49550
12563
23797
39681
12290
35603
40212
64206
28935
18103
60607
31775
63177
10776
13779
39683
57463
60073
32068
36050
50887
42809
23166
15054
54379
9927
55644
54739
21139
46309
62931
51350
56386
54371
6375
64578
53293
14876
29581
40843
31759
50475
31750
28695
14476
17254
13778
56566
31773
15635
52524
13787
63847
23078
4749
13844
43002
53357
61288
41968
39647
49146
19620
65135
57895
19223
53632
22144
25249
44666
49134
32887
36105
48273
5788
28514
28392
59075
57522
27388
8049
48690
46961
41197
57374
34874
34605
13419
16664
34116
9061
64276
13052
30598
39598
60425
58241
38569
36216
65328
49127
15247
35362
14225
19737
12311
61274
43042
15513
29740
39874
59080
58932
50073
24104
13197
29995
62675
20251
65323
53868
25899
54627
54738
64803
57251
62930
29427
54747
42121
25621
62939
5444
40424
62683
62571
1061
38212
8136
27166
62819
54483
35502
4698
12144
25331
50239
40928
57105
14201
30338
13105
30371
49377
30124
3886
15161
32620
12414
55036
29202
24291
52860
15473
50171
37199
21536
15623
56941
11426
45978
55686
13736
47238
61663
51196
6461
16648
11038
12404
24404
26664
51426
64452
31394
57348
28867
553
41887
11641
15481
15807
1006
47001
48772
34327
31015
61910
54039
63789
1018
24704
53359
55693
65062
55727
32788
29544
56455
61919
24870
61661
62827
21621
5442
38210
43253
54635
58003
42670
50233
4700
18094
62563
58859
55342
54491
21995
27901
44524
58903
34114
64264
46443
5622
32772
36211
58639
9742
24934
5677
60882
47649
42475
6529
40485
42967
65133
3718
12306
6569
26400
63846
57055
35591
46076
4894
36008
37337
39201
29423
24875
54049
28675
25686
56669
18211
25245
31774
55797
64959
29783
65058
62903
54582
2949
8550
64481
27160
54172
6496
58516
34039
4567
53362
25120
21658
39304
34294
21956
58858
20201
14382
40219
1588
17866
29279
48428
7555
32743
18032
54872
1690
58505
23938
54589
51841
10780
10483
14375
63369
59743
17044
20071
34962
18663
58343
33570
40547
37417
62041
13154
29583
58511
57404
42829
30240
54634
15983
7067
32488
12397
53981
32760
52214
61010
35808
50080
4981
53562
63716
64064
628
20314
53910
3382
2616
57325
16944
696
30392
17640
27364
30071
27360
19786
39725
38871
59677
10598
5114
45350
45359
4116
11399
47535
60584
11823
20765
47399
22288
8662
40028
28113
51990
46687
39300
30755
52126
37258
46669
49191
61336
38738
49349
59104
36139
3465
15606
23165
38870
45775
22816
10479
49511
20760
57981
51671
8090
14327
52230
5748
40429
47855
15339
40574
45277
8358
58360
4412
47929
57376
8983
45167
7274
61155
23361
6621
51009
11125
17496
40676
26405
6550
57181
59246
36462
54320
5101
25483
22373
65343
35315
23025
59689
10216
60458
25616
54804
30120
22522
4448
18479
23716
551
57338
37128
59380
64813
51559
6614
2598
37481
27524
44520
4195
36836
30607
51954
62527
45186
42468
59753
14578
50931
58158
36391
56200
11157
15851
64138
29587
9207
30818
63316
11040
28907
62084
14431
37859
64602
13917
30348
59619
61321
43569
29486
252
63576
6897
29753
36692
56449
31081
43674
10350
35054
42640
5669
3564
33432
20770
42056
47363
28464
10019
44372
25830
47378
44868
6645
34903
42328
4897
40482
45443
20973
29100
14749
31083
60600
24939
57776
60532
30497
14166
36062
45366
60538
33049
27900
36053
61755
18355
63931
18779
55637
41307
53598
56398
16702
42931
64590
18227
56389
42803
43445
64581
15632
60837
12459
30141
60602
35505
28941
57456
32112
12556
36049
60122
28694
35605
34501
13788
38951
11686
49303
11469
10655
51965
6900
9191
11120
49567
52461
9263
5672
52198
50934
38170
22593
32447
33714
30221
92
27485
60849
833
30932
35772
26253
48444
61257
26842
25530
32842
39805
19914
37873
17040
10646
61867
8619
9197
18669
38901
63787
8566
8220
65068
61612
62838
65138
11951
38548
9213
17308
64941
11725
16610
11044
39066
65325
19324
12159
64815
65455
36890
51777
17417
50621
9661
56409
39601
55906
56385
9284
51807
64577
6713
54748
63305
37561
62940
24955
58568
12992
58000
2499
33227
47767
31099
60135
21704
35307
483
46454
33251
35267
13686
14462
61123
16327
57504
28869
35776
32171
29566
60951
15814
34320
60789
32531
34840
33736
12405
38711
8630
51639
9053
4954
52061
6996
6448
10032
52927
36932
11839
7224
37192
52310
36938
26481
29871
35986
29437
31945
27389
29121
2530
31268
34716
34068
492
31097
25647
25258
34074
51844
16650
52322
57505
45215
15789
3060
7220
8657
23545
12413
48431
56463
37194
38154
32794
40427
10435
41163
16587
17299
52635
7582
16619
20094
43923
41195
10467
5749
44661
53189
38517
23949
32188
12477
16395
4182
44379
11520
45117
31697
39862
41099
7558
59098
27532
26204
63045
20967
57765
22958
58219
46008
15280
47982
47479
59179
24067
13104
47928
48163
14310
15558
12501
33163
17369
35083
64879
1288
55514
2560
3294
61538
33798
57199
31366
3285
54146
44753
18436
63588
350
57092
14282
44254
57834
44245
44941
26547
18699
48335
61803
42639
2389
30515
45517
27201
61209
26045
16047
1290
32383
45489
3281
36804
20746
32687
330
46556
29458
34930
61122
62876
5846
53521
43957
62765
11573
44154
61740
49328
54701
16469
61853
56012
8240
40320
7611
20024
16845
44392
65187
28780
55413
3505
20328
64170
27404
54181
32060
56151
54778
53738
18638
41243
32584
62144
15208
17062
30936
4512
18715
34391
38822
30312
55830
54646
28814
36574
60935
55848
60160
51112
35480
17324
30483
56781
53928
15974
63690
31987
56092
4599
32614
32214
29895
27540
2658
45300
23461
44241
48406
50652
26148
23135
54717
45254
43697
20713
3161
47673
2976
28007
6807
45831
40620
35099
7034
25974
28631
50376
29376
9162
25003
20616
55747
53731
7073
319
60353
20847
62655
165
17481
48555
1391
15274
28102
18697
3445
45394
30378
31610
9218
61548
48198
20177
34741
42708
28981
42714
43993
14768
20237
3251
64877
56076
48199
12592
443
29832
19725
25608
61795
3241
55253
417
614
63594
34732
55651
28972
2663
17935
56714
18190
26316
3290
3453
23226
26141
47692
20604
27420
23553
45229
3260
27597
48556
48205
23261
2561
63380
7518
54772
23482
61483
60810
42613
61988
43859
53419
57434
64923
44271
17235
10291
48397
64827
17017
40971
62639
18022
55162
56240
16523
63906
44294
53930
19254
54853
55569
42097
18372
24581
7189
30784
38086
36816
53621
20694
36565
39339
58112
18885
27904
3510
10608
49520
6848
897
62459
633
18513
1077
19625
44547
25825
16949
1214
19785
54117
25346
64078
16414
63484
44312
33713
18358
46274
42832
860
57255
44216
57980
43336
46316
44832
18448
23154
66
28345
55010
13739
24494
14588
697
30389
51955
3966
37473
21513
32668
54675
50930
16945
30075
15621
62515
22004
55422
51208
41697
57960
54866
43237
24324
53954
8038
65330
55870
49037
57892
23144
31981
63927
33725
65174
858
56406
24991
68
61591
28351
16584
31135
27853
54247
55616
61878
798
62045
7961
59499
54387
29692
25791
43122
57893
5294
30773
2313
28615
34027
18817
34970
32528
40036
9084
59291
56959
17002
24232
65149
60643
7874
30694
4008
13216
33255
17796
38762
24950
42657
10049
26787
43332
5785
48286
63306
36779
6578
49091
27879
45435
61307
5745
44537
62682
16320
59333
55458
26567
963
6404
35270
20252
22899
6265
41684
10205
39025
29563
22728
53373
14798
13259
38748
968
31942
52121
29552
40018
24259
18778
53407
49345
19508
31095
12741
44581
21428
54451
46087
43089
4950
55714
41557
45599
44873
46214
43297
56862
21549
45885
52920
1748
63223
31098
18256
2026
18088
26639
24948
19512
1988
16712
3946
36621
42807
57127
63734
27363
41204
5330
26383
28530
5624
46702
42057
25511
49058
45583
26174
47662
48919
5668
41464
61750
21953
20080
22713
41952
58009
56407
43896
16305
54215
48988
63799
53568
46658
58849
23193
29410
62907
28594
62620
57173
54876
27219
3889
65435
43187
17865
29267
26002
18046
54587
64956
42969
21422
46243
55207
26814
47551
4036
25283
54047
24531
5144
25362
54340
51220
45943
22281
42679
802
43646
3640
45502
51199
1295
46547
26686
53624
7762
51976
3282
8073
41620
4095
6653
2396
28240
7455
50643
23305
44242
49980
5349
27342
420
54983
28461
1131
51286
45256
9515
12242
12251
11417
48313
46005
48309
46546
9506
9141
45977
11413
46555
48930
49115
9145
11649
9504
28025
46521
7362
35429
32816
6674
46548
24692
44291
8273
36149
40967
35936
9621
14163
86
2394
53849
23817
50181
18076
52821
28879
1731
51443
15100
18840
37321
52060
709
1348
17892
13531
11065
4467
46079
8966
51742
40322
59205
48691
48143
20288
22670
4068
11519
47466
10746
46915
10883
7449
53855
32698
6117
11836
58396
46115
1736
4872
60227
57519
18072
13118
1379
51570
29450
50642
16634
50651
21473
57091
40731
168
13611
49202
620
17139
3242
21293
8120
52914
30490
23214
45219
65392
24155
1235
37899
56095
42308
51476
54309
45658
58124
10643
8380
5043
9971
46755
45733
46508
47452
10652
61196
4713
9980
48211
57545
45141
8707
55924
48196
26291
6771
49225
52664
26132
7433
51735
27575
2574
7332
27417
3288
49166
3257
52838
30383
55270
1251
47778
43160
163
46939
31560
56697
5230
28095
618
11186
37295
55657
15749
3280
37916
20229
20594
17909
49217
23833
17360
39281
1289
12347
52700
3284
19488
1285
9042
8851
25581
46760
5806
33274
34283
6545
45660
42306
27407
9579
33591
43109
33891
9978
13675
3915
1346
927
52147
52924
19606
50702
4066
3263
51097
12629
17899
49906
52993
950
28031
9179
40716
29909
23486
46527
39197
22019
34768
40625
55827
20500
62586
41239
48338
12214
30006
28379
56350
3944
20744
7693
18982
26039
910
54696
52847
57696
61739
44884
57162
2262
37775
18403
28544
4303
54711
57841
33275
4973
55701
27678
20905
62774
34919
21590
58455
11242
14977
37906
54848
10671
60522
48764
6981
30013
17012
4102
45994
57660
52699
3965
22545
10105
11004
14989
35628
31836
11517
19819
35741
19181
60477
34349
40278
40172
34460
36971
16518
59964
11870
3050
29295
55564
36186
6315
32229
40552
1786
28917
43206
60769
30527
49658
4497
54348
64224
63556
29248
8303
7336
48854
45526
54647
17972
59654
45928
8486
27200
3895
26688
11999
10024
11226
47368
17752
54991
1142
2682
6646
9066
29386
664
19946
45448
57352
48006
17480
16018
56707
52260
45068
62781
31526
52651
13092
5720
42608
57589
39521
49554
57951
29833
3034
15975
47672
50132
59820
25975
11052
43696
21376
45752
62016
4265
35472
52068
4758
9448
45340
59193
8572
4200
20424
30358
5340
48604
59759
11434
1722
53946
60709
6963
45306
48108
10259
19802
37344
27603
56515
4100
59984
36192
56644
7287
26327
23224
37002
32869
23566
60549
16869
59239
3462
54006
2547
27343
54448
19244
22374
30216
53417
42072
31389
17448
39695
7021
1813
14076
43984
43642
5814
12333
31372
49601
36330
4315
52253
58714
15249
50604
60545
33165
56789
39401
58425
36644
57494
18064
31597
64081
10740
31065
64641
15212
38437
36500
39000
18542
60710
9861
26737
31873
4010
39782
6081
28986
63056
785
30058
51114
11099
35377
41677
4636
3706
34390
20955
63562
58038
20695
10982
51981
27976
59867
37853
5576
15200
42682
7198
37163
47686
4919
19342
58760
35896
46131
44935
64339
21639
31315
59998
26455
54099
36951
25171
44675
18023
55708
18833
6322
38280
6872
50151
40646
6204
40764
9216
50279
4296
42953
40370
64626
8343
8727
9246
35940
60498
58713
63863
62627
58756
60034
35433
35892
8899
63911
35385
62579
10702
9869
10452
37549
9618
5577
53057
52668
5396
10788
38092
49890
9820
50701
50223
51418
12210
46421
31920
38997
30290
49007
25201
13487
9907
17232
15727
28466
45738
15029
61511
27696
29378
60468
31284
19496
40163
10979
34180
14943
39463
10995
19198
61847
31833
15458
62867
33161
60516
31068
59757
17659
38441
11567
32814
15347
9445
39397
19444
64914
57496
13402
63376
33421
30359
46675
30219
26793
19556
8714
12823
24998
49097
32753
63242
38276
46502
28003
16353
13899
31143
969
61341
2062
35880
58390
39988
38668
47171
36741
30624
15095
10682
22735
14427
33761
11362
9669
11467
33900
59134
59128
65394
65199
57948
59729
35832
34542
12207
64165
35133
64624
12194
7284
8676
12250
38457
7497
43490
63436
52692
11631
10417
51282
56521
39373
53103
51183
19602
16563
20320
58459
34281
46127
25474
15199
59971
35126
60148
25746
45919
65109
33207
63191
28770
46800
32471
33709
30450
61388
16206
27909
61213
31524
34988
14050
46773
24576
15663
14552
32526
12121
9905
50377
9975
5800
49872
51718
4764
8849
39078
53031
9574
52569
38258
50737
8711
45776
29774
38503
16471
8019
26944
13491
8071
19774
40275
41783
45749
12807
43059
25669
31159
58237
60194
29654
34435
59461
32994
14538
14544
31592
30731
15710
29644
13217
13928
15343
59028
11261
6102
48303
11479
50173
48166
14116
52143
6504
47405
15527
9007
57642
22520
47008
49536
34358
57733
42564
46407
48087
9702
36970
1719
48131
52191
50631
60262
64861
49571
8699
14896
31581
20088
1546
17936
36708
53478
27444
36202
20392
1668
42736
29503
2890
43174
57024
64368
39996
32140
36896
61236
10116
32547
37779
11373
58970
40488
16279
10073
39835
15766
32251
34946
60001
5148
18006
6429
15469
45948
39739
35418
53962
8320
21421
60476
11653
26826
47265
51057
31485
17624
29354
17024
25341
54662
27172
27311
17768
532
62727
29231
2586
42088
54272
64208
29035
20185
30981
18052
25863
57306
27344
24835
16489
29392
44900
30086
469
44649
56833
63700
62956
7638
44049
53323
18989
9781
44234
19697
4278
43546
61531
16794
43713
39766
11616
52555
61580
45382
62417
31051
56788
31797
42506
53250
59830
63706
27838
19818
43777
20920
57680
24907
19803
17529
53253
16916
63072
55674
43840
64357
18857
54992
41645
16438
56645
42924
54465
63348
15398
60138
52439
45805
46880
12271
39272
48295
46543
51078
53149
59384
37216
52687
11677
13540
19088
55370
1464
4996
52391
46038
12672
43720
57183
48343
21351
11302
31286
26712
2224
52957
61670
48460
42512
50
18471
61241
41112
18160
188
44328
33618
20120
43968
35676
60753
23858
13868
19334
62957
9776
60205
30092
40092
30365
8293
37162
13661
60316
39665
12652
29037
64907
60315
7797
57450
4128
13303
7228
15922
15350
5030
58244
52333
58339
60220
50954
6065
52203
62854
380
62160
2418
54400
31209
42344
54535
31180
42200
27025
17512
43520
25033
29073
25058
5606
23654
58695
34164
39849
42730
45356
38343
12760
60585
18116
7153
23088
8471
4598
27293
60453
51461
7390
39897
21355
47973
40578
23726
51075
4993
60382
58243
37259
46894
47013
49260
5685
61622
16459
32977
23386
26172
60890
41051
64982
57530
97
48493
40267
56704
56150
36273
32553
42492
8932
49195
38761
44170
20008
16276
51946
9203
7265
18276
62498
48621
3580
44016
790
24332
46033
44342
23649
47724
43904
21419
26698
4235
2621
3210
28381
2160
47269
50789
3125
34054
31035
35105
12751
27692
57722
36030
33926
59802
31906
45469
33099
31447
2662
33185
47482
35241
60644
34693
15543
357
12608
22932
33065
59696
29150
48182
14196
1826
1964
35845
9766
40872
4208
37242
39316
6906
51748
37008
40568
7396
4589
8751
52496
7792
6310
38314
11318
39352
10560
40506
50013
7002
52020
52407
37176
4932
11076
9023
49472
5943
6070
37050
49114
36793
58180
64469
49232
56661
40400
21437
36569
8256
56203
5766
14548
3793
2236
63157
61240
50778
7997
40158
22517
23589
10115
24400
40271
6501
60590
59390
38964
60743
48470
49515
4892
25290
47394
35400
40110
55958
20875
50162
25839
60638
19063
7205
22289
55524
55498
25942
8937
38348
56546
36976
40600
50726
7464
63890
61820
4248
4240
10487
51938
53729
6812
40352
19594
41894
8235
49452
13298
3066
63268
40033
52757
10530
47905
29487
64288
6097
55050
44282
1420
49237
5680
26173
23541
22053
2954
21853
52102
45164
1680
3056
44427
45453
45404
23905
17209
61628
54082
39216
51030
52278
4408
41809
65084
6584
11447
10071
43826
19266
56156
37296
22893
11284
22331
10963
6385
64191
3930
6629
39746
46124
60078
26774
4992
57411
12452
18120
55876
45266
50435
26496
47205
22881
42218
47779
24852
53100
55590
2285
44408
53279
20654
5003
35159
16461
54087
20373
26716
43605
1433
41808
18925
4025
64963
33945
3127
64708
41053
17845
60990
29326
51180
874
4705
65279
37518
48865
57227
53035
28406
58110
40505
25185
62206
31231
38641
4827
46802
9490
21089
22123
57998
22190
7982
8075
13986
37630
58657
49762
21163
5761
44896
16941
26439
17461
1169
64419
777
2358
65085
1145
19134
28268
57303
16463
62884
17397
24578
16430
33905
63537
565
64674
54238
1401
64062
25678
17993
41835
29649
53811
41982
18721
19003
46365
63605
8151
54497
12903
44345
56702
61405
42105
53088
18482
43589
22020
13821
46471
56094
58189
62133
21719
55388
50000
42777
55987
13341
44985
45702
55073
65045
46367
20660
4935
34193
16974
32577
17121
44891
42577
1342
26290
18158
57166
62914
33374
1393
44958
41659
17985
48685
7984
50012
1834
21029
24309
45024
48725
25739
50283
57085
53853
50986
53797
21085
45932
26311
57319
23058
40402
4645
34500
57136
5657
50318
21643
59091
25181
1604
45603
41556
17780
20020
46398
42879
48911
57243
13567
42302
55277
8014
44926
22634
16990
43839
53083
12894
46591
59947
31789
52499
54144
47137
63991
39049
6866
212
50220
26989
59534
39557
24743
61693
31111
39326
4145
4923
9891
22773
23285
58105
22865
11378
49004
39433
39161
59710
12482
20571
5477
54317
54094
41919
46111
41525
24154
41758
56922
21582
42174
46333
54267
42015
45621
41819
46015
35153
14218
62507
39153
10493
29691
58357
8933
39317
20010
65516
16022
57917
18326
29837
36832
39357
37257
34576
33638
49112
61165
45842
57878
36088
28375
59494
21444
10705
60152
8500
15916
34059
53728
13746
30414
36458
58785
52730
65387
28996
15784
61281
33194
50587
11835
57675
54929
22110
36309
3858
63885
50191
58784
3320
24514
34860
55567
8813
23288
1678
59617
60747
35856
40868
38937
28711
13452
12909
19067
19472
14071
15651
31117
29745
38304
17172
32238
18546
39445
40784
31444
9587
63097
30717
32605
15304
29317
16840
11684
12844
15980
36018
59221
11904
28846
12386
3630
7983
19139
31110
18480
15540
31791
55449
9496
58469
37739
21399
60153
32052
29138
44032
46096
50436
60692
43428
19421
16231
62368
5252
24573
18221
41060
13808
19239
18391
48512
37803
5940
46360
60680
54239
10017
21405
18902
46328
49030
20074
51618
52404
16744
11054
60276
35236
55409
24567
31298
62304
60123
50672
32868
2286
13572
10379
35840
53165
60802
58386
56043
25538
14570
26846
34800
46247
10589
6409
48963
36709
1816
12838
51135
49012
59477
32481
39297
12439
36328
64292
37621
8742
30593
59777
9775
38649
63264
17557
14685
57390
19865
31534
33850
42594
48443
24465
9476
44712
19456
13560
41634
60786
50282
17392
41320
16222
17441
19921
46576
21920
34584
18909
36394
24484
60880
135
37389
61839
788
59437
22119
3088
10884
58391
35798
38347
37237
29313
16171
14582
18113
16554
12881
14140
29686
32667
40362
17691
30525
16752
38417
49860
31602
48949
13592
55047
9211
51034
57305
60851
46320
63878
52899
25489
18540
9453
11444
19573
40102
8928
65517
40602
61468
11036
63899
38694
9212
17393
11213
39536
17440
19110
64973
48246
14755
59675
16005
21431
60342
23438
14784
12579
46046
60976
45112
20763
57831
59336
12293
18133
346
27729
251
15116
14044
48624
38576
2701
23446
30397
31501
46396
11216
11189
26341
46825
34476
46820
40145
49503
38362
53647
24722
15738
7273
11453
6756
27938
31601
60876
61709
61208
16291
58142
35402
15549
31420
33245
13255
34936
60625
29137
58842
36375
32286
30915
13580
58694
56054
64718
16546
14332
34170
7069
12880
18967
39887
29341
57761
56549
59264
57606
41004
59673
57004
50068
16670
14699
31414
7398
15602
56866
40135
29744
60629
4986
31460
29903
53749
53270
5130
40029
48109
52466
16810
61231
49323
5965
13204
8465
56367
9610
11806
20136
48634
7381
47046
23751
60231
49922
11020
58168
39179
47079
21328
11905
4233
60646
8590
9987
47958
29663
2245
21440
385
36875
11525
46474
13058
3611
23645
19776
16598
48918
30788
59401
2652
51
14006
48967
14635
22472
15478
45347
25534
14390
47523
59792
45463
23863
32315
31669
12715
9087
65487
8226
62694
39312
16805
37147
37012
65007
10539
18219
11382
40466
19234
20137
62918
54569
48540
33682
7261
52211
61462
9316
50580
3041
38751
8363
56311
61417
10877
19116
50570
5594
63759
7377
15132
20628
60842
27428
52413
38873
45090
60285
46639
41437
10052
9231
32938
58700
15548
58701
34416
15302
34421
31510
36017
12762
57509
28843
60832
35537
31453
29114
15787
5695
2901
25435
60615
50947
40149
59287
53172
31566
22422
10603
4462
29491
10301
11706
23782
22680
21380
1065
15561
17945
60183
58948
55538
22418
35346
11209
14023
48991
50153
46071
15327
23465
51490
56287
44905
1747
47332
5492
2823
44644
44498
2147
22212
7337
25480
46066
50415
21708
35188
58969
36410
14002
493
58737
22617
32820
61233
31556
21905
58057
852
2509
33146
35573
41691
54947
64787
41569
2603
17038
43529
44846
57131
19154
33534
17765
53858
683
43653
42918
21211
54120
52787
25186
6011
731
26479
53134
57230
46898
41643
2310
45666
4779
22341
28249
34436
60137
35226
58745
32212
29489
46226
33172
13537
29135
32946
28761
27119
3940
34954
52824
61582
60040
35928
45619
55431
16446
46183
35422
14910
1880
41822
8280
25139
54126
64904
40298
40916
8874
39657
50626
6209
5697
51887
38180
8817
5346
38481
5642
4852
7949
38985
49615
40164
10458
38489
5705
55266
18801
7428
40292
38977
6233
44226
10698
53135
6548
61929
21510
33358
9832
64312
53086
1856
57934
51304
63038
9790
56887
21179
57864
57182
699
34632
51903
53223
56019
62723
549
10820
8160
2734
42094
42123
31395
49757
5832
25123
4692
40312
22377
44855
1928
22867
53795
46980
7991
55287
21614
25742
6035
21076
4963
49699
596
52872
39509
37454
12229
39141
53147
6715
5438
52675
38638
8062
11646
37470
5557
8094
4795
39493
35686
41949
56495
42025
26274
2267
18049
27567
43300
54546
2082
34411
16490
1012
768
43228
43180
22897
3945
15177
34478
7137
1313
26867
21298
30418
60286
42737
684
45982
5057
20972
43971
61678
9285
37461
4661
19326
54142
6846
39518
50254
10931
41883
17349
49715
54174
65253
34982
11375
11900
14315
54143
62061
45847
20173
57827
52850
31206
28583
58278
29079
64111
10637
29601
59660
14347
62491
32438
35249
15898
36677
18198
13237
8821
30749
36733
9376
14266
57933
20940
26566
27592
64692
21426
40123
62356
16060
42847
25488
37787
23698
64410
39827
38835
27792
3264
54956
39233
3870
55108
50834
20963
18877
32677
51017
24526
487
23675
14533
52684
54818
43717
61187
57868
57570
35261
33719
7291
33980
59129
59713
32916
44224
5541
36249
34995
58190
15882
42095
56260
31864
47481
37872
28656
59329
1943
54250
10549
21252
28072
8542
39928
62724
63670
28409
56014
824
59717
40180
25860
58379
2142
56440
8249
37632
24841
11618
64159
28660
5633
39670
1730
21938
10097
25867
31536
8865
23055
2932
65291
6977
30299
65030
24838
38299
17101
20927
26179
5491
11964
40880
3348
40924
6823
3000
29397
10013
162
30464
40453
27826
23045
26805
27321
25492
37819
37810
64656
38917
26777
27828
40082
23739
64149
39673
38921
25520
16909
61382
14283
43026
1992
25550
51167
35190
18460
22979
8057
54484
39389
10433
36549
49015
34572
30367
9237
15166
18806
34548
59869
17611
60803
38779
28728
33293
29370
32094
35833
57380
7355
40348
56500
24475
7806
26098
30695
9163
24003
55101
28418
4414
31888
34828
27308
40850
1723
56486
16145
29393
32381
50635
23365
32705
30986
15996
12977
2880
22235
13322
51878
54555
43978
59843
58309
10545
25543
36032
4322
36550
11353
45950
63837
41108
4300
61791
34760
60539
9120
27587
27768
8172
6067
24500
54413
39237
7618
1942
537
7703
54532
29857
14522
25499
20162
40612
9887
40490
62353
19882
40317
64409
36900
12269
18477
16508
10367
18164
65311
37034
48048
15886
58117
15672
33723
32435
23872
16054
12430
61248
31550
69
48085
57431
13128
16312
30722
25462
28357
3360
14013
60348
46821
14527
4000
24731
60381
30428
47307
58116
13129
2966
6833
62466
5562
39498
44114
10940
43650
41404
37444
5428
16705
5433
56028
18866
37449
62732
58372
13314
59657
14303
35250
30655
34002
14271
33348
57924
29908
57929
30687
30978
33353
14777
58564
44826
44697
19732
12957
57770
53484
15007
57332
61634
59181
58746
57025
60660
14623
56826
59150
43285
51096
54311
13655
59144
55669
12643
55806
43422
57735
57928
6080
30039
33352
54438
53677
24346
15258
3697
50637
17577
59116
49580
46029
32913
9332
54556
60925
10658
63775
47308
6913
21318
23480
3646
40893
10431
28725
40460
45911
24766
11572
5706
60240
8290
37849
3765
19975
25164
22458
1245
40887
11955
45644
40451
2305
27057
11991
20435
46093
20407
40915
1978
459
13511
58054
13542
27086
29125
23271
34757
13799
45687
30699
3299
47734
31902
35187
13766
10183
62663
11507
37160
64670
17576
38007
37272
62951
9703
18983
18803
10003
19710
63763
39336
56747
49740
61788
53553
50839
19877
8761
52678
55729
63826
11632
54819
10833
12231
65299
6748
48557
36516
45228
14463
24769
59593
27921
23498
13074
46717
32370
46716
2842
58308
16159
36777
59598
16078
61384
15126
32971
31686
36123
36547
13079
58992
32016
58997
30739
32679
33656
12485
6832
26997
25027
29054
49847
10934
31203
38070
2462
27035
9264
5432
29083
9559
37448
405
35731
12327
19753
37788
12268
30752
61408
11666
39826
63521
20122
33691
59032
61679
30455
15910
16074
12322
32470
34403
61253
31714
61309
59392
35687
35035
60755
33729
58284
13960
57492
15855
33961
54221
22675
31607
36705
57713
50833
36201
919
14030
60977
34209
51404
57426
59842
56301
23237
33310
16908
62604
49842
60027
1326
38076
62850
53970
9265
21918
1445
9554
58062
35349
38056
37406
31855
12601
13650
18295
16926
14959
13698
30082
28980
37582
18856
30034
17102
38771
15711
4087
6290
19407
29228
61069
32974
31474
41967
9849
59292
16221
28307
15593
57444
32023
39779
2402
5367
55192
30083
11143
26962
29031
41699
4835
57683
38487
22367
13699
18007
1156
43786
48896
23983
47330
62113
18642
13915
63402
49140
22210
18978
42497
15718
19700
17156
47179
38828
45972
48391
47187
20444
10980
24770
19981
24456
46659
19817
37581
23503
61583
11506
3810
34568
53963
21615
1844
63086
59214
49867
64360
594
21074
11070
33294
50342
9838
57870
55152
63420
38196
29717
33525
45683
18225
4676
58571
35582
25630
58517
43442
8890
13795
19538
37946
12639
34100
16680
40083
9699
31364
58676
10999
39678
64046
16792
35922
60521
62947
31842
12687
43525
45771
51897
10818
44974
19163
12958
63653
4690
49745
18475
42350
14997
18174
16910
47851
23814
33751
29610
36137
16321
59470
1755
14506
32804
32529
60898
22203
6
59124
61191
35027
39113
37746
30451
16101
16283
19325
17937
15763
12526
32555
32480
38593
20393
28823
17348
39804
39110
55634
47822
60099
53971
10464
43345
17419
21219
45797
17509
53191
41401
62851
9879
16706
56749
59160
9130
59680
44964
29974
52004
63658
60664
4884
33520
54831
6938
35576
29863
12560
24789
4373
36672
8816
30928
56437
20486
29451
10661
16086
63947
3334
28080
38854
4544
51824
48049
55229
36342
42349
20580
8309
29672
23306
41994
36855
37024
45113
31632
40616
11982
56378
44106
3349
52445
46823
55940
46819
52313
54541
46790
49551
24734
53599
49585
27589
48587
27950
2737
59417
1466
58132
25869
29567
20801
24844
32719
48349
36772
3146
47836
36521
30914
15986
45485
1184
44463
34215
22948
11478
20271
14250
25848
45053
39264
48175
19965
37224
9991
1318
2736
3595
41379
28519
14592
9183
17702
33974
28259
42407
36964
48342
16891
64863
18612
4054
50460
60013
28913
35921
4381
54997
31642
54733
12634
32045
50864
4556
34540
51973
56064
58684
42570
8592
14
44238
11997
46406
32102
20413
49608
3543
12976
6922
32901
14085
45323
19685
7435
2241
33132
28589
49152
10617
31802
44470
28332
34157
39332
4165
31313
62671
9378
890
25878
7546
14608
8052
1047
53481
23800
29344
12234
22296
41922
2808
20896
65228
56257
52708
53675
30792
17094
57479
62112
32728
49424
63397
30296
10512
34407
54550
55926
35683
32270
16087
49269
60827
17773
33694
6951
1673
18271
4256
35733
17540
22100
7059
64570
23994
3329
61411
26236
474
26237
46413
3357
46412
20684
161
48140
23322
27825
3018
23969
20922
47629
27345
3008
10057
45222
11485
26359
19530
23534
28070
10511
45095
62733
232
47989
62479
18356
37185
52438
19345
1447
41873
6103
46575
29944
10496
43977
1056
21188
4456
34086
13514
47821
17385
6349
22445
45727
12575
38596
7162
23277
51359
22820
58740
11028
5866
46202
5108
49946
23802
60267
52737
4105
51263
22199
47286
40253
23299
50050
5700
47159
58934
11148
45934
21461
53178
47281
36532
29625
36314
24657
2906
15681
28348
36820
28737
3469
46652
59465
3853
25418
32954
19041
43179
9878
52710
37460
55916
63534
39514
53104
12263
6717
17033
19749
4797
41692
42741
1805
51211
4869
52950
21181
47036
43227
22284
44864
8000
47069
732
57046
701
21212
50101
1985
33956
31897
33834
36034
2810
33137
26521
34084
31201
31252
3308
30585
756
25114
34218
47024
34574
60504
35464
26974
1030
34638
22360
35982
31806
1159
2373
59208
2414
27093
33288
11005
38052
7370
63353
64657
5324
51825
37274
39284
56433
55153
9708
6682
6605
49690
37577
11101
40628
9146
64313
41138
57020
43841
52159
36916
17217
56882
16444
6986
4948
49994
62393
6144
63678
9144
63704
41915
57014
38990
52918
62430
17230
55504
8005
10456
54027
44869
62392
60048
50352
5560
39496
21136
47766
37943
23240
49719
4656
60023
58088
10806
45719
21110
50518
6059
25776
47459
22408
49815
6054
21568
51187
25143
45623
5927
4726
47061
53911
41590
22790
11675
39118
53445
64373
62366
7573
52718
64405
62334
53486
56299
12259
7541
54219
53109
38597
31741
42925
11516
50298
13981
2220
64033
15356
51473
9709
47229
30252
16682
45985
25370
41644
2219
24241
49082
23434
22160
48021
28033
22726
21469
46653
47904
1573
2268
45984
21365
20572
16731
63422
18869
63285
43355
53589
41278
41395
64574
55630
16718
18739
53573
55646
43333
64693
10536
52109
47488
17848
43162
2704
29935
51696
8404
666
35528
18580
14215
12295
45190
55862
31382
12577
43592
47499
2096
10531
65375
2679
48146
43066
51707
30808
62806
49314
8236
14222
17208
61821
54919
16549
36457
56731
3385
65383
17693
105
44021
30802
43831
42493
56554
19829
61081
63630
38703
58217
16980
32503
39166
60964
12087
65511
16115
37513
39321
12884
29321
32399
58917
51227
30269
54765
33364
46636
39054
34448
57200
20279
26269
57993
15745
41661
4828
51745
29320
64989
727
18789
26620
53611
297
25184
20365
2473
61699
30706
27271
62980
54922
16853
31788
63454
30993
17281
26987
53388
24974
27810
19598
2526
61442
31107
24849
43374
55765
64465
19861
24029
43797
4151
18210
12168
42393
19243
45133
41257
37719
17561
42693
12381
59018
52615
16741
20861
63445
47431
56961
59704
41065
53726
59773
44761
22864
20073
44037
23748
60650
20791
30268
63614
209
19473
62318
54764
44350
32865
17182
53390
44273
20275
27969
41899
57205
64113
61032
13367
52874
47612
656
12018
62551
48768
45616
41520
52988
33512
37743
49808
8936
59177
18154
42048
1396
17988
41616
1590
33847
42692
53815
560
34487
17128
35565
25239
630
44349
18335
52542
43567
45151
17406
59492
44446
17444
53310
41006
15967
65507
44191
62302
12083
48527
10860
35725
64998
9102
30948
31119
37625
19005
57473
62703
14690
59641
38645
12539
28710
65159
59705
49633
9095
54934
34968
6753
59529
14692
7213
32607
43610
59646
40510
20733
45292
7461
18543
24894
43231
47567
55659
59284
41326
55437
2382
43486
22426
63875
42607
26971
31027
45551
23464
5112
45433
37198
5100
39940
45965
7106
5939
22497
60531
21488
45071
47006
51055
8215
1732
4099
52482
27358
48051
21940
49439
22227
472
49337
54547
47892
42356
53671
20745
5703
33178
18872
29626
17376
25437
44112
3300
27583
16536
836
61639
35220
3274
44696
42934
19520
60571
30204
49278
3969
5937
65522
38707
7346
1545
52965
28667
59374
39995
28067
65020
29218
39669
7948
5635
6626
23730
21435
60475
23049
4857
4174
21394
40091
58725
22777
22533
4929
27919
18168
30586
63280
2538
63143
4052
452
16696
26484
19528
28525
32522
55127
43256
20256
43779
19705
29765
64308
3144
41716
20432
2750
19769
34624
54079
42503
17157
55378
43001
17700
18001
46342
62065
12107
53620
13659
43850
54722
12038
63354
50878
19261
42561
52488
14950
46411
56482
9142
63665
13387
56255
41150
62490
42569
58582
62394
46403
55828
63761
47623
52152
17227
35413
20409
20405
19684
41143
41917
3136
44467
17817
17216
43412
35920
1461
42137
43196
17220
7172
46783
49598
25633
46997
24464
52774
23667
2585
51541
57132
6029
49175
56738
24008
48957
27327
53919
47827
52786
7283
21492
4311
6830
6281
20814
45875
23556
54968
47214
26783
6436
19536
46540
62320
48962
57056
12946
41272
53447
61372
44664
24401
18231
44096
23993
15004
46562
58987
31846
50450
55006
47986
62971
39740
46754
53256
49529
25858
60219
38529
24847
61942
30091
39836
6581
45241
8318
21403
23707
59874
23491
5011
45873
40114
37778
60572
51033
22469
7227
54951
29628
63408
21618
55126
25425
43032
44104
58492
43448
45804
55328
65296
47810
27577
834
25092
58157
51070
58405
55490
63340
4040
55672
15931
6169
29851
28323
47572
29494
36861
16986
18385
58139
12965
42775
2227
22964
26751
29893
65053
24323
4632
3602
62538
12058
13248
47570
23646
24656
26973
64185
22537
39429
63641
50110
32964
26773
39157
23289
63895
39313
37041
27285
2871
54574
24185
936
53938
52735
21806
3700
722
49874
22696
1438
23347
21170
50590
53503
42689
57886
61211
61217
25266
34491
5422
36811
9602
45778
36753
42398
5649
62802
33486
59099
49927
34468
55782
31438
46242
63638
28405
47427
28744
55441
9323
26815
25197
9020
39421
61705
36797
43362
54905
30275
45779
62109
26977
57884
739
53989
12172
44983
24750
9603
63127
32930
6875
38653
55874
21101
5138
27751
30782
10267
22183
2273
41735
7554
31467
33549
27821
37623
18544
20679
2755
4646
6153
49934
3617
9221
5663
2133
2520
54388
53714
31002
13057
22877
21921
25291
26318
34498
53006
38401
62110
16129
41554
25169
37617
21870
63121
38654
37390
26203
2068
45636
21427
56863
25203
24264
41540
3768
42014
21678
6308
55554
24095
4723
27058
45987
33707
17716
38929
14475
53875
33777
580
20348
14894
50206
32565
26882
32624
30179
64610
32749
6962
37534
3821
22774
8110
25087
29342
6002
21073
53841
28175
5486
32311
44814
25966
39167
2683
53277
38108
2516
2162
50679
23939
17473
29456
22553
20996
3390
23061
16288
50861
56359
44183
57419
47426
8812
26819
35525
5881
27060
58337
49059
62556
44441
7406
33693
32944
58789
5908
26961
3670
6397
49875
24073
55649
7865
4837
25317
1956
57287
2093
723
53175
24214
54568
15312
6423
29334
44713
29099
56815
41639
58240
57295
34805
56306
49447
36704
30422
31350
421
51985
33910
6430
3806
7400
26200
30491
8977
26696
51655
2915
26054
37837
4218
49454
4147
234
33380
41324
27999
11691
30878
49255
26365
36595
64966
48482
31039
40109
11388
55889
2975
27266
23343
45299
56418
48631
51810
3364
46388
42292
23448
42297
20633
27730
46393
2856
1653
38098
1648
30333
27746
30332
23170
24747
16964
1332
32929
1337
23835
63746
16969
15633
48264
1670
41712
33187
25807
19120
20210
22791
34311
44796
62550
2708
16936
37741
8410
507
1402
2325
41122
32782
25271
17994
18723
33485
27134
43515
65373
1336
16428
62807
16968
133
7589
58918
16769
14676
56036
53384
30873
56688
12432
32290
49262
6905
19036
20481
218
57999
55990
8426
286
51600
55364
48259
32355
17472
49348
3723
22798
56671
29173
14753
48156
10728
46812
53836
33019
24817
42583
9500
29241
26301
43265
35170
62925
5763
30437
65479
12051
1772
3432
51943
24280
5033
2478
7060
27287
2263
4727
25207
52943
27683
20584
43470
56547
6953
53276
33911
20349
32560
43438
28885
43751
62369
30183
53879
33643
56355
44413
36094
30995
36160
4505
57913
30756
16024
54935
2916
62009
4388
35154
18786
23401
50723
32415
50775
54915
59639
55996
27408
43594
48258
2850
46479
22265
53713
45083
28143
23636
3481
50444
20672
46614
24964
3135
15217
48260
17850
27635
19121
48419
25956
57373
1688
61708
3486
20786
34477
28794
10972
7023
18915
2176
52890
53943
45554
35107
7892
43419
2555
22441
42296
30824
21175
46392
11924
13748
39896
35550
15010
19364
30407
57353
17683
15539
28959
38425
15267
9799
8643
57812
34372
52226
52771
41431
61455
902
60178
6433
3096
43368
44685
31496
21489
4126
2040
6018
37145
21851
33094
12091
36657
15631
1425
58794
38590
65078
61290
30386
23290
58699
19271
304
34161
36718
44428
53793
61463
42858
3312
18792
28657
64025
54262
19460
34808
20354
32018
3467
44160
41901
21532
900
40403
35844
6699
3200
25591
22665
16599
60114
44272
2333
47150
6161
23173
61630
63622
13371
33937
60068
28674
58202
58691
35158
58410
34169
15295
17211
29112
19927
33665
21332
35721
14884
33365
58840
19422
9008
45615
34201
13440
31411
37047
57396
1177
3714
65157
38240
38104
12048
37930
49917
7565
5764
50855
40232
4628
10772
40804
5584
6183
5328
40410
49351
39912
38096
40810
8074
8564
6516
5592
38248
51412
11535
51613
9072
5224
7911
38890
21165
33913
59012
63541
38407
2619
58832
24420
36153
12160
19790
21856
57876
2098
1137
35397
24477
39551
43137
61703
2032
11266
5109
3973
62985
55174
35864
51052
4845
32003
60788
36894
21502
26687
26404
13571
19480
31300
8414
54063
21241
33239
10915
15362
45954
6393
2279
64840
40786
40268
4722
40736
51446
5472
5480
49809
38124
8104
9895
37992
5682
10866
7473
38352
36080
42966
53271
61727
25597
2944
17284
44036
44584
55597
31508
33639
19584
55172
1808
43914
42491
20789
18142
14034
35752
5873
3322
34050
39747
28687
59054
44026
1419
57666
4587
21793
43409
63468
51266
37984
5216
8391
5064
7996
40796
5336
38360
52886
55666
11705
16754
37856
52169
6483
47945
39806
46053
15566
47585
48078
7907
24113
11337
50065
48329
5970
22419
11342
46606
3080
51874
44510
48073
42414
52041
22041
56280
52425
1497
47950
50898
260
41384
1502
35578
16904
29722
62592
554
42336
1316
2724
19080
25620
17880
33524
1450
54375
41990
17872
60656
58778
49415
21741
47094
40852
38792
23576
47743
51558
8170
59175
40064
7620
40346
58084
64150
57274
2632
52868
7192
21248
60544
56007
55359
20951
45960
40176
30038
2135
26806
5085
25039
19544
32330
65248
826
64695
2420
2996
19432
28228
16504
27037
31178
56983
42840
18736
27315
18009
18501
61924
53320
41812
31040
56766
19177
65088
55791
27831
29365
54418
43097
16436
16481
48310
65025
34635
56591
35931
44506
41177
59206
65290
3139
19853
41169
45495
12630
3147
54962
57862
62657
38987
53711
21950
65098
42361
10454
63946
5699
56132
65345
7431
23048
57931
33125
17161
30677
64900
1496
44813
1488
270
19337
34000
57231
34144
3077
56930
44556
20436
48334
1449
52174
26753
5980
45041
50997
52297
3545
50069
3877
47083
52302
3502
44457
545
51875
8041
7635
51170
48201
21342
48206
47618
5161
52046
46057
52430
46339
47346
22627
4914
17760
3276
62464
26482
54374
35218
43656
42456
30588
41480
2540
17543
42448
450
33180
3298
30288
60517
44468
23111
47880
38288
39818
26184
45523
49167
5496
60288
63037
4526
37365
58672
39930
6406
45343
37335
4906
23792
59684
7076
6024
22317
60440
37876
60666
47095
22438
7296
56503
58060
65216
22594
56982
21137
42824
41080
59468
41928
48956
55088
63808
48562
23241
45682
62894
12611
64990
15618
31655
9890
31919
30169
37043
31711
13843
64431
30174
57785
8574
13586
27815
42888
43799
64687
810
31703
54157
56543
41976
42797
31663
25440
56535
55151
1831
64479
27739
35542
34619
34801
57796
3313
60618
31811
33382
59370
35865
20890
31819
31240
2688
35857
16215
52538
51261
37134
47099
48379
10595
48950
38591
6021
15379
14323
12084
60856
48432
52363
50081
25722
22306
34232
11283
56032
48267
4905
25247
12766
19144
52475
47377
55455
55421
27190
13758
34614
38971
34897
60676
30146
58106
9795
62294
59530
34377
15023
57915
19384
28999
33505
21236
35561
15748
65365
9944
31310
57984
49039
34393
39040
19891
13575
58660
2137
1250
33845
40016
38728
38720
37722
4922
6973
4148
7240
40024
52804
11199
37716
7232
5976
5952
39754
50439
39560
38928
37626
4650
11732
8148
5656
38648
50196
10927
53101
8912
6392
5255
39050
22989
34585
12772
35173
60488
395
60480
47599
36089
14128
28931
23632
59764
2041
1809
33237
28523
64985
42017
64423
55149
31911
55654
3884
62889
56870
64735
26614
57217
32169
32222
64727
41972
21545
28292
38403
31967
10782
31959
808
24425
64471
59913
64679
2340
47347
6178
15059
62290
64332
44610
38736
5968
7248
7256
54076
62300
5960
40008
38744
53298
19385
56113
40000
15611
51157
49630
36873
45957
48011
9090
48147
51555
52865
60163
13166
11403
47091
46875
52108
50576
20870
14919
35524
11170
54941
48380
9592
15368
57625
63103
52220
46384
8616
4384
26093
53073
38972
50290
39152
6384
9479
4616
4844
37532
6168
38424
50278
8002
10953
11586
37504
14674
7393
40583
56806
30871
51820
61289
59791
49453
30783
55901
14579
9022
45098
20625
5877
10881
28813
63126
40590
30879
35172
37929
19034
15233
62111
59785
59426
40229
57381
33008
17287
57222
62509
24887
19013
29842
19374
3801
31032
64333
2793
55899
3681
43223
53306
17695
20005
48890
51248
37721
30511
12835
48891
43152
61011
33934
37998
20212
41530
51706
16931
45626
48780
1656
43239
14881
52609
8739
30335
43056
9772
50395
13454
46725
570
27972
45589
53823
64116
62295
19581
44423
19221
32354
44437
1625
20360
64029
2953
56315
34905
53303
54570
44189
18117
34385
20350
27601
61713
17283
42385
54846
28812
65054
43918
56364
65374
1601
54037
45003
17777
56227
15949
42421
23175
18521
4918
43433
19029
23069
42585
57992
55292
62373
58666
45135
52807
19947
46813
41125
52023
18425
40807
43753
19445
23373
44281
9016
17634
44405
57402
13933
5767
217
64302
27249
64833
29235
19481
44766
30188
62542
27198
54844
54149
36561
53829
54051
63265
61154
20366
39423
61065
62015
36600
40750
61183
38967
63639
61182
8802
38889
57919
33378
29551
14075
7963
36157
43757
29247
22257
12174
30438
43120
63543
1770
12898
59009
53834
49665
5409
54522
44622
41055
47663
62003
48733
44718
20063
23102
43614
58612
41765
41647
57907
54069
48719
55999
23506
38245
34695
59491
47500
41626
60149
33069
40809
18728
2202
42696
16426
45075
52875
47498
37140
14142
6789
10482
19124
2106
10723
52017
58409
47867
2192
52864
45109
57375
19832
18404
5694
42495
47935
62243
14447
42734
17663
43838
44030
61012
20382
41455
17203
40798
46703
13745
12620
14925
36288
60352
30411
28838
31820
15370
60181
32789
15782
30161
31242
29005
13851
50445
63455
49617
12460
45295
60701
36
7242
39177
23330
60362
22260
56541
10175
9428
35610
12086
31247
5605
42732
29101
36666
60359
30165
53654
7677
13596
61025
31817
57781
11878
32787
889
16282
28046
33184
47863
39226
6105
46643
34309
296
13590
6068
22644
60853
32412
38753
57576
34456
65044
38309
9494
30572
14209
12063
40873
61712
19141
59706
15150
18633
31731
33370
62987
317
3132
24613
60161
58881
24054
9798
2666
48016
34378
35594
21841
11014
11083
1691
33540
2171
45942
364
8405
11739
21869
58329
3749
48186
19894
61440
24480
30911
59602
2609
8981
5983
58662
48486
53391
10236
46058
56534
46246
61320
19210
6425
7247
18184
11251
60367
41120
5341
11322
48026
7209
16669
16372
4117
6074
58351
8620
44276
38253
11939
19991
48429
57481
3827
7962
55957
31958
18518
60495
31007
55500
5414
59909
9093
46056
58537
32095
28937
22162
36124
24036
37121
4436
9485
56431
233
14026
4489
40010
51823
1570
31692
60785
64733
16295
14355
15902
34234
60490
31297
31965
58232
36808
12753
28940
13581
29463
32419
30846
15068
4735
31689
61235
21798
53607
37669
5981
54921
48469
58615
64726
7854
1004
19724
9370
40015
10570
40041
24848
32774
46728
61082
24082
46358
35240
27527
60678
45951
38865
58536
8543
13308
31036
14698
64027
40353
11693
33573
60965
9589
40133
19226
63100
61072
13373
16838
29802
34960
42482
48609
29673
52282
7166
16544
37999
5615
2972
10068
36885
44024
16274
10954
18961
5485
37531
38885
33921
14587
59632
20369
17402
57916
14684
32294
36837
39162
16939
30554
18400
40737
12960
33064
63453
33786
48927
59520
983
8922
64623
28180
59642
24327
30992
10863
59943
36486
13744
55840
19571
61465
59377
30157
52122
57910
19112
11204
33514
12716
44187
59238
57808
53489
24670
15686
22599
14331
47047
60608
48371
835
16214
46867
14822
20888
46647
32341
31563
15387
37828
63615
39714
62102
10726
16667
11291
8431
63135
38699
18421
40128
8978
19449
19986
64118
33387
16759
58697
34419
32365
58097
40367
20357
29119
60839
16268
34810
38350
11861
59195
18114
36084
55522
48936
31417
17286
58507
38311
28815
2195
58847
10341
35168
53236
60777
59938
19070
52235
46960
48248
60344
5081
11217
13143
10709
47000
45878
11884
49250
15504
8547
10206
47920
63744
46119
5599
60847
55583
20109
24416
17174
5231
48938
18426
41732
21927
19448
16775
60887
14754
56849
5103
16803
59781
31296
52368
60457
57081
11384
29782
15371
50125
31391
29812
53547
24510
34949
26642
63341
5124
58096
2472
49017
36860
55263
37514
21672
4062
59548
59451
35104
38644
40233
35623
12908
57994
17643
18720
58920
14067
34701
29788
37616
16420
32147
19938
37925
50772
2875
821
15480
5902
11275
14232
8015
31667
46992
39301
49507
33630
10330
11597
48272
23744
14099
14107
13157
45896
60224
45198
59766
15603
24286
61014
20567
48155
57752
59255
15317
64715
37142
38112
63645
11933
16545
8364
18917
39414
11820
62252
39882
9584
17654
18960
63101
44802
60750
49132
38367
56999
18784
21750
53785
60873
5229
62246
42760
24411
17660
18561
58791
26789
21313
47178
20586
46822
48107
1665
47296
24077
23869
48118
26363
3852
21270
46027
23356
35834
43293
8492
49866
59114
2065
17697
60401
51105
39661
47306
34545
19706
21276
941
42012
3666
36196
58489
36042
46572
32015
36401
46273
34756
14961
410
28745
31545
27002
28559
36714
6836
51351
19077
42341
29219
10943
51424
31483
41995
62606
2805
4666
7544
25109
49727
38600
46946
43095
2006
22965
53781
46959
51255
55200
21515
25819
6085
45631
7811
49685
25151
50024
22716
33604
32329
34314
60
2877
58945
3761
34820
35649
3434
22097
61369
28634
957
35658
51206
65358
11848
65288
54085
56896
12110
7856
65038
65102
55302
53179
12040
41941
57275
65096
4548
37268
7642
40889
9788
55193
63345
11629
38916
52545
6332
56441
10106
53210
51695
64665
39674
37396
4474
63945
19692
5233
5489
8605
38852
41329
55244
38289
5546
51578
4781
38009
7767
64366
58584
35256
45637
55400
64318
46080
33982
13390
1974
54067
11064
25157
41859
63080
64108
44827
11750
50838
8767
55937
20270
10845
51392
39143
6746
62050
18165
49738
53761
44325
26378
53211
7893
49926
45642
46913
57307
46849
43184
51264
46858
25089
54022
25162
45569
52805
56270
64414
6725
38325
8755
19395
44670
10843
38078
51774
6741
54245
20085
49733
41955
62357
48034
51186
19338
44812
30341
47263
51828
31584
44557
64897
2053
46719
4377
25558
21289
49823
47255
24164
1052
23708
54828
60328
15684
55457
22465
27169
7068
59000
47167
50044
21288
12303
40341
40830
56181
61637
17379
7659
5870
19355
65230
44014
56213
40862
5829
41845
8139
40309
27590
10681
47894
37341
1576
64701
45294
3488
10207
23335
17882
24727
45253
17412
63423
11329
1729
3082
28109
23117
3498
21937
23420
24604
45532
20650
3148
2941
22033
45501
23050
1489
60941
54372
19357
3302
48361
8998
3878
45505
1984
17391
11333
46047
3495
10174
11255
17887
62170
59510
20939
44322
408
883
51471
27766
56604
23699
5865
54287
38669
7617
32459
22647
30465
32239
6677
15950
56438
30255
14301
56011
59603
49531
29512
29402
29770
30910
31730
15140
23484
42938
32240
54666
45199
37067
33687
47885
54285
32552
8214
20562
35734
11943
40643
44125
52485
26828
29025
3866
4310
39362
35933
56752
3745
30090
10527
49339
35420
17604
38057
25549
62074
45492
34357
9701
7100
12102
3503
50908
10992
31574
1493
10154
24601
256
11787
3145
5537
14954
32812
31804
4522
42507
31725
42362
57693
32250
5702
4465
30353
6923
43782
13649
18608
3826
19099
838
48197
11311
1503
47627
2235
19686
9033
9174
258
10242
19092
3887
56509
1701
49421
24039
55919
22174
49465
42458
48502
52335
227
53556
52289
3019
24005
1582
27324
61353
2634
15892
1498
33732
48193
257
30847
20957
32543
27837
46348
32418
35017
58226
37654
3022
36070
12265
4435
48975
54378
52293
11665
30616
1321
7848
42463
2721
59581
997
33564
59356
23819
43547
2998
31052
13226
26181
53526
20661
5493
30890
35021
6816
59325
13389
30880
8591
7036
12667
53487
17034
24087
56269
59251
52194
31862
3864
60950
30663
19044
38797
4299
15765
62858
29667
7160
26210
18228
49174
31643
17519
46655
7150
19549
48573
27916
16286
40345
37090
32035
13205
61413
20205
20257
60830
15262
34859
32406
40849
18169
33000
16532
40684
