37078
11136
9869
25789
1152
49366
27067
47547
64987
26982
47462
64384
54400
25709
52667
50877
32778
48671
47332
62024
60063
338
42363
37187
22914
61735
58822
35540
8745
6722
625
22039
57515
25530
25959
31712
7595
41131
26039
46519
48739
30445
42589
60726
48819
25196
5856
46439
54455
15076
22946
21586
4026
20273
2444
35553
49107
22959
47827
55690
36836
1127
13487
55916
53783
21796
15587
21025
47780
12714
791
35043
55858
20828
46346
54353
36431
2530
13055
46348
7346
34934
36532
47139
14174
29408
41756
56869
13745
16873
27719
41821
57882
1352
29071
14107
1922
29817
31096
37140
43164
35559
5047
38369
51213
10098
7244
353
40543
4711
36835
52347
45212
13797
64550
36127
22498
14979
1469
8480
60056
36739
1607
19506
33365
43566
20596
54637
1553
45749
28969
11129
64578
47235
6541
40282
51838
37907
41003
2540
40933
4945
36426
20669
60471
26902
25439
29162
50776
63209
26907
48724
46385
11241
7260
37038
49014
25937
42835
47819
36051
49028
47745
62497
7962
2527
6684
10530
20839
63999
59914
22714
37956
44812
1202
22412
38755
8586
8841
28439
47413
52926
27159
54505
50104
25688
47811
38357
49011
26974
51383
64700
56380
64037
63992
34948
311
22482
43643
10536
61382
35969
2028
47267
9257
44813
15492
59917
29325
4992
42459
44731
4736
57965
41917
29581
61030
42454
58838
29568
29312
7899
7894
58843
29836
43443
5097
44983
58789
7845
6844
29417
58798
44638
59747
29416
29834
41816
8042
60007
42680
36275
32951
53728
24893
30344
1309
54557
15212
46939
26459
7646
56950
3787
31625
12471
7082
14261
14190
12845
4196
19406
59519
18923
6140
13808
7089
60220
20310
59154
15109
5930
51983
37070
39175
39216
3451
37559
36650
6007
23216
57562
49703
24064
62795
45488
39054
22399
64467
13600
13309
25266
64710
57032
59513
17383
5729
25455
63611
40295
16979
60440
25097
4276
16022
10743
9459
10742
13626
9187
40534
21564
14653
50240
15959
17149
23015
38381
8935
14934
62202
9211
30663
33584
28087
31623
40938
1927
27830
30662
16205
27910
21324
60854
9451
14666
5328
63092
21366
7794
52913
23958
57785
48502
50783
3368
61883
44719
40483
32346
65172
7248
21241
9937
40404
29663
965
37716
33344
65196
22216
7860
542
36600
50007
33613
11857
20505
41476
39485
57564
54117
28130
60242
36640
6011
26128
59289
3966
28153
13293
56707
58504
50467
52991
40158
9175
60121
2894
11607
11850
42679
21776
30383
44561
23536
64091
47888
37982
50719
61798
62282
24688
25624
65406
27545
56709
56243
5459
27474
15757
62164
17478
61216
7887
7301
23817
38657
39108
38314
21910
36996
33872
65532
22488
62179
24107
35592
63783
35165
39857
23737
6192
14100
14774
62028
4695
12806
60185
55478
63279
27517
6286
64431
20291
61226
64452
4160
28361
38316
40506
59657
1492
58255
20195
62717
21915
5141
28290
45582
63787
34140
58034
13120
43887
23014
23099
21223
44233
36603
47247
9195
44226
21299
43032
32098
8934
48258
21238
42783
41321
23107
1926
21579
44877
3014
48404
31622
43338
2951
3470
41530
9443
49130
52979
42521
44762
22133
13838
3704
63187
20126
32191
17195
5804
25353
52663
61148
36390
59058
24213
42586
19278
22357
22417
557
4675
11153
27115
47399
18676
42394
54768
36932
48982
28668
23445
18238
8542
50032
50702
41403
41401
8670
41771
9003
32144
51872
31392
31824
32112
44302
50384
9886
19992
1312
42396
21170
13333
8706
25575
47403
61178
22793
17263
37663
45651
25853
21001
54269
58087
5914
4301
6173
25318
59501
27111
53271
58102
24678
59894
59878
55434
25335
7018
59895
58461
5750
62365
28093
28085
38061
25383
17191
60677
13222
54182
60597
56698
27905
4566
58269
32289
49220
41212
49682
52602
29388
41767
28690
32154
49347
8975
29562
29251
44289
41716
9873
32481
50058
51821
44513
50309
8509
41959
31885
8501
44085
9071
31461
32138
42045
52538
9777
38030
7296
64059
28142
15744
58478
25579
17387
57705
25449
17257
40064
56704
28014
4409
59963
32750
51584
51054
43246
51328
12094
43499
10731
30768
43369
10601
31104
30848
43118
51248
10046
37490
4931
5826
13342
14448
40396
26923
56350
60164
15552
18697
36979
54336
26638
65220
58780
11089
51578
50445
43959
44886
12253
43303
28797
11157
42966
30122
10069
30842
41629
49882
10129
39713
23588
3228
44588
7039
32156
26919
48242
55450
42500
58778
57386
46115
26625
52628
18321
8882
41139
42971
43054
21177
30894
43307
45243
32672
169
10505
10681
30832
683
43940
30124
48715
27110
27127
25319
1088
58103
41963
59879
46323
27126
45875
29507
58086
42044
25334
47675
29255
27178
27649
25645
2069
60673
43495
60593
47311
27653
47606
28703
58458
43105
7834
47607
56878
22085
50929
24088
65140
32497
25387
29511
40340
50127
17161
58148
48710
7836
3829
18078
53471
32185
28856
27949
3392
223
2029
55277
7022
24822
45302
27524
53590
315
3506
4280
45269
33322
45491
63624
38575
41339
4173
38010
2652
65207
59190
31376
39701
64545
21085
113
53948
26339
172
652
28339
45788
1623
46823
56634
874
46042
54154
48099
28076
28259
53420
57645
15551
14177
49534
43046
39112
3164
34737
55354
50949
31888
59206
33204
2215
61701
56487
56301
12319
15034
23480
11417
62470
39
33971
19617
50299
45222
37160
35711
23634
15205
53495
19456
45333
45795
41596
54681
21122
5703
19785
855
28238
58314
33759
31523
12334
20765
27774
10176
12096
10829
65250
41651
43717
5868
8370
41416
50596
58211
49430
40324
43948
44830
42782
45755
20665
64016
24296
31225
61936
1773
12048
40190
51275
45926
58446
36229
51022
21161
45227
34406
36582
30736
53086
58164
43086
42843
40579
43339
65004
31184
10697
10425
63202
3720
1672
54301
1824
14052
1053
45999
28212
27691
35812
16546
738
55808
53842
45382
22097
3840
56573
31753
33875
35159
64945
7146
51606
7207
38673
2257
61551
59050
43125
37247
6391
50219
3250
55241
30911
32336
6983
33013
3676
3148
16725
5469
15656
30451
54698
55370
22504
2168
6018
58395
64537
50958
53070
42006
12190
42827
11288
30864
51957
31168
31088
10265
41469
62713
60667
48103
5718
4157
3420
27619
56119
4189
28765
32048
170
53418
46819
32080
6971
28074
28733
45387
6122
63061
2093
16559
15791
6124
11609
8248
23890
55280
35809
30810
61528
26870
31804
34522
48004
46721
28187
28182
22122
24619
45099
28114
1280
54528
15795
56640
28157
23436
1713
8180
15440
15516
26862
62921
18684
38004
56354
5022
26612
65298
58110
53593
37758
14384
6692
20883
9885
11925
57493
2564
38181
47172
44552
23026
4725
290
33938
42536
47378
39725
22339
6730
1609
42738
60806
54087
27847
9241
48206
51822
60551
54506
5117
48612
33678
27782
50052
26677
60657
60917
48180
5951
30281
31577
28145
1938
3396
7144
55537
27873
30546
28994
1881
24991
57502
57865
45311
6879
29973
57828
25090
27330
543
4433
54273
24610
60034
31560
27716
50725
61482
62865
45434
30328
23553
40885
58737
6621
35367
32294
42653
60207
38845
23162
6485
23174
36924
38960
7292
48151
40448
47909
6206
49303
7435
45446
23239
4322
28705
39436
20518
27667
30520
32613
24700
39660
37520
53541
616
4865
12956
57731
15100
232
55928
57355
5679
22803
38829
40869
42621
35148
11525
32036
8152
50066
52893
47123
22466
5976
29554
8973
50723
5408
41039
42433
59571
53362
14748
33413
47384
51053
39260
53795
4110
47173
32909
26483
51589
22694
40092
40336
59380
1951
36928
45541
7582
23799
6985
2136
34967
7202
48193
38988
23782
4757
23594
23185
26657
61446
20369
11893
47729
41741
26895
62072
57869
45359
9853
14490
41765
1968
30258
28985
27783
30652
60870
56303
3390
4337
28103
31664
1804
44110
55112
60615
24645
50372
27877
27889
44526
21444
45554
17551
60641
62408
44084
21634
11982
60901
17169
313
64031
49861
26404
26882
43233
20682
49089
17012
59826
61451
43375
21009
11213
59476
16508
2303
62841
64548
12352
61692
53680
58155
14860
37508
57410
6462
56444
58403
63134
56137
39310
15024
5604
57277
2432
2669
20923
14464
49117
23741
35981
54480
22486
18390
55680
34944
12763
1232
47837
29309
49989
51011
41592
10756
49555
50717
30788
31218
41250
8198
29730
32277
51474
49813
29645
55262
13942
12493
60809
7528
2014
20615
16519
36288
28862
4286
53605
19898
23916
27785
32973
37239
6676
43266
25777
14474
61377
15500
47538
10243
26991
19674
38682
54404
22748
5135
40140
39709
42361
7236
25105
19167
4511
20604
53732
39618
24913
16586
38001
45684
14978
4805
8203
56476
42362
809
45343
2653
22505
61468
36473
54680
49120
27762
36008
11130
13688
3146
58828
30716
50004
50593
12099
41409
52417
50876
30129
29402
10823
42770
29178
32436
52183
50964
29660
28686
6533
5727
33315
27372
7187
12429
57637
37841
53635
114
60156
53893
64120
50464
38765
30461
51541
50771
11846
43340
51475
51133
32084
29602
30739
42520
10226
32693
50098
50709
31197
56513
61466
13173
30900
5467
27360
23579
20159
34248
61152
7297
55723
18454
21889
1908
9932
29820
51524
51953
42098
51322
12177
50972
31249
29898
43279
11267
31098
32532
49607
50324
31180
57116
2586
2537
22647
18901
1193
15484
36745
47784
21694
18371
57176
33050
23224
3850
55820
60610
5055
5473
17635
2258
51612
64637
59672
39786
35164
27778
30724
58485
63693
64067
38615
34957
15488
22491
64957
52608
18541
61627
8379
16742
61542
8294
35968
40320
64877
12758
18395
33052
22387
14985
63623
9573
13525
64647
40585
18910
65208
11363
36744
10419
62910
14538
19655
48301
880
1293
47241
25054
3133
12413
32893
53952
48264
3256
53664
36208
15307
2016
54541
8011
60288
59276
24091
52281
26560
8516
35356
54604
50115
52706
25904
33920
9806
27532
57315
379
24695
12951
10598
62991
12886
17530
52168
10844
51333
65143
23184
50461
19569
53462
29107
5365
13194
15053
15708
25513
16893
37161
19067
13880
15504
5166
56888
20147
18014
15674
64581
12906
35436
36547
39360
22790
33664
8886
13004
63847
12928
21175
20429
14732
10679
9243
62854
13318
34247
35791
17878
23561
32901
9395
15105
64721
15285
21627
16648
13687
11442
33421
64186
24248
45430
35373
64300
6608
2565
39001
36978
46776
62868
8030
22230
37491
59227
296
48726
3553
7291
28123
38458
49299
27993
33392
62573
48157
61926
23339
3317
62343
9596
60569
48522
12784
17883
19417
34470
23033
17753
36624
24024
15566
24149
22603
17662
21437
34590
19291
14864
2126
1725
24237
38816
62452
3765
40467
63710
35147
65369
64844
2505
63931
38418
46757
47120
25257
14704
14094
20781
982
20382
36181
35960
24747
23189
3672
53979
33910
46685
14480
12377
2999
26508
27596
9059
62922
27520
20358
52939
30647
50304
12829
1798
51740
18711
59328
31670
25181
59578
39255
49687
42806
14742
11077
34577
53361
49359
51432
24789
36634
28749
26749
53802
23459
39629
20070
40080
23798
18150
36490
16091
22795
15696
24039
34971
64123
35357
37197
21939
49657
50048
51820
12940
12345
33995
18660
39308
22258
14784
63566
36158
37504
16450
24163
23780
23349
51594
51041
16253
24742
35016
19247
38833
247
14085
15192
47933
40890
53287
24518
20559
62590
56755
56443
15693
6709
27801
40431
37655
54107
63226
7905
13273
19990
40168
27986
58400
38249
11909
10881
28648
1092
51679
27368
47394
62674
27135
47673
65412
48985
25841
49848
62398
33540
47940
46354
64813
7798
772
4942
37710
23500
62357
58261
23923
40256
7883
3362
21778
38456
26095
27128
11749
61858
51106
26082
47400
46329
11489
63070
37183
45663
28670
49241
45874
57313
22355
20636
22615
559
19447
2785
34375
45716
20634
47535
54607
33258
3825
14394
47522
56865
13891
13298
23852
3699
20113
1346
34114
57027
21396
45972
54138
35651
716
15770
54258
43607
33913
35963
16708
26780
30594
42305
58231
14349
56396
14114
41425
60975
41671
32739
14712
2791
30757
45144
12147
52126
46615
5601
38893
21208
9595
50978
3831
39914
7992
45450
51576
18162
13910
13224
33299
3068
14018
862
33630
57046
32786
20546
56819
36176
3803
13075
54184
1356
48473
46014
40464
7675
34124
6744
39512
24027
38430
63054
3010
37206
5341
47891
21438
38818
27173
27149
10468
41383
7228
26920
47739
49094
30700
52305
59555
46121
28429
64740
47608
35295
45551
46657
63559
4677
159
43298
8235
24257
61686
59903
21119
10275
41630
2129
23169
39391
12164
10124
25633
3866
52435
26914
55836
49623
27146
47615
63674
54340
28428
50354
51889
34722
63302
12349
33930
24049
21772
43304
32861
53813
33559
23777
35732
10278
680
22963
59896
32494
42329
43426
41560
8164
61233
4958
31457
58431
43439
58681
31460
32485
5282
4661
58168
32737
6884
6764
42066
8122
58583
43601
31116
61395
43731
59823
31114
32740
42199
5295
59810
4955
33471
35192
34905
12785
31463
846
58689
16334
34594
15592
5292
53829
44786
32486
13698
54579
29270
31063
15176
52548
2454
23790
18241
7996
61695
34553
28480
18661
20978
599
5611
45984
48499
33580
62653
4438
21408
63016
38520
3330
64725
40101
3513
40566
7581
3515
812
57057
20564
22430
3809
25641
49054
13906
35912
16885
2805
54180
55877
36335
12702
676
17969
38984
14730
13767
53117
23381
17005
22353
34167
19455
21974
10133
16613
36794
23441
65478
18225
19800
13178
13825
24251
3408
19928
22050
34418
56730
22233
34473
54870
36467
3484
16086
18065
35333
48960
46878
7746
4723
22464
61474
58956
264
5059
58772
20854
40260
7068
24350
2605
10949
28950
46733
52060
44889
1589
49234
10683
3645
51104
30116
24197
8883
51374
41288
43597
57070
13184
13934
23531
640
20030
20718
32910
56624
21817
46393
54144
33408
2875
15664
17982
34153
48000
34283
61931
5248
1385
64750
40078
2926
64057
59961
23424
38016
4411
3054
1515
57134
15433
27899
3918
1142
54475
23592
46923
55440
2496
47765
55664
34889
413
25849
18334
31126
47290
45175
62087
63717
214
63297
38173
663
63846
36927
598
40730
64504
43133
2391
55702
29779
31922
64801
43850
3081
22337
56359
6353
5786
8447
26741
16687
2295
1067
6487
32558
51568
21979
49485
3813
35755
52296
33677
35753
22070
31477
46425
9238
23864
51344
10142
36322
61669
63281
23377
14409
18680
61678
10065
8500
22421
16436
35913
11093
63538
15167
9790
34888
64607
7335
20782
26662
53661
63313
31836
30778
3216
18325
46918
8532
6311
12693
10033
17364
48874
47693
558
7759
23237
13896
8226
25755
42388
54261
13433
35625
65009
24193
25436
16258
60761
60498
20971
41977
5940
58447
19527
17266
23795
42050
13764
16870
58184
7150
17588
41298
1569
3585
8438
15007
25215
16707
62110
31106
49733
12583
43732
61483
19010
53407
30948
15599
22243
23803
40624
17954
64103
61257
18251
830
39612
16724
14065
19427
54766
62342
43593
64310
19511
19962
18227
51114
34371
11750
15772
51116
15171
52061
38967
15452
11495
33260
49232
61866
16540
17044
16538
51876
34127
10467
24209
64050
12847
49500
38049
22055
10722
35655
64739
48682
55333
55672
20339
57387
10839
32741
9537
16573
18290
39721
46705
11082
31117
29114
17077
32134
5966
27454
64023
35196
27916
19270
49467
46888
65229
36784
31879
50924
36935
27836
47967
64131
32829
33333
21367
10114
19204
33056
12968
15000
23809
12163
64610
12381
35374
17676
15398
30851
24664
25304
62843
19474
24215
40234
53048
47742
64270
17427
10732
51181
37665
1655
45353
12324
22342
23032
9402
46631
63442
53845
18728
1389
11441
36143
24732
18470
54717
63923
1509
43864
27730
28050
11507
14330
27460
34896
65021
31969
52544
14573
42927
64583
34604
55092
32229
12913
29023
31409
22599
42438
6623
57897
18722
34423
23039
41544
12298
18467
58747
6225
36479
50608
11515
36144
15036
10887
20170
35674
15163
14333
15884
11910
51676
63307
34605
19047
12522
1076
63206
64567
64491
26100
8508
54356
40028
25585
63283
28642
48882
40272
54050
52528
27375
767
63315
63906
63575
25866
12081
48687
10833
25868
63919
25121
45767
8538
45943
51258
25892
54355
56292
55118
17542
38472
60604
32484
9804
17806
18967
37199
54060
36160
31470
60848
40729
14519
32437
58302
24552
43715
5481
61299
19176
19644
23097
44823
14179
20313
59927
4792
33210
44977
25458
3153
9209
12637
55215
36644
63276
31721
10234
16193
44382
62280
16864
54724
29839
26451
21999
21298
11701
56412
63080
61302
17890
43723
38590
45402
27703
16991
59675
61625
43286
65189
18850
17471
18863
50597
35556
8937
13474
50606
16356
52830
37432
23121
9192
36833
62441
65343
17393
18348
17908
52571
35047
9455
23639
63200
18346
53073
64934
13090
11232
36418
51540
56692
57113
56159
16671
38948
32182
29824
35654
40821
20400
60742
46170
11844
29423
37971
19328
8928
6520
8142
63346
34750
13484
20005
52786
46513
61889
16777
9197
50657
17736
23127
48820
51124
33598
10237
13938
8832
18908
36645
63277
13914
23223
8591
62336
13806
36179
18113
14661
9450
25998
5928
63000
17536
3255
37455
49383
48468
63868
34932
31616
51950
19750
13100
49013
26186
23113
20714
37300
33119
62896
53888
19290
43333
11958
56611
14164
20297
61221
64655
896
44734
2737
25810
10751
14645
28548
17641
62705
29576
50244
13400
42453
63778
35166
55775
29321
15132
58548
32085
21570
44865
7000
60950
18512
33983
22765
44571
16305
17487
61220
8066
19827
63113
10744
9465
23729
9864
16751
36436
65534
13617
12754
11145
49374
63784
34129
18386
13151
3946
62809
62264
62040
26979
11838
46266
37726
27239
62777
28599
46188
11861
55996
49717
27059
3779
64239
61520
65506
28497
52022
56947
11606
26964
64349
25116
3903
37972
46175
50228
25370
45503
53951
54658
18617
60487
37723
29322
33614
38683
19592
59427
56498
33349
29580
11862
39030
64308
14720
14796
27419
6448
37580
61251
55068
61694
4291
4844
38974
55424
58699
12992
63300
52739
38157
39685
59350
50067
38837
45427
62109
23554
65366
44412
11522
4221
35372
40893
23155
65135
26134
5831
28129
13157
60913
58438
56349
6717
27893
62488
37992
56714
54253
28149
5098
27590
31948
32192
31936
26566
31872
60294
3532
26567
3456
27527
60359
3212
59271
32140
26502
7434
28877
8950
45158
14998
10726
57786
21239
14999
21222
24957
40599
23
39511
30861
27770
42149
50042
50689
44321
52438
11921
29782
8999
44205
41743
50360
29917
32122
31928
52634
52309
24054
37852
38096
59044
42751
40016
48406
4571
50119
4441
3400
11767
5820
30231
40284
21270
7668
59355
40864
53417
27337
59833
53520
12971
62460
25273
24910
61122
24763
19019
59486
5651
52211
10973
8661
31909
42436
10837
31507
50349
49346
42165
43842
8946
44221
9548
8541
50451
65497
4211
62876
26670
12496
57858
53840
18731
6110
26889
12990
39131
55408
53438
7060
6480
20998
39372
37568
57443
40970
39296
47286
7115
22791
6272
2941
8711
5916
46967
37516
22966
63653
14714
14081
7031
6101
39681
57894
18727
4253
62874
8029
59565
55418
57464
61962
61477
2969
58983
57702
60661
1945
60645
48051
28013
40972
28133
2898
31634
7197
46971
60897
112
44595
3200
3276
3468
816
32204
46307
31884
41979
3264
42059
29755
32128
45900
3520
43587
44854
1818
23031
2077
101
8951
45642
10727
41160
23030
749
30824
30858
45073
43978
42310
7844
13168
62220
27950
64217
40348
61011
59004
64686
5780
65202
58542
56688
59995
15760
63060
56109
3152
1965
3454
27417
48029
26552
47032
55344
5
53253
53312
45497
26734
3472
55213
30813
49269
51827
53085
29603
52947
41080
29043
11410
44476
30677
11602
8742
43564
51413
28829
19323
26137
14
15756
15754
35595
24754
45234
56773
20691
16595
17942
56708
28001
15808
53262
60849
64042
63991
62509
6165
37431
27825
18919
59599
63990
60421
57487
17498
26721
65194
60417
59528
62790
7290
13037
60054
7642
24593
53690
60055
4477
53349
61015
16970
27223
65334
57544
61052
42570
20553
52503
33541
761
5746
45632
34456
21022
38403
48680
32031
813
44746
59036
29324
49284
50785
41602
52618
11825
41090
9191
32058
41839
8291
29578
8931
44385
49716
28732
10427
51536
5763
702
39625
7476
190
57616
58172
4430
32976
40578
33360
6731
45017
30686
29837
52357
50563
42120
9572
52019
44168
31619
8242
44002
11366
29410
9446
42476
50229
31805
40215
41076
25408
22651
17876
16073
27672
57059
54683
16002
19654
17022
47225
25948
51971
59073
32092
52340
50945
52828
43967
11217
44146
10535
30874
50602
30420
28762
9251
43009
52692
31900
60236
1834
23641
43889
54678
23961
26386
46160
18344
3627
57540
19240
47231
26973
43930
55292
40332
62435
50604
5150
51312
29394
7198
10539
31700
43273
40128
8371
37952
43022
7780
58978
47896
27829
26472
28081
3460
56264
41096
57480
45417
24687
45167
46617
60853
44398
27909
46952
32018
26399
27222
26648
46394
28310
44162
61014
47421
28247
48329
45645
59535
42477
7119
48322
48765
64
1789
23323
15728
48845
1656
46616
56720
22214
34310
54128
47897
27918
704
46749
6264
37462
38379
23320
42547
13619
30794
35982
55170
22217
44007
6089
34949
31820
12887
55487
24365
13644
26551
11369
15997
59142
18463
51479
32176
9578
64273
3516
50718
17590
17712
12122
7936
12468
13921
24145
6656
20017
28966
18098
7421
13220
42109
58573
36287
60459
12964
5920
15839
34657
33124
38661
20703
11289
11705
14434
61544
63513
23986
19297
14257
8376
10264
63157
14533
34498
35175
16489
24252
12061
10431
14775
62390
39174
22648
16090
12306
11952
36238
63375
15803
17440
48570
65089
4690
3409
57830
17008
29734
15147
5261
50296
40223
39764
25726
56761
642
51757
62619
38308
21913
5241
19737
64865
33767
65263
15950
879
61618
32894
31237
33507
24473
18024
39179
17321
23532
38955
33045
51837
13187
11414
21576
15667
14014
33411
20200
22393
1048
13147
44157
39477
15691
31893
11124
62908
48003
37027
49698
3042
64648
19984
54233
33862
28262
15381
13747
13358
42024
15267
56656
36538
63273
23895
28347
8089
16761
8485
13557
26342
24156
14679
16188
8303
12485
65344
16821
49602
9565
52612
15736
21930
50961
18312
39318
11856
27534
40931
60342
52498
52193
27575
32064
36742
57178
21021
41451
7981
33044
10319
16203
56084
15924
38670
37317
10901
21311
39493
35716
61710
20690
62505
21218
33442
52344
34433
40750
13956
43254
49285
50798
15281
6128
36194
55386
37006
3132
12388
6189
29179
39861
55276
23407
2026
3376
52356
50566
14366
63528
21098
56131
37558
22511
12983
27627
51445
39044
18527
20937
1603
49533
36442
17244
12846
4970
25556
60243
17944
60542
13301
4796
64512
19321
59111
3761
29045
57326
2789
2801
24504
16148
49041
15038
35345
54420
22799
18793
55620
33925
13314
4005
55982
32302
49216
50686
44334
52592
11934
50462
29982
29376
41737
8969
29552
31561
52171
52624
30206
55869
13589
62913
29264
5175
2460
21378
18712
11972
31068
5101
54522
17039
21710
2384
33742
40721
42788
41118
26849
12831
60408
22962
45090
8713
24831
18799
38165
47188
20994
6399
10498
40568
5705
5070
27937
15738
60936
13074
54034
40384
25359
17167
38518
56644
15820
7573
37838
35985
41764
41740
48963
257
2044
62833
9852
57866
46866
2599
45466
11892
64263
22340
58769
11505
49242
51117
28954
44797
50125
50609
30552
32677
30237
43591
11765
31583
53208
51738
30113
58363
7253
6872
56595
28098
62459
13240
54200
37334
17228
25420
60873
56661
15837
5648
39640
8446
52304
51886
31504
43982
49358
51902
31422
29904
9547
42315
31728
29017
49627
50448
31406
55708
62335
62983
58595
6354
27842
22808
19581
11210
60546
6492
55300
17525
22733
27203
9665
32545
52298
50941
43041
49781
11165
51729
30280
32501
41109
10511
29989
29007
52936
51354
31473
57121
2372
2508
21618
14458
46092
23153
34588
46090
23555
18703
55674
36628
20743
1172
47761
31132
4335
5944
47283
668
40971
63768
53480
40805
45180
2396
29328
59461
12904
42867
38241
33934
22969
22786
62088
50308
20417
62344
10674
17615
63855
9065
35348
8889
62561
16229
19048
36625
14868
15564
62641
51338
16647
63922
40076
18435
64730
10607
34586
38020
63708
13327
18690
19630
1317
42385
46310
25756
23793
13598
9585
58100
47687
27227
16788
33397
62146
23781
54782
7946
23125
15022
28600
63427
20286
8570
55998
6668
26985
63607
61388
46261
40060
16293
43642
24479
37790
11415
58825
350
38951
46111
44065
22496
59295
3953
20896
4990
47337
37454
23119
6004
1301
974
37456
56449
14909
10262
45954
50796
37869
55476
7361
45711
11291
14672
49290
25813
59650
58575
47471
5477
31252
61065
25697
2526
1156
7864
57192
27058
30142
32529
27273
28623
58312
59282
46020
7512
30785
32692
26450
27881
46911
8065
24997
25361
60905
32286
2420
5664
62788
12326
17443
29738
23222
39040
56101
5471
45494
60793
52271
57876
37567
15476
6528
22409
38305
37428
51751
35565
37124
48761
4706
21912
62620
36832
23656
5553
46456
11265
21289
22819
31342
28721
13127
60800
59148
57109
42824
26149
26556
12115
27776
910
56671
37885
5407
23583
39230
37031
62251
47232
10759
29311
4177
22048
44151
33866
22912
6542
48425
38414
50479
5653
41748
69
38122
57171
26544
36224
48111
50575
60336
56607
6435
46105
12053
14922
52352
21673
10897
38036
59663
2517
39236
49033
5122
23096
7956
1214
36776
43633
47752
40737
23017
4800
14884
23638
28434
65393
14502
40304
45397
43567
26712
64283
8095
54388
9343
16372
4976
15072
30049
32356
14684
9563
38138
57023
42190
26056
13367
40672
22955
43288
54657
39324
25461
51402
27065
27240
41608
23651
46190
18611
58248
64711
41833
22663
8652
58041
19591
3941
63347
52672
27167
26457
42114
24449
2101
19738
60249
63860
44008
23836
53199
58511
20404
1220
62998
44074
13605
13822
33878
60530
15582
39866
54558
5484
19035
29055
7324
53877
37004
23733
5562
2178
51755
53149
40132
42899
21738
60762
64353
30584
51316
4428
3183
63153
57575
35123
29049
15916
14667
24759
19663
65404
30422
8585
21789
59510
18896
64792
439
50706
8842
39587
17120
5126
16817
18319
10905
43270
39237
348
22719
55351
53029
42107
61389
36052
1962
37928
25002
14548
32865
36196
9941
15572
38533
39029
15202
52430
64953
20913
16737
12465
38686
39870
50965
15823
36046
34151
40148
21687
37563
19337
13751
51478
9174
15730
16339
14110
40822
37249
22153
23485
34202
48339
39221
7761
31897
6989
39434
1116
38570
8077
50302
37061
61729
46549
2929
8056
38310
62176
34293
49972
25220
51217
20873
14643
24137
49889
6601
34661
52420
54751
16215
24121
8578
8845
18937
63533
35815
15122
38358
24426
16554
13038
51446
38756
16311
33870
24004
25230
39219
57558
9204
52199
53423
52510
35174
26807
33014
50414
6184
36036
53015
55753
12876
25190
19217
17591
34213
42030
37165
2855
35539
12719
11408
701
5269
32783
20818
17128
27642
21591
13655
12860
18393
64719
65104
11151
24014
39243
12677
63602
15011
20504
9858
9126
40742
3345
21853
44155
8201
61762
46947
59622
62391
29728
39619
43819
4076
63368
40287
33786
48053
53237
11144
9865
17839
63993
33764
14513
64393
33122
13028
65320
9470
37077
14180
33505
22639
24883
39944
39109
34660
3130
34740
28960
51208
6141
20879
2284
47276
52350
30509
16770
7206
2963
16488
39437
34511
22754
17548
47958
51835
64549
35171
3399
12596
20664
8489
35698
24806
49531
35491
24410
37807
5482
44917
4391
63519
2015
62191
7863
50950
39951
6138
31241
434
34302
32087
58963
50871
3784
61139
34288
7604
34325
64988
1310
36597
30431
24134
29655
35614
4979
32071
35662
50711
36469
46590
7538
46576
23957
21790
40307
805
30415
3629
29639
7571
56024
39036
39962
22407
4712
8643
58217
12682
47545
20844
5048
57189
18387
41657
10183
54414
12400
56606
45177
13964
18055
35584
27570
2996
56776
23516
19379
14029
54884
26223
18123
27401
63002
31602
56907
22395
17076
17358
24856
54067
25232
13186
16662
13689
46857
25180
8204
7631
35217
61051
29729
61467
3166
59793
47823
10767
35051
63857
2417
36011
38400
46905
58827
33857
27062
49035
47750
23739
18315
49110
20925
20870
54491
22749
18614
26987
34656
15568
47835
1238
23571
34940
17550
63367
8837
19160
61831
37737
16345
62392
8579
22917
10195
62142
18375
12746
26899
46103
49134
22391
20405
47790
12668
35177
1189
23230
18451
26965
36042
21688
47367
25603
55745
40221
40818
22044
5720
10689
31188
18900
53742
22913
6529
56488
18122
58937
9931
49010
886
47947
46662
20507
18043
48838
3448
3349
56731
24013
36214
25355
45257
26121
46539
3478
9201
57691
11601
64699
78
29601
9210
29610
33307
50097
41745
33019
60633
45248
60123
11537
22406
16779
34736
63165
9867
18534
64443
52144
16749
64365
11142
23659
38496
63078
19677
14544
54222
60338
59023
63355
722
40298
17203
4373
34080
61901
25474
45577
59145
21075
37084
20043
29954
57736
57948
13965
26338
38354
35216
59792
56603
63870
2430
55038
54885
54883
40045
8748
35502
29815
60019
63351
4056
61379
47465
61811
35557
63692
2750
36773
11274
1157
59655
36846
41967
11911
10886
42721
10888
8502
44775
41350
8504
41272
11919
43576
30314
43574
9783
52543
52310
11895
9855
42529
31416
11935
41405
52778
8664
44545
29013
51880
30218
51878
9879
50390
63775
30754
28713
26593
17681
60405
24498
2852
8718
27633
20367
62920
47012
21764
59377
52996
5871
56605
58906
26337
55016
60927
4381
24854
57709
25080
57669
7224
54890
26214
55032
7530
5977
60284
38179
26414
54718
57860
27579
16160
40875
28430
56153
6622
55040
13728
57490
6352
41769
11083
9545
42542
9851
11929
49694
41497
29387
44558
11897
41739
28921
49344
9883
41721
63299
16731
19491
26606
57422
18675
4386
24868
40347
26866
59460
61691
56489
5785
18235
61843
41029
55330
55668
42977
46353
49103
27426
8116
57870
44897
47951
42440
59300
25860
47089
7065
61478
33063
35375
26401
58744
20383
44328
1151
11928
28417
60197
62872
48287
41733
18327
52630
62325
60750
58137
26145
18039
60933
15890
28180
40395
28161
20095
62989
55028
14019
59032
65225
63059
20091
37747
26158
60510
40339
7612
7539
38107
7570
60756
64683
54784
7376
18075
65235
43497
12171
10121
42990
10123
12089
45035
53216
30779
44910
12169
43371
30560
42857
10043
51257
44100
53736
56399
42734
46658
45556
25057
4591
60920
41266
45540
42750
58933
26367
48190
4607
50612
31676
30640
42798
34238
30889
44843
2992
32683
2990
12153
51678
30464
1440
28834
41635
64137
57739
39648
26350
18059
58473
28395
16096
57710
28270
20105
64619
54880
26217
60478
5168
43311
8519
9798
42785
9592
11158
50193
44357
32504
43928
12159
42392
31999
50117
10135
42239
10256
10736
50246
62434
30140
42184
7660
52148
44229
49826
61059
11293
38500
41123
43294
43038
57017
19088
46810
62273
39763
1617
61832
17664
41341
12331
38117
28965
38607
62140
27262
15963
27322
17634
35156
23122
47543
20287
3980
21743
49116
24481
46259
26983
35124
2666
19105
25699
63785
19378
18063
21329
39470
20031
49528
15796
37320
16034
9253
64248
34527
64521
17826
63497
13285
16664
17084
14894
8486
16556
15806
33754
65280
22103
20057
63264
19465
50301
19192
15717
35706
46031
46900
62792
58415
3154
41595
40179
24450
64551
57878
33972
9625
5186
1393
23831
57279
29653
7865
23016
10818
4718
65314
13541
27348
21566
12111
55682
18857
64255
5560
1201
21316
38113
39771
63970
18522
8253
15906
9894
14499
61533
16964
22506
39588
20823
10802
16127
53780
60116
30373
23106
10314
4184
65096
18336
337
22509
11849
55391
19199
63532
6530
28274
25882
33314
16876
21793
46164
19623
3607
34611
25652
23644
45690
27231
33791
4066
17905
515
29813
33706
15955
13614
37857
28370
64434
15637
64144
16120
37460
60030
16393
63087
945
50221
36230
33590
30656
51550
61156
42830
43099
37731
44875
63212
32688
12057
10201
64994
904
3464
23023
37470
37861
62808
18914
11833
21585
65113
17457
62014
20319
23090
9125
15012
9528
16292
6672
37150
10105
51534
31261
12185
43083
49429
30875
50424
32528
43275
10185
44278
39678
4592
1456
35774
37915
21480
32585
40187
3565
10688
61945
51019
48774
6729
34405
51278
34222
2976
33203
47460
1167
64033
59671
4049
5148
53028
23658
65521
58490
34743
39668
43267
2738
22668
33933
36914
38969
60051
282
38441
125
7995
8714
7712
48230
35354
5612
43783
37154
34061
20895
9874
32147
47603
3087
46915
57898
44290
4247
2068
1063
45463
41772
57457
34882
61487
56136
29772
29504
10953
26693
10889
57446
3651
55066
24201
53311
57423
47667
6282
11906
55437
25654
54781
58106
30112
6714
47395
48867
28669
41980
44883
7917
54519
26087
47691
48987
832
28563
58263
60687
59955
6100
56340
48966
24840
41153
4484
8028
55298
27181
46872
54348
42314
11564
39720
57382
39381
44660
59830
48131
7029
35956
63670
30356
8996
58774
21539
61272
33916
25337
34904
34607
34053
62916
29999
28651
3882
18674
49791
12830
58098
47526
27123
45608
14393
49871
54311
56447
18949
22470
38522
45031
4543
47297
12662
24344
11207
60074
42863
40561
4090
4767
33058
48163
8964
61450
29555
28455
372
55447
52595
62065
57863
47763
26383
32290
14495
60705
29261
28693
34149
25717
10118
60634
2847
18986
23430
56469
58239
46586
62554
12168
53623
12713
32920
11167
47670
27283
35919
53824
41623
61682
1098
25691
16786
1325
58700
33256
12361
36636
38824
59558
29590
24387
30246
42620
6360
11524
44405
47043
34580
6493
52892
11560
8972
24265
57325
55626
17775
23241
38175
44779
8170
46332
16149
24194
11970
58678
43571
16920
1072
47291
29500
29744
55866
43187
58182
24711
3643
60362
28234
28880
46963
43595
26829
58439
53453
53532
31037
30821
54675
62691
57465
27773
2920
40602
27508
60515
19011
1517
13469
57899
58887
35629
38978
36937
38244
43823
59881
47062
4672
35194
65417
45205
8234
59891
2170
58082
36797
43251
9938
11231
10739
44239
11295
32180
49831
41127
50250
43026
29175
50012
28849
10258
42579
64777
37058
17677
19091
41335
33981
40928
24701
62906
48342
65067
50186
62796
60346
16754
63369
64986
37927
39242
59909
63430
58767
25009
16362
59585
7957
61821
39783
19114
26479
61105
4367
65427
34301
36592
38304
14906
19174
12102
24124
49980
65254
16220
38135
21991
10827
20315
50666
65270
9212
45261
39482
26812
55483
36576
135
41098
57552
15943
6147
23115
30742
17479
51936
45014
11128
9340
31189
52914
11612
43896
31747
49556
30372
51389
44708
9622
42028
12120
43926
62127
18616
18313
54533
5476
17737
65319
16352
39106
25113
4785
37426
18854
63987
16936
63503
42089
33868
47245
47817
43080
47944
24140
28774
43210
45119
3726
43839
10803
2183
32274
52976
65337
18450
20413
58820
6993
19245
62027
55254
65290
53397
8078
64426
18931
6263
37442
64457
63590
37453
57719
54629
62584
60753
27409
56538
5274
60565
15245
65247
17914
25687
61320
7109
49423
16392
19401
35494
64147
19641
37466
13051
61538
13392
50215
37122
13613
38380
33208
61631
44534
10200
9180
9206
44876
12060
30901
42684
50772
30659
44312
51444
51549
32339
11544
42838
41583
36845
35552
46447
43721
45849
24551
52960
9468
3716
44824
32354
9526
23091
45592
53242
4548
37799
37434
18995
2004
10531
57717
65533
4193
24403
24962
30722
64045
59160
37964
5823
43785
39229
59095
34195
25836
57628
56197
7293
4954
56419
2930
5363
13805
58406
8747
6021
44755
8562
10111
29652
49370
9567
41330
53034
30871
41663
52668
29399
10899
42767
11858
41363
1761
60048
28240
5089
52124
16094
34048
61925
278
5176
20523
504
38463
49779
64126
46698
33909
47600
2073
4930
58748
22731
64290
7491
3077
7884
57892
35965
38644
4243
22814
1069
36925
54497
54095
27106
51367
48884
9782
28196
10067
25330
49245
38970
55972
49642
47666
11099
25583
35666
34601
993
55854
49049
15698
20805
16888
1272
56916
27384
34367
15513
46498
15679
26921
16718
56384
2382
47741
54464
20776
2112
55451
4043
46117
26891
34809
3222
56062
14489
44114
33551
23930
42312
13457
15111
19699
4720
44932
41677
15399
42194
58777
13380
13681
30516
37513
9061
50319
27112
47682
53201
25832
3876
64212
28657
46313
39298
47529
27391
50616
65214
43503
58594
60035
43602
59831
58586
42065
44931
61404
42204
61279
43367
31028
43738
60065
8100
40895
10596
51331
27169
47383
49628
28450
25619
52442
25607
48975
38839
56052
26883
51890
50353
40103
53794
54643
25889
50338
45770
10035
3706
39652
25095
52316
38063
45983
53220
46577
37356
20148
45882
1094
1326
58177
21704
15688
52004
27280
41618
56901
19070
32921
63231
21377
28252
1870
45990
3509
6494
65266
24029
37827
6224
24384
8155
63052
4046
38825
64788
21432
47040
41961
29278
31060
42328
59874
61247
7774
42223
58417
44961
58089
43570
29493
6820
58680
7733
32940
37192
18149
6702
20989
56885
33642
15705
35184
28334
22247
34960
40089
21526
60152
33468
19707
19294
53328
856
24574
53968
35264
3414
19481
3805
22347
17657
34469
22553
54702
17435
41048
19156
15988
43586
14583
12994
34720
7749
41455
44798
14317
43169
60159
22563
14722
30261
1255
42877
3037
10499
49305
3354
39919
65389
46429
49776
51234
1018
62855
38888
48234
32550
3447
26493
16285
18691
61449
50266
12166
52161
17757
14452
62075
21402
50455
10120
31962
56246
8181
20359
17690
10134
1445
16614
22609
21114
19441
23382
44840
53816
35290
20639
38989
14399
13418
33644
33984
37840
13059
39562
40720
16331
21355
62643
13500
20167
13708
17803
40589
51728
12803
35277
35013
10970
22031
38836
17078
14344
20584
49599
24183
19202
14717
16568
40892
21894
24254
46595
24099
40102
6870
3769
64808
64885
1540
62549
5208
22224
37638
5782
46761
3628
6222
57440
6275
34544
52272
26697
50204
21523
24771
52547
52716
24633
35424
50112
53300
26764
23350
12167
10127
18326
13733
35141
12919
63679
35777
16165
15197
33336
39386
12303
34893
21194
27480
59354
65370
8442
51509
28533
49693
22559
13722
49743
51437
26069
35274
49349
55189
27511
28325
20087
18047
34464
976
17237
23842
23924
56727
24153
3678
57053
33539
1683
19805
15775
25020
24716
26827
19046
62406
4531
11907
52940
53387
13338
62487
26115
21275
10891
59088
59408
588
1723
24235
37824
5872
21059
37205
61912
46782
64793
64846
196
64189
60509
45251
48720
49648
11915
10883
16435
12336
35904
16268
65411
36556
14400
63563
36155
38240
13763
36332
21603
22692
39373
16998
35434
22271
34163
10277
21213
12344
24090
20961
35730
51581
32856
36796
63301
15860
17373
19925
34243
243
17940
36185
24030
26285
23316
23362
56828
21435
46683
19996
13909
53112
47066
2938
36922
6453
2901
63553
61974
1434
63718
4833
21973
39370
61685
30613
3927
9237
31942
3462
49244
31070
3384
52050
53168
822
51371
29268
33672
9683
51113
44104
42061
48469
48134
21542
61484
39262
1032
65467
64372
21414
62098
38992
46008
38147
63449
3112
3517
27119
34908
32803
22359
46369
19450
1249
23882
45714
23447
48991
26097
35898
1023
18231
4004
64582
20103
18966
13916
18011
16886
62587
13424
20077
12699
37152
13885
17363
13264
17975
62662
12368
20347
18297
23597
33624
20377
24253
20853
19422
21656
36182
13742
35334
22229
18331
13008
36468
45300
532
63021
58237
3586
7758
65097
20675
65176
60965
34428
38640
5056
1570
21010
55524
59049
4436
23787
9803
6194
61767
12618
26260
20988
8515
53314
19510
63222
4334
24914
20554
39004
39252
63319
17697
12095
23847
50271
17042
65441
19242
22001
11434
21407
10039
15251
56111
31919
42175
22343
9544
8145
64299
16164
783
24561
11078
54641
18323
62873
5969
3361
25391
19788
17220
22060
45948
20127
578
21060
57036
24210
48676
25351
33011
1475
18071
28404
57641
54995
24944
13901
40173
24990
65159
65050
26320
65015
40426
54878
17350
64102
26194
4475
33417
45152
21216
64747
60043
622
61934
61833
105
62526
58601
32907
39520
7216
238
747
23779
40429
40170
61675
16460
8499
12636
61779
19959
63548
18659
22268
38560
13971
9787
12602
43305
12155
34224
52301
46056
35744
49480
24198
35758
23869
29765
1454
10950
22069
10139
51353
25577
20107
18057
20715
46475
20025
23534
23433
56635
21054
45801
25451
34144
48
17979
15673
36799
48191
3407
63303
58696
2961
44834
52000
21455
64509
61263
34161
10131
42393
1873
21633
30310
6475
25147
40191
24435
28195
13597
49470
2061
64837
35280
41354
50914
62151
55971
183
42071
2603
270
19700
26515
43140
11087
7575
55160
24899
14370
44255
63009
28743
31027
57126
19431
33250
34372
59897
22566
46057
9686
15172
39306
25321
32938
18246
18228
53178
29774
37517
64821
16433
18677
9781
64676
10068
19428
22680
23806
49647
64862
37169
20561
18254
11102
22244
63652
19608
53654
10036
44202
60643
18469
411
2045
43235
49489
59564
23598
55085
37346
22341
48281
54682
27519
31029
65071
15286
18954
43846
50259
44934
38554
1145
8437
12671
17877
31955
12930
30118
44890
54773
41972
24437
20974
14415
6451
4687
3662
14793
18229
23796
34271
4843
4085
37201
60506
47769
26886
55926
63569
41299
30775
1136
28456
49101
11428
6058
54312
51263
16248
31395
41396
58271
42442
20848
22593
24874
6111
7802
41537
14086
19615
2042
35337
8023
16685
35649
45130
54693
21545
46470
10963
27434
40127
25270
35984
18981
16543
49588
45800
38071
7771
1367
3997
34729
15615
42218
36169
64497
55627
22564
12776
6819
12360
9794
29494
53987
30563
25949
27608
37017
12564
3455
62327
43069
21659
6944
19139
53219
51176
64769
45978
3195
3636
39912
38895
46511
27129
55621
64494
51295
8498
3877
25314
46334
8357
63284
53985
52537
8891
11518
36153
19620
50314
17999
21943
15166
20422
15652
9062
10675
63310
24333
16865
17767
38028
32824
47926
34463
51332
53283
23163
27565
16645
3370
10595
40068
12376
20750
19234
18957
45231
55603
25155
29492
64330
12937
18790
52553
43194
42217
16630
2085
11508
16154
39369
28886
9520
6008
6350
59283
22713
25012
13944
44348
21159
4426
19561
52966
41191
15304
48351
21340
4530
1912
860
46995
14430
30000
32067
13864
53850
19513
24903
44637
4167
35653
31855
55321
20049
47335
48355
59654
21087
31248
9945
26851
36997
7952
33700
17903
55210
52149
32541
40376
7072
54951
56122
28720
5792
28752
56154
2983
1596
44518
44381
60733
1628
53484
60907
234
4410
55293
18081
31802
52568
40430
55360
22098
20719
8249
4444
64425
1837
19295
30812
3136
47365
53444
55722
31328
18070
39173
18383
10239
30416
30015
38399
46756
30448
19158
16480
10666
15287
30425
43957
54022
960
23482
2285
26854
4201
25110
541
12387
56486
3120
34515
7096
1216
59623
40280
47366
25169
56913
6380
9897
52021
45988
28443
575
30634
64344
57117
41267
14363
30687
29600
58826
584
33748
332
19621
4701
54165
44572
12977
55290
22760
34566
6274
20296
48460
35041
54624
34467
32584
10207
18351
40637
59797
35221
19799
53491
9168
48779
39041
44472
1714
3025
56368
27702
44421
47942
27645
53378
2128
26715
5849
26157
46667
28777
56255
10810
24718
6445
59126
19040
47786
61457
49377
1724
38804
34564
28768
44267
13181
54788
22829
618
60765
57574
46035
25955
54666
7005
43862
32059
698
25271
48748
30368
4144
57015
43830
40334
30717
29168
48298
52613
56554
22194
6395
19311
24915
8297
8377
5933
23505
55388
18129
10418
46651
10232
54931
9568
18514
22392
63272
17367
36015
11375
40587
24811
21436
56647
18376
46036
55263
26756
30058
12869
63504
19669
41283
49750
44675
17301
703
30714
14469
38662
9120
34557
40274
40025
62386
44529
58537
46790
5200
8986
62686
1608
11770
58275
44314
58274
36381
41775
11074
28739
50450
9847
29379
44583
43796
32151
52172
11903
41735
30195
42511
30194
52639
55096
37905
37653
23170
6193
11977
28841
15903
46884
24258
4328
55551
19055
43092
10946
47198
13077
45611
29987
21938
18968
8708
28391
3872
61175
24334
20111
62401
46499
27382
34062
28406
62836
61004
58900
14878
18299
40387
28459
24857
60162
12747
20345
61452
56048
26377
37826
4755
35996
32296
29558
62840
1026
57862
47092
52598
35140
64269
3106
33940
8965
3860
58776
34892
27113
46312
47695
22968
18706
49055
13502
21535
54418
24321
20361
27122
35429
14852
47528
25769
22815
17426
19475
64177
10119
16650
65458
61827
18444
61911
12175
22471
39524
63443
18945
16132
26927
48962
47379
23154
18295
46083
21617
22547
46087
20748
20351
26887
35268
23562
47762
1183
56465
37502
36976
21777
5329
11206
60468
15219
55828
23495
7249
54287
17668
5252
9672
53570
25385
36168
9807
21272
37746
32511
28203
44618
40338
52929
20089
5010
46070
5011
46072
15769
8444
8536
31830
51896
41666
29910
28867
41397
8212
49629
41026
8948
31398
49731
31400
8732
23177
36798
35188
62856
10882
20431
65160
53172
17601
65377
11913
23234
9689
64111
18792
13413
45214
61159
60134
64024
2206
37989
45267
28390
28787
15976
82
31636
60150
2160
37729
47995
59122
61275
59321
13758
25806
39120
56512
27577
37699
15323
27726
61124
54688
13376
39390
60700
34733
58402
58153
63762
2193
58105
48181
65145
35914
62158
1880
34970
39428
335
59890
33261
42371
11138
9871
42370
9863
11839
43906
52970
32055
44641
11139
41831
9523
42607
9522
43827
64089
40306
36477
4978
32095
34461
62555
46598
52954
1576
58553
50778
37779
44471
37778
61913
64634
58386
31092
27313
18311
61391
12684
4020
10252
28513
16826
63431
55908
22483
59905
61891
5556
16939
17222
26034
59928
57029
65323
16106
40503
28257
61305
4961
17827
64246
54542
62115
6789
40519
56187
27160
59433
53406
16109
53459
7123
24658
56965
4180
19190
6267
58305
62518
42358
11848
10316
42360
9332
11420
52509
30708
45044
44066
11126
43556
29637
53010
9624
44742
63791
33880
19033
27064
59666
20281
42097
25785
38034
28526
61311
63986
47829
6660
18856
50335
41753
54289
55390
43650
47343
46904
28177
57513
6292
41192
48660
42831
60015
26706
47810
7877
62793
17442
33117
26898
59439
18349
7806
48293
49562
26456
57881
63274
55812
41249
18930
65177
61462
29310
57666
25873
17599
60561
23420
56372
62660
27729
19226
64127
46340
13442
58824
51968
50015
36216
18041
888
58290
20121
52823
15904
40402
28174
32447
62370
33686
62371
33688
52703
43654
8584
8844
43656
8836
8252
41352
28771
52020
41186
8582
42468
10806
41708
10808
41270
43295
57278
55941
42376
47746
46185
28594
7813
58561
44654
49039
43714
58841
27247
47464
7940
63107
40684
9555
6686
10107
29396
4382
53024
31698
44814
37136
49372
39664
42761
58210
7524
51120
12123
60812
1470
37913
58930
3006
60608
7731
7246
35760
62340
34208
5195
31198
43225
43635
12098
10831
43634
10103
12191
51228
42015
29895
44801
8563
43271
31172
52426
10898
44995
1410
31749
4473
5564
21150
61707
18121
7658
24298
7783
13134
3681
57507
23417
52349
34099
16752
48325
46387
42364
53801
21890
7495
18169
3671
25422
60954
36543
28819
15150
23581
24958
37800
57276
55946
27063
49832
46179
9529
25779
9561
28524
50014
37429
47834
52965
47463
40686
26035
56812
45139
1420
54204
45779
3415
3562
56631
3687
48826
25447
45107
26275
54124
27555
27158
47147
19938
2589
48735
54066
24875
32820
15268
1506
54384
25940
48374
23889
47371
25078
43441
17923
35551
41755
15453
14769
35220
59796
28729
43329
14657
42590
58310
19504
12316
31343
39862
8288
52614
27325
47755
52189
28603
4016
63184
28525
49030
37003
55904
27238
50875
52669
43651
32700
61166
43447
57941
58280
5308
30009
4777
41822
61315
42469
31338
44632
59751
5226
39043
11370
9577
26903
49125
50110
25623
55865
52920
27224
46099
37557
47363
28510
51127
61884
39217
56855
57170
25884
50779
47409
10815
47791
40427
26961
51537
38573
54019
8240
46028
12114
36282
45156
3471
25371
54045
23911
27435
2848
26324
523
53872
18108
55024
26358
20620
3505
2584
55001
31382
6797
13899
51832
8196
37028
45155
5458
50466
226
60470
17344
14011
35574
42374
61067
30128
41915
58763
57958
44733
44678
61037
41693
58038
41835
30048
5072
58333
4816
17202
59435
60486
43645
24113
58566
32868
4384
32948
5131
21986
33444
31894
23951
59659
19842
35230
56813
38958
25531
20716
59806
36037
11413
20108
43560
23112
17980
54944
34147
54125
34942
41918
36058
12723
43287
16184
14444
19001
5146
44677
42188
14936
41688
59651
24409
14263
30057
49663
9687
12246
31946
41974
8982
29274
43229
51112
44310
42055
11768
41143
31069
9239
49247
52742
38151
39695
48138
50070
35967
59574
62103
63448
21546
44413
11528
4215
39261
33911
63926
62063
59415
57366
59381
13669
59365
28647
27418
58109
27621
65304
40808
55146
26106
60385
8186
4554
46795
32195
58982
26314
56346
28944
459
44139
4490
24967
60877
1676
46731
53645
42627
6912
28871
8954
59347
13715
18723
48006
24573
51517
65363
27516
37531
1821
34285
55420
42886
42153
11899
9849
31913
52432
10841
44587
52768
32155
42169
50366
29915
30208
42505
8539
52633
64307
20363
18707
53497
5945
36931
6172
26643
37579
6980
7138
38971
55136
4288
19275
65475
43061
47127
35146
47093
1381
29983
2839
53226
8957
3861
3048
32616
30570
22010
31553
43974
63654
20343
18303
57503
6613
38191
7037
16170
39688
4735
6232
40872
55050
62870
39719
61958
62677
60797
37670
54949
14038
60085
28199
15914
60680
28341
16056
37341
54794
26127
57688
7830
62467
17867
37571
56528
5632
19059
60291
7116
63851
24947
4476
40459
24603
59275
17595
62851
52217
10971
8665
28864
41161
8217
29776
50347
44203
49728
41547
31739
44219
31934
8731
52313
44340
45451
48147
46644
1593
30276
396
41347
32203
329
41294
28990
30304
1731
48462
41411
44947
57447
59494
47059
1427
28784
61254
27501
6461
2931
3932
29339
5917
54765
30844
5610
7920
60637
38054
54979
26308
37696
56918
16045
7384
15939
28236
60878
26301
54968
60699
6742
41647
12151
9590
28847
51669
10070
44839
43894
11160
43093
49841
32680
30474
42390
11095
51359
34958
57511
60211
31759
21734
60451
21291
7010
35589
4468
35120
35973
4273
21149
28967
34318
24979
28823
34462
48335
1117
35054
60180
811
12325
47408
24946
20901
41073
53798
45383
4163
56952
30737
31764
10182
25231
9859
37798
388
18918
49424
54239
54549
46959
62182
11143
17501
26841
54792
56261
58985
5733
47033
48015
27489
1742
43961
7102
53608
26289
46722
53646
21
25039
57537
54173
30676
4699
54507
45337
25431
1350
58160
4481
28576
26392
45802
47218
42516
8737
60235
38945
38752
46745
57937
35226
59802
33979
38367
29967
36139
57545
48336
61323
34929
25094
45403
46934
34304
12480
46454
26808
2229
55355
23414
15229
53963
48345
26473
48763
26790
52675
55313
54365
18374
21121
20088
41346
58278
3894
17375
20763
21189
59247
41709
39703
452
4803
47143
33118
8202
12920
48686
26642
47776
14501
33545
64284
25237
46863
28509
29303
26867
57873
32030
32583
34400
54959
8833
39226
47418
53693
10693
55749
56616
46788
59094
8587
20295
422
46747
48022
46953
27865
48358
56181
2824
24827
389
440
53675
1662
53278
47339
24614
33041
59195
37025
58889
46944
8481
50471
5463
33547
31386
35578
36747
6030
1659
60715
8193
23494
53688
55173
18138
22115
16406
43912
7045
45422
15242
23431
36299
59093
42601
19837
2149
17643
28769
32100
55252
49744
60447
13143
41422
17142
24975
37680
35152
42776
12855
59506
17309
36652
31854
30007
54991
58976
61228
14669
43341
54797
55715
10659
53643
1678
26295
60696
38391
36398
59431
59203
37082
629
58755
35488
6164
34741
64387
45833
34085
59151
24406
58039
33214
55387
26150
24829
7529
59013
47275
45153
24673
48624
31710
60350
56550
26303
48484
24880
45309
31531
63365
62394
21139
54508
62659
53352
7286
38561
24931
47986
37186
13798
60061
51977
59197
19383
44505
31704
15741
23824
35799
46949
26469
57481
12486
32966
16515
25016
393
24019
60344
47234
51744
51613
62540
43124
33847
5809
38375
30725
51603
60612
48271
40538
7009
24371
31758
48401
21846
44144
49707
60147
2147
6024
60858
31387
4380
28681
49132
40934
4951
24314
45272
32284
26874
12709
14534
33409
28309
29058
7846
35048
16095
33051
45640
6255
29421
4810
45388
61111
61711
39105
5125
38678
37425
53681
20279
59210
61384
37245
58762
13482
55183
65199
57639
35773
21146
467
8072
37855
41369
57541
4471
46172
7505
38758
9342
62029
60058
725
47985
61325
64453
62474
25189
38008
64938
56081
25050
37153
4501
19341
61009
13050
54359
65333
60237
18459
43231
44704
64279
34245
24276
48324
25693
57949
15992
9923
17073
26641
47414
22534
59522
57676
63167
61537
13363
47028
10242
60424
63997
60218
36780
53634
30499
64038
59589
61892
59047
53575
4170
13861
43220
57947
12601
48334
25434
33016
7728
57729
18526
26389
46391
2195
30460
8571
21667
36775
7857
64394
32520
60431
63994
47039
5487
38618
10102
62503
6175
41993
45490
32184
1716
209
24974
24965
32104
24
53272
56164
2009
55257
59065
56693
3534
43881
53457
57778
1909
851
2162
55712
41520
42514
56870
54695
25835
56527
32349
60191
1357
41327
55246
45597
24998
55357
15834
34435
53965
31624
60264
48352
19303
35719
45840
7637
30345
28166
47341
61296
15282
13935
21343
6667
17377
41366
19922
7414
13218
43638
59933
24031
57755
16980
6187
36649
18021
39168
17326
20707
63275
20933
9341
16012
11421
23109
19939
19902
21091
13288
22654
61306
21592
15017
27061
63436
18926
49418
54494
6659
26990
63354
59676
1237
37132
20309
42103
33353
9951
64948
29649
968
65186
21232
37715
22213
61140
1305
33608
11863
36605
50001
23326
11855
40153
9178
60126
73
50775
52986
32183
21019
30369
41759
35648
37979
3008
64094
52497
48659
62689
64347
63972
26975
11238
28163
52646
28498
61526
25875
49135
62628
1199
9444
28183
40533
18852
13551
18849
50600
21554
49721
19028
50601
20276
50009
38376
33873
11832
23009
65262
36655
37785
11418
58830
3161
63271
1231
28961
22763
59281
2431
33104
61054
2105
62798
21569
40943
17407
18339
17906
50768
22503
50239
33111
65003
18343
51551
40278
20002
52016
21314
53074
57872
13346
20829
26900
63871
18518
64768
421
42017
26453
61456
61231
25604
50191
20292
7803
20196
38665
61717
10904
21297
62712
23396
40057
20692
38041
21988
34130
8568
36193
63790
15746
56966
12568
12988
14889
43557
19283
28064
24282
63534
22106
25520
61225
12553
49557
17477
28141
33881
10911
62500
59649
2520
65522
3945
60020
23093
61380
2745
35160
29809
46184
63777
24558
32442
23928
13833
885
63196
17198
44511
20123
5795
25358
50874
58300
24214
60882
36389
44375
58544
64882
24189
4980
50111
36134
4569
3334
52561
1573
64688
32351
65171
44714
40484
4443
49034
62046
62261
62805
26988
9198
1242
40622
27242
62782
27066
47756
52901
54492
8933
28604
25569
23378
22425
1007
54425
47406
19794
33272
12613
2808
54178
25848
23871
19497
45652
17983
25582
16011
13929
20704
45664
17390
35822
35694
28128
21822
46398
28267
21088
45280
19936
17977
27118
1256
2815
22965
20420
47393
17598
33985
25636
22785
18798
28658
21605
19060
48981
55977
41953
52871
51814
42735
9317
11501
32487
29037
49637
44088
9057
42040
44394
31462
11754
9791
43502
53131
51049
42985
10336
10734
32747
12091
43232
43374
10606
44907
43104
30601
10464
10041
43489
5346
6755
43604
61402
60087
29777
32620
8115
43740
59809
44903
44852
31418
58463
59812
27105
22620
20627
22362
45727
16455
46305
36343
548
20631
47521
25329
20794
45903
18666
47524
41774
52043
50681
42537
11520
9006
8734
29390
41488
41742
8974
44555
44025
8208
11552
30201
25377
15692
13300
22051
48643
17185
45634
33522
28179
21394
45970
28167
23539
46355
19754
54260
26913
3906
2499
23156
18442
47740
33905
35020
1146
23564
18689
28423
24516
35962
46116
47775
43310
53115
21968
52294
48693
32859
8520
36461
23385
22077
31480
686
50374
34533
10272
10137
26926
12622
27888
2377
46086
55835
33064
47355
26656
2507
47768
28427
22777
48166
54345
18329
43297
49479
50934
42799
8709
8237
9233
32248
44613
41112
10497
41624
41471
8981
10282
31487
25390
23880
50943
21269
40452
29505
56875
32503
64804
50113
17166
7826
3830
58147
48709
18073
41761
52034
41203
50452
11530
29980
32295
31682
44330
49356
8961
44551
41715
30335
29252
9887
41966
41566
43428
42325
61236
59873
61022
29745
5359
43425
58686
42034
44597
59988
58085
58165
54539
28144
48027
13955
19818
1291
56242
48082
54854
20700
16604
57030
28004
54927
25360
56107
31195
51417
65123
1465
39630
63203
48062
4544
40418
7241
32987
58162
21152
58443
51545
30811
37085
52064
11629
16822
20843
49373
18384
22480
38576
18317
22413
39776
12683
12678
50864
11709
10187
53232
9469
61060
52188
43720
58980
50595
31765
30130
63116
8646
65260
43956
43289
30750
34413
24118
43200
32697
62338
42825
30681
7564
32587
60900
51131
10702
53083
58163
901
48520
47820
3843
25657
63370
9576
27221
37255
65129
57182
62389
11372
47416
51411
37566
26906
54295
59911
62708
12178
27327
18538
63985
16780
49106
31091
26977
19671
61386
25700
34739
64047
58396
32775
3791
2100
57877
64113
3156
8192
4418
36738
57647
61469
35538
41598
39620
1407
36119
58829
49817
61939
25887
19153
64554
35708
24884
58434
27743
16583
60049
516
17538
62789
29307
38764
49514
49769
18458
22920
50105
19658
13454
11960
17589
23580
38360
22652
18905
51130
37308
58220
64868
11218
6681
10240
50594
57630
12187
28755
43278
40139
29395
62704
30585
62436
60908
58311
43923
15865
22384
17874
25417
53528
28211
19246
13188
19661
54686
2057
53852
42355
60743
36060
3940
46177
58495
63687
2513
40131
43268
35978
59665
64631
35034
5138
51315
2740
34956
34519
2916
48481
19728
15821
22119
53257
9
54964
32891
12411
19923
27934
27925
20611
48561
19467
453
563
11123
13694
21892
59087
28235
48727
19993
62999
33745
43890
54672
23574
53630
47469
25696
49115
63158
11616
26989
39867
11227
55942
61549
8301
46176
64864
38534
27318
57275
12769
36483
35355
65232
19858
64106
63305
14795
34542
38108
12708
14079
13699
12350
65165
8521
62604
21901
23400
36471
10338
15220
23152
19413
19576
34431
53091
64612
17885
23566
17667
17526
4834
16267
14787
27641
40814
61683
8179
55500
61689
60402
62052
6457
26720
58107
15179
63554
21645
62860
65387
57724
45511
65136
118
59488
9591
58992
358
23242
57452
40967
39427
33398
24348
63933
63704
32125
36860
52597
42611
40870
9842
8998
2243
22468
59357
50076
8966
11891
744
53127
51055
14486
53981
23029
15263
39121
250
20376
25253
1382
65498
56215
22605
23361
15335
35427
24083
38987
34973
24032
49878
17683
63850
16608
23466
14326
20364
12247
11504
62093
52524
38150
64373
59480
32258
65365
259
38182
23556
59829
44436
50068
60285
33948
38822
21628
12589
34250
23327
19293
33950
21221
50387
16511
64735
17749
20880
14997
17015
8658
32822
62647
8024
16247
14095
7071
39133
62879
4758
20375
4246
57857
65493
6614
26634
60168
64295
64296
49851
51739
24171
17596
9319
15898
21946
16992
18717
17267
52838
51667
39371
22797
19050
17034
15138
36630
34584
50394
48535
63444
12373
14088
45293
8657
23967
24723
14710
24749
65468
35813
23341
39363
61968
60386
31633
63712
2262
57360
22794
59369
2965
49306
59420
47111
36915
24509
61730
16912
38172
25040
61083
14851
5603
4300
38894
53516
5267
63129
24592
6459
13499
39908
52520
37498
36977
266
32008
23567
6486
62871
59229
33943
44694
42646
4218
6104
21623
38997
42062
52875
51811
15155
53822
23792
14388
40812
22260
18683
8185
825
62048
19442
24044
20962
57504
56666
53479
43824
58960
41120
53415
167
3388
32061
32093
7654
1619
56115
7659
231
45203
19333
38006
24015
35042
13452
45229
51824
64552
24419
48455
19508
20661
11422
23410
24813
54534
347
1958
23808
16400
1286
55480
47320
26848
35597
19325
25104
473
55177
3707
55206
30707
11700
8369
53235
31775
52431
30418
50599
43943
9463
30738
41290
50003
31711
51218
42588
30454
10421
11955
52982
32588
53020
30680
42675
50770
43203
32024
10228
51542
29612
52504
42845
47808
6375
64856
3846
53841
28241
59628
52649
8245
3748
57115
46399
43178
39768
28445
31795
59910
12721
14191
50329
31094
63989
45404
35025
26858
12184
29819
7958
20948
46938
62504
56490
31190
52088
50300
45013
11954
52572
31608
41219
11412
44452
10429
29604
49814
29740
53080
28822
54630
15121
13495
21157
29742
61741
47911
21715
19631
49552
45757
60053
23311
33106
13032
53498
58819
2087
20830
51978
17016
3630
55314
1184
18341
24073
39708
54677
2063
57181
41591
55283
56371
37237
38680
22628
48362
22484
31899
50952
6397
33121
47340
2131
52345
30870
12674
7213
60474
55366
19807
41274
11608
65006
55291
22100
20705
52025
57692
37033
1830
16545
43100
3147
29651
49522
50959
44756
8378
50607
29042
12183
43050
29393
11708
41658
50323
30591
52818
31891
48294
48416
45101
2153
56505
3126
53256
8
27643
45416
45496
24912
1657
56265
2283
24621
56467
31530
36137
463
46173
22766
57538
800
12328
3888
53618
36005
41087
54685
327
4172
46442
7517
4150
3795
54659
25962
60253
31661
44512
45783
53943
3715
44448
57568
28343
28726
5103
16070
40647
26351
13160
63223
5366
53709
37176
27896
64021
6712
28010
56893
13894
64831
63043
40891
38841
53422
27342
40873
25024
17744
40386
53977
27721
62450
56251
17659
38827
65219
14724
7593
57762
45545
8990
5938
62481
27903
19970
48194
9236
13762
25064
62405
4329
13524
1775
57723
54960
5857
28706
56745
2939
4486
45517
4408
47913
3320
58986
40963
60574
3434
1865
48573
33622
5982
58130
48853
7452
65360
36859
8158
60740
2510
59344
62451
46760
2240
42309
14483
20370
42991
20679
23025
12804
61394
57867
43361
21791
42445
6308
19212
22346
4761
14310
37191
38470
48178
5937
11760
43945
54863
34972
48628
4325
14327
53729
30882
11516
22688
44116
48417
45951
41032
55921
53775
24898
4729
32610
41672
53551
43730
57497
27332
53393
43060
15402
39723
38185
45297
6865
8949
4404
54644
17650
45775
7263
14993
56098
58466
8445
12787
13695
41391
29905
47183
8221
6609
62078
26884
36103
47377
8725
12295
26658
61440
5983
24079
20512
40583
39558
60664
1950
37174
3027
54918
8716
56629
84
49308
57629
47115
38455
20992
6489
61955
39682
26409
12507
62866
25248
20379
59563
26894
13753
6619
26624
56286
61475
63657
41045
53586
54820
44098
55105
56308
2142
7493
28977
44542
55525
42913
60671
1940
55090
44341
64121
28115
53515
56645
39560
27806
7911
5834
57003
58945
40591
13278
27933
6710
26196
5264
21429
262
33949
60196
38843
2568
8027
62867
48600
58738
40889
22237
7036
6105
3109
3750
43588
12598
16887
42729
21442
23804
13423
57649
61176
44082
23172
41982
7477
20161
23776
5375
16872
12357
61681
41632
60138
34962
45884
27133
11764
32684
61165
19535
26090
46320
22697
34558
