32111
46538
689
52538
36534
51972
36733
29880
50348
57264
54713
49094
1636
34164
51137
33210
35844
60838
64311
46442
44156
9672
30175
47970
56629
3177
49598
60536
17788
31427
11217
44475
6879
47393
44694
49417
53317
20856
18722
5243
51136
62021
62167
45102
41420
18792
24139
55623
30754
7171
26989
3525
6956
52894
32696
47643
54272
1575
533
5068
49342
30050
25069
5907
45794
49348
178
46437
30485
27107
31966
32334
2979
2435
2095
31749
24931
32201
3730
7828
45218
13259
26036
45235
59260
26277
21105
35519
55978
12983
44667
58060
27573
24262
24996
59563
34606
9579
42208
25027
4025
11554
4973
35617
28364
49174
25370
12072
40384
32868
46178
38165
8018
32503
64000
5845
62053
8447
58321
36484
27450
24796
52699
4635
8311
18480
18962
40575
5538
48790
43692
7349
25127
20651
16993
4564
51722
63964
62587
45633
20662
18368
60088
56907
30594
16944
53112
309
19833
50258
9039
31560
3751
36985
3280
20473
50642
10715
52728
6864
29695
65448
52446
28793
4566
53241
17003
5138
51717
50528
2936
18742
52601
11943
51038
7592
30159
54990
1759
5498
45497
52426
35967
31700
52025
56442
56754
46505
2746
36259
2831
35790
34959
31115
40695
27961
36935
8578
20354
7563
51248
63189
26327
28751
37168
61400
32383
39381
33684
11719
39846
32954
40067
21986
45167
46882
53701
54041
52766
11485
21856
6915
11086
40239
45439
59847
25531
53706
59461
27311
21294
48763
57030
41797
43383
58261
27839
22961
26795
58487
35694
58737
62716
56579
44832
11624
29373
34657
54284
51638
52330
61261
64828
30052
9256
42423
11800
8791
43030
38999
18401
44779
21660
17377
12060
14113
43303
37601
44939
21064
13286
10007
20945
7333
26583
12599
30637
53556
18416
22865
59783
38733
40054
51627
27871
19579
55612
29043
17432
8794
1900
37980
10079
50184
29162
10584
10524
399
50457
39396
721
30084
2359
17433
32434
21479
14118
40592
36356
55234
18406
5070
17190
51054
2405
13281
43307
10523
27075
48745
20754
8192
44583
41216
32258
43935
11927
47362
22800
3775
36905
37867
41144
8376
54217
11029
60285
4758
62502
15814
4606
61869
36243
58365
61222
27470
25414
50590
62909
36653
63990
5958
46974
45884
54448
42998
48616
53757
22759
45762
21024
55407
54234
57096
55677
21377
54672
48012
19730
20224
51296
64768
19714
51426
7653
7938
20240
64795
65381
65506
50786
7963
50912
7520
19131
8870
1142
39590
17554
51906
31475
17051
8774
51746
49696
37630
1406
29261
49856
17584
6110
32858
14471
63318
60760
28212
6741
4658
17024
64139
64646
26207
13185
7310
28473
60300
19268
4950
65158
64428
19293
64350
7162
5028
17228
64321
62330
49246
61661
4929
49971
20179
8632
9632
42119
39591
10139
41224
22768
10648
8775
44587
41136
37627
42456
22139
43495
8624
34927
61417
57047
14567
23359
28136
47961
45887
21383
43912
13847
41823
28520
34335
53335
60777
23364
28723
56956
43948
31581
57076
11862
45988
21324
3806
36995
829
53364
8413
53500
32387
59201
5610
63255
13468
6751
63313
33177
58104
59687
27215
27722
52463
61969
34084
62039
4490
24205
6455
26838
15952
29704
56893
17500
24555
61318
37912
39308
49713
25563
18824
57088
30684
6280
49126
27679
52967
33050
26715
29988
6735
49561
52266
49948
46570
25371
32529
27231
36374
47448
12849
45021
47388
24278
43319
33675
34843
55382
54150
54296
58160
42860
33884
14347
21512
29720
53358
62030
50268
55096
37896
42988
31266
51955
22408
23515
55649
62161
43782
38034
56114
18546
35222
26191
51440
60204
13474
35870
60043
27221
15382
62387
32922
25163
4909
15864
59315
57906
25489
26957
33408
22453
16297
29483
20094
52982
37813
14190
47504
26695
34790
14254
61124
33693
12647
648
48934
15165
51606
64780
46888
54519
19409
17832
13933
1062
19639
2024
13623
22386
21184
41807
55280
23993
53675
46639
23368
56313
42535
41653
24473
43387
45611
43951
47792
12034
56185
41937
32528
25746
1536
15040
24276
56924
59938
20735
26034
39008
20599
56113
54265
29339
53610
63960
4678
27906
37568
44342
30593
51031
60779
23608
55006
62582
23660
38705
56377
18286
13691
49182
51174
26799
15876
13392
19233
52122
34002
19778
16200
25361
64928
64493
15090
17348
15735
54040
4908
12798
62211
64422
10082
2016
19278
58706
15485
52758
58832
44559
14073
4856
53985
28445
6439
48656
25175
32648
7809
51436
791
50977
48976
26391
29852
28253
34785
22639
56434
40722
55527
56312
56584
44791
11547
3557
48767
20802
54136
44904
41376
40194
55282
21423
45000
12987
45895
45430
53415
47437
58546
25744
43379
43199
22950
44663
47255
27339
48584
34593
12395
1326
54428
13400
51169
63383
35630
56723
17480
19928
14616
529
64263
49566
15675
48779
61238
43284
57062
21529
44603
34180
45455
53738
54553
57104
57946
41837
36749
42847
22624
6276
31331
54285
7550
48422
2276
53116
6721
34013
26182
25162
30908
3534
50643
2705
46122
45796
64881
19323
46788
15433
17908
55001
47234
47730
649
1070
64720
58685
3438
19343
15694
5919
2326
11809
35695
40998
20772
62229
4395
7787
64693
52327
42
8557
13159
48830
43450
51443
34602
49553
30751
30364
3886
54816
27222
31272
5697
4750
35622
52964
53801
54557
29411
33411
36510
3823
29343
29269
54291
55626
52981
32388
6530
6394
46889
51610
55330
3906
3988
45982
20168
51726
28868
35516
25493
37590
46148
31454
54652
56253
17510
49353
40625
25748
35787
54419
42281
29887
36382
8052
65011
52262
56732
33041
30237
48916
57269
11551
51482
25651
17806
4885
44658
59951
4850
8926
8234
52444
26858
6020
34401
6912
12985
20722
51835
39507
11978
6546
3617
10973
4098
41594
20638
16236
5140
36196
50540
49595
646
8385
65131
23108
44734
2019
35447
28155
46927
16585
51474
41077
2972
47947
8372
31853
60789
25855
56439
49192
7168
29482
36267
26612
46066
5382
52777
26039
1107
33839
30173
31692
33148
28661
56187
49694
49352
4852
32196
3490
34110
46153
666
52437
7823
7026
26953
26702
31445
54531
52596
2143
47262
28393
43385
48754
5263
8225
37347
62837
52192
6731
16482
32872
41024
20815
50647
3786
10606
48938
44322
11140
35300
19586
58755
2329
54517
48658
49039
30947
44106
9631
50990
64501
19962
46884
18272
52936
29038
60341
26527
37674
47917
32433
41139
56508
20009
49410
39270
27547
33207
47134
62934
58509
47806
28531
19844
3942
47633
47281
1318
538
65356
19837
54890
5236
13642
7048
29904
4038
7803
47761
3416
50397
5713
8109
27201
27719
29709
2219
51664
1772
47687
46223
61559
59739
48511
28274
16719
2267
46424
49064
2635
581
65096
57819
1749
6575
12357
6673
1411
10733
34913
41249
46196
15903
7400
33544
61807
62826
286
9357
16154
47556
42316
52208
45351
49388
31617
1517
1611
55848
5702
30440
6742
7307
33169
3048
56396
3366
30032
26453
48677
3223
30532
1784
53890
56141
35968
31985
7159
4943
48027
1951
54083
55936
32761
47182
18620
53196
32116
60878
26782
38980
46845
32673
44414
54902
18580
52676
40828
26262
36278
56048
55674
32527
47899
5171
52901
49425
46374
33005
48620
46728
54463
32468
3095
8051
6610
51427
16309
36802
5966
11772
40442
61822
5654
7421
19715
5741
15659
60706
52342
32634
12148
5166
3916
12273
7534
44365
23886
63518
5533
7949
64190
50614
3396
11633
65382
49070
44915
2646
57722
26103
35368
64514
50461
41343
31766
48376
8451
9694
60079
25073
13753
49424
17667
2298
35702
24822
34850
63172
53028
15794
30284
34459
11690
30321
60334
28414
26288
52524
5836
5967
32121
53808
33234
48635
1279
52856
7416
35131
27467
25413
30888
55858
49273
1527
47173
28140
13607
47535
4481
8678
1075
64223
32791
5464
60169
58980
41288
33983
64730
31075
9613
55545
41027
31140
46879
7849
12629
299
46663
48360
32080
32642
56958
8516
2341
35285
16463
47681
17427
51456
29917
57807
27281
38686
48273
30989
41396
42362
18402
50189
37507
27799
60090
48523
63872
20477
46203
25716
7903
55393
46829
45773
2577
1415
62605
20043
57303
7988
27001
18463
12121
65049
39002
20196
65108
18522
9055
8986
38943
37770
40932
65300
17295
65369
11801
59345
6472
30026
13324
324
5160
21593
59732
57882
42783
43367
4601
1276
21208
5535
2380
10015
39004
34122
37977
9048
45380
33632
18916
8730
36667
36573
8988
25081
26630
46495
18456
19890
9109
63557
63637
19406
64430
10389
8354
9029
40370
36979
62366
62286
9038
63141
11189
35435
22784
14211
13312
20738
24893
22355
58626
57877
41438
56534
43490
14813
23005
15411
45408
24189
50612
43077
16032
51628
44747
29308
21502
58181
4808
6847
50364
44923
2730
41877
49572
57726
28750
28741
14323
40235
19755
59283
58786
57925
12734
44213
32149
52629
22818
8443
36934
31595
14848
28746
40448
33282
11892
33660
8194
8981
33009
36420
57872
3836
27562
8433
59922
10171
39596
32837
38048
17048
48717
33388
10642
8773
35121
33236
8780
28400
27146
45310
19128
8670
50045
63251
38739
50928
37122
29552
9474
8725
28923
7467
51312
39186
51392
64515
52221
31601
27870
40489
40620
27734
3016
33376
8356
9034
34283
33810
26582
37816
27141
37065
26462
17592
8871
62506
38060
10143
63393
18425
17055
8778
38724
39292
37631
62129
18808
63994
10167
23407
63632
29973
44777
29602
8589
33392
57348
58138
34299
33101
9024
339
26534
9707
6322
35697
47501
34069
16044
41357
58466
24217
57508
58186
43967
53431
45395
25824
21432
58859
43475
22340
53089
42026
14329
53047
42911
29548
21151
57930
29496
6248
52839
41551
2108
14746
52785
61070
4239
28698
14563
3359
7455
22755
61266
58133
15902
41749
7514
3418
24450
28767
138
11540
23916
43153
11709
29875
44526
40748
29876
21533
57267
42282
10262
43725
38246
54276
10778
58708
7486
24994
59041
6025
25178
12503
60290
57723
64649
64078
35801
26282
64989
28242
5374
8468
24172
3597
23393
8627
2020
19
30654
11805
39974
39274
11795
56068
54044
413
29036
40339
16666
26372
19220
32515
42286
25523
54275
6068
32692
9502
6067
15342
15402
57268
22250
21779
16798
44002
19604
22105
44330
44073
40437
11039
9602
11674
8473
15594
15150
42306
38638
57490
7915
15617
16584
17514
64661
49686
59940
19053
12986
16050
34844
61440
52776
64228
18370
15091
29721
56040
23826
5718
25166
693
26794
46191
8158
59012
31264
55522
38169
26177
36698
8211
29099
50415
11506
46652
3603
62057
44378
18975
24532
11779
6759
2549
38770
57220
13
11422
11789
56628
8205
31452
2451
57228
10884
24017
37594
38846
22748
3
3613
1108
29133
61925
17625
50338
59983
16608
12319
13888
52937
34930
16424
18786
19008
64095
12921
50018
58121
16425
17570
61780
59122
61194
64277
14714
64227
57668
17006
20169
18394
62965
14450
13844
62210
9620
11533
43691
21773
10889
42474
38352
11663
11643
42313
44334
24023
42700
40369
44370
10910
44010
29143
507
8591
8195
54036
40000
3587
30578
8221
21348
8565
1887
39385
29
45068
58954
29842
56926
21999
33625
26698
40074
12789
23438
57487
19795
30602
53993
39458
26946
53086
57647
36375
65259
16747
16672
61935
49193
36530
20008
12320
14777
6933
15112
51472
51138
18281
60814
36314
26785
60029
6726
26718
65414
34004
59457
49779
62858
6358
27310
14044
27217
5258
19729
47685
27797
7470
24045
15853
3374
16616
4242
40209
38535
47774
27294
1605
12512
23936
21716
61047
45050
47169
57663
55857
27471
21841
46836
12680
14809
61183
43169
25415
42298
33239
16776
54445
16218
35727
53478
61759
22941
17745
34388
45838
47326
55750
15967
21581
62778
56669
64918
23312
13904
19329
42397
13613
64273
16416
18008
11670
9803
60397
15197
36887
12576
22000
13315
22377
15452
18292
42744
16308
37160
58646
19697
23120
21202
20968
14132
39353
15660
24489
22642
15809
1621
30792
25098
38050
58093
22267
30463
4804
18980
16284
2139
60013
38384
15076
43766
23507
41013
60699
13742
42366
44315
23590
20571
60150
60491
23810
15618
41094
41395
60581
65077
25839
40099
10110
56652
49371
33295
16512
11517
49018
44538
26087
429
59935
64469
57156
18290
56740
62293
7819
54620
49579
24561
19707
4178
45620
23172
57260
65083
23921
64677
54356
39504
28222
64748
20776
26549
42632
7999
9494
60561
5045
51395
28469
37352
7892
44316
25278
39081
12628
40080
24242
26810
40914
6564
9799
20635
33379
15075
26938
38850
16708
40320
13860
17588
47175
26266
33821
23128
13316
55938
17809
34286
39496
37497
48639
26769
53888
13804
21721
15191
28139
38153
8577
53542
12511
45874
59020
9704
47539
54435
53328
37172
34914
15834
54605
43178
45532
13577
58479
12463
54897
41345
22092
58856
60407
58239
20788
27144
43482
44410
32935
23112
13469
55018
31362
25349
39512
17307
21905
30190
4879
6244
14736
56671
18477
38380
26638
23949
59205
43411
47694
60734
44350
27214
20717
48286
15757
12416
58622
42238
27717
40963
60373
7044
46677
27413
52714
35822
27486
32234
5727
4121
51988
25
55022
26142
30351
26197
47893
33816
59703
42122
54364
22356
13320
33113
34287
46474
53636
55692
14687
41681
35208
13033
22492
29060
57309
62602
49497
54064
38740
21270
30191
5514
21339
59419
56934
63887
43094
37609
26635
19277
48277
27205
52211
57757
12797
7059
18171
5701
64301
36896
27806
27726
28706
13808
20768
59358
45975
27466
26454
23448
16036
45541
60509
35971
41243
43365
53407
25409
47387
12540
24249
48683
13665
2629
55536
14684
1947
16940
45202
46661
18929
16753
13340
587
64204
3221
12593
59947
23027
42821
27285
23234
15042
47765
23803
48197
43563
44102
41618
12834
48206
44197
20851
11998
26303
40579
3670
26263
2877
61223
8285
28803
36815
60719
26807
37853
15815
36915
26783
30541
54740
63301
51184
25095
38829
21132
31998
7237
58088
60008
54492
63867
43580
39411
27151
8475
14669
27418
485
25253
44008
20288
19693
7187
8098
7806
13376
53279
65270
12524
26542
11967
12401
2837
3735
25514
40450
59782
8344
28713
35134
57742
15948
795
12598
37088
15348
5953
45655
27162
50332
45551
26449
31481
7412
5418
303
2343
54623
25105
29256
27738
46871
23425
25275
43033
56154
56560
43828
22848
22248
46617
47522
33970
55152
41860
13456
42505
27291
59583
21420
14377
26775
23460
28104
48122
59032
34345
43841
41850
41972
16312
45889
14025
47996
45359
16157
2586
56057
16208
495
17175
35988
46378
20312
20097
15888
1423
63724
52458
15965
36114
58197
44563
56659
22754
14562
36179
45138
45075
56594
53379
16222
44942
32898
41813
24195
31585
10422
14306
11965
10938
51976
12931
8628
22302
62842
50908
21523
65227
65398
61903
32108
35848
25741
30797
58312
62425
10692
41584
36205
58557
54992
55905
49984
47597
43185
10452
62580
31329
11197
7492
22625
30644
58484
36536
10942
10270
33048
36370
22301
5261
33202
60749
11028
3014
7020
64175
31704
21763
49339
38329
41219
8575
58846
5757
16826
52536
1639
15458
30406
48230
4545
52017
31912
30368
24928
220
3494
7528
4219
35382
31591
50599
2744
50877
54541
34477
27653
37947
20385
51428
54982
32126
33144
18395
30852
31124
52686
40908
48142
55976
51609
25024
40809
8520
36315
58765
40643
15466
15305
60127
22196
46525
38183
11999
24678
41446
20350
30310
11519
22388
7373
40435
20346
36494
56631
29032
25747
33577
19743
24514
33375
63285
23571
30157
23565
6027
12045
11652
61358
35518
31448
22744
34846
35311
11645
8177
32975
59263
11412
51766
51295
15310
47800
27675
1389
29000
64938
23986
53734
3731
51960
25025
32399
38580
49954
5756
49913
53704
46795
53038
3516
6175
49456
45425
2291
47379
52820
24774
31231
1499
26389
31937
21517
63693
22797
32215
52423
62320
32209
10365
49367
51825
10352
14592
13533
52481
31425
56588
11151
23851
4449
55043
62515
35464
40195
16830
27543
26517
30591
21695
34946
65020
39827
32951
38079
18543
34104
17266
22883
53344
27334
35805
46459
48588
37850
10671
24929
39075
58419
35441
52162
39060
17629
49560
56001
46957
60798
18500
28961
32276
26379
37901
31678
44494
52975
35691
53062
45342
59323
62796
11876
44842
57711
60975
42346
54886
25987
32301
41654
8481
65498
11732
10309
62357
10318
11524
64772
63566
8196
9118
64980
61657
10398
63646
62277
61449
11737
35425
27008
46430
59569
61768
9332
43087
58628
61332
43743
54743
24962
46221
44919
9713
63865
10975
10317
5470
22671
29444
57672
35275
9476
24548
33003
36125
9117
4482
33981
58865
30932
40355
11113
63033
19823
38606
63166
40303
8371
8255
19875
16498
19204
64308
37082
64437
9893
55862
29111
64682
6840
42290
25965
37236
21971
17871
57653
36059
8655
49569
3196
14947
46384
35707
27150
40953
20088
50588
56747
45629
57506
17407
30193
29764
25094
39080
47838
42661
50324
15043
37004
8280
60382
19958
40438
15214
60597
58930
23235
21874
40216
19736
41061
8230
16459
3376
18991
20733
29115
45779
65193
35921
9941
11458
34348
26778
4815
24190
34692
16455
43603
31355
23261
4351
10459
29348
61042
36801
9634
12114
34273
33812
21085
7752
36276
57595
10820
61749
52049
15562
20852
52000
38354
28760
17875
21967
28710
3574
50775
41423
7448
39523
50733
52135
51188
41157
47997
27158
1656
5528
16505
20654
46470
54355
52476
56267
5167
40313
25118
31345
21712
13027
21725
10927
51905
14210
9636
21086
61823
52343
21586
13325
14800
62922
31351
44345
6255
21912
8559
29619
61776
34395
22122
19460
35872
27286
29503
20801
35725
17798
2211
28108
39290
17816
33233
57680
42035
41327
59066
60468
23977
46712
37185
17599
56423
21894
59858
57727
51405
37603
18306
49383
43695
29645
58788
16990
28897
32129
50112
37970
30845
42442
52705
60782
49221
28830
58414
64897
11649
42030
57346
59794
44398
42709
52558
32078
41541
8417
61575
32465
45735
2156
52791
34753
3592
33964
32520
8156
54456
55676
53953
4056
35192
49932
47031
45423
57467
18759
55865
44621
8561
29856
47368
45783
1979
3253
61168
61863
30066
10737
41078
6097
46404
22828
50188
53583
58408
18409
4664
6503
62607
63882
45466
42236
16916
23032
25897
31565
30976
52918
3750
4589
2971
29696
30363
32688
2587
3206
51469
955
31197
49302
28944
46990
28873
55136
53555
31640
55266
32428
48221
47574
2881
842
968
56418
28788
56544
32297
36274
61382
26806
56739
61182
27566
22771
36811
49014
14370
16304
16286
26302
24445
25510
61046
45355
10637
12064
55232
1122
32382
36364
35997
35254
27409
53271
9440
40694
45928
32706
2515
7822
7976
20263
52019
64808
19759
20051
4189
5078
64478
49366
7577
64967
17373
8143
65465
4478
48973
24390
51907
27938
60859
17555
6573
4790
63310
63862
48627
44454
17085
61339
28448
6683
18771
50384
50176
18994
49501
10069
31835
31184
37330
62821
62034
51677
16914
50512
16851
6191
17324
52860
52681
19364
52980
18585
5784
8119
64959
50871
62452
49268
20408
49404
7036
29044
46757
1143
49577
48843
463
36512
31137
6519
56957
53363
57259
1407
32882
2503
48053
35713
5394
10624
28220
37259
5218
59481
34392
36823
15839
12506
29013
62688
58244
31026
62736
48687
8305
22918
56265
3700
20878
32256
45208
46007
2843
789
12028
41270
28770
47422
36938
33976
58010
26551
54444
58623
26529
22426
47528
47548
42831
12841
14751
25265
21060
25255
59210
48747
59720
20364
55344
42024
11905
29708
33549
48998
51041
2407
58620
65111
29400
12264
43340
20079
46118
27551
7723
23068
15874
54547
16680
33042
38188
40810
48426
26523
3878
12776
22627
22788
59553
42157
45969
35792
56332
26944
22750
46157
13269
13524
59248
41932
26689
56637
35377
17620
53710
63582
34945
53729
51761
24097
19021
7566
46948
23326
57025
14385
20925
64174
57070
65221
61027
14936
18655
22172
14770
64556
12768
19016
21789
12222
57628
14386
62314
12328
21187
59749
59140
15934
17071
21157
16057
37737
63683
20180
12146
21507
24165
12857
63412
12990
44996
24526
12487
55384
32657
15854
37571
19901
21631
29835
19732
19615
15053
4070
60427
37951
15593
42947
48480
41279
24274
59050
56509
42263
43932
20872
58945
57982
23145
56123
44901
41140
34214
20435
55641
305
8898
53838
52694
60690
15929
10196
43763
20522
26850
1472
23647
24792
56874
17070
53450
15928
8029
55390
50598
23165
18399
36488
23950
23780
55982
65334
20673
49464
55786
37891
15698
61853
59316
25535
44900
5247
40348
60205
26373
64405
25663
63236
19855
38429
15394
12218
13657
38671
58318
13614
39011
19332
37941
22463
64915
60437
15198
63939
17919
45023
15145
18895
47249
25757
35307
22741
14601
3904
18532
6189
40921
38068
46144
25495
54301
14350
21508
14394
56914
39618
9327
53281
26321
47071
64854
10795
57034
41363
53592
2568
23426
63198
55598
21434
47624
27915
22847
36000
56252
41939
42147
59490
59762
59562
48086
56375
42095
54653
26273
21684
12747
3566
29725
26383
37892
59163
23853
32036
6079
19231
16024
55521
19387
39581
15330
24174
58486
44692
46893
60122
56077
26186
20753
47908
13708
16339
59466
42957
25158
41220
36310
30943
22663
41622
10315
29700
55346
37917
32516
12189
54452
53881
22753
42235
37504
57091
29913
57743
7125
25511
60280
4603
26463
65163
35135
58360
51058
64581
7739
27567
61648
27735
5957
29908
22666
54028
22657
8452
2641
56084
30980
21473
37137
38284
24292
55345
54922
3308
10970
2213
30569
25347
32367
57092
53874
26548
32691
4868
29699
29394
5892
56834
55737
54451
48953
43605
8485
55561
8495
3890
42575
57010
45781
31183
30889
9807
30658
41455
40997
55417
9813
60718
6166
65510
19889
19101
64158
52516
36814
20369
15661
16307
7662
64781
53036
49859
17587
26533
29068
55008
48862
26193
27723
1135
33395
48898
34874
33759
31464
56157
2522
27206
32855
40275
6832
50576
18978
38462
3982
64043
32723
4802
11606
12254
19138
50322
62133
3462
30262
10830
10454
3894
11741
10926
1278
3470
29358
12125
39501
37491
10334
3390
3974
1526
31350
50179
16780
49721
34676
12520
28516
14920
6501
33455
16864
17693
19032
50996
15436
28265
59116
64922
18291
51619
60238
63213
63006
15181
8122
33710
19868
20404
16893
61950
13171
51299
20227
10831
11728
45047
23259
29858
43615
38984
29359
21083
55410
42565
10331
44456
38519
53817
10821
55354
19049
3159
5231
40964
54913
37256
45930
31039
23532
22145
8511
51944
62743
56092
22074
15353
30531
56412
20868
49243
25423
1918
33657
47412
7733
16514
29181
55124
40003
27463
4949
33972
36122
13287
17437
16872
50180
49426
35279
18923
12584
13612
35823
14561
50451
51465
18972
36562
36567
25254
59211
6737
27483
14465
36670
58109
50388
51673
34865
26539
13191
26198
4487
11992
12044
63791
40460
18218
63544
16964
10063
38810
37417
40807
8858
62312
20433
62719
20076
57912
5372
2140
59751
908
31224
24539
61149
14342
41824
14177
5000
31020
21516
6168
1064
18273
39692
28147
37900
10056
46120
26375
18222
38035
34008
36306
38812
25852
27397
48418
11224
31611
17350
12930
40608
57699
52651
21010
20946
42837
42341
1712
59875
65403
12219
14898
7094
48187
14605
62333
22992
31664
25904
9085
7611
63680
118
55915
9152
13520
21504
52141
33037
24523
49593
41592
61302
52020
13254
3386
22385
14247
7535
31919
50788
43190
31930
42952
50601
35451
32555
53589
13472
42256
11890
58148
60799
14585
12474
27830
46354
3824
59837
20875
40885
4109
23760
1878
17254
19746
12239
24995
47976
44551
34638
36863
64960
32551
34425
10206
23634
18893
11452
26615
8886
19816
49051
27907
10088
37943
35806
34111
40252
36678
35945
46913
11432
31339
50802
62244
37888
27227
49421
55088
11711
39065
45451
32322
25307
63853
2981
64452
51442
30408
27349
39275
12215
52990
49356
52677
29149
38710
6178
47442
49278
65212
48341
267
25173
10664
37569
65377
10684
11879
62119
17368
18536
38972
37852
38072
12087
63415
17580
65073
18369
35681
39840
3481
15884
47058
9314
26791
19310
65251
36168
33858
42832
1248
27301
11560
11074
34472
46304
51344
61303
37747
22834
22971
33149
14246
56496
27569
29517
47488
61132
18610
42082
21688
49263
44846
13484
50344
14273
1996
22562
14579
30584
31711
51640
41649
2826
16030
52543
59611
8065
410
15872
1321
32392
21012
58511
14313
14618
13158
5444
3820
24429
29007
3863
19297
9484
41489
40204
18214
15117
24365
18209
38044
13094
15548
8854
42605
21937
14305
16748
21768
50606
24786
58844
29146
54537
19672
23517
15152
40156
39611
7225
27354
19110
56126
31426
8664
10508
2493
37132
10053
319
31790
10059
38806
3141
2439
10643
3172
30993
1963
10199
19246
57356
13089
64454
7779
12702
17185
34670
14310
50106
64531
17382
15549
19565
28356
60186
60654
61453
44219
60518
23321
12442
11371
11042
39872
39957
64292
20487
15292
19404
41362
19438
59051
51611
62817
57520
6028
62880
33313
57713
15052
26956
26699
4844
61872
36496
61745
5371
23074
46601
57272
43712
32016
54418
12059
47295
43159
3941
42521
32512
54706
22120
56728
47129
8274
37691
26223
8400
36199
853
36632
60703
15623
16233
40658
61191
3029
32336
26863
31547
11435
39373
1492
11446
17511
3237
29313
19048
39484
49687
1867
8764
435
30614
51727
10155
19074
36695
65419
64048
19840
15711
5711
6271
63735
63047
62165
5717
14040
4747
51250
59609
18175
53083
12497
18039
61146
63061
6541
16782
61750
63955
63615
33628
64976
6391
15188
18482
19649
38349
42715
9660
8551
15372
21880
11112
40247
44215
15293
9527
43628
24006
43787
16845
23439
21303
987
43831
11221
56927
28802
32466
40528
36992
41945
9045
53471
45960
2907
48087
22175
1538
56446
22199
48778
57241
20689
20814
41382
41098
40210
45114
56761
11520
55294
30946
60024
6631
63787
12743
6725
64056
32802
59467
16016
26181
25159
7317
64616
35112
62715
5255
23915
5434
25297
15670
29872
56578
16973
21528
13404
37408
38247
4774
26334
17873
54280
31337
33722
10392
37030
58257
40030
54373
43880
23589
23755
23529
7683
8509
41696
65053
39747
4047
3765
48648
26573
37776
33004
53536
18198
50110
65181
6403
2306
36460
55744
10219
27693
53480
51321
18514
24634
65527
24625
52608
5981
61827
64566
63806
63224
60977
53040
7679
28298
63026
45674
6308
61685
49092
15615
50298
44431
22149
22002
10841
29891
16722
25139
2158
64393
28590
49109
5938
51374
45730
33450
52953
57194
55299
46270
29284
29753
5331
50085
55519
53204
27055
33754
6882
38747
58193
11344
50277
26249
26681
59528
59016
60252
29061
62176
27524
2514
62955
1210
32237
54005
53763
607
55836
10834
40329
38645
42495
57294
47199
54940
30916
55429
1437
25786
60676
27624
49667
19465
51740
16656
27071
50946
60567
13713
60265
26348
19181
52248
62724
51155
61012
26680
63830
58937
27532
6789
49874
62555
17744
64605
59529
25404
4446
26248
12340
6581
11153
38227
4866
41636
57011
14436
17690
59108
17418
16784
9278
970
64283
43594
41117
4714
10845
1806
36612
23708
54394
12311
50953
36463
19480
19180
8470
563
15633
55732
42481
47541
10077
39067
22939
29189
3699
13084
26563
59181
33636
48649
9232
37878
44568
4018
2366
28341
19202
28650
50121
50433
49440
17422
14890
62947
12996
12443
36097
49376
19352
50202
64706
2265
48472
55965
4005
30188
56704
29795
3940
2254
45770
53935
48412
54768
29746
54813
1368
8149
31743
62720
20315
61954
3705
28289
57482
57393
60986
19792
5355
37879
52610
64021
37112
26467
7693
56517
14822
54255
27436
8459
39717
37056
40162
50116
47887
25548
20113
55077
49389
43850
3038
48753
41132
28813
45898
11910
54132
44785
29491
36958
982
45220
11069
56316
32339
2085
49518
33134
1733
4900
4899
32185
53778
55810
32665
738
49338
4302
31234
26595
6115
51241
65137
7793
50889
16500
4938
18473
50728
51400
18121
50888
62282
4260
18632
52220
7084
12681
52866
35656
12537
7243
35209
7893
27103
28335
6565
64754
49280
33791
19282
24919
6133
15747
26756
34884
13811
4686
36739
19843
13700
15860
17907
62804
53123
33534
60756
25690
5210
43913
44760
31698
41015
28891
45961
32384
36994
39739
9013
41791
37840
45119
48728
3669
47927
51017
2127
47755
26965
46667
29257
6983
52296
24923
33008
25586
1607
45650
7935
2807
47349
55082
49515
7727
2531
32955
35113
31676
54062
3732
45254
56513
49335
6626
28941
28309
33223
1925
62683
7551
3125
5752
4741
11895
847
2991
28839
3131
65399
5426
10043
51449
6704
39491
3549
32141
38483
9598
29251
11654
638
2110
9718
37550
38611
32606
10302
2806
31398
37146
56161
32286
41194
31933
31002
11875
39982
39918
10691
39172
102
46052
24068
1939
28940
43557
56687
48575
42432
32530
45605
11616
42543
44488
9957
42735
1637
46530
23816
55449
47337
55363
52657
7457
4090
59070
36643
11642
54861
3569
22179
54957
63162
8084
32161
28054
36294
51338
1054
46110
53235
48942
32538
6218
49732
25694
36851
25332
3882
32670
5214
1178
46234
64789
63595
6251
62976
18018
7957
7445
53090
63723
18144
65282
65301
5634
6379
52704
7424
55171
3007
46955
56371
28712
47381
32380
56461
55101
28924
1012
951
48130
31652
53728
32409
43847
43055
58059
53497
45478
20601
47101
13493
25232
43438
42648
42877
21503
48543
34224
24009
64949
40482
18498
65429
16574
16499
10277
36978
40690
9925
37038
62243
17406
12030
64933
11205
40377
33339
10507
40857
4931
16570
50885
470
39222
51237
53632
4270
17300
55600
31840
34176
41244
15732
46509
41116
35632
23658
59298
43219
41635
13106
13649
24955
20676
60913
46806
59962
44422
12658
20926
42486
59102
22227
59974
40989
41373
58966
12379
13683
21934
57851
43779
60213
43916
33483
22559
53338
53744
20698
43003
42520
56815
55666
25781
46971
21332
12944
44297
34080
37306
43630
5837
44035
32055
19641
7083
3548
1702
49208
62884
3451
60418
59966
5740
10954
12665
5789
10862
64565
52199
21881
2973
13684
64062
17
3468
6955
9522
1782
43722
5660
37331
5037
18206
39251
52720
11365
3755
38242
38114
75
52512
6267
10722
53184
61699
4166
64070
45201
32824
63062
49027
17779
42483
63449
13113
44419
55146
45822
17982
54218
7383
48156
61831
46589
60884
12375
56294
19673
55246
62849
15697
54126
55507
45357
57407
53923
64058
46726
14880
42830
22338
26005
21938
58805
47653
44107
53746
21904
44285
41509
58002
45566
41381
20899
15731
36075
30011
63146
7962
22195
4083
24951
52272
2186
300
8094
9924
56550
46455
7207
40410
40306
19378
38563
9828
18026
19827
36964
39886
17978
61503
38579
18126
19362
64265
11577
40208
45992
21297
1765
33317
9829
13760
44762
54108
14885
56953
34242
12258
41975
45276
45127
41429
14110
17325
43349
31680
58837
11949
52656
65472
173
42242
40635
57938
21730
4214
57603
24364
57282
39818
35178
64571
13446
8681
21872
20501
23863
10470
44276
1209
6083
64368
65521
38976
3304
24605
3689
48908
54384
35274
40749
50020
8934
37467
7404
56080
55759
53949
57144
65063
62882
51082
26741
16129
52832
14756
64102
12618
49901
49311
52273
51776
14075
28010
62434
59676
59645
61495
21217
44193
37927
39640
20576
22075
8455
18326
57768
62204
37933
39900
44955
21264
59384
63569
24411
21143
40588
37404
16102
22557
18705
10215
58444
62295
38024
40728
43505
61212
13720
55679
6618
31971
38022
17800
16103
50233
32799
36330
23799
25785
16732
39197
1374
63276
29901
54837
37532
3087
26476
23208
39783
38455
44232
13213
31295
53772
22685
56165
51661
14156
17636
50952
12956
16985
51164
33065
12872
14232
34297
27892
18201
49676
35476
49880
63828
62486
64564
50568
26490
58345
26732
58871
63771
25215
7397
50670
17721
49548
15601
25448
16356
16960
48030
42412
18843
25240
44608
50193
19676
17665
5980
6901
46321
41878
49442
15031
53490
18828
47860
42897
17121
48377
13351
52249
62551
18200
5519
4442
45354
41724
51732
43336
26015
21056
55716
3951
45925
16982
65088
6500
42134
28163
24337
22615
45769
3802
30473
65357
63835
14400
18322
50442
13200
63793
50288
33937
12668
13772
27121
26354
17409
51648
35730
49626
62194
40471
29752
55309
40791
6412
56928
21548
62225
39137
59804
43416
29804
57136
21752
25453
2312
17168
41211
14889
4725
605
40492
18234
58988
19594
35052
7141
13007
56949
19184
39638
148
42006
52381
56853
51130
54847
55484
44191
40304
39705
38203
40849
2543
24860
25550
55925
3853
22135
41214
2420
23577
17399
12752
31154
43255
55049
12171
11568
45987
37194
8597
14731
61608
40374
51684
26900
64282
30211
55987
57491
42349
64548
9932
38157
6547
28179
15508
54964
54788
64956
52397
52301
15171
20451
52579
57590
65313
25470
5786
53137
19619
51011
13230
53101
65293
23655
60331
63480
21816
21494
37244
37440
42983
21640
10539
8640
60992
64679
39547
39233
41133
57446
60065
64161
22029
22208
40295
38326
12556
23137
19645
16652
60790
63036
39521
38328
42440
57447
43439
41026
17801
29596
37222
17010
64256
64245
4891
36583
21413
41289
17465
37041
2541
37303
31394
54328
38311
31168
53609
22592
39208
38136
21392
41163
29808
54585
23979
55656
3266
14967
18184
49602
15559
17056
51929
36384
13947
15307
36848
25336
18352
52233
34712
50546
62008
61792
50488
49730
14921
17152
27497
61349
61624
13890
5015
51691
5536
50313
12975
49250
13064
19574
47357
43261
17869
34453
15792
50467
63478
17453
7246
6134
48451
42662
50221
16171
28571
17879
46993
43981
19464
46064
41335
51488
64160
16827
4683
5207
48678
44236
50968
41083
55800
21942
42399
38191
57363
18092
64886
19502
44492
12778
9837
23820
22165
40217
16874
13789
62781
15222
17613
50381
14022
18931
49523
36131
13133
14493
33011
25597
17443
50627
34973
51581
63917
64364
31236
55812
38412
7363
27491
23990
64689
39617
57542
15553
31411
54787
23233
27748
52228
18022
16322
28594
19523
30458
40316
19533
63718
51107
5662
6374
59024
15653
18339
40769
4081
43728
2450
56344
37161
32560
56697
46021
41611
2495
12279
38568
31888
55065
41106
57208
1586
58234
46941
27362
33777
23638
13413
53289
15356
35652
20520
24265
45443
25312
56872
13595
43326
63605
59341
14504
53232
32972
27248
34582
13010
25691
59651
62414
61116
12960
7837
26232
27853
40633
24746
40674
919
24641
2912
14173
36904
2975
27102
12675
28321
37632
15414
36962
28234
57962
59186
43613
61380
19703
38010
42567
15084
60705
21896
21561
57728
41523
43135
38209
63919
58213
18606
42766
59842
17066
40554
44986
14089
61119
21092
22531
58579
37827
42174
39348
65332
58218
37024
2200
33761
44162
37989
60792
65027
7709
15865
58693
41275
736
58795
40895
39749
62650
48552
15812
12803
21817
27244
23168
62753
15085
9719
37551
23929
26316
21554
13668
54584
42170
27029
3341
37379
26911
2668
12770
44990
39108
64559
64281
28319
54796
61589
1469
28181
63331
26021
65037
51686
28495
27500
14907
62388
52881
13698
64837
28079
13068
63136
49261
25669
8821
42323
64504
12082
628
15989
34996
39664
11659
25610
58650
54334
62377
59028
12363
39498
8810
37011
63652
24324
39972
13434
60207
38083
10350
12777
57365
41454
62003
60562
16254
39706
57973
30875
55131
33531
20997
40565
25388
14505
34888
58292
59331
46096
1008
26413
43474
40898
43125
28570
40242
40873
25873
2672
25614
42571
40440
49844
64042
28049
1584
13795
38258
25626
65129
47821
27592
62405
46348
27488
21603
63935
14082
8906
40708
48572
27840
10446
27752
54797
9061
13568
3060
29675
25186
40570
60993
39904
31506
28330
57418
13547
1020
57505
36929
14869
14291
24264
16116
26966
20681
27516
45333
15501
24926
23776
43266
24105
13228
47083
12404
53448
14412
31376
45955
54377
35641
36732
40020
12656
43907
12344
65373
30554
46359
706
35957
6198
52848
45463
52204
2956
29293
32624
46487
53117
1560
4662
51515
35873
28695
56561
2246
29744
3772
60837
35146
56128
17414
5047
26056
2771
25641
37437
37780
33196
34368
41122
5475
20121
42007
50301
32818
12892
28986
45671
16696
43990
12336
39985
37531
49631
33329
17661
45267
29888
44678
51160
35037
13136
29288
46038
17548
44827
14429
8935
39249
49884
33595
18264
55296
30524
43148
18953
343
50281
21268
49116
11351
41745
2527
45290
54868
11487
5399
62952
56844
22618
1207
55485
30271
49836
45513
6588
33199
3034
49209
56484
57291
55935
29377
34989
28777
36550
25783
13348
34744
53932
57935
35196
22314
55672
55233
23033
12959
14633
33473
21748
25767
59386
1238
57770
27383
27175
18706
4710
23721
2413
56392
10723
37470
58751
35916
13775
50944
17635
38720
38702
30004
39318
17415
31088
29777
64103
38204
49896
3314
38097
31181
29086
5481
10229
62487
38020
30561
37468
10639
4711
28954
39304
38881
31833
50671
39194
29233
31316
1847
17641
14144
29020
56800
57043
36817
35184
29193
12877
57186
61276
13144
29976
45190
2356
25766
36407
56944
15906
34244
54214
59308
36720
21665
27321
54698
13000
41970
13489
33739
24222
35962
59637
3804
54392
30817
49975
35249
29543
33916
3944
51249
45767
55713
53948
32568
34728
52748
47047
40470
8613
4633
1909
22588
29542
61967
44508
64025
57169
238
6663
31808
40187
46810
12003
25814
35734
29465
2599
31285
45670
55796
52085
3722
52274
53153
47001
7212
54939
30325
30924
55372
45372
14857
13417
58191
24444
23644
54852
13592
33017
25592
23764
34151
43316
43258
61095
40630
6924
51879
3031
21101
17328
30151
43373
3192
57910
65453
7345
5847
1544
14080
10438
65143
6474
43973
56182
25606
12151
50472
62287
41086
53981
56019
49660
45232
50217
39161
34147
25623
14296
21636
53852
22916
57959
33161
25887
55892
48218
55633
14729
21041
34648
13545
22332
56960
14557
22369
54246
21096
21456
33932
55688
55265
45799
57323
13020
21261
34909
42807
22528
26764
45957
2752
37993
56266
61404
44175
53133
37554
41137
41398
55129
30055
43909
63542
48307
62647
38008
17444
37548
10543
18812
18249
61999
38132
10746
39329
37449
17089
18344
63482
10183
42167
4111
22717
12972
51881
59836
452
44987
14509
3199
3033
4543
21185
10
16070
5849
62678
8073
27590
55991
24837
8806
2383
65393
54971
56430
2995
50425
36028
3721
39116
4277
1862
46388
18242
51696
25607
10614
42065
3150
49650
12824
14951
46289
18859
42300
38899
34153
1047
45070
17533
49756
53561
8807
41217
555
50429
44248
43984
45412
16945
40966
38080
45269
55078
48384
53559
44757
61297
22966
21001
54049
43487
36860
25341
46440
45264
44802
44748
58534
44662
5572
22594
13216
51116
21424
1185
41806
16114
49848
51897
5297
24491
1450
44693
7290
40663
39009
18360
37644
18865
20439
17532
39288
38849
8903
40712
37564
17160
18481
62631
19980
52864
33305
37283
38771
55468
17360
25199
49282
40013
44865
44412
27367
31862
14873
65109
46714
42198
29127
61866
51895
21122
57958
11434
41614
62911
59733
14651
11455
7292
3233
13539
21552
14521
44657
59439
28567
20596
34487
47946
13864
28063
20732
41892
41802
61384
48881
15817
48044
2928
65213
58587
37792
35949
5744
21600
56539
42811
46336
1739
14694
20395
10443
27184
7110
2940
35902
11823
37804
24918
28855
25611
36980
40692
25883
25621
34781
9160
25861
39881
35203
42202
27512
23924
44970
60639
46556
60231
42369
44529
60503
14655
12409
46753
61103
43578
33079
44643
27261
48049
43459
34257
45158
59514
43364
44740
57914
16190
26236
48333
58542
53516
36150
43113
48290
10347
57319
57081
46695
43944
40802
2283
41039
41285
47999
24328
44192
3328
47429
2684
56027
60014
54582
9599
5564
57813
38260
43582
19625
52392
42453
34061
33083
64202
31399
27260
5010
32177
50486
51097
46524
55278
26237
52641
2340
3610
34578
29965
915
56774
4889
2656
5794
20145
37376
25685
7270
53554
1720
39112
55682
3653
35538
18701
165
52172
8005
63349
49140
19410
62261
55900
7280
55460
64587
64347
53972
43658
48449
4155
42746
61861
45706
62682
47518
7645
16186
55274
5596
43924
62078
63550
44052
43795
48676
34353
44179
51878
45843
42869
42171
24184
55792
46776
48240
47143
41855
57080
24521
41666
44983
22955
46235
56231
47808
27504
33518
11647
49319
51868
46704
55901
12402
64431
1345
1098
35357
30376
53843
44453
4650
2924
3517
33131
198
30129
4199
35542
3249
53517
5548
50737
54630
4299
7597
49607
32012
40659
34511
11918
854
28055
28886
14488
37005
2910
28607
15657
35000
9021
14023
39731
36649
27232
42859
59278
12800
23650
36054
22403
13666
13538
23603
56381
43285
59709
22333
12595
45312
32809
38296
63593
58759
50171
53523
24069
33318
58323
46320
48538
37684
37191
57836
2118
25950
52515
40962
14034
64396
21139
13347
16620
49186
63112
30355
1778
57347
15315
37096
14626
41714
3370
27271
359
15142
27315
38931
64394
1152
42937
64950
14096
28291
61875
50297
43223
28343
34185
6900
3932
36079
849
329
55435
33670
36845
48864
33258
7768
3226
55828
51223
1439
32899
7007
3044
34542
30441
52505
54803
27989
35602
32798
48101
7562
1626
56706
143
84
46729
51305
42280
11287
37677
49541
26677
56810
61932
14224
57894
991
41292
33747
50574
38982
51785
21732
16134
52377
41739
13449
30808
52876
53228
1000
52372
22587
14825
31380
16086
14820
53545
28422
38116
54777
28635
38681
65256
27684
55956
65416
65164
28171
37465
65516
63764
28374
2693
27526
64612
41255
27067
43145
53215
1310
15393
62251
63526
26251
37225
52954
44820
25782
7203
39324
27127
30110
64871
56613
58893
30999
29272
57558
57991
38460
26355
59880
55116
38727
31769
40796
27380
30047
37768
53578
60955
49642
31252
14416
58246
40673
27897
61421
54575
63511
34083
36945
37000
57478
5875
3395
57373
24981
15696
46382
47861
9959
64791
23520
46
49394
27427
26887
37431
54931
27603
63267
62988
55079
54007
64476
62535
26115
37523
63895
38759
25815
52106
22610
16098
50922
58339
16003
32026
50831
52207
4330
239
22547
16355
32095
16258
41954
30227
1913
42874
19494
40310
52554
57475
49031
10601
58806
58151
64793
44320
33497
51072
42774
24853
15364
27606
64071
41643
15913
37647
51238
65242
4091
54766
53259
15065
64657
13494
44948
36652
39332
62760
59866
35925
54406
23576
28058
12636
46671
47351
11516
62649
22281
54670
26971
52768
24589
26072
63705
24524
14256
18890
26907
62079
45798
3997
35852
28112
62212
13240
41677
2119
26506
40114
44725
28593
39120
51572
1615
41003
12829
14950
27777
432
61770
40834
28090
35212
6136
2804
33505
31994
50215
54665
24922
35348
48159
47079
4425
764
54408
50479
2545
36736
6225
1937
33771
29335
3719
53788
25687
34584
35089
36582
5196
1004
55325
2376
4072
48924
39817
44978
18794
44141
50310
14937
2278
63427
15303
60592
40015
42169
59013
53057
39862
51020
21560
13540
49820
23017
14300
31305
52292
51860
31897
2456
21641
12812
29944
14724
43272
26412
24581
38093
53916
26079
63340
61896
25389
55453
62840
64983
24847
37388
61447
63933
28117
1046
26757
52413
14266
24767
43116
62799
3873
13246
15467
64432
25231
49516
64905
40813
25013
31008
38316
27634
29435
61992
56902
58385
405
31298
14172
60636
38129
25584
58625
53326
64183
6428
36876
26877
29409
40056
54311
57704
51094
29741
14903
59088
37313
25340
57355
57131
39895
35104
40719
39295
61397
33366
3622
59748
28311
13369
48929
46230
8905
40665
60931
55581
53245
56864
25866
38130
57328
27089
38832
62609
53282
56818
63809
61820
25601
37536
62924
39202
25050
51335
22541
14088
50151
59660
14544
29740
49736
51096
6556
50145
21612
13056
30945
13016
13069
32640
64041
41037
10677
41613
52807
26426
3413
37264
14492
59068
49855
44659
60554
49231
43734
25622
56328
15572
63354
24569
14524
11415
25886
64577
46421
53851
23561
25052
39375
16164
44968
20521
11169
42845
20680
29610
41347
37648
57033
24104
29538
11237
11852
44086
39787
55774
37108
64291
35588
27588
61638
5091
26403
19388
15390
12557
16538
64750
7011
27843
16653
25380
25572
64330
20029
52797
61612
16435
52867
6986
50036
65265
16636
62372
20099
49203
7921
49293
49213
21897
19455
26418
22271
33701
61769
4053
54329
47231
29298
10997
7801
15445
40322
51583
12530
22035
19038
14942
21918
59123
64906
38419
43754
23844
9518
10986
19786
63219
44308
62788
13812
59017
30555
39848
58936
9129
37253
53120
64853
19931
20434
59449
32327
39984
26760
36943
39218
39497
30802
56824
42325
30192
54409
30841
639
54322
49061
42738
32128
57337
11775
54664
754
12585
35592
52962
64741
7360
50969
20153
12322
64415
58309
14799
7008
25577
18178
51490
52232
64133
59448
52530
62768
5680
26761
6215
63055
64936
20393
62002
18640
26169
5211
53122
26168
17699
10404
2212
18158
22262
44355
62998
50371
6254
17709
17603
11596
38650
63598
57214
44974
19481
9998
39828
57583
21443
41258
62309
61845
19218
18866
18185
11962
40163
15983
41006
43460
60451
10763
43531
60621
9881
40229
61542
15258
60337
16414
60394
11703
38592
15201
42258
38370
15651
7437
52717
63130
17859
50211
19756
28606
51396
59030
16334
19811
53219
18628
50477
50637
40218
47332
55444
38547
29331
55315
11562
38180
43758
22163
42388
30739
53907
10990
53780
740
16515
6296
63640
16445
18071
64809
49283
52787
20109
16525
20019
7465
63175
52877
53183
65487
41237
31490
57032
44032
28896
56873
11815
55650
42987
29641
37023
32352
53449
11208
53288
994
56106
23049
34400
41351
59296
21290
41790
54342
14437
27131
26356
47926
23769
42472
21110
59642
38979
11017
64825
64873
12078
20259
9737
37678
37087
20467
62450
16484
16602
36916
65173
10485
63562
5447
48311
44469
5811
12074
51225
63440
53628
3443
55142
5002
57523
327
8912
35168
53641
13444
24381
56554
24118
22921
36443
26640
57174
54109
54767
16091
23012
35412
61280
21737
27925
16002
24094
54867
24338
61205
36227
53378
56302
46821
53342
16259
24414
35666
44629
24147
27529
34320
39433
37260
55238
58249
54226
26244
38168
43309
42054
56144
11482
26725
14426
45686
38729
37924
20225
39322
11783
16969
20024
63591
40764
37681
37535
39128
18847
17652
17372
18330
42826
7937
21540
14841
51255
22825
3585
41519
13556
984
51303
7784
21247
3900
14234
5084
63365
4236
12746
41338
52928
8837
136
62094
42431
957
2166
52567
23737
52503
38115
8118
2597
47361
18744
50675
34405
8741
42550
1932
51543
15712
42887
46654
17150
43500
10716
47575
394
48957
17540
52313
56880
10634
44781
1311
51796
41867
14352
48749
18783
44886
38121
36704
55875
23347
43829
15632
57934
21059
22240
56366
41099
34291
27890
22114
58981
41053
42899
59381
43045
6600
21160
16371
4314
58147
1594
42876
14759
52585
1911
5636
24478
2508
22967
4727
63513
39055
19999
40794
17172
17290
18570
37775
40676
12265
37716
40730
20452
20063
63577
12009
52611
48263
31964
39456
46451
20355
15637
28295
38874
43638
44588
36629
9653
55257
58327
46012
42771
16842
4316
37241
10400
59669
49
39030
52583
62379
12894
31495
17785
38351
20406
21731
15223
30707
53596
41354
5083
32889
31139
13128
55764
17232
61499
31821
47498
40190
28327
6965
52595
34714
51098
2073
30388
30387
49045
26078
559
5802
50494
33582
4890
53919
55811
31235
3450
35750
27638
26661
20260
5818
59077
3953
26155
12282
40865
57470
33603
26315
51404
18636
41436
49522
34776
15415
31101
48346
18240
43393
14168
10742
40109
51568
35903
16811
55100
29091
44384
51924
35540
13878
30130
46693
19062
42344
14897
9664
38152
50547
34366
18993
55817
31241
43884
28983
2037
37257
9069
45162
10661
36973
40002
29670
54241
31867
31113
39231
2819
24076
378
56690
29816
52393
46011
31929
36464
2417
51112
45990
53422
57200
30127
35746
1991
48069
53625
14264
35762
56522
61307
34169
24246
53362
56270
21408
43432
13232
36047
22465
28069
58535
355
35495
26869
55113
17336
7269
45216
180
54082
9164
39181
34427
33353
56488
52169
18176
64176
38013
29821
38310
16930
5557
31299
61995
38141
5525
49819
37443
30126
29949
50368
17600
37335
38753
29118
39948
10619
31961
30502
40059
37325
31216
2392
39350
31748
30689
421
10039
14966
29929
54505
44309
5854
34163
9621
13937
42271
17974
13873
29218
48917
38383
28074
36154
28085
14525
35005
54947
58190
32883
22595
28603
55469
61333
16331
16163
34510
22701
28326
61094
3433
55988
31412
50746
32958
4202
36211
1471
51876
46789
54735
54963
30212
35492
49610
33226
40406
6848
51856
64037
12174
30419
17808
40845
49842
30291
3933
17842
4645
62146
2102
10294
25045
48789
407
1866
32632
46549
45302
27099
3137
5031
49327
45099
31017
54270
54320
32169
58951
47842
53136
34559
37806
41344
55083
59763
35325
22469
60316
32509
56405
27428
63669
42475
64326
22418
13554
49395
60611
12659
6947
63051
52722
16534
37019
59171
14835
31634
13682
44226
64300
28583
41735
49306
26435
64355
61606
38757
2528
64323
25813
27811
62435
12880
56167
27975
60439
59997
40867
57496
62271
37164
42098
61283
58062
22581
23276
20130
44262
44321
39130
62961
58902
19451
39837
58781
18012
40332
42278
15328
57643
22045
23888
19782
38646
43595
36881
61528
20503
65424
2786
45295
882
37254
58443
15340
35604
25765
35187
40699
3155
59901
38171
51381
61735
24004
26054
15584
54843
12649
10402
63594
65475
40767
38289
47787
12489
23277
28006
42244
43591
26006
44292
38224
24603
39641
52930
42273
39661
50031
51306
24987
42553
53187
38244
27926
37136
27046
16100
3301
25931
43881
63739
64541
49646
53106
52851
25771
41961
62454
12388
24902
9510
55555
63797
9965
40330
15686
58782
8921
24383
58899
35177
38643
63228
33743
14201
1978
9607
4003
64093
22104
868
12615
34738
39660
23825
28165
36707
3790
64592
33486
13633
2266
60486
31742
3058
36094
9872
64800
27683
15088
35394
60461
20880
32037
50837
53538
36939
37117
44326
24727
54839
38556
26643
39603
63123
42105
37429
64794
51129
25235
38403
26885
2775
24855
64796
23202
12738
63126
22019
15715
11558
61464
64411
9964
38488
23219
13763
11771
12386
42546
16406
43344
2390
4334
64805
40231
60589
21353
46056
60483
36729
63168
1689
61432
38867
55253
14976
61076
14758
25941
56523
15737
32411
65139
50166
37826
15597
22475
16377
33262
24950
12484
55481
2155
48302
44951
48730
46631
23345
41283
44198
41044
3842
56276
49096
10475
47427
32224
2886
1899
7869
934
7197
28704
29792
1579
2251
30176
3165
51558
29643
30525
52118
29152
2887
63567
7230
935
4406
5703
17419
50197
50437
50443
37039
63453
8104
12031
6531
19881
25818
52621
35314
28586
5977
34188
60255
15237
15605
64607
49838
28303
34545
6206
33669
6902
28373
27528
35405
27045
5505
32896
35034
28638
25774
4666
51519
26252
36091
36415
27990
4439
26729
14367
48856
16359
20703
34327
48009
54239
44632
20567
14056
41865
36616
36335
56151
60681
51788
3361
32754
25942
46329
29996
5970
52873
50165
27135
26365
1154
46573
7665
32649
48534
55884
64110
4379
1366
60607
34092
8547
56353
493
23754
42404
64613
5613
10814
24983
60106
51728
63374
5339
49664
17874
7302
10117
3211
1851
11317
62722
62085
6461
17634
51792
16691
1971
39790
48980
771
31292
31782
22580
39562
42586
37428
40093
56785
28909
11245
29322
8643
1242
44500
47889
57146
11364
30092
23324
2404
56836
11500
38225
41066
46673
23889
492
10810
55155
57041
46267
43510
46616
48198
22551
53938
42139
48905
54068
57191
47533
24145
55952
47964
56102
64447
4846
156
35532
32800
31293
54346
595
54689
41166
51821
4248
11204
33322
60357
52103
2699
32045
49392
46369
30343
6790
50817
52733
34300
27896
1302
30459
4443
3564
47863
3797
40578
34319
37712
36103
28800
35048
15641
13831
16143
36955
14440
29499
31570
36633
11061
55824
52913
28866
53760
30693
35862
28990
3651
163
2398
1688
354
35085
30920
29477
7068
31735
65529
4414
3704
49622
50936
16907
5349
51810
5472
8313
63798
6312
9215
51550
64889
35676
5602
39296
28369
37200
5125
59535
34440
28631
15673
57562
29058
62491
58196
31186
17680
60841
46562
51243
14415
9075
20816
22987
33190
14205
48304
57530
29693
53634
58260
18629
21776
48022
61641
5358
2849
27324
24731
30013
46330
1166
46460
20659
50438
7064
8388
25236
15285
47868
62723
4368
2701
15551
26001
8558
48161
3094
41418
21882
61698
6893
9534
35991
15034
19909
37781
18501
63522
61630
61614
10274
8306
37701
40389
8307
65182
20222
9214
18085
39861
4496
8337
39566
51995
21114
48835
34305
5354
26644
5484
19637
8766
3764
16386
23290
20518
60675
16635
36902
15038
64860
11612
23230
57442
15541
44291
22229
19789
40269
21922
8209
16519
57763
28926
69
14158
40336
19856
59182
58738
12869
12739
23733
32034
52514
22930
8267
8262
8650
42243
7629
41326
3543
64719
4267
32060
3453
4311
17786
1696
57602
58686
50689
39610
11578
38565
19381
40318
38500
62980
19838
8292
37043
64826
16601
40398
19918
16546
16393
40409
6880
63827
5328
50283
62930
52317
10114
31883
2512
37173
17765
62546
5949
17122
5456
61907
57609
58717
39038
15295
17369
8604
46507
36102
27325
46800
21866
17314
41245
22212
10298
17740
6892
9565
2403
27921
41372
46250
60271
7192
24599
61705
17770
8477
1246
58884
47540
21836
20789
14819
20141
42882
2992
13618
9133
7616
63675
28790
21861
37824
58450
21218
49325
12643
7504
28927
64107
51419
16997
32425
58161
36442
27604
32988
18133
4843
40520
20306
19173
8263
19450
50006
20102
64369
61581
61534
6980
4980
62284
64508
17274
52062
19261
5105
4915
65235
23385
41783
31701
43992
219
54111
32395
8322
37072
40501
21465
40507
47935
45912
29525
56279
59593
41900
59433
26664
41076
26312
47940
58920
26153
44028
21370
44788
59592
46065
59081
56188
60819
65283
6243
64804
62765
62878
19745
36798
53178
15766
61363
65005
19950
20420
4803
62643
57753
13065
19221
61714
63922
64751
20159
57378
61481
16069
59833
65026
60399
18690
19605
63337
18597
27030
34887
51275
13236
12962
34589
58066
25216
14083
17331
28305
34043
5021
61353
14259
10995
1590
32134
40334
38270
766
11661
29310
4051
39670
8819
40254
30814
12094
30198
2678
24067
26022
48060
42942
26065
53261
59508
22884
41914
13370
61395
28065
45517
58030
48140
28118
22437
41664
24183
55115
54968
56491
47144
21375
54087
43209
21173
43208
22443
45723
45223
55984
17610
44969
60716
13422
42376
12804
23179
17697
13590
39671
8825
44536
59588
21042
58860
42201
19977
41667
61113
65202
41572
13058
21614
18879
14693
38090
12138
43204
59330
12238
59657
43107
19029
28503
19920
64219
65490
13919
6216
17999
63095
63657
17109
51291
60728
4699
18005
14553
21562
24743
23930
43124
15583
54577
60232
21889
42572
12631
59865
15279
48545
58287
21818
25047
8682
53260
32275
43796
3261
2532
11886
11310
36883
38851
10602
2829
48868
21252
31123
364
59187
54167
35658
26509
41000
13220
45330
60557
27779
41440
22885
56223
36593
47595
57596
44729
19941
65280
6240
64875
63074
53218
7442
8034
65296
64992
20325
63714
7426
8171
5856
52576
5050
59640
40967
17297
15614
52835
64381
11285
11275
19443
33845
57773
62438
13451
43801
28591
46042
33995
55304
21329
48368
56204
43328
55305
22552
47474
33989
46960
54076
13355
54808
26011
47305
10466
45486
43048
53297
54936
56961
20979
41341
24122
11744
24113
47304
3346
55806
38402
49075
36559
42585
32708
14062
1203
64814
21833
9554
19946
6089
60062
3843
26466
39561
26895
45689
33998
55300
29234
33541
1241
50101
54474
29806
4975
6154
34741
57145
51390
612
28430
32453
48111
59174
40491
57580
55746
52243
5054
62246
19485
8672
35610
22427
274
35267
41192
4723
48017
25433
7998
57182
51782
43598
19593
57439
23891
46858
46334
50774
57012
51081
56545
36405
60223
35398
26482
17722
24667
13964
36830
25203
17793
16727
60890
33275
15240
34390
64575
47011
24148
46256
42829
22025
56573
54809
45746
41504
22040
23388
22553
47021
56196
46480
41012
29898
11757
23282
54382
37439
53764
38098
11609
40258
21673
23958
22591
47300
40225
42578
38301
30777
23896
46259
2162
9708
57138
38166
32612
4019
21793
23287
23836
46242
39563
48899
38232
31077
59389
16097
10731
33445
56937
65344
50947
18205
8050
7843
58432
41959
65101
25444
27054
33850
19774
34802
26740
52280
25937
16095
60245
12610
18233
19190
35640
36337
64909
25426
62894
6617
47869
27985
33599
45286
49543
55731
50234
35028
45934
47155
45350
24663
54398
50561
54877
34563
7150
20939
14109
41743
25540
1819
11157
39867
9989
19356
48872
61073
52004
44178
61677
32613
48808
53306
12267
25234
3344
15035
20618
20529
60053
48809
35522
3840
44616
56970
53496
32460
15733
27124
48112
62566
50120
34231
31283
33945
8918
9002
24956
26363
20597
50446
65065
34828
58663
47487
4444
483
9302
64057
33640
5512
16105
61210
41463
33993
19674
10525
30083
61081
9511
18441
59961
4928
45539
45152
58566
35638
21104
24362
9178
8695
60522
30966
34179
48800
13205
35524
57021
14204
28587
21153
35529
55924
58039
21317
13004
36555
21406
27812
14405
33991
12954
34743
54385
12879
27041
22308
47480
55740
43001
57897
14239
33985
21236
33447
14154
10483
39785
17977
19721
40750
65438
40201
9006
8415
63731
17221
61540
61492
8410
17301
38981
5280
45214
43633
51131
33319
24304
16897
4410
51812
18908
16965
45809
44589
18834
60103
45125
61011
4191
26
14366
3561
7657
22558
61314
13077
16099
21269
7556
3460
24402
28815
28810
58515
8332
8328
60211
52723
32243
15107
59682
59090
42131
21061
40423
19943
20581
28718
4165
10233
37530
18433
38692
40551
62207
17208
18439
39121
9180
8745
40759
18335
17140
62257
63274
18665
40793
19993
39044
62228
62292
18564
9103
37658
39145
9098
39140
18660
17247
20313
40473
29750
12666
34295
35479
63762
49677
41385
31085
48200
38883
8835
13695
27889
58809
6400
62483
58457
5620
2177
14111
29580
29177
24379
60982
14445
21344
59674
4952
292
21220
6375
29993
5948
46580
43308
50273
53753
58519
18207
4824
51559
62553
18826
45348
42049
17124
22856
34089
22499
61882
49201
8617
39024
14818
28892
10406
7431
17264
57987
2919
62895
9657
65485
42003
7680
20544
60057
6896
29318
11932
7388
36106
5978
61292
17173
58041
48805
17781
10806
28714
32170
27510
33014
34965
65316
50884
15813
32625
34347
39162
12156
12414
25598
34480
8140
63676
35593
22905
20546
5209
3740
8454
51872
4194
4674
65024
58215
44709
20985
5591
8369
30998
59596
10618
17704
33084
24917
46166
41225
61220
60628
43257
24439
37372
17609
48231
46478
35200
36293
16326
34998
56702
13134
24750
22606
36795
57206
14485
61360
14494
36302
24493
33702
15990
45481
14791
35765
53684
16251
26031
24253
45170
53427
44704
22903
16075
33231
22977
34469
13431
11974
52076
5543
31543
41581
62411
2759
22893
31864
13366
20342
52401
50744
30311
59648
39094
4515
49149
44870
51902
28053
60864
17454
6525
49846
63475
18806
48462
44413
17101
61227
36640
59440
8017
2348
15979
1175
32343
21601
58072
14695
14092
58214
5185
3601
24333
31048
32535
59328
12137
10623
36144
25686
32406
24844
58296
34264
43212
21174
38089
11833
32870
47389
8006
17607
37543
17450
38001
39215
63905
18255
16943
37450
38906
10620
38143
17601
18856
18938
38839
11831
40716
18359
40545
63921
65336
17521
10616
39356
38087
12135
38081
19976
20273
17063
65132
28931
27255
36853
47097
62392
52226
56224
28852
45890
40652
10598
26235
25343
48247
4297
63328
59196
6648
1354
13409
506
5271
21647
59780
12826
42985
22887
4431
1089
21048
5423
31052
6713
47505
41142
49519
57072
20903
18363
5490
52405
62624
17111
48685
41393
18696
20603
47431
21558
439
19626
6855
41602
12813
37290
21134
17855
14165
59856
40127
52385
31868
58083
42192
7427
61365
36786
6131
3578
11692
61859
8045
7245
63715
20326
15760
60821
7286
12097
32588
29514
33086
3784
28836
35926
3625
25184
3068
32369
34075
34021
34774
201
27234
40
26974
33562
39803
11704
32772
23682
9493
26233
52963
7022
36687
34037
44240
9483
27250
40345
11253
48793
3649
43398
56255
8257
20819
37653
45096
54199
8290
31488
74
41437
40555
47582
11946
33605
34030
3576
5119
5532
55365
54662
27632
6984
30017
29946
35350
4089
54414
54859
49812
33354
7826
2196
4702
6553
54314
55571
26867
6212
31012
32490
34581
739
3630
57134
50159
30869
18189
33123
3506
4300
50078
40887
45586
54629
30392
31232
20156
7118
37995
35299
52237
29253
43662
7807
32594
29300
57413
26156
2800
32139
34065
34026
53971
16639
26660
28325
11002
47331
62686
13699
54318
61310
19802
1638
45588
57130
30141
31244
65402
64846
56673
17732
58538
34707
1051
42336
25022
12223
11669
62310
33572
24762
4205
35596
3879
40379
15969
21778
9221
6137
32168
47744
26498
22181
767
61561
7240
27776
57458
35744
11641
46162
52088
30199
54955
6234
31245
46099
51278
46790
4068
50812
4676
25219
34429
35500
32188
30878
51933
29338
54721
29205
7586
52164
29954
33365
50963
56533
2201
32191
47490
32501
35541
52227
2930
49956
53234
46169
65151
27093
55375
57419
16889
38613
46472
54855
9586
31392
61511
12674
3547
6527
61093
29210
39726
19780
49124
11300
58698
25385
1171
30750
35103
36581
44051
17758
26402
15859
11242
46931
11976
46944
53726
8393
55778
37706
48269
55766
8308
31660
11817
45314
40561
48352
200
29461
14955
11841
28674
33378
8266
25468
3040
32363
32833
36602
12816
8353
27508
3754
60133
20119
64064
64596
34981
26652
62443
59770
18950
57850
4630
4137
63450
49826
58944
13825
51989
22620
64105
31831
5129
41748
57137
37207
21265
31199
56298
46730
40159
50664
17687
45836
43146
48026
43625
26123
20823
14192
41876
21459
46326
59397
35136
34378
56278
44095
21783
41645
14410
59632
52373
18945
15915
51084
62203
33425
57772
15025
35148
34373
49900
18331
32914
64561
51781
59388
50666
18199
13345
50575
63825
33071
57928
14631
27385
35914
49647
17633
34196
16983
49546
7571
43792
58960
19292
54574
26014
64492
4130
18056
3475
30277
12317
12381
8215
35989
55877
10224
39315
31284
38701
62567
2475
29265
18951
39633
4631
31813
37436
30669
31902
50447
38725
36325
13141
24083
56718
44818
16354
36238
45186
53267
56805
45187
14430
22622
32850
21333
44675
47859
43987
20533
60896
12878
41726
44512
48174
20619
27379
35909
42594
13826
20614
22931
14149
6905
54762
35053
49455
56848
25951
32600
7772
51217
29463
7210
57168
33263
30100
25437
24858
7002
54869
35605
52500
24606
24670
32020
5775
49177
52202
28697
56814
36334
30303
34389
56085
17638
61836
4665
34730
24607
16353
15095
18715
33407
49637
5395
62856
51508
60492
58343
27930
45401
12890
22589
53524
44758
43359
33627
35040
55437
45958
46361
13104
22500
34132
16139
42009
17639
37466
30572
38017
39311
49672
28948
10632
39196
345
5401
38884
29745
30036
31031
62489
33253
12572
13118
19191
54336
24735
9065
6294
20026
32576
46355
44645
13656
19500
25245
56618
12006
37237
49903
30629
43228
781
17001
23868
19177
49036
28691
51815
3323
11328
54836
40467
9847
15444
2482
20517
61340
40400
6516
39159
57029
57885
59910
35130
37157
16890
40843
14017
