37025
22231
30437
34763
61863
31520
48435
53736
30819
33046
23514
8533
42996
53349
19735
2252
61722
29084
53174
54196
36104
8114
62077
10078
37520
57055
4593
62101
6195
17867
64711
15801
3266
550
38397
60989
35746
39948
14407
59690
64139
35034
330
32891
19478
16011
14839
17490
35798
445
19462
56008
4782
18386
28440
22230
9120
57113
63499
9493
23506
27161
34482
32451
15547
44687
31603
17644
11089
53068
48419
1477
10254
19274
41270
48802
51028
20432
13153
9364
60278
8021
6789
7037
18612
55019
29764
1154
63010
12105
48027
64580
15739
32018
65341
64402
63565
51286
7254
9678
64453
7298
32277
3142
63168
4723
6226
62997
466
29552
18363
39872
60700
20465
65294
11034
46094
56725
62589
33488
64510
11984
19719
62641
53567
34857
61229
47873
33098
65387
18818
55324
5304
58907
50206
21122
8210
5235
36290
10964
20951
26641
33414
7083
14247
1650
40363
32770
16818
37037
15835
57772
63414
60749
2838
64731
59162
12358
33137
2061
64844
5368
6325
56794
33214
45771
20300
65347
4754
54336
7511
20308
48096
64483
62506
36193
38839
29411
29683
20358
48626
31836
23410
62253
10814
60701
51260
45282
64588
37947
1426
12142
194
49387
32155
19458
10347
30461
37195
64966
10077
18646
31725
11323
63005
38733
19323
49517
59421
37292
29011
9124
45576
6254
36636
54869
3789
8735
18593
62123
56192
35521
60587
28169
38411
21130
528
33830
64439
28991
55439
14756
17589
35708
20950
56309
31893
60995
38385
62711
13825
42551
50555
18369
8599
29309
10368
11246
50189
16764
44426
12043
28821
11365
36167
51354
62188
16214
3855
6987
43852
62117
14328
63909
1928
28871
33367
2851
36639
63525
62811
42827
10362
39770
28413
7495
492
9314
38750
59125
26091
31943
18577
53046
16771
60398
8369
1591
17645
37306
64524
9333
49482
64135
7190
3094
29700
52418
17489
31756
1067
5280
19650
51784
56285
43949
53446
53569
29005
5963
46806
42828
28075
42674
6146
52230
43851
45324
55041
42610
58422
24918
53004
46158
20790
10244
38756
10084
39300
27835
46174
53132
20441
20439
60603
23630
47894
23456
59072
53877
15341
59115
54813
25456
15781
41154
60411
14077
28027
56995
46510
12405
8669
24061
57501
47995
38966
18226
7238
24701
15771
51131
16738
3158
51266
56774
46754
20715
56604
32265
24269
45592
52186
60821
14180
60081
13595
24737
7431
15136
57663
36823
54180
50648
45386
28355
54176
57300
43798
54811
47066
43737
25253
42759
48578
24749
41431
48911
47800
42270
36650
3946
63836
6162
31517
62955
55164
2534
30903
42913
62194
28870
16359
6342
63986
30673
11596
40377
21232
7896
3466
45819
12437
58795
13797
30209
19799
41709
60192
33394
9140
1752
20364
51308
11356
12244
39052
10804
11340
40012
37300
50951
12132
40028
37943
9401
18183
38868
20013
50287
10591
8657
40237
9701
8317
39226
38993
50850
12021
37021
37602
10426
19041
40065
55414
31676
15347
48407
49436
63589
13909
34664
14053
27819
6343
307
35715
33080
53447
50903
65158
12550
49503
7902
41430
17592
40085
11413
39489
30219
33899
37183
17523
17522
62987
43742
57914
28499
49423
47170
23354
11685
38645
18952
51841
24753
45656
52781
19987
16776
59730
22322
30145
29553
32145
47778
46274
28924
26667
11164
55293
48918
29212
48354
4330
27693
8823
44973
7964
47006
22390
33624
62074
14450
15316
31978
50553
33417
55523
29304
30759
13903
6849
17863
31435
26655
49327
48448
57271
49926
25201
5663
56350
48970
50198
54647
4934
24958
44200
56590
57053
28166
47782
35476
61432
47378
3624
43638
17401
33839
45570
17704
42002
1001
54203
21753
43698
1480
62954
8575
48431
16454
31617
54665
24363
4826
49246
23825
56381
50408
40964
61200
48662
36563
13333
8749
62582
44516
21646
51224
3368
17545
53561
3659
52951
25217
10451
33071
12253
54878
44256
17406
33818
41253
21128
51740
892
16931
56707
3601
53009
21385
10763
35527
45692
55470
55598
4842
65109
55009
39758
45029
61479
16944
57025
63045
27623
3041
55411
4855
54348
47877
46869
54314
17662
45847
3646
41237
9505
62688
46087
17294
44663
32289
56787
49137
43681
27159
52903
46514
56843
50602
25723
7884
55750
48710
28442
55835
4890
27005
54391
41654
7754
36723
16354
53900
16966
23415
12613
32548
31601
33843
48105
49742
32049
15239
6169
64495
51719
15016
62239
4560
47167
5680
29255
45279
21630
53878
31902
27624
47830
28948
49317
60992
50594
53732
7577
6587
48432
5679
29719
48652
26595
5334
44280
25070
46554
31100
11803
45141
57213
42189
56477
17812
62196
55083
2936
26598
63183
62191
57259
61460
43234
36985
47563
3743
50619
31513
30201
47120
53921
30301
27937
5615
47845
48666
32333
53281
8246
28462
28872
45509
42247
11236
19404
6561
47136
61562
49633
56666
23581
9338
28824
22555
53388
30506
56897
48373
11756
31644
44970
19320
3353
46273
23028
47777
14632
38596
7671
21743
48924
58408
8337
116
61721
47557
58114
16660
43685
58070
2414
63845
57931
38824
46192
13746
17459
62517
63428
54398
8493
46232
55844
22519
2067
6123
18291
25828
15612
40101
6386
1984
51426
60652
48937
20970
60368
15107
32944
60238
15312
34526
34515
20547
23822
12469
60853
20483
23886
36272
58885
13893
55350
20204
61209
13927
50613
8483
2408
11635
22516
14270
19277
39586
8154
50066
56969
50887
35603
48086
27979
1899
27060
28488
58896
395
55005
14021
46303
55881
15230
18317
16701
41138
16707
45829
25923
61765
42421
28238
18387
1856
57008
1806
45776
54227
478
16640
63237
45646
60287
33275
48722
15602
23833
36712
22868
45702
41606
14020
35780
13375
58511
42322
57830
22573
57823
60754
34443
12370
12623
34628
35913
23867
20589
22452
34824
23561
22600
34445
60294
15238
47148
43258
55196
57624
20863
56359
60537
26602
14532
22436
45457
15529
25063
59599
48369
14104
64329
45430
60288
38897
41924
58586
13205
9277
12373
38404
45695
22967
33315
31083
61740
44194
6282
61228
21735
38546
51877
39026
63305
32302
48252
1800
16669
10611
30775
63014
12003
26535
11757
60577
22394
64277
27044
20855
62992
28902
49103
38597
59420
47737
32043
64448
4338
46104
57712
14528
12899
33150
22547
61013
13653
58213
13109
15525
33198
12928
57984
57918
59333
23582
11069
7924
45512
38551
2880
8098
39669
47129
25834
37045
7003
3875
9245
27127
12009
3372
56716
16577
48376
35652
50116
47145
37781
5538
58385
13828
19836
22951
11901
61989
53335
8824
8943
29264
30883
19250
3052
55464
27377
11429
31010
37009
4756
44842
45343
9250
9557
59
63724
45249
60520
19847
44235
60803
31314
54770
59444
40183
47229
20574
8077
57058
61527
56695
12064
49565
7414
18462
37357
6702
19686
52454
430
38907
9365
3318
50414
16832
10235
40053
60813
14442
34652
59447
15677
32827
34358
22330
20839
20571
35682
22118
23346
33116
60513
15409
54400
18107
10238
33246
50875
20240
51793
10929
20251
15467
20022
38910
8527
17464
56427
11854
60909
47364
27209
35614
42929
24903
57389
13840
54287
12539
47324
56538
15659
60323
59077
57160
63629
48129
26442
36322
24763
27458
19590
12518
53692
3154
48605
54854
2107
60918
33010
47175
60908
15785
21599
36120
23338
46161
43345
59748
14724
14065
36343
44940
49036
36664
59076
20504
59532
20927
35849
34888
14476
35975
35978
23625
22536
14161
57681
22378
20791
33039
59140
14292
46127
32755
6544
16674
14378
55780
59370
51683
2203
23793
57336
14236
28648
18589
10997
1826
64908
46020
59655
19416
42657
59529
42491
58261
36673
36961
48508
14168
48877
33326
62980
56856
9279
18347
40054
16712
51115
38123
64652
31884
9408
40017
20262
11382
29828
61705
11345
12062
4643
19186
39405
63617
27809
24545
61670
31033
10445
242
58410
46970
29422
63580
6504
8466
59629
15260
44906
36327
20774
53858
25947
47713
43569
15515
34971
44605
48781
48951
57489
22055
11824
32102
50381
19790
3462
8645
51707
10667
39653
38491
7790
50413
10256
20270
9819
1758
53817
17746
19109
34875
49345
58399
30194
5896
16677
12375
17130
23800
6931
8065
55646
11074
968
14917
13394
34216
65448
13146
16162
65117
62826
36627
15951
63777
62442
13610
65093
527
20345
52153
9561
59230
45655
10724
27463
38204
59222
60217
10436
57399
40935
26438
17844
28502
39333
51080
26725
56420
36526
22787
15892
11107
5737
34009
40927
62420
17875
42537
10277
44528
61136
24224
17161
19710
19966
18964
40228
21273
60512
57641
17422
59012
21534
38528
59908
37225
14773
43330
43090
8292
11012
43347
37511
35005
8300
17113
43075
9604
35133
37084
55349
49676
36371
44717
4874
64001
5217
5848
12677
30351
35427
61839
56741
55938
3800
15069
55029
1135
62528
44480
5817
64596
7835
7284
15668
841
55894
64992
4542
54071
1140
15408
33742
29788
33305
31593
61452
62731
34926
62855
31707
12316
55552
64384
61956
55259
12839
30160
53492
16134
61407
27635
8303
18850
18536
17880
39813
24623
59661
18467
58021
59269
21016
38365
46952
40714
23204
39636
21518
35252
65470
21257
16254
19968
62905
33344
40464
63860
17177
13689
17438
12992
62031
29370
4186
35250
57170
5432
43074
74
34739
34867
7096
34610
561
43331
4184
16211
2568
31441
41986
46750
48590
44035
40516
53603
9148
61040
29151
9796
35539
50745
4488
28358
974
31812
41406
58821
10421
42681
40824
33968
8383
20291
32112
10104
33609
38223
62532
27587
33907
3775
62298
63061
36184
64225
32113
13290
56509
65007
62664
54849
13538
30285
33736
12627
1294
42894
14347
46744
20152
14694
24289
64262
18106
61055
16336
17201
62854
22138
7054
52575
21940
26446
28510
17160
8616
25945
37921
61270
9071
17439
27465
10792
58684
37770
61262
52495
11759
43887
32778
61969
24138
58945
9087
26
41480
37825
48472
25535
40305
4783
4344
13777
20252
38143
19631
20343
4079
18196
6527
51743
39108
2497
20468
1999
53012
12233
19105
39396
6368
65198
33748
15604
3916
55102
62790
3604
13929
2507
6228
14774
31550
63017
33817
3360
36566
4022
63948
61147
40925
64023
59677
14710
38055
21762
62475
39338
13339
58534
34235
39643
45443
47876
46468
20580
21635
48258
47827
21127
20588
23042
46082
23555
20946
45276
58073
25228
57981
9307
10983
3173
16096
17720
62284
37348
31482
13259
58005
857
37441
64559
16688
29837
17478
40787
18847
62539
1155
19172
64026
39290
1172
2562
17502
2815
38007
62668
18866
2622
33306
16792
11377
14334
3658
5592
54143
24946
30636
13249
61953
29631
41496
55062
57827
2089
36684
61806
64548
20581
24086
62791
58140
12590
38911
23047
33483
37644
12919
59171
36224
39043
53545
31632
53337
36727
3606
54916
62236
28905
12983
15015
7678
13068
32036
62156
55188
1403
20186
12279
18215
1944
37433
18136
9545
51223
1946
38327
20072
37049
52952
6010
18473
32746
10303
11726
46660
38558
40767
47426
59725
24132
25436
39345
12209
22867
26677
58937
20080
52966
11744
49869
46522
17010
40672
45895
58188
24639
21080
37835
11979
21337
27956
58042
8341
38373
58493
4010
6575
33906
3868
10872
55568
43283
29896
14763
17601
31145
25717
54467
35234
2673
7043
61112
58161
38552
16349
34770
5587
40673
26298
1282
55397
43267
3026
9850
20095
23871
48009
28170
46698
61137
21129
45191
46553
22234
23816
21767
45575
20489
23511
48655
46696
21384
11551
31491
5475
11906
29226
5416
17962
50051
2914
50161
7080
250
52776
19821
9733
30082
7978
59128
26138
7729
22430
24850
64746
138
48076
31377
57635
46966
2081
64858
5473
60388
8560
29862
4870
17646
29734
5854
9014
49990
3694
51867
4526
29542
52558
20048
10955
2606
45629
44892
54684
54327
28294
55787
56038
26090
28407
41819
53851
27382
28642
56988
47441
27271
45379
8302
37078
58421
36974
37515
60477
27709
8704
27218
17104
8406
25653
57779
47794
17115
56870
60087
21372
57893
15464
24036
9610
905
36522
26098
57657
34351
32391
17007
33790
34001
7990
59224
20719
48683
13918
22757
10796
30012
36249
51819
60211
36064
32743
11884
54683
33076
45612
24223
59087
33512
41516
59105
33002
20505
15268
42385
48785
12540
23335
35791
58868
13604
46140
13417
33785
33928
28554
54055
54058
21481
21240
43617
54375
26106
28391
36607
59988
22920
47231
30912
4272
12258
45036
4212
9706
49219
29275
27025
55492
30108
52088
8797
10181
31211
11834
58791
25881
62084
12440
27415
61580
38479
53967
30055
60201
53370
40241
64265
17240
33393
4569
11422
50736
62596
40094
40526
55942
43734
20150
31335
17520
17968
41438
33888
6663
17531
7024
18885
38211
7991
22424
37496
54588
42816
19283
30107
61311
16623
43844
57174
6068
18661
46125
41722
33018
45799
42221
34594
59366
22058
15761
27035
57330
15517
20770
60316
46065
41953
11216
52925
9821
17038
52797
9013
16518
49286
40373
50539
11701
38493
49806
19200
9483
37685
56287
17157
37773
57218
38648
40481
32906
43395
11533
42337
19999
9754
41608
34925
55045
19845
61983
16131
35181
64389
15247
34177
4122
1421
43010
248
33288
40970
545
6925
62725
14213
16687
52842
18026
19252
53228
19489
10108
50906
39767
38804
9457
38812
49425
11196
18024
50487
62480
29033
56416
62491
393
35550
63104
30336
13323
3326
62468
15456
3806
65030
7422
2775
35632
15248
61529
57732
37248
63460
60448
12521
40292
22126
63582
40185
14574
60921
34644
22062
61392
28422
46950
61403
28550
47502
47062
22486
22542
22382
47118
22374
24459
48896
46958
22926
60896
24208
17241
36370
44589
9015
63119
37708
3688
14069
48795
29546
40244
65034
58315
13093
18483
25245
9562
36334
29750
10721
64745
36927
32343
3166
12114
31388
39144
64857
57493
41963
60911
40634
9151
33303
2953
9793
53276
25471
29188
12532
19800
28684
28017
53929
58305
1495
33161
16038
62220
61393
23331
63108
57391
13084
37377
22376
36350
36975
15652
58026
35335
21778
36729
4025
35248
63726
3040
34116
61673
1344
14430
14228
62158
12377
628
64336
63950
1844
19337
37481
16393
62017
29242
16519
4170
50649
3000
88
8807
90
52183
4799
17671
1336
17481
50364
47798
17479
50236
48206
60464
27696
21598
40020
8628
27222
21582
58550
11348
39476
17011
51391
47027
18488
49901
45128
57407
22851
28498
37013
11205
25946
21064
59475
18872
51505
34851
2927
4106
36328
495
5905
56445
40986
32177
15509
63736
31946
43026
56778
33016
1592
20035
24915
60605
20034
20787
59954
9805
38477
25781
38485
58549
27837
40498
11955
9813
23106
61151
24835
47715
57733
28298
45960
46810
23181
20834
22120
48392
22122
24193
45325
59909
27266
49348
30277
32341
46760
55461
29599
25637
8784
54783
45331
32127
55589
9705
25391
11086
43951
4479
58820
21996
55890
19433
24555
15665
29503
49222
56890
61296
52087
29928
15421
5816
16478
31909
51474
49666
47799
53508
49155
28020
7693
54188
45385
51219
54804
5843
25468
5138
41996
56640
24841
46761
6811
46327
48158
32487
42617
9062
54508
48398
8999
41342
29494
56500
50422
42766
6965
64445
9137
57881
62781
52792
55398
20508
11599
1461
21031
55680
50746
57307
45300
47891
56424
42543
18792
61731
15896
28546
50650
989
12170
34015
3461
52184
22915
46498
64162
8656
35508
13177
10855
33257
13438
28295
50905
1584
11814
36416
3556
49428
27270
46766
64670
56191
41644
53500
62805
4715
54564
2866
41194
61440
4669
56228
61579
41704
67
54721
608
53727
28426
46506
64245
12274
45080
32386
41754
17763
5165
47112
9602
44312
899
55809
40947
44228
52254
52494
47032
56254
50857
26741
7600
53449
47939
24857
55166
5753
24703
4478
43193
7129
53400
12410
35182
64307
13025
14475
28812
30019
57222
33407
31554
29316
14288
5383
62898
50952
4389
7523
54187
58441
62419
32212
48909
26345
56592
2725
24180
47059
29660
12241
48212
50862
62590
65200
53454
57923
62329
30836
45312
21887
6208
15044
24437
46809
28745
8660
59832
47216
44495
54175
9563
7825
56037
39911
26089
63069
8940
53701
63201
28654
36918
45252
32349
28853
30171
31595
46503
48584
30048
25124
7005
46746
47897
31696
46056
5427
24620
4674
28362
42680
16974
16982
4104
58387
17900
32552
54355
21290
6175
38340
21538
54079
30095
53573
58280
64796
15292
31731
4724
44761
11669
23233
55288
1298
29604
36103
40573
45551
36625
61639
42308
9337
39119
37987
5236
287
20334
2482
18946
39230
31400
16836
3891
20438
20299
10696
3188
63517
20114
62251
27841
32735
63303
6512
13351
30374
31141
63489
31161
2171
56348
58602
52605
48707
32515
6576
56901
32720
6878
46547
42304
50190
42254
9397
51459
44766
48640
54533
31301
59469
48724
11182
26295
22595
9217
39425
16912
49702
27061
47186
38031
8591
37118
60988
23868
48659
18539
19515
30642
23408
57461
54128
49483
3181
26062
60837
14016
25205
7389
10454
2109
12240
37123
18355
12110
2115
19534
6867
51523
446
31157
18446
3075
50254
5296
10757
38734
53881
4519
16725
26530
52953
33442
15025
60723
2176
25508
4788
15997
36826
12398
53526
51226
57311
8626
7387
40971
44659
54654
47833
44507
50957
43704
53925
25504
44868
45277
48461
30934
57722
2989
61638
57112
52851
63003
55833
14204
29390
27336
19906
29600
12567
57289
34721
29973
8783
16791
12139
31905
3401
61173
21963
18560
32573
29620
19384
21216
60957
1877
8572
298
16858
8958
9198
49323
37343
10033
10575
40683
38550
51720
8545
38847
38977
9846
16934
39718
19222
52733
8349
11797
39696
9963
9072
36989
39877
50606
11259
38592
40315
8899
18082
38421
54288
32713
3853
46110
53023
17586
13579
34050
2626
27045
5284
4054
61005
36418
55758
51732
64326
36455
20165
30375
44864
6248
2466
58495
40419
30142
35003
4058
6179
23704
65068
44508
60748
27482
52909
45640
23881
8875
38315
9973
37669
25524
48471
37408
11040
19986
57521
20552
37879
23179
2632
34199
65431
3699
33491
62581
12963
36838
24204
65285
15048
35080
20107
604
62700
32345
27584
56507
36183
10430
19424
58830
53084
56652
5268
8859
20288
18260
62295
12630
2555
2007
38913
60593
61074
39274
13447
18605
34470
58426
3980
33579
18733
15580
63515
24013
36413
16029
58358
7362
7618
19083
24855
23180
11276
53626
62546
9755
24203
52246
35409
29114
14946
44162
31041
18103
11860
30799
57872
6200
25254
20028
42115
48046
2488
45310
33234
52572
33517
43933
55037
6584
63569
54053
29137
13853
64527
6218
53909
64641
15906
31455
32962
2239
20278
25232
54160
10167
19355
6718
32123
13286
64604
11126
12126
63211
1083
31820
58779
39004
57898
39690
44016
9477
47106
33454
63520
55140
3852
11229
16993
63588
36825
63915
57505
28419
36748
15270
57517
6574
6151
58658
51218
22490
10511
6166
33531
10193
24449
51475
34567
32521
14993
2609
37991
35169
65378
37878
12859
17654
34198
33421
3821
63803
59948
14652
62690
13053
65162
32106
41677
55813
33122
56261
63551
53397
3935
53725
7784
8017
33395
63921
62977
12547
2385
30513
29025
57515
45822
31343
24299
61706
46742
57894
32575
46062
64138
22134
63553
27638
38299
51508
29780
58354
9317
29584
40754
62556
46483
17549
49888
10549
62438
21997
20279
28403
58406
40556
16067
9739
48391
62645
33263
35512
351
11548
17655
64917
36419
64661
58359
24838
38242
22482
30596
34471
65127
4057
58447
6190
28051
36396
24461
61125
2478
48216
19410
3340
13143
43582
51012
17745
12184
52080
17619
20292
28067
20458
44601
8453
38350
58277
33851
49759
8732
29354
4346
20008
40687
9953
16409
50730
2984
38388
11969
38607
52007
19887
9121
1320
17647
60066
27155
62696
14786
28446
63257
1823
49088
2548
61206
55667
37240
61903
63992
61307
12157
53668
5652
27287
4064
5451
17715
52596
29692
39317
8139
1360
49730
9196
45433
42028
60976
12880
35216
36414
21123
35374
35363
23011
21758
13157
36462
23027
21742
33936
58709
21390
57309
16921
37415
25425
37634
40402
34771
28216
8220
14693
11651
9171
43138
58938
48463
37108
33504
60720
20974
51554
15031
21105
17289
29735
35875
21502
61258
33660
564
10538
5254
13925
62592
58802
22909
17550
13058
21627
18735
2537
33990
39269
60998
35357
1060
17657
63838
36427
60975
46226
60642
43410
16111
32792
57465
22571
14326
21908
33528
14031
23832
34797
48934
44838
61247
56939
55851
41826
21641
34276
33769
25835
27133
14932
36692
21497
21224
55853
48694
25229
46204
45004
5580
61416
13353
4887
17385
50554
660
23188
54439
1017
52855
17055
47553
14820
62095
59424
26651
31223
21959
28184
63055
37345
55165
856
60954
46457
3032
63276
9450
14229
8012
58489
40564
29691
39362
52021
35120
44500
18153
2388
10467
17741
44875
54156
7440
23700
7702
47000
49391
62190
23239
52708
33673
42316
17098
1022
45545
17276
44759
33369
5579
61297
61216
16371
34723
61422
16160
60533
34675
23571
12741
14741
58517
14240
22558
59584
60149
15077
11997
11720
9192
50679
643
4226
18131
49700
38554
37733
4610
3
52610
16428
11033
52970
48714
9976
38426
33416
38311
39703
58959
41098
11951
21336
11049
9497
27953
35599
54529
19985
30449
50727
43633
46994
53755
44828
45782
49015
41485
45542
52010
48818
43457
45826
7655
43158
10282
36043
45150
58884
7711
56115
61984
6834
59847
60383
33053
36730
8150
62357
11511
5060
51099
44841
27135
45696
55393
52470
26673
55855
54158
45450
29165
55095
7398
28222
43416
48725
56125
44381
46694
59332
34980
45186
12568
42550
60585
34943
56171
59160
44418
15481
45147
12751
27755
1009
14792
5161
60282
51102
53789
28846
58064
6972
1723
45455
31409
8515
25960
58598
56813
33341
16002
64294
12144
12615
37332
53125
41233
61775
59468
29822
27947
39714
8064
55418
6278
57531
13894
63173
57215
15826
39701
52358
43641
64272
35661
42008
51330
38416
7250
47556
56812
49141
56078
64810
19726
54449
20448
56131
57335
64832
48631
62613
48972
57322
54307
19441
47164
53870
46469
35050
61893
48263
382
44677
59169
18544
53585
19486
41271
12577
53811
35063
42897
44257
25079
46690
48466
26618
27963
53660
53334
48006
43052
54923
56362
24637
47335
43885
11660
33837
33347
60298
7744
47161
62527
6352
35055
57808
36220
20342
56957
4646
12079
7450
31825
14737
35370
9267
57818
64630
44011
9507
24123
56109
38859
22593
11404
29838
30206
57990
28923
59511
33228
5986
60374
35866
29067
11766
20557
8509
14273
23883
8237
30518
7650
58882
53549
25078
44733
63172
19368
53771
36847
46523
13471
64799
47346
36852
53837
59796
56475
40361
30299
49711
43033
46304
56215
29821
46298
42952
48565
48106
52614
57089
51659
48080
29688
54526
24673
64887
47332
6039
57718
42904
9293
7794
46693
4396
1697
48000
30123
6402
48519
59330
29588
50062
31861
46488
57246
41343
48595
10366
43023
49123
52777
56069
26564
48136
7742
41625
9257
33687
59828
60523
7548
57920
7917
54981
18334
60812
34022
59625
4419
6737
9060
5819
31125
30507
51442
46951
46168
51699
25652
4605
56428
49033
32544
55940
6691
27708
6370
24922
45616
42079
47721
18331
33169
45966
12775
43577
19702
59628
56917
60455
44606
3302
47444
413
26981
64978
6373
5735
61164
2501
48499
8151
46948
7817
866
61401
30468
46018
47234
59079
53792
34737
15578
63236
6269
13441
39041
24621
31251
63628
36666
28946
25125
38879
53499
6597
5171
59735
14908
64593
47228
15931
40235
25376
31862
65005
57910
41335
50318
40076
54165
10187
56879
27642
44812
62981
19298
55300
8173
55729
4080
64909
45816
8187
55375
63893
55025
39683
57151
43116
46954
63429
63739
47496
290
44170
18339
63725
57188
18210
42120
3091
55121
2208
27028
31461
50430
47720
53861
27385
25141
5264
55641
48771
42223
54590
56041
26943
12270
44911
8847
34465
55128
59141
7645
36687
8076
54699
63938
59533
36394
63715
56080
63844
8289
4869
31076
63602
61869
46738
61324
64045
44590
10346
23628
48867
2450
21559
10639
42534
6279
59143
29589
20459
62614
54773
61069
35564
32574
9321
22842
8067
22935
21042
8992
42464
5176
60001
54496
28409
41407
63067
19959
56757
49132
47028
29853
65004
46334
54417
47936
10651
54164
40294
29541
49282
31003
46743
57076
30736
47321
8050
25786
48873
49795
45496
30661
47367
7554
44540
25444
65083
20350
5460
61421
22980
6355
4424
59912
8169
919
61139
30405
53413
46222
58769
28916
42552
15793
55285
8600
12300
20850
64970
63402
45539
43913
19569
61468
14109
7656
30975
6383
53196
10140
58807
33368
6113
41544
38780
57529
33354
8129
32840
2161
25929
10132
21081
52478
37395
21775
36560
56222
27744
44004
17695
64020
55353
49545
4148
9856
13342
22952
62478
48003
49504
11513
60071
17058
10024
37393
27680
58124
61210
10341
58833
26661
37660
46702
40614
26462
43855
42335
20249
11777
26454
40401
34106
10532
11663
28486
9857
59206
40743
13752
10404
56800
4357
7192
64803
62548
4935
13387
1048
54145
62540
57035
35390
32052
15752
62675
7922
4483
29878
6860
62411
65269
6673
16081
31977
33625
65053
5122
33672
28968
13132
7262
3728
56815
65444
63783
64297
33970
63041
32325
16171
53463
65101
7512
55877
15729
31511
36624
35684
45449
20229
18712
59439
17415
9860
40667
24341
57480
17430
48638
60123
27940
39720
58067
19445
26616
50734
28004
53342
4462
24687
41262
11769
6041
56704
52003
7204
8239
42976
45348
30800
11065
6344
6632
35647
61278
8247
28494
4065
32817
61254
8887
59214
39751
43841
65407
53841
31828
32019
42511
17472
45762
43702
52024
33759
11380
48099
29772
9537
56368
38004
933
8638
30453
29563
44727
10069
9403
41738
49636
56665
10698
8496
32285
10871
54927
51183
7662
53181
55328
29087
64714
62401
33287
63255
29204
15485
54207
61980
6388
54740
14363
29567
56469
16058
30293
13017
13676
58483
7016
15549
15121
62764
19169
56111
41267
61649
63053
21730
1444
17608
41048
25927
27479
11512
12199
41050
38935
60348
11514
10281
41546
10023
32842
39962
47924
50346
41159
31767
39989
47010
11527
15139
33087
60725
2144
48412
31564
36245
14184
32878
53531
51370
44219
13953
30178
17639
49727
53052
21413
64485
51166
38225
12598
27923
38740
20446
56785
51940
56274
42261
41678
55992
29117
30907
26326
57273
45984
54962
30674
11270
56246
27353
57304
44739
31938
28699
52130
60978
12845
52236
35132
47274
1131
14689
29002
13718
11286
36454
55319
39474
10353
36936
21285
5044
412
51842
18270
60946
21136
7367
38881
53078
16773
58827
8776
3513
11131
38724
436
60690
51845
3483
20317
5305
27538
17538
37099
53077
7622
60365
12100
26146
51127
226
3570
20363
28195
3164
58861
7597
50270
21490
38972
26003
7244
17494
7026
51598
11543
27358
2625
35703
2535
1765
33493
62578
40997
36843
26327
2517
33256
55432
11998
71
53617
31304
50180
35025
2434
52651
33366
9376
15307
33410
30322
3931
45484
35004
5237
12306
42753
52290
28939
53259
56770
41158
25047
56582
9997
53578
43805
46619
55116
24797
48450
30726
56647
15438
39220
19265
51688
50667
17621
20295
25362
20449
13879
52437
19438
48421
54350
49201
8658
22037
23493
46542
38998
38994
31814
45763
34496
10171
40066
64598
10429
41840
48661
23488
26274
38795
37211
6066
60315
20637
44411
8630
64621
47990
23853
34539
45181
31965
10459
2141
50699
24785
46
33835
572
319
14600
34852
39493
13719
25046
12819
3221
60997
11025
2599
55419
30020
13586
45988
49580
1925
34389
36817
16077
48299
30583
339
35717
35505
53876
52745
49329
40167
51595
7329
64855
28205
60384
18574
32605
7500
39738
45723
22261
63317
8567
506
57889
39898
43808
19421
24429
13598
63918
42852
6244
17762
38273
3849
36820
6176
20641
59394
58427
24886
53212
46144
20822
51156
18276
51044
20324
48315
27198
53100
20436
20444
23739
57790
35803
333
39942
33146
2982
38914
22298
59094
17947
34727
2011
16557
60173
20759
14002
64962
17634
37194
3084
9331
49594
1127
31766
64534
6868
11458
39473
7180
62710
29726
40130
9400
61713
29164
53062
36172
44394
31042
4245
51038
8907
34305
31777
29389
6197
11232
3271
56663
19227
52525
49309
11795
39840
52635
50032
16509
16501
9646
49195
18112
19910
49781
38562
19877
20359
51340
52316
12249
39020
50260
52300
19532
19524
9991
51588
19548
17500
50244
38663
18436
64791
15180
31523
4729
44553
50917
60097
43000
62114
5028
14039
40653
45544
36634
199
53940
57713
2845
198
57119
52931
3499
43545
34684
5502
47816
38514
5024
33196
44916
14241
4773
36743
15126
20653
63510
3948
21234
39213
59354
18385
63995
13611
18794
61290
38930
14087
63495
60743
27450
52765
45647
23993
50459
17835
50933
20213
46004
26167
37616
11054
19997
20657
60344
63554
51254
31830
19318
31645
29026
1565
64582
5867
61634
30514
5885
61709
3451
38843
11163
33506
44013
42749
63562
32607
44789
2698
34333
7297
63825
42469
6767
36605
465
12482
6225
65163
12758
49471
7888
41222
39496
19605
52373
17585
5643
14987
37215
17525
17533
1547
54286
59410
37148
28979
19740
23306
30606
55284
42581
7573
16545
38673
31728
56206
53743
23723
60679
65153
32138
41597
33245
42083
41077
63928
41109
8113
35426
29576
30911
33397
6207
1537
53602
25585
27362
20882
55698
56977
12538
23527
59638
34806
45804
41514
34529
58922
14317
48939
45046
43602
64488
7114
8568
21416
8262
5519
35692
61430
28680
36958
58154
35901
9375
53895
61214
45618
14644
12948
35412
28262
44955
43750
58015
58361
54107
42299
47862
49053
13289
61240
21609
31387
26913
49905
48462
43081
50022
45183
7930
41390
26552
50214
41161
4918
45504
54305
42718
7969
60945
48815
62296
59294
45485
3306
64271
25977
6801
57637
26486
63738
1615
62088
58823
11819
62587
65206
53883
57925
64921
6345
58464
48031
6222
33252
61379
48748
4796
17540
47160
51815
33064
65023
4574
22968
63024
4169
45674
58560
41166
3230
58751
47750
4521
8738
61006
8935
821
3509
48657
42773
3473
46323
19376
44017
45333
29665
45045
19356
48634
16958
42257
54503
39470
40558
48961
41038
52983
47299
65104
41671
47941
27175
43214
7836
45770
62702
43335
26961
41867
42235
54114
46183
42396
44775
46230
47613
54332
44860
45863
46570
43565
48699
25197
56881
16971
8880
4817
58389
11212
8191
33203
60842
6168
19428
58621
36186
7018
33845
48424
7995
61249
58058
58366
34398
59539
51756
62041
13180
10859
60213
15584
8092
37769
33518
35511
42395
60734
57744
10594
33081
57583
52871
5372
15395
48678
22360
15844
5436
51498
5259
34405
50523
29991
3063
47134
43807
1629
45871
64410
25749
26280
32317
42495
16438
49136
4833
27765
46114
13608
15272
58772
42141
14578
22502
60847
34511
47515
43298
35997
57853
20601
60968
16031
30049
59438
47270
6647
60393
46618
3377
16794
42877
7738
22264
27511
61578
1836
9441
34709
41876
26917
41182
5112
11886
41295
10352
56133
43177
7728
28201
4549
26548
55240
54309
49919
43358
20199
61204
34407
11085
39589
8074
11637
59380
34870
38226
16675
30472
9106
56964
9927
45630
44081
24935
10139
42143
28270
43753
53596
11510
47508
41781
47865
56912
31974
47159
29085
51957
27368
42228
59383
63730
31120
39138
46233
36092
16685
32547
63467
10723
23788
48932
20890
9252
36215
47156
48235
62359
57934
5829
56946
10142
45924
34027
59844
4421
6833
11655
63163
4645
16658
18637
63240
48289
61338
230
6236
51571
61682
58401
26490
4752
1865
6273
10917
31080
61223
58524
18066
8477
18925
2103
7920
27772
63626
39666
51314
6457
1574
12005
47015
8936
28731
30994
16565
2972
42776
47857
9234
4083
16529
30180
45050
45336
19189
11058
2992
46120
30498
30875
19621
14586
44948
22506
10397
63424
60657
43304
34716
49055
38771
8482
2211
26964
42382
25189
55704
5269
27241
29934
56931
47615
12256
42047
10798
55865
43567
53813
45049
53812
19266
8485
34750
8385
58392
5618
8145
19106
32855
17121
60664
6933
63848
55355
9653
5173
59463
33212
7249
59799
36438
49952
48630
3190
5013
57915
15084
9312
52364
56802
18379
41877
33330
36461
5630
20454
35388
50308
12131
14890
5183
22871
1259
45856
50467
8078
35217
50517
29476
27768
18071
64347
30739
9261
47124
25754
19261
29232
8178
52389
47607
12004
3580
54510
26151
43585
5723
52985
42565
47044
48967
29901
5012
27182
41423
47950
10699
56807
52582
50020
33826
33349
46440
65078
22964
4431
6366
35272
46208
13207
20336
42693
4270
12072
62449
56872
27434
45020
7565
49763
42964
6085
43441
8107
4965
25896
30880
55368
8061
42737
11106
54414
38587
51198
33232
9915
20254
10833
51889
20246
35947
20027
18430
8520
17471
44139
11840
56114
44349
26214
47340
43260
27490
44074
54838
48167
55185
41099
47098
56685
41447
24667
53649
12078
49645
31990
18448
37277
29950
40166
11494
64542
18427
51941
64758
9360
37246
51195
16837
10273
15563
24670
48524
63137
56117
5547
31410
47337
45153
33042
55192
8155
7805
52471
64892
11746
23713
59258
64275
47524
57804
1552
4326
28536
18117
59415
27257
7670
2942
28914
46111
9272
38827
19574
16719
10155
17558
3212
7308
50302
19537
20267
52342
5225
468
52305
12048
11751
31724
44826
19327
3497
27249
59892
27297
36856
18116
30247
21663
48919
58415
49297
64452
47143
43050
42908
57631
20943
41463
23673
47082
34676
59300
27873
36009
45468
22648
27889
34984
57144
43148
26474
6381
32752
28520
31267
56458
10018
6549
43396
10739
54383
28962
42833
6395
56711
37057
27896
35657
9156
47140
17301
30114
58394
34308
19831
59815
11890
61987
41047
8831
6283
20667
34374
7661
34753
36109
49197
11398
12663
4347
35650
15386
10349
52523
31826
59516
53806
14257
36058
6284
63890
33898
51599
45101
274
6500
36657
2605
45811
51329
41211
63613
11838
32134
50301
19776
3430
52341
10747
51627
17557
18011
29582
50333
10270
20256
50779
64782
53538
24870
44621
7660
52218
42459
55745
26043
54465
5873
26402
44972
53826
49020
44187
11767
8840
13985
42840
47245
62306
36680
5892
42411
6371
47461
36385
63941
56094
8156
49249
64989
60904
40522
50111
33308
2921
52657
40988
45951
5588
33012
38456
4108
48586
41492
21441
61959
34869
16179
14259
49252
49364
14418
17004
55619
49260
17108
43314
49764
55485
16604
14770
49884
36571
3910
2508
61142
40717
1191
22813
35190
18967
58626
2779
18858
33958
21531
13755
17419
18469
40922
22797
44132
13086
22629
36521
17885
30313
34004
38792
3588
19299
54825
39330
44320
20247
37935
40111
20348
3999
39076
31103
10783
18292
63937
39204
63439
12201
53108
39585
20372
65042
3808
13145
51029
51787
15976
8601
33612
51658
8510
805
50375
36362
10223
971
53069
61832
1167
14947
26270
26238
42082
20153
35549
50108
61054
31361
52660
33123
9785
2561
28278
61975
15946
41919
42997
52456
41476
57805
4991
1962
45541
13783
37313
4777
34589
961
30767
61201
40470
21260
41054
31886
20993
53744
17180
30617
56718
38162
29172
17066
55264
23207
30768
33156
15894
780
61402
23539
3428
20527
33564
17873
59240
13870
16495
36345
21009
14855
58018
33345
21049
20665
52472
51479
15288
18604
46409
52474
10276
13624
51447
53951
19482
21943
50202
17483
40755
39327
62534
1123
38036
2586
18810
64228
64002
39486
64255
17612
1143
39346
62558
60910
24288
37721
36381
44797
52823
1679
17228
62344
34549
25579
4970
19801
3793
21451
36597
64398
16342
43264
26264
37704
43019
61082
5584
38586
61048
14222
40529
6918
59002
1291
52543
58482
3866
31151
33917
4012
50376
43280
55571
6776
35243
39537
6569
46275
42101
14754
62657
19332
37513
36873
62026
29274
39783
28746
9689
61512
61528
50567
61530
11020
29256
38151
62040
13256
2324
4087
62884
33973
858
3634
36854
34156
65091
3663
35378
33770
1324
36638
12809
23045
24788
25188
57444
46178
27235
25042
57964
57452
57731
25043
60546
60045
24796
58068
25196
61150
26158
52580
11518
40608
38052
37657
48633
48224
60068
39646
58121
58528
50816
45444
49513
2510
798
15876
36084
63572
14768
2878
65193
34409
63712
3913
34622
62784
1577
33812
3568
20340
50503
52055
46942
27577
53140
21820
19388
46934
58804
51060
46425
20380
22342
11060
28598
17013
51521
28594
18865
49821
27576
20543
47187
59731
16533
49269
46426
58047
22861
10296
40799
39352
50814
28084
18078
12113
26547
22581
61113
45916
18495
51279
47410
59715
22073
20094
52886
61976
42885
14338
62722
15215
12897
28698
64269
55555
61688
13784
53258
62202
30163
7045
16141
36724
30516
43102
63947
2960
12980
233
6992
35254
34708
1406
32857
62153
1350
6382
4028
23044
39381
40872
59816
17412
37641
40670
61347
58639
17424
24080
60126
58137
38175
58069
37539
61144
27346
24930
59906
28266
28264
26330
57613
60419
58984
26328
58986
61034
27347
45445
21603
62542
41851
32439
7252
32192
29124
13129
7513
55990
62414
31822
54969
62665
44080
56814
29884
13262
31957
29096
62373
4532
30393
13390
62639
54799
62537
44400
56398
62281
13279
62677
32163
1285
21320
24145
18072
34917
14701
31698
20122
46778
64387
16339
55250
62861
50810
20088
23903
33909
30264
3505
5717
16063
1169
1002
36298
36029
62408
2680
33626
33949
1613
56808
41299
38324
30584
32664
34232
47294
50521
24379
65434
54623
61248
52041
47422
17724
13626
65400
43967
56184
41500
41212
4685
31488
41716
30003
53482
4235
4277
40980
5472
53919
31538
42433
4619
45381
49262
16598
58419
16494
16998
23613
48189
49886
47698
17118
49366
46163
20805
27314
17110
57042
28374
27302
54396
28586
28578
29466
55926
8983
55969
26066
9642
54445
32375
41915
46247
8574
29718
29446
17632
29942
32014
49974
9030
62350
10907
31774
4966
11696
40510
51915
62718
7959
26526
59254
56906
4248
35021
41100
7402
39799
54535
55525
122
6396
44337
31425
11241
7707
26520
8431
62176
60103
11673
13193
54604
37489
62462
45540
37756
56844
12852
30155
61306
4564
52382
9776
62601
19614
20144
43654
56022
40523
6759
17534
38448
53504
13454
31239
17526
8727
29210
28922
20015
40607
52625
36889
9770
61464
17908
50033
18127
11260
40216
50081
62200
46199
44924
30156
61423
13561
32423
37865
9594
62948
60052
43543
62457
11980
37608
27073
36756
53720
28634
26026
5149
51363
27560
30419
54042
9682
7333
26584
8195
56751
32466
43521
12194
48705
50936
17946
33423
17831
19372
22095
53386
52760
58200
11044
50457
48474
15320
42241
19994
12242
42590
56544
11798
56568
53747
26074
10780
32228
9634
56709
30255
12202
28375
51723
53737
47893
44136
54831
12250
64165
36527
26579
9690
32133
9992
34008
979
11023
28626
26018
4387
11230
52813
50781
17024
52829
52821
36998
8326
17989
9579
50757
18013
8800
39902
50443
20053
57202
42109
44189
8828
29356
43259
28906
47078
5857
5569
43291
4348
55453
52199
27083
7873
7124
41112
32890
57302
62901
33434
43392
4236
2882
55054
33400
1341
4713
43147
29959
6963
33300
31625
12
7040
16128
615
1414
32796
34779
62734
1492
35174
33532
3035
41204
55406
61406
28630
26470
61398
28518
28526
26582
59350
59358
59246
26590
59238
61286
28638
26478
61294
48005
49536
52473
45353
52211
51448
49199
48160
46724
47096
51077
45167
47347
52516
26222
11774
62494
29065
44128
62486
361
13326
1664
5760
35547
64766
2772
35936
65024
3803
31998
62471
6376
53116
51100
47929
41658
30865
12362
18300
45111
53336
31089
53338
63690
23367
51092
45751
11758
49789
26042
17021
40592
28343
21324
45119
58680
17355
50043
58201
48473
21057
49301
17045
17476
50252
27318
17484
50268
25022
23600
48176
59966
19540
52292
47702
58544
21579
52308
17492
11752
43919
12298
61978
24250
23985
50047
61466
54744
17345
26168
46015
19914
29208
28920
33281
53540
31712
41049
36732
3750
44388
796
4329
34119
35495
30254
33548
7673
631
42900
62155
61400
27427
49263
10275
40719
37384
38355
45103
46981
18853
21781
59651
58031
52101
26472
10344
48004
28378
26218
61146
21097
27495
26073
59098
59096
58631
26071
57353
60172
28376
26216
61032
4485
29766
31436
7648
32429
29857
42639
7401
54087
5877
31442
54026
4607
44340
31838
7883
36373
44573
29450
4495
28943
32008
15059
5775
56018
64008
42517
56323
65039
41349
42741
5121
20037
24883
23741
20045
20819
21586
50765
17997
47685
18005
23109
48317
20061
52805
50773
58546
55342
29167
3274
7663
43881
2215
28
35965
34369
4340
30500
32780
34982
3441
44181
56664
62024
29258
28762
55347
43187
29272
14653
61514
55090
35253
28744
55635
62042
14402
28760
57266
45607
24303
22223
33519
41724
23953
12522
57369
32788
54673
25569
33020
60412
15224
22004
33524
57227
1458
5443
50097
57876
7101
11871
34768
57372
11592
64309
58108
34918
9786
14702
24820
60990
12848
14736
36400
21091
13566
14883
59875
59950
33637
13198
59891
58512
13550
21845
61038
5154
40739
38243
27319
44244
49762
48585
62339
41900
45380
51490
44452
7789
45948
2805
42204
17640
23202
47635
62703
35266
49056
1817
63263
28542
63988
61211
43379
16847
376
2552
61302
16933
15047
62332
31163
48446
65194
5292
58249
47075
5339
33809
45456
57967
6524
37886
24661
12161
2722
62429
41899
58436
64867
7433
59779
46825
56606
61733
61129
49005
5084
39272
27732
62184
3823
1743
27298
27250
2980
47350
16505
43005
48923
1316
24978
64463
48173
38292
44829
33832
21545
37881
26034
41947
37624
46278
62441
43462
48715
22824
42155
65279
47485
14996
41542
46135
13449
13305
33935
28522
44791
41770
58345
58664
55905
43655
46586
48796
15912
23124
61288
33412
38343
9593
31137
47150
4815
8602
34383
60445
9329
62065
59558
35593
5930
13144
27893
62606
21938
59773
17536
33538
58566
39215
63977
13435
18789
61003
14877
62713
37924
2398
36422
56875
23223
58236
57891
35944
60825
50570
62345
15889
46578
57652
13871
7788
37512
13310
34010
4658
640
0
26023
26232
2923
45817
61507
26266
47892
30091
28312
64349
45100
1365
28282
61230
16163
14243
61408
16368
20933
14195
60435
35957
35221
23269
34720
59552
22654
23285
33941
11825
21927
46361
62089
32920
48044
140
17999
41592
5479
60196
41082
19802
3028
37720
33402
21495
39201
2526
17905
58475
15987
62579
33502
672
20102
40588
62648
15032
35236
61218
21098
22866
25396
49182
46775
59474
49631
16783
16926
49910
47181
28467
9313
39432
16638
60983
23900
36402
13938
23979
64706
3741
37995
23084
57612
19468
35473
2610
17398
61030
39958
33089
442
2546
37858
3835
48321
6145
2396
30843
34044
5798
6173
3978
5959
63974
44060
58593
52685
62695
30263
25979
36027
44633
51022
17870
48110
53180
33623
31460
52160
20302
10068
64839
41302
20002
52353
51281
10760
40445
49813
49277
18618
18367
9890
49957
16541
17053
51535
16849
37135
39521
50478
52894
8363
16737
51551
51265
20118
18070
8666
50319
18225
18746
50806
16939
39926
62183
14155
30600
5566
43964
1301
34808
6181
3850
4295
13623
3059
36632
63906
64331
44976
36641
2001
2231
6565
31661
667
42876
63686
6585
55201
1314
4294
36764
31088
63506
32527
14929
2443
40802
35319
62545
21494
37931
57965
17917
62701
16109
19079
60044
22826
33419
758
57905
26418
51921
47541
23386
50709
18165
8584
37999
45233
25912
52989
19989
18945
59458
22707
20283
24811
44443
18359
49808
29790
998
36294
7260
17819
51518
5008
62550
3148
60283
51292
21915
31029
29797
62866
12116
41872
1079
62573
5107
20284
25312
6708
33766
813
65330
29331
1371
13191
37749
5799
55483
4063
63523
58488
40339
6982
16182
63592
2469
60568
65063
44300
58411
38615
42725
17931
24172
2629
35528
53560
29023
17399
39463
3779
36421
7317
60695
20742
855
31272
30533
33633
54366
27504
20297
65349
31683
33846
32313
10420
21966
62917
62497
44655
56599
32473
24189
45599
51978
22245
34660
23217
33451
45217
30423
15344
57656
36828
41892
8712
53714
12755
3903
38583
49972
31025
57886
2481
25110
20023
15490
24606
63544
24830
43525
52540
48709
32723
31152
56899
32512
29710
26067
54592
10974
54542
51781
10499
56832
28382
42245
5301
6171
32729
51471
23729
21474
51201
33900
10515
13990
58417
30679
16123
10413
36060
31150
23933
9332
39039
38019
5241
431
39310
63922
39426
20318
6824
40052
3923
20443
20294
51656
61892
4725
39792
1728
39938
51083
3493
16822
4976
51037
18651
117
49499
7843
18253
50638
49549
6209
2127
3087
20651
25902
353
61078
6879
26262
57899
1841
28318
4362
58998
31160
27430
8728
28377
3709
14283
3095
1307
48437
15041
30851
33051
26072
52277
36631
41061
50084
2172
57108
32371
50080
12290
40002
49829
36102
47641
1974
60738
29982
267
49071
32838
43720
2269
45377
28275
41888
57305
43942
44459
26586
56025
46357
55047
26226
45229
53516
28632
27320
53934
57048
15689
37600
38849
52455
1509
10382
38347
50397
16759
14040
51675
62066
52325
41908
51434
12254
37331
38835
12096
2227
37310
31443
10563
64590
6581
38878
64515
9392
29774
51717
18622
47899
23312
22208
53875
15261
23963
42525
45936
34325
53442
20523
34557
48582
44565
26030
35781
11218
28627
4060
13991
903
1924
58440
2475
28131
36391
26578
21365
63534
27736
50437
3548
54302
32633
4061
46096
53167
39490
34059
13570
62642
47525
31252
3846
60994
36429
43470
9380
11591
40265
21024
7903
3434
25899
32917
21931
33429
5633
38455
41629
60206
33405
50100
64776
24772
42782
45054
4296
7605
41887
49726
57235
5625
11072
44415
4917
46569
30191
55413
31657
42757
16916
17148
45905
19843
17293
14466
48735
49180
57229
37637
52690
55683
22074
48456
16628
56654
27351
28327
6859
25001
25006
30329
57036
8966
56516
26334
9897
53696
29510
54343
50342
51141
44052
32164
47767
8091
28848
49714
11721
5116
12269
30832
5435
8259
50156
45428
42236
4472
48100
60364
55986
17860
61334
41791
7514
36934
54968
61310
38380
5279
44093
7745
8286
7038
10469
11091
63828
59288
17103
42300
57270
38221
5531
61304
37103
56249
14640
8007
18882
30644
58484
20169
5115
18659
17731
44859
56585
38633
7996
39365
39733
55104
41868
7454
60564
11544
30162
31586
17253
29434
29432
38442
11629
61443
9201
28696
61690
12031
38611
11986
611
47224
31099
29371
18837
44956
31684
50666
8893
62800
47505
42868
5532
11215
38195
12146
3984
44212
24789
26789
56488
8622
26281
32078
53667
8367
4464
25049
9950
54905
30239
56789
26799
56280
11653
19725
35173
18168
20218
12426
55405
50131
54625
19992
50714
53871
14291
57298
17154
8670
53556
56729
10759
35524
33984
26329
11788
30256
9902
36430
889
8617
27350
48667
7326
26286
36565
33955
8357
62576
33657
25054
10415
799
8665
15028
3662
9945
24799
10453
35496
50693
50808
52888
9719
4706
30051
40322
8953
18074
11917
31699
61570
9091
36908
11028
52890
47230
41841
44433
9659
32207
42133
50665
48028
5725
8388
44149
5023
49040
49206
45687
32445
30392
36725
36765
53252
16960
58860
42037
8185
1514
53571
21956
37435
4927
42377
6164
62920
20625
15403
25394
36082
60919
44938
48956
45707
41574
36332
15340
54353
27233
54610
57835
22781
23659
7441
35048
5156
21905
38814
41125
4651
58078
30036
30395
23048
31313
8517
60289
58603
60802
14296
14516
59316
15709
15195
13878
59583
60425
57435
12418
58982
60253
15433
57816
12735
38811
14119
22769
45710
44943
40182
47423
33274
44654
27240
493
43353
64742
48720
35041
25397
63719
45688
58577
17924
56523
60805
6738
33317
59831
19703
47218
57438
8066
33685
64324
54212
64994
12158
5312
56098
61058
53708
8016
16649
59578
8069
47223
57949
19958
56214
61768
57809
3153
55409
53674
9269
23137
7286
54752
19453
61014
42485
51147
59706
19596
5216
64299
57995
64999
38622
2789
48097
43502
43745
48597
20462
43473
49125
38439
41173
49127
46289
64846
41191
59623
3189
37294
45441
42373
20983
45651
61888
43095
48773
15585
41566
33180
47194
18558
42881
23649
22066
15723
32850
33105
14172
12599
60758
57453
59452
14474
60551
59194
13965
60299
15206
60807
7758
20347
6967
61410
59620
6357
62520
45448
8164
7543
61141
7906
53778
57822
60273
63618
46296
49087
34501
45243
48061
40070
35776
43593
64594
48594
42566
63574
22032
35605
47540
12530
48091
48566
63339
47180
46922
23851
61798
42717
36333
27649
41287
32998
38797
16690
53426
1627
36897
43303
46318
41705
29933
27656
57313
26181
26008
40326
43231
51611
48094
64801
43566
59618
12404
14728
34500
20982
42370
46427
58504
13407
35995
14315
44637
48770
59732
60280
23977
87
45435
60302
18417
56700
23656
57069
9266
32853
19852
24769
59449
42482
6507
61735
56482
60903
15641
21567
36127
23546
27185
55633
22884
36708
34545
13863
44908
49031
36671
22212
60328
59522
29445
2498
30311
61159
63717
48501
2404
26468
7812
7634
61396
8071
25538
22277
22215
60382
15315
12464
60224
15104
15630
14035
57411
59102
32949
22085
57347
60848
15694
22021
36277
63714
2064
38819
26471
27192
39154
46169
64531
44140
49028
1835
42084
61949
48188
1989
24890
61716
27077
21250
16665
55973
58075
63854
2405
57926
18344
46206
34226
17461
62515
1988
54384
64286
27076
55929
30562
60379
54447
4454
17936
57421
8498
57208
60854
19363
5942
1733
22018
63623
31173
6675
26258
61319
4525
57072
18399
60492
48869
6258
58460
18538
54822
1796
22279
64792
40217
13551
26514
44075
14628
45787
22932
41693
45547
36888
25410
36840
25346
1732
43238
34936
12671
23721
26210
26162
22696
48470
35961
41046
48011
14100
44395
33199
45117
22468
43917
59527
20815
15369
34895
14444
12647
15498
60489
59352
34641
23601
59242
57692
12760
22276
34820
60376
29636
22983
30615
57723
36721
9282
917
26213
4391
7704
48014
61998
30978
22020
22466
16709
25349
46403
61763
54709
48816
38867
63296
44622
63246
45790
41939
61696
37342
1797
45632
60898
26884
47689
35600
55217
45500
20525
34320
42200
33019
47319
44250
36342
23317
22213
57167
64898
39891
3872
26263
41764
31019
47316
2453
25674
48868
36994
27720
8162
26887
1541
44332
57726
14448
12931
33136
22691
21301
34133
21349
36437
36005
15390
12896
57998
57904
22469
57774
64903
25540
22791
19423
54945
59524
54779
21397
36682
16481
48503
34648
48866
33312
1540
56863
12536
40168
49601
34814
64856
28682
44401
45517
6060
36335
2959
5697
53274
42774
57829
2297
22366
42289
15185
20244
52703
22358
17290
56250
53236
37640
28470
50031
46918
20476
35640
50964
35646
13691
695
59911
37216
2196
23584
33484
17164
58990
1854
19705
34960
21276
36679
24230
40190
36901
23400
36574
12912
23648
34169
19455
1188
14772
37257
1465
18048
33952
59432
2782
16680
37768
40200
17847
53148
37361
51068
11791
16569
18324
51745
18332
8618
50505
20177
37465
65006
2612
13406
48101
51013
44631
20431
33974
49841
20293
29675
51400
36185
11103
62535
25970
3156
29474
44641
17486
27507
43606
17743
36207
49604
21957
29756
49343
35888
17609
64805
52302
65000
14914
42165
56104
2328
44465
36861
7859
2817
36629
13880
4081
7626
35754
65090
28808
57636
39639
21515
55348
2382
23908
36800
19974
31572
33358
38446
4036
19961
56217
17435
41198
14164
3214
500
57445
60926
89
23844
33264
18431
57737
15328
18052
33001
22307
36238
39011
60212
22846
22718
11656
52248
23383
17658
49072
52577
17432
25911
50424
48060
19722
61259
50129
18485
21989
37464
33739
29782
53137
3305
17082
62297
64606
51506
6812
18591
844
57970
16016
20629
51771
50327
64613
56987
50522
3380
16793
6906
36320
25325
4919
16447
3119
16702
29805
1621
12420
43783
58485
735
44221
34090
7084
38033
13736
12595
1386
5709
58525
64292
39544
34853
1489
29192
33729
415
30881
44157
53935
5055
35989
1832
7370
55469
41855
33297
3770
38504
51495
39159
63384
8791
38506
52039
10412
63386
19257
52874
16439
9946
30586
18468
32666
18960
37541
21089
13264
34174
23142
13031
17146
64252
16196
39433
62775
17286
14886
61359
64000
15998
7171
6911
1571
6711
4916
41291
2602
34410
308
54910
35899
3639
42714
2771
5117
19988
27790
29016
53396
4041
3781
13779
4499
53491
35278
21460
63747
33999
42895
11662
31577
60953
40879
63744
16632
57710
33653
485
13776
61680
19840
19972
64568
13384
14121
59813
23407
65216
29879
41307
24803
10163
44628
39402
33206
8282
39235
32206
10655
36444
36938
4441
46541
64196
32444
46534
35515
44636
10160
37088
24800
18777
34388
29129
9622
39232
39244
5716
13392
65097
29103
6067
34408
54363
45182
38964
2371
5533
33072
7604
10551
21118
227
64168
44650
21456
46832
17932
39446
18160
19196
50716
22044
47616
23593
18944
46604
23078
50128
27785
18956
60078
52585
54931
17163
23913
64179
15599
44095
64186
18164
38057
63123
13123
2685
46836
21510
37646
21976
686
35502
62132
2751
16344
36777
19123
33401
21712
34069
64115
21315
16920
1193
2624
54214
5724
2636
5014
6809
42572
1612
36016
1760
7344
34396
2796
43584
42720
64089
36420
43595
53175
8280
51407
52174
39635
10329
45997
18888
42564
11267
17088
26147
53566
49850
15038
42712
31685
19140
11192
51129
24085
62147
9984
16975
41280
46613
18761
39376
36568
49609
21716
18691
18938
22319
19588
17287
52699
22829
45066
37166
58142
48347
24103
49178
21971
16627
58537
49508
20747
42809
63920
24167
14822
19718
61628
13632
40622
63900
20220
12412
8688
53392
64073
32165
44648
39488
45173
43600
37425
36458
10905
21109
31929
9528
35382
39660
65187
11440
2576
7300
36059
64022
356
35430
7430
3547
43520
61936
64009
41227
902
5072
28974
2572
22240
58350
17988
33565
44786
18012
7434
52804
1551
36339
45974
3425
50764
5087
24187
13299
5876
56148
4133
1479
13271
9875
58570
43048
1453
65047
44393
40642
27887
35098
7145
12876
34548
65031
58226
21921
37000
59027
34921
21569
13734
60200
3433
15358
23615
35292
36380
37594
50912
9586
45105
17789
40606
46684
48825
23361
20671
20166
9158
23988
22092
46415
52197
38291
19143
20376
19077
2759
2600
18784
65469
38098
39248
62481
38041
3925
39382
18758
20346
1257
18004
20052
58670
769
29569
46582
35731
21019
13715
64904
52828
41618
20512
34173
20044
3727
13270
63819
6516
58326
40706
6825
49059
44926
51881
57869
64006
53160
43536
47632
12875
39430
35499
65479
63954
23211
39185
19133
33286
13010
2749
61202
1196
3851
21325
33613
36726
37916
62222
53614
11320
779
15502
19135
16787
49637
39610
64910
13312
37208
39539
19069
7552
13526
39494
18741
18296
64070
1125
19657
5295
53112
3273
62477
19024
424
51833
6777
40770
2640
46676
45745
8978
21937
21300
9638
17062
52517
37875
60999
28348
37630
49184
17181
47935
21055
60094
46267
10711
23227
27195
9993
18537
51332
39273
57662
25008
53095
39385
18908
45360
21552
15497
33563
5076
59866
23541
5644
48042
44564
50447
59503
34544
51969
42524
46367
13527
21933
44073
4334
32839
35196
3755
34316
7849
2935
42425
33964
5872
44548
1564
5497
43236
1478
39497
10823
48187
19020
50263
47696
45494
20811
23728
16729
11449
20827
23094
47680
49460
39513
10720
45044
26920
25984
55688
50208
48959
54312
44640
25736
31379
57172
31390
45918
57247
45907
44773
13629
33634
38
51323
33852
16780
10597
56481
305
24375
4470
48672
16626
31104
42874
11209
32434
30258
25370
55203
29672
47861
11067
44026
27667
32200
45043
8932
46833
8886
54698
27508
55200
45040
30186
4914
56984
19254
55701
3068
49723
54904
64850
45801
61585
42867
5628
7827
18630
61819
41005
21389
34023
6494
8583
59313
31107
61340
58706
11822
53403
4442
23770
31871
24809
57543
14899
37097
59803
34385
5713
9662
41786
22896
8391
6808
36021
29514
38214
32072
14707
35218
42380
39742
58092
33085
6644
4289
42034
21108
11078
7743
32871
30489
239
25904
56410
24940
38768
35994
28256
35991
56407
37280
22508
54099
20988
54110
64718
26428
64707
26480
54218
44442
38192
5018
42131
16535
45207
3507
50668
56515
3482
47518
16574
25980
62291
8256
31652
29988
26384
53272
32307
48687
4840
25747
27928
30387
54008
50526
47614
7119
48323
31283
22348
36023
3151
26492
33627
18171
46843
6862
1773
21814
56519
10862
19460
42733
51568
56767
11088
19275
30170
23059
17127
6648
53554
59041
30495
17097
60146
56888
4193
54461
26159
56387
62159
62177
52351
24088
38235
4751
53892
59899
31704
17728
60970
43605
10904
56073
22800
28468
54624
25187
14314
64738
46180
61926
54117
22778
39147
55864
16891
54329
36081
42291
34812
49049
29074
52267
27786
54627
27172
46421
4587
43100
25475
42136
41552
54500
46929
10390
55146
6719
36762
33825
51763
21633
2715
53984
8741
58203
41509
18918
61242
51812
6766
4848
21894
51317
56489
5113
46236
31126
5438
16445
50153
3575
10733
6014
86
49717
19868
27769
42231
41707
22064
27766
12141
35897
27505
18060
3116
53677
45862
22584
54908
2871
18682
31366
36195
8392
29366
6573
16949
30183
55215
46330
51741
4085
8929
31689
45041
27679
17651
9650
1342
45802
42230
45917
54306
28204
55681
47420
25990
41579
41879
53911
43610
25729
53853
47771
26914
28784
51171
36941
65369
59551
38378
35676
42806
8883
4758
22911
11210
42297
34992
31052
20429
6551
58817
23258
20100
33262
22147
5213
13603
61372
9255
59285
60240
31117
36499
62804
36471
4668
60574
20608
12065
13972
20872
54253
51773
35667
50023
60399
59193
41506
8038
6903
33061
25917
35161
32969
33881
28267
34710
33174
20607
23972
56918
54614
20987
22509
36297
22847
21604
47506
12953
35183
36580
27179
54637
45654
23183
13400
54507
44950
44626
25485
61273
58776
21284
11075
32169
48335
12007
29238
5909
10797
26393
25745
50514
7102
31229
49429
49148
9924
29479
31030
22858
25983
61168
36176
26493
16892
73
57033
9318
20531
53702
2028
19721
13792
33980
53428
8277
52259
36670
19432
23071
4861
31194
17581
53815
17864
57855
28691
65391
55739
16962
55360
17348
22809
56967
36949
37909
6538
50803
59641
43355
16963
19491
30936
11933
54788
19940
28465
54118
36086
56941
27244
32999
34540
23782
22770
55868
55607
22268
23521
33277
25398
25186
26495
6598
4182
20371
44951
5529
19354
49213
3006
49050
55241
2967
50671
19379
51581
3998
30788
23161
37868
7926
18403
37426
34614
41865
11724
6460
40821
8269
44862
36204
30224
57753
52336
6683
5771
19168
29947
4960
19798
52539
1536
9366
7328
3435
49968
17984
50299
2800
41766
21575
28276
58659
33135
26236
19306
3540
54047
45821
23609
56746
1676
16607
15918
35546
9159
4807
55569
38296
804
47818
61433
25617
14847
20196
32428
21656
26908
59951
8826
745
45975
36596
59960
13304
25889
47706
57178
24452
14697
56865
44796
44903
27020
35135
61161
21039
29462
26856
39793
62944
58572
38524
36105
43831
9599
65264
27881
11977
42636
32841
29307
59770
64244
61309
24274
39668
33810
21974
65376
3973
58694
20264
60107
33469
39475
64051
65513
15051
4967
61052
24535
38248
36136
22409
54006
24293
35146
8833
59028
34911
25581
34080
65161
13217
21296
34110
34686
33584
21093
36000
33187
22645
23712
36451
33632
22693
23664
35952
21045
21344
60062
36766
34181
15006
22821
58195
33363
24197
13139
33829
13552
12910
21888
58672
61411
21536
9918
7691
10866
37726
29579
11459
12278
53019
39571
11835
32000
50322
50960
18720
11846
3712
2688
21058
28533
19072
36365
27248
18607
2164
55920
20323
21318
54435
3097
19481
3902
33606
54023
11247
24872
13652
20087
26409
20115
29202
59930
36484
9876
61356
50045
62755
53836
38337
56334
11568
51246
14958
19774
39184
9306
50241
18710
54411
17342
18672
52303
19007
54486
37819
27196
35460
34324
35471
28513
34556
36346
23924
20655
54378
55916
23537
22252
34335
21556
22895
27260
55671
4327
59887
13556
5884
19913
52193
201
58521
55980
3492
50924
16511
28529
14745
31961
49646
40267
64137
16784
37686
33126
41355
9024
5228
39536
11702
43648
36048
29911
19062
65526
1804
39130
20801
58269
39297
35431
38818
36267
23098
3943
16118
20258
33244
63254
58994
13805
53474
56818
32584
63322
44787
7169
36125
61704
30538
54675
362
33778
5343
15218
63304
7161
42591
15690
43045
11423
12503
60610
1729
63649
27875
43876
37322
64279
34845
5871
5928
13593
4228
64263
731
34656
620
4107
35612
57102
128
62729
43014
34295
4816
43812
35291
64461
49302
32230
37330
10086
30242
19643
1739
10322
38870
31634
49494
64786
18509
16502
11394
30703
10615
10391
21063
34143
30874
54712
18556
60340
13642
6602
15295
63425
45641
51428
58676
1359
5441
6993
16194
55645
29279
55218
64330
34997
14131
4287
14429
62801
57155
31544
35125
12502
64578
16651
42104
5536
38925
47528
60886
11950
43289
63238
49827
57346
46105
15682
4981
42784
7400
61889
3697
34060
2220
5540
33149
57016
1308
6137
41481
34731
7807
41445
33601
61952
42848
14550
28136
17343
14731
58257
11
19889
21375
16142
40538
62091
60794
4224
9784
1869
10043
4443
49790
61635
29037
5029
61766
64974
30067
5981
3491
64514
7792
38987
16510
56159
26044
27452
49448
10668
41009
18343
20663
8689
50985
41649
51452
35649
16666
45113
10769
36787
43453
43069
52100
8201
43317
17767
14258
11111
38361
43189
49769
36658
19420
55091
9687
14732
32795
60322
32542
5900
21245
10146
59610
12040
30486
34294
51210
59745
12051
14551
6612
34988
1741
40214
15314
19645
36882
34315
23719
63675
22093
2987
262
59409
35654
35962
63442
65370
30554
29066
23323
46576
31368
58267
3073
48539
21798
32600
28304
62593
60790
63306
45099
3874
17309
3830
45514
30474
65367
30667
35575
30235
5917
63873
30796
65510
53527
23274
52674
27922
18278
37206
6333
20630
60306
42699
11451
3202
45174
58914
15846
47997
4562
51158
2130
1311
55139
14349
61965
15208
12906
6929
61442
43477
64511
34063
41169
62961
4821
28803
16130
15144
19615
49610
35056
1631
6913
42689
48322
30487
34543
61576
32074
56090
55323
23779
2292
37677
11370
51290
9231
40434
49811
11122
18353
38728
11693
9203
37090
17810
12104
40154
37128
39983
17263
40207
17084
53143
37370
10359
8968
36932
18585
11002
38887
11425
8772
37850
37460
40328
10748
39164
63647
50524
19809
49335
10151
2017
16441
9089
39740
11738
6257
38697
32657
41181
54691
41664
54463
29106
30902
48603
55732
25374
56765
5901
52443
53435
46292
43487
44741
14115
62730
29199
36554
408
30890
53618
54696
29512
33171
63487
31857
55202
56952
13594
3761
725
58303
24154
19871
14179
36706
28674
17297
26177
61571
35285
43229
62093
11633
37759
23896
52445
59043
23491
45760
39003
39005
4427
46533
13950
10422
19565
3131
10162
56958
25363
23502
21471
47629
24941
58381
28257
28271
48593
60418
23765
60783
46607
22145
58209
46293
27779
21605
21717
45065
25193
60265
27245
46181
27650
58727
20615
60547
48341
20877
58509
48087
21977
25191
43217
11453
28934
56070
42701
56267
27655
54795
51154
56394
53266
27926
55372
48082
26189
30731
14634
63242
2236
8099
31650
662
55415
63435
31044
55466
62973
28795
35223
8062
1821
32520
38017
9712
52880
11174
40042
12120
51121
17307
38635
11482
10888
38970
20282
11643
38182
39931
51488
11490
4603
18192
37266
29936
16875
8678
272
18678
10899
3115
10910
40142
51243
40131
